1616056405623 0.3283071796944801 0
1616056512907 0.2777570048545269 1
1616056620289 0.2553127148049943 2
1616056727350 0.23487188080523874 3
1616056834314 0.218106857639678 4
1616056941257 0.21020089586575827 5
1616057048215 0.20066334601593597 6
1616057155213 0.19807097513942007 7
1616057262390 0.19526019474011502 8
1616057368790 0.190204308388081 9
1616057475547 0.18551161095528815 10
1616057581842 0.18156276025036547 11
1616057688064 0.17729939810578055 12
1616057794650 0.17302543391391498 13
1616057900958 0.16993192675265859 14
1616058007563 0.16675086030142103 15
1616058114021 0.16477980534633496 16
1616058220871 0.16252194436588466 17
1616058327406 0.16011122573263034 18
1616058433707 0.1581510475024264 19
1616058540508 0.15591719559381556 20
1616058646885 0.15374614255110114 21
1616058753433 0.1520306490892398 22
1616058859983 0.1502162886796691 23
1616058966013 0.14846602543871454 24
1616059072226 0.14680053927796952 25
1616059178564 0.14556017198649046 26
1616059285315 0.1446825190019825 27
1616059392169 0.14367828945071054 28
1616059498550 0.14243080258792176 29
1616059605411 0.14139581237988025 30
1616059711902 0.14020820247366075 31
1616059818314 0.13925116964112094 32
1616059924804 0.13872668859508072 33
1616060031352 0.1377538051105198 34
1616060137652 0.13669597646375642 35
1616060244264 0.1359821597415185 36
1616060350880 0.13560223424221077 37
1616060457409 0.13502679284777858 38
1616060563720 0.13426296709382793 39
1616060669857 0.13344468053412925 40
1616060776239 0.13262649529671117 41
1616060882464 0.13176093556867977 42
1616060988569 0.13094348409996737 43
1616061095132 0.1301363677561424 44
1616061201651 0.12945669664760964 45
1616061307947 0.1287846575499984 46
1616061414406 0.12820899988531223 47
1616061521020 0.12752099919464088 48
1616061627540 0.1268590670824051 49
1616061733847 0.12629847359697075 50
1616061839991 0.1256466048195007 51
1616061946583 0.12498601788930845 52
1616062052560 0.12438153848345587 53
1616062158806 0.12396411756251723 54
1616062265223 0.12342447200988203 55
1616062371495 0.12281688709631035 56
1616062477821 0.12228624607960444 57
1616062584182 0.12174220484729456 58
1616062690160 0.1212320203054036 59
1616062796472 0.12131751004644169 60
1616062902717 0.12089664515110429 61
1616063009121 0.12044502641252071 62
1616063115505 0.11997862372230345 63
1616063221837 0.11949530042915221 64
1616063328069 0.11903600810728561 65
1616063435049 0.11857178246039898 66
1616063541356 0.11811304373086173 67
1616063647468 0.11771692293792313 68
1616063753836 0.11727559046542395 69
1616063859966 0.11680601679675054 70
1616063966138 0.11635128682562929 71
1616064072517 0.11597957931778169 72
1616064178627 0.11560949420983796 73
1616064284758 0.11519847130099087 74
1616064390943 0.11480347415868272 75
1616064497189 0.11440698483366439 76
1616064603640 0.11399688695664623 77
1616064709975 0.11360937320829692 78
1616064816289 0.11323178228228652 79
1616064922800 0.11287238192677279 80
1616065029276 0.11254410652156686 81
1616065135503 0.1122763900459195 82
1616065242576 0.11226838461020557 83
1616065348539 0.11207238628210803 84
1616065454624 0.11176278342238045 85
1616065560796 0.11143932970936302 86
1616065666882 0.11112297427204637 87
1616065772984 0.11123667338548196 88
1616065879279 0.1110812030080926 89
1616065985438 0.11087169064967076 90
1616066091611 0.11062047585748501 91
1616066197552 0.11036591403982346 92
1616066303492 0.1100696168195721 93
1616066409680 0.10985876341816558 94
1616066515774 0.10965231078815586 95
1616066621805 0.10937537354553808 96
1616066727988 0.10908714406551404 97
1616066834318 0.10883162801377931 98
1616066940453 0.10852880390400582 99
1616067046974 0.10824964783908393 100
1616067153120 0.10794910690935641 101
1616067259351 0.1076850970036184 102
1616067365358 0.10740873074912008 103
1616067471639 0.1071235783798233 104
1616067579165 0.10686630390461835 105
1616067685032 0.10658675225384547 106
1616067791185 0.10638644684244082 107
1616067897233 0.10614674765687188 108
1616068003302 0.10595480020894761 109
1616068109385 0.10573902938679892 110
1616068215619 0.10556633014084715 111
1616068321975 0.10537892084542781 112
1616068427805 0.10518778937327496 113
1616068533979 0.10496485794064729 114
1616068639998 0.10470505270311603 115
1616068746002 0.10445214999027735 116
1616068851956 0.10420492813232951 117
1616068958121 0.1039494485350386 118
1616069064105 0.10371690506102339 119
1616069170253 0.10349246353849026 120
1616069276470 0.10324308083350119 121
1616069382543 0.10299743177609916 122
1616069488945 0.10276885510677326 123
1616069594987 0.1025306366758143 124
1616069701151 0.10232608063081673 125
1616069807140 0.10209426182481503 126
1616069913084 0.1018840246784322 127
1616070019315 0.10167768631027843 128
1616070125466 0.1014551428599365 129
1616070231806 0.10122426459981726 130
1616070338049 0.10099256678522205 131
1616070444254 0.10085048739518414 132
1616070550091 0.10072314963998696 133
1616070656232 0.10060781330175524 134
1616070762217 0.10041469370990577 135
1616070868411 0.10021870305475597 136
1616070974531 0.10001266799405366 137
1616071080743 0.09982690081905844 138
1616071186735 0.0996416546653469 139
1616071293132 0.09945305717356587 140
1616071398979 0.09924660976736137 141
1616071504971 0.09902793075016361 142
1616071611081 0.09881266706731018 143
1616071717191 0.09862092905681268 144
1616071823275 0.09843815962155054 145
1616071929450 0.09825547805379758 146
1616072035671 0.09807963164168707 147
1616072141824 0.09790202966336262 148
1616072248120 0.09769024004327487 149
1616072354658 0.09747798813721383 150
1616072460566 0.09727163276606947 151
1616072566697 0.09708317925296424 152
1616072672982 0.09688183120944674 153
1616072779131 0.09669809613476568 154
1616072885385 0.0965019260282667 155
1616072991734 0.09632115782333073 156
1616073098059 0.09622795272236268 157
1616073204136 0.0961149468944204 158
1616073312675 0.09599644644780357 159
1616073419772 0.09583422607784461 160
1616073525688 0.09567607740013181 161
1616073631933 0.09550536122338883 162
1616073738155 0.09532280490536975 163
1616073844187 0.09514382175289372 164
1616073950177 0.09497471883705835 165
1616074055942 0.09479316739857396 166
1616074161946 0.09462406364738513 167
1616074268167 0.09444970791486648 168
1616074374142 0.09433956403606968 169
1616074480337 0.09420563949345498 170
1616074586156 0.09405678940152597 171
1616074692406 0.0939064694717645 172
1616074798583 0.09376201173894176 173
1616074904553 0.0936125588127182 174
1616075010711 0.09345639831381097 175
1616075116769 0.09329109754194384 176
1616075222754 0.09314723510206979 177
1616075329107 0.09301379059450127 178
1616075435032 0.09287303239811673 179
1616075541318 0.09272408532706744 180
1616075647358 0.09258263567033588 181
1616075753273 0.09244621082760951 182
1616075859528 0.09228425303079478 183
1616075965518 0.09213738528183639 184
1616076072006 0.09198828970532312 185
1616076178022 0.09183886145715321 186
1616076283941 0.09168419215259854 187
1616076389994 0.09150528294149311 188
1616076496253 0.09133711210957829 189
1616076602780 0.09117288849156455 190
1616076708859 0.09103127824908765 191
1616076814851 0.09087739038028467 192
1616076920730 0.09071810571319515 193
1616077026851 0.09056945893846435 194
1616077133085 0.09043244129799777 195
1616077239152 0.09031535830388557 196
1616077345516 0.09020022337612936 197
1616077451720 0.09005046605834417 198
1616077558061 0.08990751855550924 199
1616077664431 0.08977972073404573 200
1616077770509 0.08962393338451237 201
1616077876421 0.08948029381101101 202
1616077982751 0.0893486229501568 203
1616078088860 0.0892069046244945 204
1616078195244 0.0890634999931954 205
1616078301377 0.08891094254741613 206
1616078407515 0.08877979002819805 207
1616078513740 0.08865493235332736 208
1616078620147 0.08850752444071608 209
1616078726332 0.08837481016916553 210
1616078832750 0.08823693110276683 211
1616078938866 0.08810997220939026 212
1616079044998 0.08796314049203248 213
1616079151307 0.08783262741854729 214
1616079257224 0.087693133179342 215
1616079363533 0.08756607803939333 216
1616079469770 0.0874547615935275 217
1616079575879 0.08732481022727948 218
1616079682247 0.08721628766110602 219
1616079788518 0.08710378009900901 220
1616079897062 0.08698456310691195 221
1616080003724 0.08690664172456891 222
1616080110667 0.08682579947437376 223
1616080218117 0.08672500605560644 224
1616080325483 0.08660499053505533 225
1616080432814 0.08648524445874675 226
1616080540696 0.08636540319101717 227
1616080647259 0.08626179405274602 228
1616080753570 0.08615204146016425 229
1616080860067 0.08604769813176663 230
1616080966253 0.0859258180499208 231
1616081072680 0.08581203055723585 232
1616081178721 0.08568656865651661 233
1616081285245 0.08559881597420058 234
1616081391500 0.08548367826292931 235
1616081497668 0.08535254712228513 236
1616081603570 0.08523490578175956 237
1616081709547 0.08510954738416751 238
1616081815716 0.08498603221795238 239
1616081921909 0.08487070653953631 240
1616082028105 0.0847579785096157 241
1616082134228 0.08463212682010728 242
1616082240412 0.08453498283329018 243
1616082346332 0.08441353811681453 244
1616082452455 0.0843031944375491 245
1616082558545 0.0842149134589593 246
1616082664581 0.08410269969290632 247
1616082770719 0.08399465281077353 248
1616082877383 0.08388410877674185 249
