1616056405625 0.6445530686289707 0
1616056405628 0.6445530686289707 0
1616056512909 0.6901527529859797 1
1616056512911 0.6901527529859797 1
1616056620291 0.7112478796683305 2
1616056620293 0.7112478796683305 2
1616056727352 0.7327522600188534 3
1616056727354 0.7327522600188534 3
1616056834316 0.7507164804978256 4
1616056834318 0.7507164804978256 4
1616056941260 0.7588553281487725 5
1616056941262 0.7588553281487725 5
1616057048216 0.7695284260034924 6
1616057048218 0.7695284260034924 6
1616057155215 0.772183385320959 7
1616057155217 0.772183385320959 7
1616057262392 0.7748413031599342 8
1616057262394 0.7748413031599342 8
1616057368792 0.7804581444155663 9
1616057368794 0.7804581444155663 9
1616057475549 0.7857779074366594 10
1616057475551 0.7857779074366594 10
1616057581843 0.7903078582454869 11
1616057581846 0.7903078582454869 11
1616057688066 0.7950447117711635 12
1616057688068 0.7950447117711635 12
1616057794652 0.7997923684858442 13
1616057794655 0.7997923684858442 13
1616057900959 0.8032771184406381 14
1616057900961 0.8032771184406381 14
1616058007565 0.8068464424045002 15
1616058007568 0.8068464424045002 15
1616058114023 0.8090270775485694 16
1616058114025 0.8090270775485694 16
1616058220873 0.8115319660105179 17
1616058220875 0.8115319660105179 17
1616058327408 0.8142706654206634 18
1616058327410 0.8142706654206634 18
1616058433710 0.8165239213946016 19
1616058433712 0.8165239213946016 19
1616058540510 0.8190988844983361 20
1616058540512 0.8190988844983361 20
1616058646887 0.8215717971036696 21
1616058646889 0.8215717971036696 21
1616058753436 0.8235898110446942 22
1616058753438 0.8235898110446942 22
1616058859985 0.8257317499766218 23
1616058859987 0.8257317499766218 23
1616058966015 0.8277322033618358 24
1616058966017 0.8277322033618358 24
1616059072228 0.8296095438045488 25
1616059072230 0.8296095438045488 25
1616059178566 0.8310156335556649 26
1616059178568 0.8310156335556649 26
1616059285317 0.8319838824950888 27
1616059285320 0.8319838824950888 27
1616059392171 0.8331061943419856 28
1616059392173 0.8331061943419856 28
1616059498552 0.8344859755974526 29
1616059498554 0.8344859755974526 29
1616059605413 0.8356569789953467 30
1616059605415 0.8356569789953467 30
1616059711904 0.8369918700949773 31
1616059711906 0.8369918700949773 31
1616059818316 0.8381033319404082 32
1616059818318 0.8381033319404082 32
1616059924807 0.8386851973806616 33
1616059924809 0.8386851973806616 33
1616060031354 0.8397472406358205 34
1616060031356 0.8397472406358205 34
1616060137654 0.8409334695438412 35
1616060137656 0.8409334695438412 35
1616060244266 0.8417424853618518 36
1616060244268 0.8417424853618518 36
1616060350882 0.8421283148086744 37
1616060350884 0.8421283148086744 37
1616060457411 0.8427369016887213 38
1616060457413 0.8427369016887213 38
1616060563723 0.8435981253862976 39
1616060563725 0.8435981253862976 39
1616060669859 0.844536530701408 40
1616060669861 0.844536530701408 40
1616060776241 0.845452298476994 41
1616060776243 0.845452298476994 41
1616060882466 0.8464408042436962 42
1616060882468 0.8464408042436962 42
1616060988571 0.847375212766623 43
1616060988574 0.847375212766623 43
1616061095134 0.8482944132392466 44
1616061095137 0.8482944132392466 44
1616061201653 0.8490616979297565 45
1616061201656 0.8490616979297565 45
1616061307949 0.8498238343633729 46
1616061307951 0.8498238343633729 46
1616061414409 0.8504686816484018 47
1616061414411 0.8504686816484018 47
1616061521022 0.8512272886415063 48
1616061521024 0.8512272886415063 48
1616061627542 0.8519871052572529 49
1616061627544 0.8519871052572529 49
1616061733849 0.8526330006498833 50
1616061733851 0.8526330006498833 50
1616061839993 0.8533910882972477 51
1616061839995 0.8533910882972477 51
1616061946585 0.8541467425408555 52
1616061946587 0.8541467425408555 52
1616062052563 0.8548381385155642 53
1616062052565 0.8548381385155642 53
1616062158809 0.8553234528919499 54
1616062158811 0.8553234528919499 54
1616062265225 0.8559274840848733 55
1616062265227 0.8559274840848733 55
1616062371497 0.85660849516664 56
1616062371499 0.85660849516664 56
1616062477823 0.8572167648526574 57
1616062477825 0.8572167648526574 57
1616062584184 0.8578498319783489 58
1616062584187 0.8578498319783489 58
1616062690162 0.858437022176101 59
1616062690164 0.858437022176101 59
1616062796474 0.8583169155609581 60
1616062796476 0.8583169155609581 60
1616062902719 0.8587853446581716 61
1616062902721 0.8587853446581716 61
1616063009123 0.8593017933902792 62
1616063009126 0.8593017933902792 62
1616063115507 0.8598253050682177 63
1616063115509 0.8598253050682177 63
1616063221839 0.8603811642148943 64
1616063221842 0.8603811642148943 64
1616063328071 0.8609119586164371 65
1616063328074 0.8609119586164371 65
1616063435052 0.8614499824377112 66
1616063435054 0.8614499824377112 66
1616063541358 0.8619843400476864 67
1616063541360 0.8619843400476864 67
1616063647469 0.86245442054002 68
1616063647472 0.86245442054002 68
1616063753838 0.8629537639004311 69
1616063753840 0.8629537639004311 69
1616063859968 0.8634879574448122 70
1616063859971 0.8634879574448122 70
1616063966140 0.8640060564263625 71
1616063966143 0.8640060564263625 71
1616064072520 0.8644310044058479 72
1616064072522 0.8644310044058479 72
1616064178629 0.8648440805483381 73
1616064178631 0.8648440805483381 73
1616064284760 0.8653178191081946 74
1616064284762 0.8653178191081946 74
1616064390944 0.8657618039180717 75
1616064390947 0.8657618039180717 75
1616064497191 0.8662133519886435 76
1616064497194 0.8662133519886435 76
1616064603642 0.8666887688110086 77
1616064603644 0.8666887688110086 77
1616064709977 0.8671348321730892 78
1616064709979 0.8671348321730892 78
1616064816291 0.8675637232677188 79
1616064816293 0.8675637232677188 79
1616064922802 0.8679751892918321 80
1616064922804 0.8679751892918321 80
1616065029278 0.868361014639112 81
1616065029280 0.868361014639112 81
1616065135505 0.8686678810852053 82
1616065135507 0.8686678810852053 82
1616065242578 0.8686561097337627 83
1616065242580 0.8686561097337627 83
1616065348541 0.8688807778109382 84
1616065348543 0.8688807778109382 84
1616065454626 0.8692299878666649 85
1616065454628 0.8692299878666649 85
1616065560798 0.8695996262100769 86
1616065560800 0.8695996262100769 86
1616065666884 0.869976845988057 87
1616065666886 0.869976845988057 87
1616065772986 0.8698443856090632 88
1616065772988 0.8698443856090632 88
1616065879281 0.8700157713012354 89
1616065879283 0.8700157713012354 89
1616065985440 0.8702583722882891 90
1616065985443 0.8702583722882891 90
1616066091613 0.8705403284926476 91
1616066091615 0.8705403284926476 91
1616066197554 0.8708283609651071 92
1616066197557 0.8708283609651071 92
1616066303494 0.8711584773219352 93
1616066303496 0.8711584773219352 93
1616066409682 0.8714131204471345 94
1616066409685 0.8714131204471345 94
1616066515776 0.8716464303301267 95
1616066515778 0.8716464303301267 95
1616066621807 0.871967858286536 96
1616066621810 0.871967858286536 96
1616066727990 0.8722963024138942 97
1616066727992 0.8722963024138942 97
1616066834321 0.872594391277368 98
1616066834323 0.872594391277368 98
1616066940455 0.8729429687273759 99
1616066940458 0.8729429687273759 99
1616067046976 0.8732653730745592 100
1616067046978 0.8732653730745592 100
1616067153122 0.8736080209886131 101
1616067153124 0.8736080209886131 101
1616067259353 0.8739158743928472 102
1616067259355 0.8739158743928472 102
1616067365360 0.8742366921180549 103
1616067365362 0.8742366921180549 103
1616067471641 0.874566798451051 104
1616067471643 0.874566798451051 104
1616067579167 0.8748687089942683 105
1616067579168 0.8748687089942683 105
1616067685034 0.8751926262351198 106
1616067685037 0.8751926262351198 106
1616067791187 0.8754315685195613 107
1616067791190 0.8754315685195613 107
1616067897235 0.8757052437014445 108
1616067897237 0.8757052437014445 108
1616068003304 0.8759254119201777 109
1616068003306 0.8759254119201777 109
1616068109387 0.8761846763109065 110
1616068109389 0.8761846763109065 110
1616068215622 0.8763889300652066 111
1616068215624 0.8763889300652066 111
1616068321978 0.8765966142561507 112
1616068321980 0.8765966142561507 112
1616068427807 0.8768140194125756 113
1616068427810 0.8768140194125756 113
1616068533982 0.8770716024460615 114
1616068533984 0.8770716024460615 114
1616068640000 0.877368085521557 115
1616068640002 0.877368085521557 115
1616068746004 0.8776535223576293 116
1616068746007 0.8776535223576293 116
1616068851959 0.8779411278228026 117
1616068851961 0.8779411278228026 117
1616068958123 0.878228474708074 118
1616068958124 0.878228474708074 118
1616069064108 0.8785044928477219 119
1616069064110 0.8785044928477219 119
1616069170255 0.8787641223884487 120
1616069170257 0.8787641223884487 120
1616069276473 0.8790603211791697 121
1616069276475 0.8790603211791697 121
1616069382546 0.8793439040888997 122
1616069382548 0.8793439040888997 122
1616069488947 0.8796140094195878 123
1616069488950 0.8796140094195878 123
1616069594989 0.8798879310849727 124
1616069594992 0.8798879310849727 124
1616069701153 0.8801200450496702 125
1616069701156 0.8801200450496702 125
1616069807142 0.8803949925157517 126
1616069807145 0.8803949925157517 126
1616069913086 0.8806329467946494 127
1616069913089 0.8806329467946494 127
1616070019318 0.8808722563908424 128
1616070019320 0.8808722563908424 128
1616070125468 0.881129133881148 129
1616070125471 0.881129133881148 129
1616070231809 0.8813958023852131 130
1616070231811 0.8813958023852131 130
1616070338051 0.8816644109149879 131
1616070338053 0.8816644109149879 131
1616070444256 0.8818289875939709 132
1616070444259 0.8818289875939709 132
1616070550093 0.8819765281310371 133
1616070550095 0.8819765281310371 133
1616070656234 0.8821196267338367 134
1616070656237 0.8821196267338367 134
1616070762219 0.882339661390144 135
1616070762221 0.882339661390144 135
1616070868413 0.882567907644028 136
1616070868416 0.882567907644028 136
1616070974534 0.8828066507766973 137
1616070974536 0.8828066507766973 137
1616071080745 0.88302597157812 138
1616071080747 0.88302597157812 138
1616071186737 0.8832367783162866 139
1616071186739 0.8832367783162866 139
1616071293135 0.8834519909546307 140
1616071293137 0.8834519909546307 140
1616071398981 0.8836866908008363 141
1616071398983 0.8836866908008363 141
1616071504974 0.8839390254909616 142
1616071504976 0.8839390254909616 142
1616071611083 0.8841844408637127 143
1616071611086 0.8841844408637127 143
1616071717193 0.884406465365737 144
1616071717195 0.884406465365737 144
1616071823277 0.8846206553567734 145
1616071823279 0.8846206553567734 145
1616071929453 0.8848382789807883 146
1616071929455 0.8848382789807883 146
1616072035673 0.8850388011625393 147
1616072035675 0.8850388011625393 147
1616072141826 0.8852473774236446 148
1616072141829 0.8852473774236446 148
1616072248123 0.8854913041560656 149
1616072248125 0.8854913041560656 149
1616072354660 0.8857425816568861 150
1616072354662 0.8857425816568861 150
1616072460569 0.8859857713040943 151
1616072460571 0.8859857713040943 151
1616072566699 0.8862053763979441 152
1616072566702 0.8862053763979441 152
1616072672984 0.8864422751269629 153
1616072672987 0.8864422751269629 153
1616072779133 0.8866546336614805 154
1616072779136 0.8866546336614805 154
1616072885387 0.8868820293330089 155
1616072885389 0.8868820293330089 155
1616072991735 0.8870921425999646 156
1616072991739 0.8870921425999646 156
1616073098061 0.8871890973187048 157
1616073098063 0.8871890973187048 157
1616073204138 0.8873198299230849 158
1616073204141 0.8873198299230849 158
1616073312677 0.8874600118654955 159
1616073312679 0.8874600118654955 159
1616073419774 0.8876454414794815 160
1616073419777 0.8876454414794815 160
1616073525691 0.8878272882698359 161
1616073525693 0.8878272882698359 161
1616073631935 0.8880314874011336 162
1616073631938 0.8880314874011336 162
1616073738157 0.8882397767837507 163
1616073738159 0.8882397767837507 163
1616073844189 0.8884458093581198 164
1616073844191 0.8884458093581198 164
1616073950179 0.8886419590657769 165
1616073950183 0.8886419590657769 165
1616074055945 0.8888491930861935 166
1616074055947 0.8888491930861935 166
1616074161949 0.8890454398582005 167
1616074161951 0.8890454398582005 167
1616074268169 0.8892467986807499 168
1616074268172 0.8892467986807499 168
1616074374145 0.8893755667978998 169
1616074374148 0.8893755667978998 169
1616074480340 0.8895339994905735 170
1616074480342 0.8895339994905735 170
1616074586158 0.8897088962059277 171
1616074586161 0.8897088962059277 171
1616074692408 0.8898821120387429 172
1616074692410 0.8898821120387429 172
1616074798586 0.8900478288135225 173
1616074798588 0.8900478288135225 173
1616074904555 0.8902228926451182 174
1616074904558 0.8902228926451182 174
1616075010713 0.8904017699751056 175
1616075010716 0.8904017699751056 175
1616075116771 0.8905948755103685 176
1616075116774 0.8905948755103685 176
1616075222756 0.8907644241750978 177
1616075222758 0.8907644241750978 177
1616075329110 0.890927286696914 178
1616075329112 0.890927286696914 178
1616075435035 0.8910889401413824 179
1616075435037 0.8910889401413824 179
1616075541320 0.8912660549224056 180
1616075541323 0.8912660549224056 180
1616075647360 0.8914297127059869 181
1616075647362 0.8914297127059869 181
1616075753276 0.8915916041399632 182
1616075753278 0.8915916041399632 182
1616075859530 0.8917790450502645 183
1616075859533 0.8917790450502645 183
1616075965521 0.8919428735617272 184
1616075965523 0.8919428735617272 184
1616076072008 0.8921183873697219 185
1616076072010 0.8921183873697219 185
1616076178024 0.8922890154397242 186
1616076178027 0.8922890154397242 186
1616076283943 0.8924712065263842 187
1616076283946 0.8924712065263842 187
1616076389996 0.8926824492043217 188
1616076389999 0.8926824492043217 188
1616076496255 0.8928771042866065 189
1616076496258 0.8928771042866065 189
1616076602782 0.8930656278960257 190
1616076602784 0.8930656278960257 190
1616076708861 0.8932342733417243 191
1616076708864 0.8932342733417243 191
1616076814854 0.8934158168195674 192
1616076814856 0.8934158168195674 192
1616076920733 0.8935969094635842 193
1616076920735 0.8935969094635842 193
1616077026853 0.8937717947201808 194
1616077026855 0.8937717947201808 194
1616077133088 0.8939290384755653 195
1616077133090 0.8939290384755653 195
1616077239155 0.8940655556133061 196
1616077239157 0.8940655556133061 196
1616077345518 0.8942039921555249 197
1616077345520 0.8942039921555249 197
1616077451723 0.8943770649740388 198
1616077451725 0.8943770649740388 198
1616077558063 0.8945406643544317 199
1616077558066 0.8945406643544317 199
1616077664433 0.8946836981543167 200
1616077664435 0.8946836981543167 200
1616077770511 0.8948620099643124 201
1616077770513 0.8948620099643124 201
1616077876423 0.8950304851736097 202
1616077876426 0.8950304851736097 202
1616077982753 0.8951745425163039 203
1616077982756 0.8951745425163039 203
1616078088862 0.8953372020258288 204
1616078088865 0.8953372020258288 204
1616078195246 0.8955008513619604 205
1616078195249 0.8955008513619604 205
1616078301380 0.8956785490497364 206
1616078301382 0.8956785490497364 206
1616078407518 0.8958377248800138 207
1616078407520 0.8958377248800138 207
1616078513742 0.8959828635657529 208
1616078513745 0.8959828635657529 208
1616078620149 0.8961533054201152 209
1616078620152 0.8961533054201152 209
1616078726335 0.8963081698452361 210
1616078726337 0.8963081698452361 210
1616078832752 0.8964687020761025 211
1616078832756 0.8964687020761025 211
1616078938868 0.8966163172377684 212
1616078938870 0.8966163172377684 212
1616079045000 0.8967863872361842 213
1616079045003 0.8967863872361842 213
1616079151309 0.8969360791966402 214
1616079151312 0.8969360791966402 214
1616079257227 0.8970970933890446 215
1616079257229 0.8970970933890446 215
1616079363535 0.8972456480321661 216
1616079363537 0.8972456480321661 216
1616079469773 0.8973739290356293 217
1616079469775 0.8973739290356293 217
1616079575882 0.8975233096280604 218
1616079575884 0.8975233096280604 218
1616079682250 0.8976517054302162 219
1616079682253 0.8976517054302162 219
1616079788520 0.8977815644588835 220
1616079788522 0.8977815644588835 220
1616079897064 0.8979175604462711 221
1616079897066 0.8979175604462711 221
1616080003726 0.8980100410506321 222
1616080003728 0.8980100410506321 222
1616080110669 0.898100959536371 223
1616080110670 0.898100959536371 223
1616080218119 0.8982170268662242 224
1616080218122 0.8982170268662242 224
1616080325485 0.8983559823385877 225
1616080325488 0.8983559823385877 225
1616080432817 0.8984902801913854 226
1616080432819 0.8984902801913854 226
1616080540698 0.8986265323185056 227
1616080540700 0.8986265323185056 227
1616080647262 0.898744257997298 228
1616080647264 0.898744257997298 228
1616080753573 0.8988722070515464 229
1616080753575 0.8988722070515464 229
1616080860070 0.8989972212598909 230
1616080860072 0.8989972212598909 230
1616080966256 0.8991390412650209 231
1616080966258 0.8991390412650209 231
1616081072682 0.899269153107398 232
1616081072685 0.899269153107398 232
1616081178724 0.8994146660005596 233
1616081178726 0.8994146660005596 233
1616081285248 0.8995202392078061 234
1616081285250 0.8995202392078061 234
1616081391502 0.8996549936747039 235
1616081391505 0.8996549936747039 235
1616081497670 0.8998057457941483 236
1616081497673 0.8998057457941483 236
1616081603572 0.8999410963265835 237
1616081603575 0.8999410963265835 237
1616081709549 0.9000872178625595 238
1616081709552 0.9000872178625595 238
1616081815719 0.900229059124889 239
1616081815721 0.900229059124889 239
1616081921912 0.9003582415241844 240
1616081921915 0.9003582415241844 240
1616082028107 0.9004862179019129 241
1616082028110 0.9004862179019129 241
1616082134230 0.9006314285589511 242
1616082134233 0.9006314285589511 242
1616082240415 0.9007462747221006 243
1616082240417 0.9007462747221006 243
1616082346336 0.9008884087956868 244
1616082346338 0.9008884087956868 244
1616082452457 0.901016361616551 245
1616082452459 0.901016361616551 245
1616082558548 0.9011207124122959 246
1616082558550 0.9011207124122959 246
1616082664583 0.9012492759686425 247
1616082664585 0.9012492759686425 247
1616082770722 0.9013740014479423 248
1616082770724 0.9013740014479423 248
1616082877385 0.901503553039985 249
1616082877387 0.901503553039985 249
