1616056405618 0.6445530686289707 0
1616056512903 0.7357524373429887 1
1616056620285 0.7534381330330321 2
1616056727347 0.7972654010704223 3
1616056834311 0.8225733624137146 4
1616056941253 0.7995495664035069 5
1616057048211 0.8335670131318113 6
1616057155209 0.7907681005432251 7
1616057262386 0.7961046458717357 8
1616057368786 0.8310097157162555 9
1616057475544 0.8389755376475923 10
1616057581838 0.840137317142588 11
1616057688060 0.851886954079283 12
1616057794646 0.8615119057766935 13
1616057900954 0.8520636178077535 14
1616058007559 0.8603863018624326 15
1616058114016 0.8439172398536763 16
1616058220867 0.854115069863644 17
1616058327402 0.8635672548032821 18
1616058433703 0.8593357848994275 19
1616058540504 0.8705981465730261 20
1616058646880 0.8735029618156717 21
1616058753429 0.8679861177472358 22
1616058859979 0.8749963454109557 23
1616058966009 0.8757430846069721 24
1616059072222 0.8765430548723708 25
1616059178560 0.867573967084683 26
1616059285311 0.8581266038595362 27
1616059392164 0.8645309260550965 28
1616059498547 0.8744996320059959 29
1616059605408 0.8707870809321708 30
1616059711898 0.8783734941835257 31
1616059818309 0.873670110994197 32
1616059924800 0.8578867569090204 33
1616060031348 0.8758567113112262 34
1616060137648 0.8824514813245611 35
1616060244260 0.8708670548102361 36
1616060350875 0.8564040043411103 37
1616060457405 0.8658632031305039 38
1616060563716 0.8771858495917726 39
1616060669853 0.8820727433058175 40
1616060776235 0.8829987772760239 41
1616060882460 0.887958046445187 42
1616060988565 0.8875547792524734 43
1616061095128 0.8887392340346854 44
1616061201647 0.8835895090027058 45
1616061307943 0.8848821103097276 46
1616061414402 0.8807765040447578 47
1616061521016 0.8876404243105269 48
1616061627536 0.8892181194288299 49
1616061733843 0.8849277702814087 50
1616061839987 0.8920535583128321 51
1616061946579 0.8934407632084603 52
1616062052556 0.891482125175126 53
1616062158802 0.8815304292167755 54
1616062265219 0.8891491996956632 55
1616062371491 0.8947451157455749 56
1616062477817 0.8918881369556518 57
1616062584178 0.8945677252684502 58
1616062690156 0.8930812438434743 59
1616062796467 0.851110518652391 60
1616062902712 0.8873595195881864 61
1616063009117 0.8913216147809586 62
1616063115501 0.8928065407783428 63
1616063221833 0.8959561496021899 64
1616063328065 0.8954135947167239 65
1616063435045 0.8969595546418048 66
1616063541351 0.8977862999160239 67
1616063647463 0.8944198940187058 68
1616063753831 0.8974084557687982 69
1616063859962 0.9008815055514904 70
1616063966134 0.9007910841164437 71
1616064072513 0.895027258928786 72
1616064178623 0.8949986389501298 73
1616064284754 0.9003744725375733 74
1616064390939 0.8990606646588508 75
1616064497185 0.9005310053521014 76
1616064603636 0.9032958641331247 77
1616064709970 0.9019277744153713 78
1616064816285 0.9014461197434588 79
1616064922796 0.9008924712208991 80
1616065029271 0.8996128677687747 81
1616065135499 0.8938309296648553 82
1616065242571 0.8676790875640321 83
1616065348534 0.8877528962936807 84
1616065454620 0.89891284260344 85
1616065560792 0.9013885237435078 86
1616065666878 0.9027949666723292 87
1616065772980 0.8581878722575988 88
1616065879274 0.8852690979045756 89
1616065985434 0.8920924611231114 90
1616066091607 0.8961983430892864 91
1616066197548 0.8973273484313742 92
1616066303487 0.9018592985069498 93
1616066409676 0.8953495742158687 94
1616066515770 0.8938108692143826 95
1616066621801 0.9028249421018235 96
1616066727984 0.9041553827676367 97
1616066834314 0.9018070998978107 98
1616066940449 0.9074521362781525 99
1616067046970 0.9055058077928868 100
1616067153116 0.9082154603080547 101
1616067259347 0.9053169216247315 102
1616067365353 0.9072809178144374 103
1616067471636 0.908897857082651 104
1616067579154 0.906569316032085 105
1616067685021 0.9095278537653863 106
1616067791173 0.9009983929547858 107
1616067897229 0.9052621633448499 108
1616068003298 0.8999237477620865 109
1616068109380 0.9047037592910706 110
1616068215615 0.8990610967925254 111
1616068321971 0.8998572436418939 112
1616068427800 0.9013808020885955 113
1616068533975 0.9064360682634597 114
1616068639993 0.9114636392035382 115
1616068745998 0.9107641953420131 116
1616068851951 0.9115909672480949 117
1616068958117 0.9121354071700827 118
1616069064101 0.9113506514658319 119
1616069170248 0.9099196672756621 120
1616069276466 0.914900374856401 121
1616069382539 0.9139410190759821 122
1616069488941 0.9128369650942214 123
1616069594982 0.913854217592706 124
1616069701146 0.9091342906368539 125
1616069807134 0.9150383732420333 126
1616069913079 0.9108531402146562 127
1616070019311 0.911503884703555 128
1616070125462 0.9142663301305568 129
1616070231801 0.9160627079136828 130
1616070338045 0.9168521283154792 131
1616070444249 0.9035531092197338 132
1616070550087 0.9015994195608382 133
1616070656228 0.90129483950899 134
1616070762212 0.9120443399916304 135
1616070868406 0.9136093981722568 136
1616070974527 0.915514459952395 137
1616071080738 0.9132922421744529 138
1616071186730 0.9125389149214359 139
1616071293128 0.913581760322794 140
1616071398974 0.9167793691158295 141
1616071504967 0.9197705514887546 142
1616071611076 0.9192788391671283 143
1616071717186 0.9163779936572338 144
1616071823270 0.9156782040570645 145
1616071929446 0.9166113280869544 146
1616072035667 0.9145155618799493 147
1616072141820 0.9161166640672278 148
1616072248116 0.921836387286795 149
1616072354654 0.923434206779967 150
1616072460562 0.9227074080325187 151
1616072566692 0.919585350663104 152
1616072672977 0.9226877806668586 153
1616072779127 0.9193578479771919 154
1616072885380 0.9221283584199054 155
1616072991730 0.9198698122450646 156
1616073098055 0.9024109881609044 157
1616073204132 0.9079755814151561 158
1616073312666 0.9097489407087894 159
1616073419768 0.9173141797172263 160
1616073525684 0.9171046215168973 161
1616073631928 0.921111746671352 162
1616073738150 0.9221909461503334 163
1616073844181 0.9222351515546758 164
1616073950173 0.9210066608291991 165
1616074055937 0.9232500404753583 166
1616074161942 0.9218186507833764 167
1616074268163 0.9230750808690457 168
1616074374138 0.911137378596245 169
1616074480333 0.9164675572451125 170
1616074586151 0.9196162345315122 171
1616074692401 0.9196752352829517 172
1616074798578 0.9187168308504005 173
1616074904549 0.9206839993427647 174
1616075010706 0.9217053027229106 175
1616075116764 0.9245814497166491 176
1616075222750 0.920774537832179 177
1616075329102 0.9199168155802057 178
1616075435028 0.9200249067012299 179
1616075541313 0.9231467155065942 180
1616075647353 0.9210517715341956 181
1616075753269 0.9210558451236562 182
1616075859523 0.9260807316353981 183
1616075965513 0.9220873196708396 184
1616076072002 0.9245884418487549 185
1616076178018 0.9240258364601338 186
1616076283936 0.9265409397318008 187
1616076389989 0.9323960726565503 188
1616076496248 0.9296669148384257 189
1616076602775 0.928885113685689 190
1616076708855 0.9254455534701652 191
1616076814847 0.9282721645654516 192
1616076920726 0.9285477897588242 193
1616077026846 0.9276995344998988 194
1616077133081 0.9245915707755596 195
1616077239148 0.9208229146105178 196
1616077345511 0.9214759909726203 197
1616077451716 0.9286454830397951 198
1616077558057 0.9270969410525992 199
1616077664426 0.9232904581313438 200
1616077770504 0.9307026837734466 201
1616077876416 0.9290624774516897 202
1616077982746 0.9244181830832299 203
1616078088855 0.9285197419689056 204
1616078195239 0.9290489652689468 205
1616078301372 0.9322842727316186 206
1616078407511 0.9287871217474024 207
1616078513735 0.9261717101994981 208
1616078620143 0.931775652981819 209
1616078726328 0.928829699120623 210
1616078832747 0.9303410027889495 211
1616078938861 0.9279107315109131 212
1616079044993 0.9330112968987607 213
1616079151302 0.9289701587342202 214
1616079257220 0.9317151447559925 215
1616079363527 0.9293334509464021 216
1616079469766 0.9252109067871216 217
1616079575875 0.9300882787780559 218
1616079682243 0.9257703861023517 219
1616079788504 0.9263505507656868 220
1616079897059 0.9279726736589354 221
1616080003720 0.9185407352187929 222
1616080110662 0.9183757818561602 223
1616080218112 0.924216108753326 224
1616080325468 0.9296209636203786 225
1616080432800 0.9288415949236839 226
1616080540680 0.9295557651748049 227
1616080647255 0.925585712761955 228
1616080753566 0.9281725404744453 229
1616080860063 0.9277504891791242 230
1616080966249 0.931899462450058 231
1616081072675 0.9294551005388828 232
1616081178716 0.9333191701072328 233
1616081285241 0.9242243697034552 234
1616081391495 0.9313222933956917 235
1616081497663 0.9353832459830224 236
1616081603566 0.9320191725137386 237
1616081709543 0.9348641434248458 238
1616081815712 0.9341291208216485 239
1616081921905 0.9313620173550666 240
1616082028101 0.9313285249344846 241
1616082134223 0.9357724075621747 242
1616082240408 0.9286538923674441 243
1616082346328 0.9355691227507084 244
1616082452450 0.932364802728308 245
1616082558541 0.9267910081655422 246
1616082664576 0.9330044743862558 247
1616082770714 0.9323059203142815 248
1616082877378 0.9337618994586011 249
