1616056405615 0.3283071796944801 0
1616056512902 0.22720683001457376 1
1616056620283 0.21042413470592905 2
1616056727344 0.17354937880597215 3
1616056834308 0.15104676497743486 4
1616056941251 0.17067108699615965 5
1616057048208 0.14343804691700227 6
1616057155206 0.17992437900380887 7
1616057262384 0.17277395154567474 8
1616057368783 0.1447013312197746 9
1616057475541 0.1385846366273596 10
1616057581835 0.13812540249621613 11
1616057688058 0.1261390523707613 12
1616057794644 0.1174638994196628 13
1616057900951 0.12662282649506915 14
1616058007556 0.1190348635328577 15
1616058114014 0.13324292606495797 16
1616058220864 0.12413830769822952 17
1616058327399 0.11671829033405223 18
1616058433700 0.1209076611285514 19
1616058540501 0.11124015742159904 20
1616058646878 0.10815402865409851 21
1616058753426 0.11428979292828986 22
1616058859976 0.10848599925954291 23
1616058966006 0.10645970765580522 24
1616059072220 0.10516338525934422 25
1616059178558 0.11331062240803495 26
1616059285308 0.1209858884202673 27
1616059392162 0.11555986201509516 28
1616059498544 0.10625368356704712 29
1616059605406 0.11034610613863519 30
1616059711895 0.10339229538085613 31
1616059818307 0.10862611899984644 32
1616059924797 0.12141881407575404 33
1616060031345 0.10467576663544838 34
1616060137646 0.09967197382703741 35
1616060244258 0.11028475774095413 36
1616060350873 0.1215449907678239 37
1616060457402 0.11316001985935455 38
1616060563714 0.10447376268975278 39
1616060669851 0.10071321814618212 40
1616060776233 0.09908090056257045 41
1616060882457 0.09540742699136125 42
1616060988562 0.09579307094533393 43
1616061095125 0.09462324862784528 44
1616061201645 0.09887149676363519 45
1616061307941 0.09787085905988166 46
1616061414400 0.10115308964506109 47
1616061521013 0.09449696604241715 48
1616061627533 0.09442439358285133 49
1616061733841 0.0982687993252531 50
1616061839984 0.09240129716852878 51
1616061946576 0.09063549751931048 52
1616062052554 0.09234412997326952 53
1616062158800 0.10142338783182997 54
1616062265217 0.09374396661494641 55
1616062371489 0.08879213193629651 56
1616062477815 0.09203970812736674 57
1616062584176 0.09018781337332218 58
1616062690153 0.09113113233383666 59
1616062796465 0.12644689450872706 60
1616062902710 0.09522388653552279 61
1616063009115 0.0924446646203386 62
1616063115499 0.09059525423861564 63
1616063221831 0.08856260966747365 64
1616063328063 0.08918200718595627 65
1616063435042 0.08793288976588148 66
1616063541349 0.0873775488518654 67
1616063647461 0.09078070901809855 68
1616063753829 0.08682364986297932 69
1616063859959 0.08393585998961266 70
1616063966131 0.08406545887602136 71
1616064072511 0.08921663875275469 72
1616064178621 0.08859328132994632 73
1616064284751 0.08478277604630653 74
1616064390937 0.08517868848557168 75
1616064497182 0.08427379613227033 76
1616064603634 0.08241935042624778 77
1616064709967 0.08338330083705009 78
1616064816283 0.0834020991274651 79
1616064922794 0.08412035348567556 80
1616065029268 0.08595379869988624 81
1616065135497 0.09032363904283401 82
1616065242569 0.11160393344595078 83
1616065348531 0.09560852672191376 84
1616065454617 0.0854465403455369 85
1616065560790 0.08362231038986369 86
1616065666875 0.0836000512254999 87
1616065772977 0.12124219536781311 88
1616065879272 0.09724433942044035 89
1616065985432 0.09201557839170416 90
1616066091604 0.08775992976858261 91
1616066197545 0.0869462268149599 92
1616066303485 0.08251397533619657 93
1616066409673 0.09003854368595367 94
1616066515768 0.09003931093723216 95
1616066621799 0.0827893982542322 96
1616066727981 0.08112888450318194 97
1616066834312 0.0837910549437746 98
1616066940447 0.07854921703642988 99
1616067046967 0.08033404134689494 100
1616067153113 0.0775944730068775 101
1616067259344 0.0807560866183423 102
1616067365351 0.07894300653579388 103
1616067471633 0.07746773197295818 104
1616067579147 0.07985248400809918 105
1616067685010 0.07695427727192006 106
1616067791165 0.08495376782214388 107
1616067897227 0.08025923561542592 108
1616068003295 0.08503252838520294 109
1616068109378 0.0820042389504453 110
1616068215613 0.08639671384020055 111
1616068321968 0.08438907975846148 112
1616068427798 0.0835899330200033 113
1616068533972 0.07955067462109505 114
1616068639991 0.07482745038702134 115
1616068745995 0.07511543530098935 116
1616068851949 0.075279970752432 117
1616068958115 0.07380285605471185 118
1616069064098 0.0760442316532135 119
1616069170246 0.07655948083451454 120
1616069276463 0.07306777352982378 121
1616069382537 0.07302824677305018 122
1616069488938 0.07465392477968906 123
1616069594979 0.07299155123690342 124
1616069701144 0.07675657500611975 125
1616069807132 0.07288509226859884 126
1616069913077 0.07518390708781303 127
1616070019309 0.07526637518659551 128
1616070125460 0.07274703776582758 129
1616070231799 0.07121009078431637 130
1616070338042 0.07064015307324997 131
1616070444246 0.0820960079101806 132
1616070550084 0.08378722819876164 133
1616070656225 0.08515274397870327 134
1616070762210 0.0743435488102284 135
1616070868404 0.07356397395438337 136
1616070974525 0.07178586467783502 137
1616071080735 0.07419103066971962 138
1616071186727 0.07389243929944139 139
1616071293125 0.07304940832422134 140
1616071398972 0.07013752549252611 141
1616071504964 0.06797551030808306 142
1616071611074 0.06802996041926931 143
1616071717184 0.0710106555451738 144
1616071823267 0.0719365915085407 145
1616071929443 0.07158396916186556 146
1616072035664 0.07223020906144 147
1616072141817 0.071616936871346 148
1616072248114 0.06613358665019908 149
1616072354651 0.06564020222805916 150
1616072460559 0.06611197172327245 151
1616072566690 0.06843824526096912 152
1616072672975 0.0660755805512692 153
1616072779124 0.06840289463388159 154
1616072885378 0.06609555952092434 155
1616072991727 0.06812131785331889 156
1616073098052 0.08159475187037854 157
1616073204129 0.07826002607954309 158
1616073312659 0.0771548754357277 159
1616073419765 0.06987896688441013 160
1616073525681 0.07021414028837326 161
1616073631926 0.06784934059102485 162
1616073738148 0.06556612506825873 163
1616073844179 0.06579058474682747 164
1616073950171 0.06707273772422304 165
1616074055935 0.06465562861016456 166
1616074161939 0.06638373719884995 167
1616074268160 0.06515794485173326 168
1616074374135 0.07572524851941048 169
1616074480331 0.07143846724895721 170
1616074586149 0.06860342368166497 171
1616074692399 0.06805144155279119 172
1616074798576 0.06877082396060863 173
1616074904546 0.0676077496498189 174
1616075010703 0.06612831100504449 175
1616075116761 0.06419816169332951 176
1616075222747 0.06768358324436431 177
1616075329100 0.06926066824730406 178
1616075435025 0.0676773152452834 179
1616075541311 0.06591361253819567 180
1616075647350 0.06698024780192274 181
1616075753266 0.06761688945141245 182
1616075859521 0.06264597621369869 183
1616075965511 0.06511371947349386 184
1616076072000 0.06440560805036667 185
1616076178015 0.06404520729754834 186
1616076283933 0.06276103220087417 187
1616076389986 0.05787035125367185 188
1616076496245 0.05955282487767808 189
1616076602772 0.05997040106895122 190
1616076708852 0.06398372193600269 191
1616076814844 0.06133091957011121 192
1616076920724 0.05997616496491939 193
1616077026843 0.06173198464068961 194
1616077133078 0.06371400140701457 195
1616077239145 0.0673670914578945 196
1616077345508 0.0675186426081556 197
1616077451714 0.06039851713687815 198
1616077558054 0.06146096549135573 199
1616077664423 0.06422015644134359 200
1616077770501 0.05831067612830629 201
1616077876414 0.06046509996373603 202
1616077982743 0.0626194381967504 203
1616078088853 0.060296366189388516 204
1616078195237 0.059665550576879625 205
1616078301370 0.05748410871688356 206
1616078407508 0.061631218550053046 207
1616078513733 0.06268453598022461 208
1616078620140 0.0576992707049593 209
1616078726325 0.060504813143547546 210
1616078832744 0.05914444809264325 211
1616078938858 0.0611946868135574 212
1616079044990 0.05668798469482584 213
1616079151300 0.05990282969271883 214
1616079257217 0.05770187175020258 215
1616079363525 0.060122167810480645 216
1616079469763 0.0632990928406411 217
1616079575872 0.058995412385210076 218
1616079682240 0.06344984566911738 219
1616079788497 0.0623521164376685 220
1616079897056 0.06063760785346336 221
1616080003718 0.0696080948444123 222
1616080110660 0.0687979776808556 223
1616080218110 0.0641472802517262 224
1616080325459 0.059601498411056844 225
1616080432791 0.059422631213005554 226
1616080540672 0.059161435416404236 227
1616080647252 0.06263891052692494 228
1616080753563 0.0610186977589384 229
1616080860060 0.06204873260031355 230
1616080966246 0.05777151914353066 231
1616081072673 0.05941333225432863 232
1616081178713 0.05645394578893134 233
1616081285238 0.06506468831224645 234
1616081391493 0.05842631611418217 235
1616081497660 0.05440559793025889 236
1616081603563 0.05735390807719941 237
1616081709540 0.05527424875726091 238
1616081815708 0.05546590749253618 239
1616081921902 0.05719254371967721 240
1616082028098 0.057590523298750536 241
1616082134221 0.05417601795906716 242
1616082240405 0.06092899403673537 243
1616082346325 0.05478102729675618 244
1616082452447 0.05726899301752131 245
1616082558538 0.06249779272586741 246
1616082664573 0.056385899477816644 247
1616082770712 0.05719902604184252 248
1616082877375 0.05635864430285515 249
