1616056405621 24.530796401432497 0
1616056512905 18.981115019000118 1
1616056620287 19.08222417128865 2
1616056727348 16.5196955621854 3
1616056834312 15.430634686445496 4
1616056941255 17.662783477706242 5
1616057048213 15.312985431146958 6
1616057155211 17.698611390017618 7
1616057262388 17.848253833689263 8
1616057368788 14.969727299868557 9
1616057475545 14.570756788474691 10
1616057581840 14.232784754986133 11
1616057688062 14.136803961904526 12
1616057794648 12.484231445070764 13
1616057900956 13.744527499442638 14
1616058007561 13.215106636563451 15
1616058114019 14.577050334165738 16
1616058220869 14.387490744080596 17
1616058327404 12.675264106639828 18
1616058433705 13.351016728975596 19
1616058540506 13.10447318087171 20
1616058646882 13.247199658066618 21
1616058753431 12.033403812503888 22
1616058859981 12.121595011676977 23
1616058966011 12.50031855216828 24
1616059072224 12.449605285204271 25
1616059178562 11.421853259034487 26
1616059285313 13.896209046157328 27
1616059392166 13.075996913237157 28
1616059498548 11.92839279844005 29
1616059605410 12.487131629730165 30
1616059711900 12.967965864616973 31
1616059818312 12.208788656413748 32
1616059924802 15.188516592349725 33
1616060031350 11.277457320673774 34
1616060137650 11.461107531121188 35
1616060244262 13.083411032500736 36
1616060350878 13.87399351087939 37
1616060457406 11.978324514043278 38
1616060563718 13.769744330355387 39
1616060669855 11.071754161326814 40
1616060776237 11.22495329581855 41
1616060882462 10.514824777582952 42
1616060988567 10.633427372205828 43
1616061095130 11.83637636214527 44
1616061201649 11.779291596643915 45
1616061307945 10.962047679064572 46
1616061414404 12.531771969213663 47
1616061521018 11.171533147098469 48
1616061627538 11.033319360416892 49
1616061733845 10.054082317344706 50
1616061839989 10.885307124288005 51
1616061946581 10.83132602948811 52
1616062052558 10.486794245702582 53
1616062158804 11.315550018203512 54
1616062265221 10.713784935045679 55
1616062371494 10.95015230455388 56
1616062477819 10.670381472467712 57
1616062584180 10.373448263840663 58
1616062690158 10.009164616588208 59
1616062796470 15.434205953073073 60
1616062902715 10.934775680287974 61
1616063009119 10.38780219471296 62
1616063115503 10.09801480056993 63
1616063221835 10.2691389966946 64
1616063328067 10.136412672046413 65
1616063435047 10.500221763837272 66
1616063541354 9.32478088250159 67
1616063647466 9.858058936386989 68
1616063753834 11.237494452481503 69
1616063859964 9.31323753338888 70
1616063966136 8.95440977276333 71
1616064072515 10.721760548287598 72
1616064178625 9.879566065617679 73
1616064284756 9.319904887695989 74
1616064390941 10.101588170924513 75
1616064497187 9.768586689061895 76
1616064603638 10.123902069506018 77
1616064709972 11.258914981554474 78
1616064816286 9.711054286094328 79
1616064922798 9.46063635074061 80
1616065029273 10.138526944167376 81
1616065135501 11.028763035385314 82
1616065242573 12.683780138213193 83
1616065348536 10.68936128884086 84
1616065454622 10.801529349718232 85
1616065560794 10.059940511924403 86
1616065666880 9.867415146273581 87
1616065772982 13.966695751061842 88
1616065879277 10.871760722226158 89
1616065985436 9.947546313546209 90
1616066091609 9.665490296373433 91
1616066197550 9.666001594861774 92
1616066303490 9.700796380162371 93
1616066409678 10.071284853042343 94
1616066515772 12.101579199683338 95
1616066621803 10.082949510268158 96
1616066727986 9.939063445306411 97
1616066834316 9.277307302633742 98
1616066940451 9.561831847943417 99
1616067046972 9.401190352129118 100
1616067153118 9.567531023599882 101
1616067259349 10.52563383566697 102
1616067365355 9.748185484191824 103
1616067471637 10.05406715390883 104
1616067579160 9.496985588429228 105
1616067685027 8.701508619467294 106
1616067791179 10.919789497991687 107
1616067897231 9.401612184518932 108
1616068003300 10.845980344497718 109
1616068109382 10.7568968817889 110
1616068215617 11.413011005748881 111
1616068321973 11.344104442125795 112
1616068427802 10.71970970970538 113
1616068533977 8.920185287781512 114
1616068639995 8.68966446230483 115
1616068746000 9.665793330168325 116
1616068851954 8.552468369165087 117
1616068958119 9.224288796045757 118
1616069064103 7.9968159771630525 119
1616069170251 9.798717454003334 120
1616069276468 8.03937186390597 121
1616069382541 11.274217499570655 122
1616069488943 9.742228997101034 123
1616069594984 10.766953892189848 124
1616069701148 9.997997318267 125
1616069807138 9.454995740705755 126
1616069913081 9.944652640440765 127
1616070019313 9.899040974466976 128
1616070125464 9.761631370342243 129
1616070231804 8.779065188426763 130
1616070338047 7.994677627505705 131
1616070444251 11.663647613553396 132
1616070550089 10.833111850663208 133
1616070656230 12.171045001162897 134
1616070762214 9.648522982592427 135
1616070868409 9.943825740666353 136
1616070974529 9.579331349639157 137
1616071080741 9.285510123531582 138
1616071186732 9.245544308651436 139
1616071293130 10.243088408216385 140
1616071398976 8.578859117793522 141
1616071504969 8.205330225158946 142
1616071611078 9.144202387774762 143
1616071717188 9.773434617421742 144
1616071823272 10.12172274211893 145
1616071929448 8.49192404323626 146
1616072035669 9.320572682539188 147
1616072141822 9.80057608250028 148
1616072248118 9.090386780558358 149
1616072354656 8.183861733679874 150
1616072460564 8.54278043518746 151
1616072566695 8.424679568347507 152
1616072672980 9.332969120749121 153
1616072779129 8.914438686494465 154
1616072885383 9.410283384300383 155
1616072991732 8.447920023684926 156
1616073098057 12.212273664603197 157
1616073204133 9.794608580823855 158
1616073312672 9.947639644178157 159
1616073419770 9.915756839132685 160
1616073525686 8.977732754989512 161
1616073631931 8.982493979988671 162
1616073738152 8.29350293052867 163
1616073844184 8.104124877163487 164
1616073950175 8.925493148726048 165
1616074055940 9.264786645556002 166
1616074161944 8.522676103447454 167
1616074268165 8.947690588874512 168
1616074374140 10.071849490733308 169
1616074480335 8.627049774936046 170
1616074586154 7.994803850396612 171
1616074692404 8.19844871491423 172
1616074798581 8.791681321810701 173
1616074904551 8.477388356456231 174
1616075010708 8.55356898811137 175
1616075116766 8.147120191517164 176
1616075222752 8.64495345238073 177
1616075329105 8.614201878349215 178
1616075435030 9.553326813954788 179
1616075541315 8.445644361815758 180
1616075647356 8.162472361360424 181
1616075753271 8.947293292825462 182
1616075859526 9.160504096101004 183
1616075965516 8.230515084120512 184
1616076072004 7.260170822862532 185
1616076178020 7.952280451264432 186
1616076283938 7.7940014440860175 187
1616076389991 8.236221347429632 188
1616076496250 8.601427728003328 189
1616076602778 7.7818177707275105 190
1616076708857 9.321594562114651 191
1616076814849 8.512095255243528 192
1616076920728 7.739676920835242 193
1616077026848 8.74804274044359 194
1616077133083 8.401114060308277 195
1616077239150 9.96183274546229 196
1616077345513 9.906079622979878 197
1616077451718 7.933093752025342 198
1616077558059 8.784226102389356 199
1616077664428 8.176780366123882 200
1616077770506 8.543953473004487 201
1616077876419 7.404587048103 202
1616077982748 7.538377923204397 203
1616078088857 7.247483415769247 204
1616078195242 9.686513764195753 205
1616078301375 7.224101682824576 206
1616078407513 7.644542296504509 207
1616078513738 7.967915077702883 208
1616078620145 8.26490563875339 209
1616078726330 8.497971613103632 210
1616078832748 8.559979373791137 211
1616078938863 7.441722018018196 212
1616079044995 8.284386703143744 213
1616079151305 9.279431778901413 214
1616079257222 9.26196628678974 215
1616079363530 8.915222969867123 216
1616079469768 8.873317745714997 217
1616079575877 7.6843540213549195 218
1616079682245 8.285577376872553 219
1616079788512 7.6138099186031205 220
1616079897061 7.425341739976832 221
1616080003722 8.821288219774742 222
1616080110664 9.552176049208562 223
1616080218115 7.173623881120224 224
1616080325476 7.38328831800499 225
1616080432807 8.195690592132374 226
1616080540689 8.519185176122864 227
1616080647257 7.730116988430425 228
1616080753568 8.186592171725724 229
1616080860065 9.891901433381136 230
1616080966251 9.057327598880422 231
1616081072678 8.201958072615467 232
1616081178719 7.176349338732381 233
1616081285243 7.703694809593592 234
1616081391497 9.256273066643015 235
1616081497666 7.415460412266397 236
1616081603568 8.035807027619812 237
1616081709545 7.038395166793373 238
1616081815714 7.673847310103571 239
1616081921907 7.744712021864807 240
1616082028103 8.305051044551975 241
1616082134226 7.373948700055018 242
1616082240410 8.788290245092739 243
1616082346331 8.105980806659392 244
1616082452452 8.882755155420659 245
1616082558543 10.114959038281746 246
1616082664578 7.996624686667902 247
1616082770717 8.057426024006217 248
1616082877380 9.561764986138412 249
