1612282573382 0.25793089617544146 0
1612282642280 0.18766480862204707 1
1612282711418 0.13542468601198338 2
1612282780433 0.12854182809146483 3
1612282850163 0.15244611430524 4
1612282919090 0.14369475218787123 5
1612282988015 0.14728311549371748 6
1612283057246 0.13822618616161061 7
1612283126390 0.12546951023500358 8
1612283195423 0.098441648839125 9
1612283264467 0.08319082099999954 10
1612283333631 0.11442394398931247 11
1612283403285 0.11298111392490899 12
1612283473770 0.1428225947849786 13
1612283544443 0.1108131684474091 14
1612283613480 0.11182975591118656 15
1612283682868 0.11073095140172474 16
1612283752259 0.11083771755446249 17
1612283821494 0.10881053333851828 18
1612283890527 0.12776118161073372 19
1612283959311 0.13284520960565824 20
1612284028661 0.0957023848348589 21
1612284098182 0.10469121986360692 22
1612284167180 0.10800255946259 23
1612284236403 0.09344928656051409 24
1612284306017 0.09584923466639732 25
1612284375065 0.08448542320906226 26
1612284443823 0.12515585547062888 27
1612284513227 0.09954340778180022 28
1612284584173 0.09445888426766466 29
1612284653941 0.09793069380432812 30
1612284723123 0.1281378820760926 31
1612284792539 0.07493392389212082 32
1612284861466 0.07498356922348934 33
1612284930725 0.08378788517482245 34
1612285000067 0.08500431722669459 35
1612285068976 0.1169156636764754 36
1612285140056 0.09133436519708206 37
1612285209194 0.11287357024292448 38
1612285278319 0.10266286401606317 39
1612285347799 0.09536387048550506 40
1612285416881 0.09157877448779433 41
1612285485977 0.07679690087019507 42
1612285555269 0.1263939533660661 43
1612285624090 0.11739359417958047 44
1612285693328 0.12474797732794463 45
1612285762300 0.0892537903429857 46
1612285831809 0.11008903962462696 47
1612285900905 0.13218294506642356 48
1612285970029 0.10921871128366954 49
1612286039094 0.14366426129839313 50
1612286108447 0.12520502040635295 51
1612286177853 0.11016851218778696 52
1612286246943 0.07367960908519688 53
1612286316109 0.09644751050579015 54
1612286385404 0.08345541224550845 55
1612286454180 0.07506309071583535 56
1612286523044 0.1293748670549535 57
1612286592013 0.08372807947557363 58
1612286661122 0.07941757298227567 59
1612286730539 0.07551927530943457 60
1612286799721 0.08707085741100026 61
1612286869135 0.07478358407518756 62
1612286940340 0.07897189037123722 63
1612287009814 0.11580282716608759 64
1612287079062 0.0986550014410446 65
1612287148499 0.11277681856013055 66
1612287217519 0.10288761800794459 67
1612287286522 0.09893786106536638 68
1612287356001 0.0787123610724264 69
1612287425241 0.08802345884380056 70
1612287496035 0.09952658503802854 71
1612287565103 0.09872711683387186 72
1612287634297 0.08301350074027901 73
1612287703821 0.1023122703851159 74
1612287772575 0.08627464700101027 75
1612287842122 0.06700773559399505 76
1612287911032 0.08613863542898377 77
1612287980302 0.07414222564270247 78
1612288049663 0.0898226134812654 79
1612288118796 0.1028246452559286 80
1612288187686 0.12197358750585299 81
1612288256473 0.08418025276554164 82
1612288326429 0.07880450095703352 83
1612288395493 0.10454756644234728 84
1612288464432 0.11987272750085859 85
1612288533516 0.09663495554852841 86
1612288602377 0.11229912558598305 87
1612288671340 0.1436372497188511 88
1612288742073 0.07626418213346112 89
1612288811354 0.095966386261271 90
1612288881190 0.07176863613413341 91
1612288950649 0.08358379620224682 92
1612289021556 0.08027943390518871 93
1612289090664 0.126744925086178 94
1612289161701 0.08382220143702493 95
1612289230691 0.09651437446252624 96
1612289299607 0.1091709964310945 97
1612289368992 0.12374336239117295 98
1612289437676 0.09307965769696591 99
1612289508812 0.13468571563265216 100
1612289577903 0.09752357006072998 101
1612289647135 0.07736923979289496 102
1612289716255 0.112769324388077 103
1612289785454 0.07848019475367532 104
1612289854529 0.08512527106413201 105
1612289925067 0.1002493812077081 106
1612289994365 0.0952847261927021 107
1612290065800 0.09525357876250994 108
1612290135127 0.08385166125511055 109
1612290204257 0.10518380421311108 110
1612290273973 0.0922027781828126 111
1612290343045 0.10499184967866584 112
1612290412751 0.09697547421526553 113
1612290482319 0.10842852894939593 114
1612290551546 0.08414415281210373 115
1612290621230 0.09296236998999297 116
1612290692147 0.08271562786244635 117
1612290761682 0.07490210746651266 118
1612290832750 0.08082655828390549 119
1612290901898 0.07966167357430529 120
1612290972476 0.06354192388591481 121
1612291041811 0.06995743068296519 122
1612291110880 0.11418387783107473 123
1612291179982 0.10165933174873466 124
1612291248876 0.08706141852620822 125
1612291318376 0.07672449723998112 126
1612291387257 0.06900385689379564 127
1612291458131 0.07233912553360212 128
1612291528909 0.08500897261633802 129
1612291597813 0.07534273969593333 130
1612291666824 0.07443789314867845 131
1612291735535 0.07542029957273114 132
1612291804888 0.062344848220028094 133
1612291874076 0.08375070788967076 134
1612291943542 0.11903580267037918 135
1612292015026 0.10403267661137368 136
1612292084342 0.10828288811356274 137
1612292153275 0.08273565858157712 138
1612292222823 0.08249057050961167 139
1612292292005 0.08736860396257087 140
1612292361631 0.07443825611427649 141
1612292430616 0.05913598234973737 142
1612292500152 0.11075028732641419 143
1612292568791 0.07351780827365705 144
1612292637456 0.06952715987589822 145
1612292705961 0.0815926487766095 146
1612292774955 0.07598988244782633 147
1612292844062 0.09695032995138596 148
1612292913276 0.11996975051822947 149
1612292982301 0.07701942458081601 150
1612293053697 0.05986675753522275 151
1612293122843 0.0974614798133053 152
1612293191988 0.12471004030597743 153
1612293262541 0.055388985285118444 154
1612293332063 0.08280559884968089 155
1612293401196 0.09766136176550566 156
1612293470248 0.11060028734491832 157
1612293541162 0.0757365386877487 158
1612293609891 0.06802666187286377 159
1612293678979 0.10239124387057859 160
1612293748461 0.1055247481189557 161
1612293817483 0.07405990895940297 162
1612293886819 0.0704559158923021 163
1612293956428 0.07404843106198666 164
1612294025184 0.09097958500705548 165
1612294094513 0.08576221163593122 166
1612294163468 0.09495672094288157 167
1612294232270 0.08228399059665736 168
1612294301218 0.07391270683772529 169
1612294371944 0.08577654699781048 170
1612294442973 0.08887954523314291 171
1612294512692 0.07803687764637506 172
1612294582302 0.10368405260256867 173
1612294651079 0.08320390110585227 174
1612294720526 0.08406805992126465 175
1612294789247 0.09049008942362088 176
1612294858433 0.06322863564562442 177
1612294927377 0.07493012431842178 178
1612294996653 0.10956033486038891 179
1612295065894 0.08381224479248274 180
1612295135528 0.08665985580700547 181
1612295205654 0.07988515273848576 182
1612295276466 0.11264523463462715 183
1612295345991 0.07058682904314639 184
1612295416831 0.0659064365856683 185
1612295485538 0.12227214450266824 186
1612295554296 0.12067781900292013 187
1612295623465 0.07890399178462242 188
1612295692687 0.1004373102045771 189
1612295763394 0.09456001466779566 190
1612295832699 0.07935181749400808 191
1612295901899 0.0698253005298216 192
1612295970638 0.11466763357617962 193
1612296039688 0.09249267649294725 194
1612296108761 0.08525346375223417 195
1612296177686 0.11126276361408519 196
1612296246320 0.12707741313905857 197
1612296316577 0.08232054781557908 198
1612296385362 0.11733347088543337 199
1612296454754 0.09089446334696527 200
1612296523435 0.07323982021701869 201
1612296592817 0.07801572155596605 202
1612296661705 0.08511330476447718 203
1612296730772 0.07814686333955224 204
1612296801435 0.10307866512839474 205
1612296870352 0.07550922080652038 206
1612296939418 0.10563531384539249 207
1612297008340 0.08250765035401529 208
1612297077115 0.07150710963491183 209
1612297145958 0.0785455863867233 210
1612297215321 0.05695255745702715 211
1612297284413 0.07891844813503436 212
1612297355317 0.07139575036604014 213
1612297423991 0.067879103012939 214
1612297492871 0.05412338651827912 215
1612297561844 0.07527152371050706 216
1612297630438 0.0819517480793284 217
1612297699379 0.07051269954709864 218
1612297768608 0.07972932217726067 219
1612297838042 0.12344726430836009 220
1612297907413 0.12153917817927118 221
1612297976437 0.08423333470501117 222
1612298045690 0.096056321663643 223
1612298116316 0.09909414177510276 224
1612298184944 0.07734500650149673 225
1612298253797 0.07421991985235642 226
1612298322873 0.11583882125455942 227
1612298391399 0.07891272786837905 228
1612298460865 0.09053230730455313 229
1612298530187 0.07371371094860248 230
1612298601216 0.08932172985219244 231
1612298670052 0.07482510716167849 232
1612298738915 0.09234073268833445 233
1612298808338 0.07903975693147573 234
1612298877031 0.0713290545477796 235
1612298946441 0.07216548385904796 236
1612299015355 0.10353473585043381 237
1612299084289 0.12696226408232503 238
1612299155183 0.08996668947276784 239
1612299225822 0.06963789729929681 240
1612299294817 0.06560979939218778 241
1612299364393 0.07407546221320309 242
1612299433921 0.07127987270924582 243
1612299503719 0.07606414093900082 244
1612299572721 0.08356046142862804 245
1612299642770 0.09583216371820934 246
1612299712672 0.09780798919165312 247
1612299782339 0.050094060043790446 248
1612299852157 0.07470591388531585 249
1612299921220 0.07392578694357801 250
1612299990676 0.08817668281384368 251
1612300059873 0.10823035951870591 252
1612300128438 0.07779032258845087 253
1612300199640 0.06695924232255167 254
1612300268679 0.049076457521808683 255
1612300337787 0.06872734916743947 256
1612300406957 0.08492349688686542 257
1612300475902 0.07778145128221654 258
1612300544913 0.08443202812280227 259
1612300613981 0.06553183651682157 260
1612300683036 0.062086954045651566 261
1612300752294 0.09381855245846421 262
1612300821333 0.08339194753276769 263
1612300890353 0.09985910066917761 264
1612300959397 0.10024277131948899 265
1612301028758 0.13618335439198054 266
1612301098594 0.09779960895652201 267
1612301167201 0.08948647620073005 268
1612301236618 0.10464338224325608 269
1612301305813 0.0825283046978623 270
1612301374721 0.09268768954632887 271
1612301444025 0.08843159942484613 272
1612301513133 0.07900081374751988 273
1612301582697 0.06575369479051277 274
1612301653865 0.05665712748000871 275
1612301722624 0.06538957179482303 276
1612301791872 0.0619608635333047 277
1612301860956 0.07738886662383578 278
1612301930083 0.059572218069389685 279
1612301999241 0.04903992521229075 280
1612302068195 0.09443277654363148 281
1612302138862 0.07729540743044953 282
1612302210663 0.06587131521595058 283
1612302282179 0.08558570982804939 284
1612302351401 0.06819663830657503 285
1612302422140 0.05949787239530193 286
1612302491415 0.0619962731404091 287
1612302560260 0.0721693866288484 288
1612302629201 0.10059816001066521 289
1612302698044 0.1102861343924679 290
1612302766901 0.0725769738652813 291
1612302835977 0.07308621015121687 292
1612302906713 0.08158844620434207 293
1612302975936 0.06550775446108918 294
1612303044781 0.06524331356162455 295
1612303114130 0.0683092056815304 296
1612303183089 0.1141261378330971 297
1612303252431 0.08162481749235694 298
1612303321244 0.06436243786740659 299
1612303390335 0.07003144630745275 300
1612303459646 0.07722498676670131 301
1612303528664 0.09528875706800774 302
1612303597699 0.08802598892752804 303
1612303666993 0.09144287233922019 304
1612303735901 0.0638772391561252 305
1612303805035 0.06634464459632759 306
1612303875322 0.07668084439946644 307
1612303944010 0.06909216161984116 308
1612304014720 0.0700254048874129 309
1612304083562 0.10682720034869748 310
1612304154175 0.067512006901983 311
1612304223441 0.06040563779090768 312
1612304292000 0.05931804874050083 313
1612304360651 0.07645964889384027 314
1612304429613 0.09030964214410354 315
1612304498697 0.06298934523739032 316
1612304567685 0.05383735984119017 317
1612304636885 0.06793590890827464 318
1612304706116 0.07818757331193384 319
1612304775437 0.0858904158891137 320
1612304844324 0.06108947476344322 321
1612304913473 0.08973204733720466 322
1612304982517 0.06709926875669565 323
1612305051476 0.08427334721408673 324
1612305120729 0.07277854253996664 325
1612305189596 0.06898753856545065 326
1612305261646 0.054523852334093695 327
1612305331781 0.08422367964217913 328
1612305401014 0.15433123307441599 329
1612305470796 0.05443411887581669 330
1612305540354 0.0993459242493359 331
1612305610086 0.0681125939781986 332
1612305680202 0.06454744623668159 333
1612305749122 0.06782578176526881 334
1612305818384 0.057710812162997116 335
1612305887223 0.07149170850639913 336
1612305955941 0.07671754395783838 337
1612306026663 0.0595851042377415 338
1612306095425 0.06977141437245839 339
1612306164720 0.05954748747953728 340
1612306233360 0.05426864036873205 341
1612306302208 0.05561909835730026 342
1612306371972 0.06120553034455029 343
1612306441220 0.11671385391434627 344
1612306512042 0.047106005362610316 345
1612306581239 0.06161882183445034 346
1612306650410 0.08447715773511288 347
1612306719287 0.06829193012038273 348
1612306788325 0.0707940503732482 349
1612306859668 0.078227949676229 350
1612306928567 0.0765229623709152 351
1612306997727 0.06236009989211808 352
1612307066650 0.08370424384501443 353
1612307135729 0.09125275131481797 354
1612307204667 0.05547941264821522 355
1612307273329 0.08941949036583971 356
1612307342130 0.08402093310854328 357
1612307411494 0.09053346559182922 358
1612307480595 0.0677858786796456 359
1612307550186 0.07207332351314488 360
1612307619338 0.086717475706072 361
1612307688158 0.06193407346953207 362
1612307758527 0.09491627785696913 363
1612307827839 0.08694146818189478 364
1612307896803 0.09447256753693765 365
1612307965690 0.07586571529730042 366
1612308035152 0.07659650738559552 367
1612308104641 0.09769432580293115 368
1612308173267 0.06884889638245996 369
1612308242535 0.061345675987983815 370
1612308311564 0.06943588025534331 371
1612308380425 0.06721315544043015 372
1612308451072 0.053281518060769605 373
1612308520060 0.06106177194794612 374
1612308588791 0.07691901833263796 375
1612308657913 0.06895246256643267 376
1612308726921 0.08159602933855199 377
1612308795785 0.07063131190058011 378
1612308864759 0.08701488331182679 379
1612308935668 0.09111928139159929 380
1612309005096 0.06165638966346854 381
1612309074149 0.06257205134007468 382
1612309143199 0.08499135366126673 383
1612309212435 0.08913070675152451 384
1612309280885 0.0733259596041779 385
1612309349927 0.10675162966571637 386
1612309418750 0.08200942224531031 387
1612309487811 0.06441787730402021 388
1612309557271 0.08124445089653357 389
1612309626566 0.05973004494140397 390
1612309697289 0.07027576574638708 391
1612309766655 0.06196550113051685 392
1612309836126 0.07730326011999329 393
1612309905931 0.07181512241932883 394
1612309974965 0.05722481901965924 395
1612310044136 0.06897377700948004 396
1612310114783 0.05778363391534606 397
1612310185496 0.06688266458796031 398
1612310254400 0.08554384334763485 399
1612310323486 0.08662977859155456 400
1612310394193 0.07226065112583673 401
1612310464598 0.05539947926108517 402
1612310533456 0.06550273432660458 403
1612310603314 0.047728929057050104 404
1612310675405 0.06415160734262039 405
1612310746260 0.08467396782405341 406
1612310815501 0.06572765912582625 407
1612310884713 0.06295507167702291 408
1612310954398 0.07672024040079828 409
1612311023308 0.10524416948432352 410
1612311092376 0.046213520996606174 411
1612311163343 0.07741992776073627 412
1612311232527 0.0745651419483014 413
1612311301961 0.0707869138290633 414
1612311371570 0.10957013315229273 415
1612311442133 0.08771334121476358 416
1612311511093 0.09535289878275857 417
1612311579705 0.10910921577197402 418
1612311648920 0.04635428492702655 419
1612311718072 0.09085045198896038 420
1612311787080 0.05984340052106487 421
1612311855801 0.07846604087459508 422
1612311925191 0.06746573590520602 423
1612311994644 0.044806300704158954 424
1612312063855 0.08434986178554706 425
1612312132525 0.07329889998507144 426
1612312201646 0.07281808888734277 427
1612312270831 0.07983112513129391 428
1612312339839 0.07663706345344658 429
1612312410281 0.08944132256863722 430
1612312479615 0.07349459715743563 431
1612312550329 0.08037382453235227 432
1612312619270 0.09562336153058863 433
1612312688199 0.07631512097458341 434
1612312757118 0.07842786098594096 435
1612312826470 0.07250457023506734 436
1612312895434 0.07483180512243243 437
1612312964464 0.08270383770786115 438
1612313033475 0.04335501122830519 439
1612313102864 0.05249142024054456 440
1612313172318 0.04587120885279641 441
1612313241917 0.07045902689891075 442
1612313312631 0.08068602654471327 443
1612313383334 0.09230069171136884 444
1612313452194 0.07994542282019089 445
1612313521608 0.06594645888058108 446
1612313590624 0.06194006240189965 447
1612313660034 0.06401993890306842 448
1612313728831 0.07830498556592572 449
1612313798621 0.04138590506653288 450
1612313868249 0.048146972015722475 451
1612313939135 0.06859027360802267 452
1612314008261 0.07643410607950012 453
1612314077925 0.06143822776737498 454
1612314146617 0.07158222305240916 455
1612314215379 0.07680831560448034 456
1612314284077 0.05974963796672536 457
1612314352842 0.05926587154616171 458
1612314421698 0.05166064269507109 459
1612314490630 0.06605634048803528 460
1612314559367 0.06903832617090709 461
1612314629379 0.08251500396586176 462
1612314698694 0.057373809280680185 463
1612314767649 0.06714654146735348 464
1612314836399 0.05850202289979849 465
1612314907106 0.04858736048883466 466
1612314976319 0.05162097357991916 467
1612315045154 0.056772762270116094 468
1612315116007 0.060309389633918874 469
1612315184956 0.0731748911871839 470
1612315254419 0.06497407938117411 471
1612315323786 0.06377609719091387 472
1612315392995 0.07153745729531814 473
1612315461969 0.09231302987283735 474
1612315530907 0.04422106938575631 475
1612315600565 0.058433138612490984 476
1612315671418 0.0856702487860153 477
1612315740107 0.05042168008747386 478
1612315809051 0.07967296376157162 479
1612315878434 0.0853444106543242 480
1612315947318 0.052942582030794515 481
1612316016330 0.06637692985249989 482
1612316085587 0.0687707822714279 483
1612316154805 0.07355087639680549 484
1612316223924 0.0629425787214023 485
1612316292644 0.09573021664548276 486
1612316361859 0.06536405744837291 487
1612316432195 0.0583296133511102 488
1612316501066 0.04924094854895748 489
1612316570303 0.07884586124277826 490
1612316639485 0.07099848896709841 491
1612316710186 0.045360534048792145 492
1612316779415 0.0695814570384239 493
1612316850367 0.0514846097177534 494
1612316919793 0.04799245542554713 495
1612316988747 0.04613941818920534 496
1612317057864 0.05849130918730551 497
1612317126619 0.10887310665045212 498
1612317195056 0.07211914525103214 499
1612317263843 0.0708113152589371 500
1612317333061 0.08677230486229284 501
1612317402182 0.06639516353607178 502
1612317471437 0.05943005387462787 503
1612317542352 0.067584606248941 504
1612317611409 0.07678311262557756 505
1612317680892 0.11191684897266217 506
1612317749853 0.046837058529924994 507
1612317818762 0.07715196662874364 508
1612317888516 0.09155418801663527 509
1612317957681 0.04266762377610847 510
1612318027371 0.05173774263752041 511
1612318098533 0.05395511637872724 512
1612318167514 0.05925726089904557 513
1612318236509 0.041141608757759206 514
1612318305632 0.07356959937223748 515
1612318375368 0.08455484215892962 516
1612318444157 0.06708409892978953 517
1612318513220 0.07107183648579156 518
1612318582541 0.04492388910322047 519
1612318653582 0.08093422562328738 520
1612318722700 0.04350087802801559 521
1612318791762 0.07379014545412206 522
1612318861557 0.06539471914519125 523
1612318930741 0.04641224555115202 524
1612319000123 0.03993959480257177 525
1612319070807 0.06527766718793271 526
1612319139592 0.09961840554849426 527
1612319208719 0.07444693526225303 528
1612319277543 0.0623081059598211 529
1612319348568 0.09150079293037529 530
1612319418259 0.057557873761475975 531
1612319487571 0.059586261635396015 532
1612319556370 0.07610598428925472 533
1612319625456 0.09810553113026406 534
1612319694825 0.04273697511473699 535
1612319764091 0.06811447997591388 536
1612319833453 0.059340291058839256 537
1612319902291 0.05365209437128323 538
1612319971026 0.07060188232962765 539
1612320040426 0.04327132274855429 540
1612320109303 0.07725530417997446 541
1612320178385 0.06518957330219781 542
1612320249185 0.06132710513783925 543
1612320319829 0.0692129037273464 544
1612320388837 0.05143484250823064 545
1612320457955 0.045735025583808105 546
1612320526887 0.048805316882346995 547
1612320596954 0.08313206683343916 548
1612320668066 0.08308976443845835 549
1612320738761 0.07640382069260326 550
1612320807530 0.05928163297140776 551
1612320876783 0.07227358978186081 552
1612320945673 0.05559714249710539 553
1612321014859 0.07473620549956364 554
1612321083691 0.06582955193163743 555
1612321154308 0.061726519420965395 556
1612321224726 0.043676555156707764 557
1612321293664 0.05126149796727878 558
1612321362788 0.08631706504679437 559
1612321431644 0.07036627673391085 560
1612321502464 0.05257681679369798 561
1612321571649 0.06702572285239376 562
1612321640398 0.07264962836877624 563
1612321710916 0.07181642660454138 564
1612321779688 0.04730404046044421 565
1612321849167 0.04683220653391596 566
1612321918114 0.04974740298826303 567
1612321987143 0.04160848037520452 568
1612322056058 0.053372253232927463 569
1612322125218 0.07015951177967128 570
1612322193885 0.04087593395318558 571
1612322263170 0.06775375711384105 572
1612322332312 0.09000021130291384 573
1612322400768 0.07043833785982274 574
1612322469475 0.05868034398377831 575
1612322539928 0.06544953050898082 576
1612322609441 0.05986702798017815 577
1612322678247 0.07164474209742759 578
1612322749010 0.07680541010045294 579
1612322819824 0.07320377186163148 580
1612322890265 0.08271944522857666 581
1612322959313 0.05175445951632599 582
1612323030063 0.05367412940779729 583
1612323098864 0.053704286689188946 584
1612323167497 0.09407525898805305 585
1612323236488 0.10616656826503242 586
1612323305790 0.06907768302889013 587
1612323375057 0.07937944736053694 588
1612323444064 0.061662867887696225 589
1612323513264 0.0662780066034687 590
1612323582576 0.06023404936292278 591
1612323650964 0.05843612596170226 592
1612323719595 0.05111125689833911 593
1612323788580 0.04748654899312489 594
1612323858403 0.05264956470745713 595
1612323927311 0.056896863588646276 596
1612323996252 0.0852714625757132 597
1612324064911 0.07140283264330964 598
1612324133876 0.03663621464772011 599
1612324205112 0.0774460737384967 600
1612324274188 0.05512753707259448 601
1612324343575 0.06179861880060452 602
1612324412486 0.0703691617766423 603
1612324482485 0.0622224336239829 604
1612324551941 0.054568896542734176 605
1612324620820 0.07164537017025165 606
1612324691864 0.06468970028322134 607
1612324761924 0.0674539537572149 608
1612324830603 0.05375742200595229 609
1612324899783 0.0566315784383176 610
1612324969265 0.06493504367657561 611
1612325038028 0.05207696423601749 612
1612325107638 0.062204239973381384 613
1612325176778 0.042026268012488065 614
1612325245587 0.05790581720978467 615
1612325316290 0.06033599376678467 616
1612325388100 0.0716301861094005 617
1612325457619 0.06721947887050572 618
1612325526294 0.07588765781317185 619
1612325596893 0.07453391178330379 620
1612325667623 0.05672606247574536 621
1612325736575 0.06946371295558873 622
1612325807336 0.08355788241571455 623
1612325877765 0.05988916176468579 624
1612325948358 0.047201097901187726 625
1612326017160 0.05172653874354576 626
1612326085952 0.07745670738504894 627
1612326155098 0.042815770675886926 628
1612326224825 0.05431274513700115 629
1612326293743 0.07778582644106737 630
1612326363059 0.058330865938272046 631
1612326432101 0.038286018727430655 632
1612326501098 0.06334470990878432 633
1612326569873 0.07458705866514746 634
1612326639117 0.05083838772417894 635
1612326708129 0.05931193704035745 636
1612326777041 0.052817704072639124 637
1612326846031 0.05254588109343799 638
1612326914629 0.05856798211140419 639
1612326984086 0.054198209029525074 640
1612327054380 0.053498452279105116 641
1612327123527 0.06235490806067168 642
1612327192583 0.096801123512325 643
1612327263609 0.07151422038007138 644
1612327332612 0.07580661506795172 645
1612327403264 0.07507543866314105 646
1612327472749 0.05891350667868087 647
1612327541808 0.06949729972810888 648
1612327610490 0.0831664160116395 649
1612327680028 0.06935086268097607 650
1612327749153 0.06608941305929156 651
1612327818077 0.06602643496954619 652
1612327887857 0.05865315447992353 653
1612327957242 0.05373448667241566 654
1612328026008 0.04439409544218832 655
1612328094940 0.03878641039577883 656
1612328163483 0.04219187640432102 657
1612328232622 0.06596088409423828 658
1612328301943 0.09691181467540229 659
1612328371085 0.1078817186070912 660
1612328439649 0.07317985260664527 661
1612328510730 0.06485547859277298 662
1612328579508 0.07056978923171314 663
1612328648549 0.07057808050468786 664
1612328717783 0.1052853767551593 665
1612328786716 0.05266400148619467 666
1612328855879 0.05531722752015982 667
1612328925337 0.0538061359035435 668
1612328994882 0.0711677492554508 669
1612329064660 0.0685866368350698 670
1612329133761 0.06663931661577367 671
1612329204756 0.057171135696012586 672
1612329273851 0.06457614809719485 673
1612329342795 0.0379211635731939 674
1612329412243 0.044930642220511366 675
1612329481464 0.05466599250907329 676
1612329550340 0.05780606483345601 677
1612329619696 0.061402120696964546 678
1612329689197 0.06270522501931261 679
1612329758589 0.06695101154384328 680
1612329827639 0.05967365094085238 681
1612329896466 0.06880900308267394 682
1612329966219 0.042190671856723615 683
1612330035580 0.04184214570629063 684
1612330104902 0.06728537491898039 685
1612330174409 0.05250036983347651 686
1612330245136 0.04160077714208347 687
1612330314004 0.055593956762285374 688
1612330382811 0.07321367068077202 689
1612330451785 0.05989146321567137 690
1612330521178 0.04204232301285018 691
1612330589930 0.03455224766660092 692
1612330658720 0.06591593952321295 693
1612330727435 0.04962831468724493 694
1612330796247 0.05430973643687234 695
1612330866667 0.05217444629811529 696
1612330935552 0.042701091339339074 697
1612331004385 0.06726382828470487 698
1612331072983 0.06623822539599973 699
1612331142253 0.059327071282401014 700
1612331211426 0.04545861482620239 701
1612331280162 0.0568711686490187 702
1612331349664 0.05182550647365513 703
1612331418642 0.042726326344618155 704
1612331487435 0.03894821832429117 705
1612331556561 0.035778070563700665 706
1612331625854 0.04159691173638871 707
1612331695035 0.07676878882877862 708
1612331763910 0.047029360906401675 709
1612331833036 0.07550222304329943 710
1612331902444 0.10413483986214025 711
1612331971183 0.0805266428349623 712
1612332041733 0.091361020038377 713
1612332110379 0.07708173189590227 714
1612332179568 0.07450782985829596 715
1612332248910 0.055312451141983715 716
1612332317882 0.04540764573794692 717
1612332387008 0.045064244697343055 718
1612332456576 0.07243027171092246 719
1612332525698 0.036418153278863254 720
1612332594948 0.04968620858975311 721
1612332664067 0.031036211483514133 722
1612332733067 0.055469140188017886 723
1612332802084 0.08108748606781462 724
1612332871211 0.06212600576343821 725
1612332940572 0.052090984671863155 726
1612333010287 0.03680670350345213 727
1612333079193 0.053685504109112187 728
1612333149596 0.06564495634676805 729
1612333218454 0.04977486293707321 730
1612333288547 0.05884220973769231 731
1612333357413 0.05042764322081609 732
1612333426412 0.0844907813997411 733
1612333498017 0.06075287310045157 734
1612333567095 0.0650772060920943 735
1612333636843 0.051963410270747856 736
1612333705837 0.07404694005624572 737
1612333776537 0.0475612522950813 738
1612333845636 0.06428019680194001 739
1612333914295 0.09089147510813243 740
1612333983132 0.046999746294163945 741
1612334053687 0.04450405266747546 742
1612334122792 0.05392810568880679 743
1612334192616 0.04877654474173019 744
1612334261382 0.07220978256481797 745
1612334331746 0.03453588218831304 746
1612334400973 0.05135800767300734 747
1612334469906 0.042329515094187725 748
1612334539008 0.04321535042862394 749
1612334609277 0.038853235209166115 750
1612334680375 0.06688098498244784 751
1612334749524 0.04543051257062314 752
1612334818236 0.03850081963325614 753
1612334887242 0.09408249961796092 754
1612334956440 0.08033076062131284 755
1612335025552 0.06890509555588907 756
1612335094434 0.05349905455290382 757
1612335163611 0.06863469241270378 758
1612335232614 0.07573631361349305 759
1612335302537 0.06872660989191995 760
1612335371353 0.05623211611562701 761
1612335440382 0.049984928387314526 762
1612335509345 0.05278583871784495 763
1612335578550 0.061849025648031665 764
1612335648583 0.04751500709732966 765
1612335717632 0.04041288237073528 766
1612335787446 0.05100050435137393 767
1612335856507 0.05709846517932949 768
1612335925526 0.06733648278819981 769
1612335994212 0.05347017921618561 770
