1617820549957 0.45685953852978156 0
1617820677886 0.3517957887552837 1
1617820804879 0.3078127098633043 2
1617820931633 0.2814229790002425 3
1617821058244 0.2638890097987779 4
1617821185182 0.25105565974607746 5
1617821315306 0.236212416079269 6
1617821442048 0.2260127536050896 7
1617821568850 0.21732934585488434 8
1617821695254 0.20995565623520535 9
1617821821614 0.2032101345419653 10
1617821948193 0.19726992275314867 11
1617822074266 0.19580386631776092 12
1617822200303 0.1907412195946217 13
1617822326652 0.1857889859124701 14
1617822453052 0.1812196260632729 15
1617822579586 0.1788358826199558 16
1617822706363 0.17740515562932468 17
1617822832750 0.1740887962586235 18
1617822958993 0.1726868336832032 19
1617823085439 0.16978169560787224 20
1617823211919 0.16706170686619715 21
1617823338399 0.1642044072085087 22
1617823464778 0.16176830371098713 23
1617823591258 0.15940096352090863 24
1617823717162 0.15797527463048844 25
1617823843822 0.15595225700734286 26
1617823970018 0.15395172979643057 27
1617824096357 0.15223674861453232 28
1617824222567 0.15053678859712175 29
1617824349001 0.15075262254532287 30
1617824475479 0.14980946780625792 31
1617824601549 0.14850395874118497 32
1617824727806 0.14697876766916176 33
1617824854075 0.14543478141190616 34
1617824980284 0.14398142946972106 35
1617825106209 0.14254241627054595 36
1617825232462 0.1416278229129458 37
1617825358854 0.14041699688836923 38
1617825485198 0.13924481099709235 39
1617825611820 0.1380305537658192 40
1617825737827 0.13702401946692255 41
1617825864295 0.13609291881116414 42
1617825990483 0.13500800182659187 43
1617826116591 0.13393591036073352 44
1617826242876 0.13294554621956478 45
1617826369132 0.13199259853686154 46
1617826495666 0.1309637099331912 47
1617826621833 0.13014294901968693 48
1617826748404 0.12949469396131152 49
1617826874631 0.12892951879263373 50
1617827000755 0.12886172351953246 51
1617827126709 0.12821341551083584 52
1617827252584 0.1275879627675658 53
1617827378369 0.12686138720840678 54
1617827504504 0.12615736495168445 55
1617827630485 0.12550828715917747 56
1617827756403 0.1247923441025581 57
1617827882396 0.12405693632531396 58
1617828008385 0.12340350092936918 59
1617828134974 0.1226943326031612 60
1617828261461 0.12245737762505533 61
1617828387608 0.12183643552911563 62
1617828513958 0.12124145192563528 63
1617828640098 0.12058944754521998 64
1617828766255 0.11995890604087102 65
1617828892338 0.11934039199316067 66
1617829018189 0.11866140784812307 67
1617829144384 0.11802900473825863 68
1617829270391 0.11738852513586046 69
1617829396431 0.11678404295144412 70
1617829522340 0.11611783147561663 71
1617829648417 0.11553322342915244 72
1617829774428 0.1150464127847069 73
1617829900511 0.11449604662306977 74
1617830026639 0.11392072417454174 75
1617830152789 0.11334393599692605 76
1617830278948 0.11288082091883637 77
1617830405104 0.11231509219943361 78
1617830531167 0.1117648510522447 79
1617830657307 0.11121746323345168 80
1617830783156 0.1106741240897642 81
1617830909342 0.1101317336272866 82
1617831035814 0.10961044317402943 83
1617831162097 0.10923929461959904 84
1617831288561 0.10873952158116162 85
1617831414718 0.10818523398854932 86
1617831540930 0.10762187660170984 87
1617831666941 0.10712197712530633 88
1617831792953 0.10680790659542204 89
1617831919205 0.10647597380404039 90
1617832045844 0.10624860211363396 91
1617832172028 0.10582973034313073 92
1617832298206 0.10538476868753942 93
1617832424406 0.10491059076641703 94
1617832550382 0.10444870247119205 95
1617832676336 0.10399027739147537 96
1617832802195 0.10347287187068083 97
1617832928134 0.10299326683993675 98
1617833054268 0.10248531853601811 99
1617833180573 0.10199060051383936 100
1617833306688 0.10152516769428656 101
1617833432652 0.1010955814372204 102
1617833558825 0.1006238085170903 103
1617833684995 0.10013271728917399 104
1617833810987 0.09963437043738319 105
1617833937058 0.09913289239309725 106
1617834063254 0.09869027482250294 107
1617834189169 0.09845795752431544 108
1617834315640 0.09820908025101664 109
1617834441782 0.09776716772413344 110
1617834568224 0.09738396934080037 111
1617834694706 0.09698170455510396 112
1617834820759 0.09655449077029502 113
1617834946751 0.09615427621542912 114
1617835072804 0.09575078605198639 115
1617835198715 0.09529568775617783 116
1617835324705 0.09482677942417292 117
1617835450728 0.09434558555447851 118
1617835576756 0.09394827563371774 119
1617835702854 0.09350814067265528 120
1617835828656 0.09308075878176648 121
1617835954637 0.0926552052710955 122
1617836080804 0.09219386703468983 123
1617836206826 0.09177121236888654 124
1617836332919 0.09130657928999249 125
1617836458848 0.09082772125705171 126
1617836584884 0.09035002362361412 127
1617836710836 0.08990025137181397 128
1617836836931 0.08945642566756512 129
1617836962857 0.0890605833326355 130
1617837088992 0.0886107935887827 131
1617837214994 0.08816535555248194 132
1617837340798 0.08783112661058315 133
1617837466576 0.08741008528795202 134
1617837592568 0.08699427028661606 135
1617837718496 0.08713304249190533 136
1617837844329 0.08681769769985115 137
1617837970190 0.08643248655314255 138
1617838096511 0.08599382632137433 139
1617838222671 0.08560339798843054 140
1617838348465 0.08519303799010446 141
1617838474267 0.08475411359374278 142
1617838600278 0.08434059957785964 143
1617838725972 0.0839005712440247 144
1617838851863 0.08346156499309765 145
1617838977809 0.08309915533416294 146
1617839103699 0.08267318315229893 147
1617839229551 0.08223894289007837 148
1617839355747 0.08177874970745215 149
1617839482014 0.08143587149792515 150
1617839608365 0.08098554855078553 151
1617839734511 0.0805127616208127 152
1617839860299 0.08009596106743747 153
1617839986325 0.07962590481679407 154
1617840112473 0.07917567807241085 155
1617840238342 0.07871173882306928 156
1617840364184 0.07830238914623384 157
1617840490128 0.0778616696382289 158
1617840616360 0.07739213966018955 159
1617840742655 0.0769599364953293 160
1617840868562 0.07683459065239538 161
1617840994768 0.07645145490339601 162
1617841121436 0.07599026201736059 163
1617841247361 0.0755137384388185 164
1617841373146 0.07506191432922486 165
1617841499224 0.074628495166769 166
1617841625052 0.07417224424045717 167
1617841751267 0.0736967564228536 168
1617841877056 0.0732222456263567 169
1617842003241 0.07280150379165608 170
1617842128995 0.07239139340239595 171
1617842255282 0.07190390017015102 172
1617842381215 0.07146370183270152 173
1617842507148 0.07110913410782814 174
1617842633263 0.0706475237504907 175
1617842759845 0.07020001989858829 176
1617842885892 0.06973077606288669 177
1617843011857 0.06926132052114839 178
1617843137524 0.06879846181590595 179
1617843263578 0.06831495064322005 180
1617843389910 0.06783635945344395 181
1617843515685 0.06739654568555746 182
1617843641502 0.06692880092054745 183
1617843767601 0.06646426524120784 184
1617843893318 0.06600301588702885 185
1617844019243 0.06548008469349526 186
1617844145212 0.06506479713111278 187
1617844271098 0.06460659841955593 188
1617844397097 0.06412033779496559 189
1617844523461 0.06361823753935482 190
1617844649776 0.06313041539954399 191
1617844776036 0.06266190653972606 192
1617844902141 0.062219333850369464 193
1617845028069 0.061784749910381735 194
1617845153920 0.06132404648947975 195
1617845279891 0.060888743243700354 196
1617845405952 0.06037100180487159 197
1617845531866 0.059847594210737626 198
1617845657868 0.05940979045151952 199
1617845783778 0.058960562099863265 200
1617845909763 0.05846555830600036 201
1617846035612 0.05797547957266548 202
1617846161527 0.05754651975197098 203
1617846287897 0.057195254066813084 204
1617846413860 0.05671867879955617 205
1617846539746 0.05620236135971369 206
1617846665766 0.05572369524840581 207
1617846791743 0.05521186880202657 208
1617846917857 0.054757510414658456 209
1617847043863 0.05430388800490691 210
1617847169653 0.053839505667581763 211
1617847295893 0.05330557049546162 212
1617847421876 0.05279397398341196 213
1617847548313 0.052280979406204735 214
1617847674597 0.051701564642408444 215
1617847800736 0.051164430367247826 216
1617847926759 0.050621908348491465 217
1617848052764 0.050085046018977716 218
1617848178740 0.049520135805194564 219
1617848305036 0.04898531701544176 220
1617848431101 0.048451810377834394 221
1617848557405 0.047938616752362224 222
1617848683233 0.047410199436090913 223
1617848809030 0.04685762621118881 224
1617848934804 0.04634934628289037 225
1617849060790 0.04580232527750173 226
1617849186766 0.04524184024048684 227
1617849312843 0.044680315549230576 228
1617849438642 0.044140294373162955 229
1617849564593 0.043582393027268365 230
1617849690451 0.0430242114297066 231
1617849816668 0.042466210476841876 232
1617849942829 0.04188515671479255 233
1617850068916 0.041307091209303905 234
1617850194854 0.040744251429949356 235
1617850320648 0.04011752962655081 236
1617850446595 0.03955929102069717 237
1617850572605 0.038992396629796276 238
1617850698868 0.03837656723756464 239
1617850824776 0.037796284301827916 240
1617850950644 0.0372074139874356 241
1617851076820 0.03665374855327987 242
1617851202957 0.036020335146961124 243
1617851329121 0.03539878867907897 244
1617851455346 0.0348128559456259 245
1617851581529 0.034205106876434986 246
1617851707781 0.03357029298386572 247
1617851833793 0.03294203360551082 248
1617851960138 0.03241754505077894 249
