1617820549959 0.552307978657909 0
1617820549962 0.552307978657909 0
1617820677888 0.6290903502644567 1
1617820677893 0.6290903502644567 1
1617820804881 0.6647387964694128 2
1617820804884 0.6647387964694128 2
1617820931635 0.687155925185544 3
1617820931637 0.687155925185544 3
1617821058247 0.7025691165349153 4
1617821058249 0.7025691165349153 4
1617821185184 0.7144962464745014 5
1617821185186 0.7144962464745014 5
1617821315308 0.7281453453957001 6
1617821315310 0.7281453453957001 6
1617821442050 0.7371363104134131 7
1617821442052 0.7371363104134131 7
1617821568853 0.7456719819774553 8
1617821568855 0.7456719819774553 8
1617821695256 0.7524562721090214 9
1617821695258 0.7524562721090214 9
1617821821616 0.7589414100849973 10
1617821821618 0.7589414100849973 10
1617821948196 0.7645170959281614 11
1617821948198 0.7645170959281614 11
1617822074268 0.7659467071234622 12
1617822074271 0.7659467071234622 12
1617822200305 0.7708914447468989 13
1617822200308 0.7708914447468989 13
1617822326653 0.7757686508046041 14
1617822326656 0.7757686508046041 14
1617822453055 0.7802174279392621 15
1617822453057 0.7802174279392621 15
1617822579588 0.7824121340858122 16
1617822579591 0.7824121340858122 16
1617822706365 0.7839238968491258 17
1617822706368 0.7839238968491258 17
1617822832753 0.7870685203341447 18
1617822832755 0.7870685203341447 18
1617822958995 0.7885903342611662 19
1617822958998 0.7885903342611662 19
1617823085441 0.7913423228028081 20
1617823085443 0.7913423228028081 20
1617823211922 0.7939626950327952 21
1617823211924 0.7939626950327952 21
1617823338402 0.7967195624005331 22
1617823338404 0.7967195624005331 22
1617823464781 0.7991189407436153 23
1617823464783 0.7991189407436153 23
1617823591261 0.8013464919893453 24
1617823591263 0.8013464919893453 24
1617823717165 0.8027152685884871 25
1617823717167 0.8027152685884871 25
1617823843825 0.8045886763608968 26
1617823843827 0.8045886763608968 26
1617823970020 0.806445869536808 27
1617823970023 0.806445869536808 27
1617824096359 0.8081013270706761 28
1617824096362 0.8081013270706761 28
1617824222569 0.8097260463655558 29
1617824222572 0.8097260463655558 29
1617824349004 0.8094020097026546 30
1617824349006 0.8094020097026546 30
1617824475482 0.8102983623495694 31
1617824475484 0.8102983623495694 31
1617824601551 0.8114883644097137 32
1617824601554 0.8114883644097137 32
1617824727809 0.8129838733844423 33
1617824727811 0.8129838733844423 33
1617824854078 0.8144364472888824 34
1617824854080 0.8144364472888824 34
1617824980287 0.8158251902995919 35
1617824980289 0.8158251902995919 35
1617825106211 0.8170895142201459 36
1617825106214 0.8170895142201459 36
1617825232464 0.8179342479552738 37
1617825232466 0.8179342479552738 37
1617825358856 0.8190604806918083 38
1617825358859 0.8190604806918083 38
1617825485201 0.8201274024092043 39
1617825485203 0.8201274024092043 39
1617825611822 0.8212891346537952 40
1617825611824 0.8212891346537952 40
1617825737830 0.8221745209448789 41
1617825737832 0.8221745209448789 41
1617825864298 0.8230468637691313 42
1617825864300 0.8230468637691313 42
1617825990486 0.8240612607214449 43
1617825990488 0.8240612607214449 43
1617826116593 0.8250572277833865 44
1617826116596 0.8250572277833865 44
1617826242878 0.8259961876548904 45
1617826242880 0.8259961876548904 45
1617826369134 0.8268972785669764 46
1617826369137 0.8268972785669764 46
1617826495668 0.8279024506842521 47
1617826495670 0.8279024506842521 47
1617826621835 0.8287148655317631 48
1617826621838 0.8287148655317631 48
1617826748406 0.8293783330938969 49
1617826748409 0.8293783330938969 49
1617826874634 0.8299051639169169 50
1617826874636 0.8299051639169169 50
1617827000757 0.8297337481617343 51
1617827000760 0.8297337481617343 51
1617827126712 0.8301865982322654 52
1617827126715 0.8301865982322654 52
1617827252586 0.8306990047265993 53
1617827252589 0.8306990047265993 53
1617827378371 0.8313262257838321 54
1617827378373 0.8313262257838321 54
1617827504506 0.8319093620842851 55
1617827504509 0.8319093620842851 55
1617827630488 0.8325043297216159 56
1617827630490 0.8325043297216159 56
1617827756405 0.8331725049894608 57
1617827756408 0.8331725049894608 57
1617827882398 0.833781482107563 58
1617827882401 0.833781482107563 58
1617828008387 0.8343337581504365 59
1617828008390 0.8343337581504365 59
1617828134977 0.8349241191518861 60
1617828134979 0.8349241191518861 60
1617828261463 0.8350494655036629 61
1617828261466 0.8350494655036629 61
1617828387611 0.8355674701698647 62
1617828387613 0.8355674701698647 62
1617828513961 0.8360712006023848 63
1617828513963 0.8360712006023848 63
1617828640101 0.8366281638539111 64
1617828640103 0.8366281638539111 64
1617828766257 0.8371852902191905 65
1617828766259 0.8371852902191905 65
1617828892341 0.8377073646961224 66
1617828892343 0.8377073646961224 66
1617829018192 0.8382702742909144 67
1617829018194 0.8382702742909144 67
1617829144386 0.8388066654308239 68
1617829144388 0.8388066654308239 68
1617829270394 0.8393387660575122 69
1617829270396 0.8393387660575122 69
1617829396434 0.8398659198867416 70
1617829396437 0.8398659198867416 70
1617829522342 0.8403986560335599 71
1617829522345 0.8403986560335599 71
1617829648419 0.8409017510992964 72
1617829648421 0.8409017510992964 72
1617829774430 0.8412592173164265 73
1617829774432 0.8412592173164265 73
1617829900514 0.8416930822112494 74
1617829900516 0.8416930822112494 74
1617830026642 0.8421472216452207 75
1617830026645 0.8421472216452207 75
1617830152791 0.8425527397993677 76
1617830152794 0.8425527397993677 76
1617830278951 0.8429757418115673 77
1617830278953 0.8429757418115673 77
1617830405106 0.8434219020042462 78
1617830405109 0.8434219020042462 78
1617830531169 0.843863000010718 79
1617830531172 0.843863000010718 79
1617830657309 0.8442929627786886 80
1617830657311 0.8442929627786886 80
1617830783158 0.8447088885531014 81
1617830783160 0.8447088885531014 81
1617830909345 0.8451322555131008 82
1617830909347 0.8451322555131008 82
1617831035817 0.8455449700695817 83
1617831035820 0.8455449700695817 83
1617831162099 0.8457953488977471 84
1617831162102 0.8457953488977471 84
1617831288563 0.8461261390924173 85
1617831288565 0.8461261390924173 85
1617831414720 0.8465126878071644 86
1617831414723 0.8465126878071644 86
1617831540932 0.8469457231452663 87
1617831540935 0.8469457231452663 87
1617831666943 0.8473160787467178 88
1617831666946 0.8473160787467178 88
1617831792955 0.8474836234684631 89
1617831792958 0.8474836234684631 89
1617831919207 0.8477123766262717 90
1617831919209 0.8477123766262717 90
1617832045846 0.8478198050525304 91
1617832045848 0.8478198050525304 91
1617832172030 0.84806181236645 92
1617832172033 0.84806181236645 92
1617832298208 0.8483716770520585 93
1617832298210 0.8483716770520585 93
1617832424409 0.8487030754951412 94
1617832424411 0.8487030754951412 94
1617832550385 0.849020367999017 95
1617832550387 0.849020367999017 95
1617832676338 0.8493535092404171 96
1617832676340 0.8493535092404171 96
1617832802197 0.8497154186086375 97
1617832802199 0.8497154186086375 97
1617832928137 0.8500834183931267 98
1617832928138 0.8500834183931267 98
1617833054271 0.8504201166007691 99
1617833054273 0.8504201166007691 99
1617833180575 0.8507625627200285 100
1617833180578 0.8507625627200285 100
1617833306691 0.8510730933650658 101
1617833306693 0.8510730933650658 101
1617833432654 0.8513739661966061 102
1617833432657 0.8513739661966061 102
1617833558827 0.8516939090167115 103
1617833558829 0.8516939090167115 103
1617833684997 0.8520204971548129 104
1617833684999 0.8520204971548129 104
1617833810989 0.8523412388411908 105
1617833810992 0.8523412388411908 105
1617833937060 0.8526742096145234 106
1617833937063 0.8526742096145234 106
1617834063256 0.8529780609860608 107
1617834063260 0.8529780609860608 107
1617834189172 0.8530371756256071 108
1617834189174 0.8530371756256071 108
1617834315643 0.8531081058500102 109
1617834315645 0.8531081058500102 109
1617834441785 0.8533665331658687 110
1617834441787 0.8533665331658687 110
1617834568226 0.8535847523647501 111
1617834568229 0.8535847523647501 111
1617834694708 0.8538341863655772 112
1617834694711 0.8538341863655772 112
1617834820761 0.8541035400467941 113
1617834820764 0.8541035400467941 113
1617834946754 0.8543365233670751 114
1617834946756 0.8543365233670751 114
1617835072806 0.8545811969728893 115
1617835072809 0.8545811969728893 115
1617835198717 0.8548519791770767 116
1617835198720 0.8548519791770767 116
1617835324707 0.8551467663739898 117
1617835324709 0.8551467663739898 117
1617835450730 0.8554475493097108 118
1617835450733 0.8554475493097108 118
1617835576758 0.8557043630460442 119
1617835576761 0.8557043630460442 119
1617835702856 0.8559473266148494 120
1617835702859 0.8559473266148494 120
1617835828658 0.856185504309627 121
1617835828660 0.856185504309627 121
1617835954640 0.8564453421791532 122
1617835954642 0.8564453421791532 122
1617836080806 0.8567242503092454 123
1617836080809 0.8567242503092454 123
1617836206828 0.8569643525353536 124
1617836206831 0.8569643525353536 124
1617836332921 0.8572267410852479 125
1617836332923 0.8572267410852479 125
1617836458850 0.8574891447686807 126
1617836458853 0.8574891447686807 126
1617836584886 0.85774798853193 127
1617836584890 0.85774798853193 127
1617836710839 0.8580115955198023 128
1617836710841 0.8580115955198023 128
1617836836934 0.8582783004926647 129
1617836836936 0.8582783004926647 129
1617836962859 0.8584971587628564 130
1617836962862 0.8584971587628564 130
1617837088995 0.8587327107199653 131
1617837088997 0.8587327107199653 131
1617837214996 0.8589648414739691 132
1617837214999 0.8589648414739691 132
1617837340801 0.8591436948570229 133
1617837340803 0.8591436948570229 133
1617837466579 0.8593610651370498 134
1617837466582 0.8593610651370498 134
1617837592570 0.8595720565814694 135
1617837592572 0.8595720565814694 135
1617837718498 0.859254961346717 136
1617837718501 0.859254961346717 136
1617837844332 0.8593917539069055 137
1617837844334 0.8593917539069055 137
1617837970193 0.8595578049578343 138
1617837970195 0.8595578049578343 138
1617838096514 0.8597601988119935 139
1617838096516 0.8597601988119935 139
1617838222674 0.8599664020554085 140
1617838222677 0.8599664020554085 140
1617838348468 0.8601663190954996 141
1617838348471 0.8601663190954996 141
1617838474270 0.8603962947085919 142
1617838474272 0.8603962947085919 142
1617838600281 0.860592078618645 143
1617838600283 0.860592078618645 143
1617838725974 0.8607986493550599 144
1617838725977 0.8607986493550599 144
1617838851865 0.861027031682446 145
1617838851868 0.861027031682446 145
1617838977812 0.8611677744608283 146
1617838977815 0.8611677744608283 146
1617839103702 0.8613510539140211 147
1617839103705 0.8613510539140211 147
1617839229554 0.8615551604151177 148
1617839229557 0.8615551604151177 148
1617839355749 0.8617381422508917 149
1617839355752 0.8617381422508917 149
1617839482016 0.861869827248488 150
1617839482019 0.861869827248488 150
1617839608367 0.862066118330503 151
1617839608370 0.862066118330503 151
1617839734513 0.8622752708891045 152
1617839734516 0.8622752708891045 152
1617839860302 0.8624507151968 153
1617839860304 0.8624507151968 153
1617839986327 0.8626591638468815 154
1617839986330 0.8626591638468815 154
1617840112475 0.8628513555527476 155
1617840112478 0.8628513555527476 155
1617840238344 0.8630560764481569 156
1617840238347 0.8630560764481569 156
1617840364187 0.8632365596158165 157
1617840364189 0.8632365596158165 157
1617840490130 0.8634156633464879 158
1617840490132 0.8634156633464879 158
1617840616363 0.8636157007429046 159
1617840616365 0.8636157007429046 159
1617840742658 0.8637982417484166 160
1617840742661 0.8637982417484166 160
1617840868565 0.8637260820763405 161
1617840868568 0.8637260820763405 161
1617840994771 0.863865059203365 162
1617840994773 0.863865059203365 162
1617841121439 0.8640450840836018 163
1617841121441 0.8640450840836018 163
1617841247364 0.8642415620325894 164
1617841247367 0.8642415620325894 164
1617841373148 0.8644216461240173 165
1617841373151 0.8644216461240173 165
1617841499227 0.8646041647841196 166
1617841499230 0.8646041647841196 166
1617841625054 0.8647839908391671 167
1617841625057 0.8647839908391671 167
1617841751270 0.86496916078972 168
1617841751273 0.86496916078972 168
1617841877059 0.8651678003386439 169
1617841877062 0.8651678003386439 169
1617842003244 0.865307529137602 170
1617842003246 0.865307529137602 170
1617842128997 0.8654941140889086 171
1617842129000 0.8654941140889086 171
1617842255285 0.8656828658146786 172
1617842255288 0.8656828658146786 172
1617842381217 0.8658342727867719 173
1617842381220 0.8658342727867719 173
1617842507150 0.8659522220525709 174
1617842507152 0.8659522220525709 174
1617842633265 0.8661193506734374 175
1617842633267 0.8661193506734374 175
1617842759848 0.866272758022749 176
1617842759851 0.866272758022749 176
1617842885894 0.8664375905972408 177
1617842885897 0.8664375905972408 177
1617843011859 0.8666042555800444 178
1617843011862 0.8666042555800444 178
1617843137526 0.8667825069051095 179
1617843137529 0.8667825069051095 179
1617843263580 0.8669582998172112 180
1617843263584 0.8669582998172112 180
1617843389912 0.8671234172306875 181
1617843389915 0.8671234172306875 181
1617843515688 0.8672573290062596 182
1617843515690 0.8672573290062596 182
1617843641504 0.8674230169227303 183
1617843641507 0.8674230169227303 183
1617843767603 0.8675848487134199 184
1617843767606 0.8675848487134199 184
1617843893320 0.867740628828098 185
1617843893323 0.867740628828098 185
1617844019245 0.8679005630792302 186
1617844019248 0.8679005630792302 186
1617844145214 0.8680311938717249 187
1617844145217 0.8680311938717249 187
1617844271101 0.8681702143173968 188
1617844271103 0.8681702143173968 188
1617844397100 0.8683312702908837 189
1617844397102 0.8683312702908837 189
1617844523463 0.8684928488663004 190
1617844523466 0.8684928488663004 190
1617844649778 0.8686516146917658 191
1617844649780 0.8686516146917658 191
1617844776039 0.8688087446324798 192
1617844776042 0.8688087446324798 192
1617844902143 0.8689317671572552 193
1617844902146 0.8689317671572552 193
1617845028071 0.8690590744491045 194
1617845028074 0.8690590744491045 194
1617845153923 0.8691741889894109 195
1617845153926 0.8691741889894109 195
1617845279893 0.869298922110389 196
1617845279897 0.869298922110389 196
1617845405954 0.8694574825836217 197
1617845405957 0.8694574825836217 197
1617845531868 0.8696033301530979 198
1617845531870 0.8696033301530979 198
1617845657870 0.8697058986953132 199
1617845657873 0.8697058986953132 199
1617845783780 0.8698318763004079 200
1617845783782 0.8698318763004079 200
1617845909765 0.8699818262888694 201
1617845909768 0.8699818262888694 201
1617846035615 0.8701311527072343 202
1617846035617 0.8701311527072343 202
1617846161529 0.8702217380212249 203
1617846161532 0.8702217380212249 203
1617846287900 0.8702163592831014 204
1617846287902 0.8702163592831014 204
1617846413862 0.8703233301265806 205
1617846413865 0.8703233301265806 205
1617846539748 0.870460426269215 206
1617846539750 0.870460426269215 206
1617846665768 0.8705726029208312 207
1617846665771 0.8705726029208312 207
1617846791745 0.8707140027656273 208
1617846791748 0.8707140027656273 208
1617846917859 0.87082332328387 209
1617846917862 0.87082332328387 209
1617847043865 0.870912342708744 210
1617847043868 0.870912342708744 210
1617847169655 0.871024519542651 211
1617847169658 0.871024519542651 211
1617847295896 0.8711530290158005 212
1617847295898 0.8711530290158005 212
1617847421879 0.8712697748326147 213
1617847421881 0.8712697748326147 213
1617847548316 0.8713790803247689 214
1617847548318 0.8713790803247689 214
1617847674600 0.8715239377674224 215
1617847674602 0.8715239377674224 215
1617847800738 0.871656642664009 216
1617847800742 0.871656642664009 216
1617847926761 0.8717783666079901 217
1617847926764 0.8717783666079901 217
1617848052766 0.8719116966535032 218
1617848052769 0.8719116966535032 218
1617848178743 0.8720547930518936 219
1617848178746 0.8720547930518936 219
1617848305039 0.872177200057399 220
1617848305041 0.872177200057399 220
1617848431104 0.872304263423086 221
1617848431107 0.872304263423086 221
1617848557407 0.8724227782870452 222
1617848557410 0.8724227782870452 222
1617848683236 0.8725474472270401 223
1617848683239 0.8725474472270401 223
1617848809032 0.8726860471065806 224
1617848809035 0.8726860471065806 224
1617848934806 0.8727927348582843 225
1617848934809 0.8727927348582843 225
1617849060793 0.8729051307331418 226
1617849060795 0.8729051307331418 226
1617849186768 0.8730280318457925 227
1617849186771 0.8730280318457925 227
1617849312846 0.8731519328229935 228
1617849312849 0.8731519328229935 228
1617849438644 0.8732820023302202 229
1617849438646 0.8732820023302202 229
1617849564595 0.8734061531310328 230
1617849564598 0.8734061531310328 230
1617849690454 0.8735036009796431 231
1617849690457 0.8735036009796431 231
1617849816670 0.873608466488448 232
1617849816673 0.873608466488448 232
1617849942832 0.8737260622625147 233
1617849942835 0.8737260622625147 233
1617850068919 0.873845294940177 234
1617850068922 0.873845294940177 234
1617850194856 0.8739464368376508 235
1617850194859 0.8739464368376508 235
1617850320650 0.8740844558246742 236
1617850320652 0.8740844558246742 236
1617850446597 0.8741862200700978 237
1617850446600 0.8741862200700978 237
1617850572607 0.8742989702027892 238
1617850572610 0.8742989702027892 238
1617850698870 0.8744189522763696 239
1617850698873 0.8744189522763696 239
1617850824779 0.8745366348898935 240
1617850824782 0.8745366348898935 240
1617850950647 0.8746490867538457 241
1617850950649 0.8746490867538457 241
1617851076823 0.8747566524162282 242
1617851076826 0.8747566524162282 242
1617851202959 0.8748800048982927 243
1617851202962 0.8748800048982927 243
1617851329124 0.8749982501520026 244
1617851329126 0.8749982501520026 244
1617851455349 0.8751247694708647 245
1617851455351 0.8751247694708647 245
1617851581531 0.8752391375812641 246
1617851581534 0.8752391375812641 246
1617851707784 0.8753559645632444 247
1617851707786 0.8753559645632444 247
1617851833796 0.875471820027397 248
1617851833798 0.875471820027397 248
1617851960140 0.8755534757917429 249
1617851960142 0.8755534757917429 249
