1617820549952 0.552307978657909 0
1617820677881 0.7058727218710045 1
1617820804875 0.736035688879325 2
1617820931628 0.7544073113339379 3
1617821058240 0.7642218819324006 4
1617821185174 0.7741318961724322 5
1617821315302 0.8100399389228923 6
1617821442044 0.8000730655374045 7
1617821568846 0.8139573544897931 8
1617821695249 0.8135148832931164 9
1617821821610 0.8237927898447565 10
1617821948189 0.8258496402029661 11
1617822074261 0.7831020414670731 12
1617822200299 0.8351730338515754 13
1617822326648 0.8440495356124766 14
1617822453048 0.8469490849591316 15
1617822579581 0.8175274324306148 16
1617822706359 0.8096238638254556 17
1617822832745 0.8436717430644847 18
1617822958988 0.817504798874576 19
1617823085433 0.8463820936356453 20
1617823211914 0.8489905118625215 21
1617823338395 0.8573706444907696 22
1617823464773 0.8543046426345059 23
1617823591253 0.854807721886863 24
1617823717157 0.8369346835670319 25
1617823843817 0.8532972784435495 26
1617823970013 0.8565900852864093 27
1617824096352 0.8544541380189835 28
1617824222562 0.8568429059170662 29
1617824348997 0.7996809098156209 30
1617824475475 0.8380852944039284 31
1617824601544 0.8495684303343296 32
1617824727801 0.8623356695504899 33
1617824854070 0.8638239600398439 34
1617824980279 0.8644311956744245 35
1617825106204 0.8626051753600861 36
1617825232457 0.8491893961550073 37
1617825358849 0.8618573246801153 38
1617825485193 0.8617373493876546 39
1617825611815 0.8677584244374265 40
1617825737823 0.8584753588793126 41
1617825864291 0.8596852623877373 42
1617825990479 0.8676803296709314 43
1617826116586 0.8688797785088103 44
1617826242871 0.8682493818725677 45
1617826369127 0.8683474605229307 46
1617826495661 0.8751455401962108 47
1617826621828 0.8677107782122937 48
1617826748399 0.8618882436384546 49
1617826874627 0.8562467050679187 50
1617827000750 0.8209915446474197 51
1617827126705 0.8537348018998795 52
1617827252579 0.8578565489262977 53
1617827378364 0.8651961628743943 54
1617827504499 0.8639818586092046 55
1617827630480 0.86582251741214 56
1617827756398 0.8712584952566218 57
1617827882391 0.8691021549574872 58
1617828008380 0.8669180446799766 59
1617828134969 0.8703457792388632 60
1617828261456 0.8426955929620469 61
1617828387603 0.8676837594743739 62
1617828513954 0.8678062178511569 63
1617828640093 0.8722738119515967 64
1617828766250 0.8733985039623494 65
1617828892333 0.8721642801736263 66
1617829018185 0.8759852171419783 67
1617829144379 0.8752812629446705 68
1617829270387 0.8760537092990064 69
1617829396427 0.8767666879328008 70
1617829522335 0.8782229224576595 71
1617829648412 0.8771245958323174 72
1617829774423 0.8673542511669246 73
1617829900506 0.873799084428143 74
1617830026635 0.8762076791930706 75
1617830152784 0.8733721195145491 76
1617830278944 0.8755468967509397 77
1617830405099 0.8782223970332044 78
1617830531162 0.8787097425219861 79
1617830657302 0.8786899842163349 80
1617830783151 0.8783988762805437 81
1617830909338 0.8798483462330509 82
1617831035809 0.8798002782574994 83
1617831162093 0.8668271704636356 84
1617831288556 0.8742433056393837 85
1617831414713 0.8797558772754162 86
1617831540925 0.8846197975601288 87
1617831666937 0.8799073716744463 88
1617831792948 0.862395103703788 89
1617831919200 0.868300160829057 90
1617832045839 0.8575957918420751 91
1617832172023 0.870326485247054 92
1617832298201 0.8771890928136542 93
1617832424401 0.8798545291449161 94
1617832550377 0.8791631558672228 95
1617832676331 0.88133506841482 96
1617832802191 0.8848206273260268 97
1617832928129 0.8861473972730814 98
1617833054264 0.883753239157352 99
1617833180568 0.8850071746459667 100
1617833306684 0.8824366885138318 101
1617833432648 0.8820629950137214 102
1617833558820 0.8846480194875534 103
1617833684990 0.8859856635173584 104
1617833810982 0.8860191159108852 105
1617833937053 0.887969111587773 106
1617834063250 0.8854901577405473 107
1617834189164 0.8594215566966128 108
1617834315636 0.860839500309939 109
1617834441778 0.8817935379103143 110
1617834568219 0.8778070834405879 111
1617834694700 0.8817707944582117 112
1617834820754 0.8845405060243099 113
1617834946746 0.880896621879111 114
1617835072799 0.8827186616415039 115
1617835198710 0.8862627148628235 116
1617835324700 0.8896368684128244 117
1617835450723 0.890939935724786 118
1617835576750 0.8862651976697306 119
1617835702849 0.8851029548714769 120
1617835828651 0.8850050053777213 121
1617835954633 0.888145562261343 122
1617836080799 0.8910299503105752 123
1617836206821 0.8867370285727876 124
1617836332914 0.8900253098220268 125
1617836458843 0.8905520088812138 126
1617836584879 0.8906211464646014 127
1617836710831 0.8917532899674583 128
1617836836927 0.8926832419919207 129
1617836962852 0.8869487338877738 130
1617837088988 0.8895900171012321 131
1617837214990 0.889606101002465 132
1617837340793 0.8829311948031822 133
1617837466571 0.8884886826606507 134
1617837592563 0.8880559015781322 135
1617837718491 0.8161300094203746 136
1617837844324 0.8781323346527333 137
1617837970186 0.8824728499860206 138
1617838096506 0.8878929445401151 139
1617838222666 0.8888348561335118 140
1617838348461 0.8883546217483409 141
1617838474262 0.8930528317677214 142
1617838600274 0.8885891777562335 143
1617838725967 0.8905448353988059 144
1617838851857 0.8941424691534423 145
1617838977805 0.8817162201046309 146
1617839103694 0.8882931335333814 147
1617839229547 0.8917629225774014 148
1617839355742 0.8890024357812202 149
1617839482009 0.8816225768879373 150
1617839608360 0.8917060717147716 151
1617839734506 0.8940664597965301 152
1617839860294 0.8892936942742226 153
1617839986319 0.8947602559594398 154
1617840112468 0.8926410699619892 155
1617840238336 0.8949925361320059 156
1617840364180 0.8915724169383658 157
1617840490123 0.8917140527925593 158
1617840616355 0.895421646773181 159
1617840742651 0.8930048026303028 160
1617840868557 0.8521083748721062 161
1617840994764 0.8863793537813298 162
1617841121431 0.8933891395622111 163
1617841247356 0.8964639456665262 164
1617841373141 0.8941355212096204 165
1617841499220 0.8949022623611257 166
1617841625047 0.8948149420320988 167
1617841751263 0.8960777124825944 168
1617841877052 0.8987378841067882 169
1617842003236 0.8890614249604814 170
1617842128990 0.8974001407623291 171
1617842255278 0.8981481626471306 172
1617842381210 0.8920276789589131 173
1617842507143 0.8864753943015921 174
1617842633258 0.8953668593250691 175
1617842759841 0.8932724515015774 176
1617842885886 0.8956129562823062 177
1617843011852 0.8962706225191025 178
1617843137519 0.8986894940917797 179
1617843263573 0.8986010239954959 180
1617843389905 0.8970096690699141 181
1617843515680 0.8916292721603779 182
1617843641497 0.8977439056368585 183
1617843767596 0.897361898200309 184
1617843893313 0.8965599500435464 185
1617844019238 0.8976483337898203 186
1617844145207 0.8924591520682295 187
1617844271093 0.8943060581037339 188
1617844397093 0.8987708492799008 189
1617844523456 0.8991927781954725 190
1617844649771 0.8989758873556523 191
1617844776031 0.8989776932495706 192
1617844902136 0.8926751144388889 193
1617845028064 0.8937566890678508 194
1617845153916 0.8916215243491721 195
1617845279886 0.8937466138220848 196
1617845405947 0.9006938958104621 197
1617845531861 0.8984811489093811 198
1617845657863 0.8901170385961837 199
1617845783773 0.8950273973193574 200
1617845909758 0.9001217739696198 201
1617846035608 0.9002950892169425 202
1617846161522 0.8886105567613181 203
1617846287892 0.8691190967058882 204
1617846413855 0.8922523530398278 205
1617846539741 0.898702231651925 206
1617846665761 0.8937931698053441 207
1617846791738 0.900125170483234 208
1617846917852 0.8936713115966066 209
1617847043857 0.889606421932261 210
1617847169648 0.8946938314970504 211
1617847295888 0.8983970373234851 212
1617847421871 0.8961366338140153 213
1617847548308 0.894770455645754 214
1617847674592 0.9026682879379455 215
1617847800731 0.9003209003267136 216
1617847926754 0.8981924624519145 217
1617848052759 0.9009776465753292 218
1617848178735 0.9033929042993708 219
1617848305031 0.899106741268584 220
1617848431096 0.9003852672399358 221
1617848557400 0.8987330780859958 222
1617848683228 0.9003486208459164 223
1617848809025 0.903732420123638 224
1617848934799 0.8967974789916201 225
1617849060785 0.8983065984509093 226
1617849186760 0.9009265844175156 227
1617849312839 0.901401355624833 228
1617849438636 0.9030679194851124 229
1617849564588 0.9019608373179081 230
1617849690446 0.8960140540086209 231
1617849816662 0.8979372645312167 232
1617849942824 0.9011258776200578 233
1617850068911 0.9017457415131812 234
1617850194848 0.897714782744012 235
1617850320642 0.9066569367621807 236
1617850446589 0.8983043462355086 237
1617850572599 0.9011335017833304 238
1617850698862 0.9030946678620704 239
1617850824772 0.9027804621356599 240
1617850950639 0.9017499859662766 241
1617851076816 0.9007875427128152 242
1617851202952 0.9048546580399605 243
1617851329115 0.9038500920572179 244
1617851455341 0.9061220025921122 245
1617851581523 0.9033736927395172 246
1617851707775 0.9042122291123613 247
1617851833788 0.9042039751372439 248
1617851960133 0.895885761113877 249
