1617820549945 0.45685953852978156 0
1617820677879 0.24673203898078583 1
1617820804872 0.2198465520793453 2
1617820931626 0.20225378641105712 3
1617821058237 0.19375313299291946 4
1617821185167 0.18688890948257547 5
1617821315298 0.14715295407841814 6
1617821442039 0.1546151162858339 7
1617821568842 0.14786208385324223 8
1617821695245 0.14359244965809456 9
1617821821606 0.1357549176095648 10
1617821948185 0.1319275930761657 11
1617822074257 0.17821118909310787 12
1617822200294 0.12492681219381221 13
1617822326643 0.11645771436234738 14
1617822453043 0.11267922832531498 15
1617822579576 0.1406959875268822 16
1617822706354 0.1530827967885961 17
1617822832741 0.11439432758600154 18
1617822958984 0.14604954475021742 19
1617823085429 0.11167893410125311 20
1617823211909 0.10994194329101989 21
1617823338391 0.10134381473936299 22
1617823464769 0.10573792326799099 23
1617823591250 0.1025847989590244 24
1617823717153 0.1223330523699839 25
1617823843813 0.10335379880555767 26
1617823970009 0.09993749510179809 27
1617824096348 0.1042172755213811 28
1617824222557 0.10123794809221587 29
1617824348992 0.15722764099135678 30
1617824475470 0.12057167089524422 31
1617824601540 0.10672766865885004 32
1617824727796 0.09664746229239601 33
1617824854066 0.09293924866521612 34
1617824980275 0.09311411149324254 35
1617825106200 0.09073794110024229 36
1617825232453 0.10778786868174026 37
1617825358845 0.09440560795446025 38
1617825485189 0.09352956123729335 39
1617825611811 0.08946026451489393 40
1617825737819 0.09575611321215934 41
1617825864286 0.09698669126931023 42
1617825990475 0.08835657148998469 43
1617826116582 0.08676388586296681 44
1617826242866 0.08837915986697091 45
1617826369123 0.08815700513251284 46
1617826495657 0.08260594556068486 47
1617826621824 0.0907464251714818 48
1617826748395 0.09773019610091727 49
1617826874622 0.10067076035874321 50
1617827000745 0.12540416459136822 51
1617827126700 0.09450139905861084 52
1617827252575 0.09443896737425252 53
1617827378360 0.0876263070138211 54
1617827504495 0.08743614083195621 55
1617827630475 0.08915993077878623 56
1617827756394 0.08398358987525423 57
1617827882386 0.0814032852451535 58
1617828008375 0.0848508125686265 59
1617828134965 0.08014423303068319 60
1617828261451 0.10800312396059646 61
1617828387599 0.08333802558085386 62
1617828513950 0.08375748490637287 63
1617828640089 0.0788611671986415 64
1617828766245 0.07897370825818878 65
1617828892329 0.07851846484427756 66
1617829018181 0.07316947013060464 67
1617829144375 0.0750255932674763 68
1617829270382 0.07319543257038644 69
1617829396422 0.07447029004230145 70
1617829522330 0.06881681669186404 71
1617829648408 0.07344144408373122 72
1617829774419 0.07950923574018351 73
1617829900502 0.07376895066192175 74
1617830026630 0.07077154053494017 75
1617830152780 0.06950803449813356 76
1617830278939 0.0772209599059313 77
1617830405095 0.06818825208601799 78
1617830531158 0.06829580042431964 79
1617830657298 0.06742643773000925 80
1617830783147 0.06666365345107748 81
1617830909334 0.06565571570412275 82
1617831035806 0.06634333555368667 83
1617831162088 0.07806281604744653 84
1617831288551 0.06625881331398133 85
1617831414709 0.060516501023889856 86
1617831540921 0.05860978394667519 87
1617831666933 0.06313082320179711 88
1617831792944 0.0788556294357206 89
1617831919196 0.07660202257969279 90
1617832045835 0.08555777828664855 91
1617832172019 0.06729352745683269 92
1617832298196 0.06400333471754764 93
1617832424397 0.06033786618091325 94
1617832550373 0.0605693144248204 95
1617832676326 0.05998146973867366 96
1617832802186 0.05328453635360966 97
1617832928125 0.055991973827018385 98
1617833054259 0.052198436448073135 99
1617833180564 0.052518798295963315 100
1617833306679 0.05451645291945402 101
1617833432644 0.05727778321647264 102
1617833558816 0.052031197743688494 103
1617833684986 0.04905922958587713 104
1617833810977 0.04730795099934999 105
1617833937048 0.045976219698786736 106
1617834063246 0.05133019476891198 107
1617834189161 0.0733676893200646 108
1617834315631 0.07108145746144842 109
1617834441774 0.04915678976698125 110
1617834568215 0.0548489487908305 111
1617834694696 0.05192804855710648 112
1617834820749 0.0482793330868825 113
1617834946741 0.05052981696071777 114
1617835072795 0.04934941725607248 115
1617835198706 0.04250428544238527 116
1617835324696 0.03996450457959733 117
1617835450720 0.03756470893053932 118
1617835576746 0.046668395063185944 119
1617835702845 0.04069194534516081 120
1617835828647 0.04136754998422049 121
1617835954629 0.04073767696923398 122
1617836080794 0.035449263956794076 123
1617836206817 0.03936203380927761 124
1617836332910 0.0332274444282372 125
1617836458839 0.030491609106514047 126
1617836584875 0.029682424177039177 127
1617836710827 0.032329403141394576 128
1617836836922 0.032202909819464734 129
1617836962847 0.037601079791784286 130
1617837088984 0.02968833714406541 131
1617837214985 0.02936753476078206 132
1617837340789 0.043378677338044694 133
1617837466566 0.030990548055381217 134
1617837592558 0.030859245106260827 135
1617837718487 0.10600606241124741 136
1617837844320 0.04361546118842795 137
1617837970182 0.03327334830735592 138
1617838096502 0.02502005410559 139
1617838222663 0.030943431376301227 140
1617838348456 0.027332278226125748 141
1617838474258 0.02242684931038542 142
1617838600270 0.025208095306570224 143
1617838725963 0.020536491171793736 144
1617838851854 0.019805658608675003 145
1617838977801 0.030187345129695346 146
1617839103690 0.02005527241829228 147
1617839229542 0.017971384081434696 148
1617839355738 0.013209965496145665 149
1617839482005 0.030004140068875983 150
1617839608355 0.012986783532703177 151
1617839734502 0.00864914826493948 152
1617839860289 0.01632547640102975 153
1617839986315 0.007237242217710677 154
1617840112464 0.009390532693013232 155
1617840238332 0.006337215925784821 156
1617840364175 0.014034489883070296 157
1617840490118 0.008227987373445897 158
1617840616351 0.0027368731519326252 159
1617840742646 0.007807430117688281 160
1617840868553 0.05665390994003479 161
1617840994759 0.014383463565497957 162
1617841121427 0.0008158215935877029 163
1617841247352 -0.002636128442084536 164
1617841373137 0.0005109362462733654 165
1617841499215 0.0026809141990986277 166
1617841625043 -0.002021660453620109 167
1617841751258 -0.006185196934545294 168
1617841877048 -0.0069700789816202 169
1617842003232 0.0012753918925498394 170
1617842128985 0.0022625168389145364 171
1617842255273 -0.011944935775976231 172
1617842381205 -0.00469061054606387 173
1617842507138 0.009414349979859717 174
1617842633253 -0.010134288783561676 175
1617842759836 -0.0085606580362358 176
1617842885882 -0.013325382856295464 177
1617843011848 -0.014301765908269173 178
1617843137515 -0.014053246422492444 179
1617843263569 -0.018717060440239755 180
1617843389901 -0.018788645896030232 181
1617843515675 -0.012649560069784205 182
1617843641492 -0.01866849107628173 183
1617843767592 -0.019010299757281517 184
1617843893308 -0.019328114636083867 185
1617844019234 -0.03178511730375442 186
1617844145202 -0.012593977034408996 187
1617844271089 -0.021534759353132957 188
1617844397088 -0.02778292025261103 189
1617844523451 -0.03178081102669239 190
1617844649766 -0.030043613304324607 191
1617844776027 -0.027291794545314413 192
1617844902132 -0.023197195195454233 193
1617845028060 -0.02252453444723753 194
1617845153911 -0.028513120586409212 195
1617845279882 -0.02443069292906117 196
1617845405942 -0.04162406164439435 197
1617845531856 -0.04378710942778816 198
1617845657859 -0.02771315763288356 199
1617845783768 -0.030885108231388507 200
1617845909754 -0.04103020426044439 201
1617846035604 -0.041020424560980595 202
1617846161517 -0.029532323849010975 203
1617846287887 -0.0144629457053986 204
1617846413850 -0.04097925098811058 205
1617846539736 -0.05015903124783901 206
1617846665757 -0.04336018979232362 207
1617846791733 -0.0512480320448571 208
1617846917847 -0.0402033925452765 209
1617847043854 -0.04095681804291745 210
1617847169644 -0.04414516750802385 211
1617847295884 -0.059888685994008754 212
1617847421867 -0.056176083083165455 213
1617847548303 -0.05749986011614191 214
1617847674588 -0.0728726095737929 215
1617847800726 -0.06485657306744698 216
1617847926750 -0.0671053697216384 217
1617848052754 -0.06695094181502119 218
1617848178731 -0.0741952010133165 219
1617848305027 -0.06867481673017461 220
1617848431092 -0.06945315653339346 221
1617848557397 -0.0659903681024592 222
1617848683223 -0.07042686209241127 223
1617848809021 -0.07691877616688292 224
1617848934794 -0.06801363758425763 225
1617849060781 -0.07782442194033176 226
1617849186755 -0.08198826316189259 227
1617849312835 -0.08334731405719797 228
1617849438632 -0.07952455494632112 229
1617849564583 -0.08473491652848873 230
1617849690441 -0.08591573760706059 231
1617849816658 -0.08699001058777596 232
1617849942819 -0.09350036984269923 233
1617850068907 -0.09396023707503968 234
1617850194843 -0.09152309671836964 235
1617850320638 -0.10778881597550626 236
1617850446585 -0.09274325856661543 237
1617850572596 -0.09592846840461518 238
1617850698858 -0.10880665750579631 239
1617850824768 -0.10147162027498509 240
1617850950635 -0.1047103317811134 241
1617851076811 -0.09733328651240532 242
1617851202947 -0.11789912258849498 243
1617851329111 -0.1162585494841667 244
1617851455337 -0.10874066375037457 245
1617851581519 -0.1153011641445312 246
1617851707770 -0.12322873848074294 247
1617851833783 -0.12286629222650478 248
1617851960129 -0.09818010507745946 249
