1617820549954 inf 0
1617820677883 19.04898301117873 1
1617820804877 18.97026852618996 2
1617820931630 19.31715392292723 3
1617821058242 18.02615652495419 4
1617821185179 17.225236385326685 5
1617821315304 16.518005684324063 6
1617821442046 16.86379117126616 7
1617821568848 15.560645849323157 8
1617821695252 15.135664015121156 9
1617821821612 15.759819822529034 10
1617821948191 15.299210832829063 11
1617822074264 17.383355766262643 12
1617822200301 15.49813878242956 13
1617822326650 14.808722155290479 14
1617822453050 13.570365461679854 15
1617822579583 15.92898117477731 16
1617822706361 16.011789380920778 17
1617822832747 13.796209472163243 18
1617822958991 16.402054527301935 19
1617823085435 14.22902155212921 20
1617823211917 13.274112043726804 21
1617823338397 13.568393076477218 22
1617823464776 13.972219498054875 23
1617823591256 14.158493264655451 24
1617823717160 13.682200158750977 25
1617823843820 13.666486637785134 26
1617823970015 13.059928756931388 27
1617824096354 13.76837754468103 28
1617824222564 13.620804186327758 29
1617824348999 15.928172665827558 30
1617824475477 14.387481387480253 31
1617824601546 12.80829420732882 32
1617824727804 12.183344184156043 33
1617824854073 12.17422536663089 34
1617824980282 12.114501716735054 35
1617825106206 13.499930015570952 36
1617825232459 13.11346226325559 37
1617825358852 12.418250732161207 38
1617825485196 12.525693468734739 39
1617825611817 12.857325273282692 40
1617825737825 12.268256274779331 41
1617825864293 12.4765803076161 42
1617825990481 12.36603742748699 43
1617826116589 11.550141270271391 44
1617826242873 12.242901084722222 45
1617826369129 11.367822131477292 46
1617826495663 11.614755213476514 47
1617826621830 12.173762091623187 48
1617826748402 12.517201330787838 49
1617826874629 14.109226691027333 50
1617827000752 14.501661268458662 51
1617827126707 14.426508642907265 52
1617827252581 13.345114575465525 53
1617827378366 12.042562274279248 54
1617827504502 12.718779561084816 55
1617827630483 11.723141113255988 56
1617827756401 11.031441080702278 57
1617827882393 11.885430578656953 58
1617828008382 12.08602573200825 59
1617828134972 12.859205333853392 60
1617828261458 13.802736222848425 61
1617828387606 11.922211978197115 62
1617828513956 11.846894202449567 63
1617828640095 11.820140010197019 64
1617828766252 11.232336279305814 65
1617828892336 11.474173166860465 66
1617829018187 11.453397402217808 67
1617829144382 11.632440390458145 68
1617829270389 11.241442881765112 69
1617829396429 11.109386973448654 70
1617829522337 11.169934785156016 71
1617829648415 11.26644939408342 72
1617829774425 11.463273041459678 73
1617829900509 11.443792090651314 74
1617830026637 11.173776987105136 75
1617830152787 11.314253238083772 76
1617830278946 11.102848578136584 77
1617830405101 11.051751614361185 78
1617830531164 10.48111740302421 79
1617830657304 10.469211013183354 80
1617830783153 11.38483534913124 81
1617830909340 10.224274836032476 82
1617831035812 10.36405893905493 83
1617831162095 12.806018331872693 84
1617831288558 12.099733933936559 85
1617831414715 11.118235949856238 86
1617831540927 10.133163511374995 87
1617831666939 10.790607576701225 88
1617831792951 13.324726750763297 89
1617831919202 12.213038216379653 90
1617832045842 12.2224452230835 91
1617832172026 11.795433043444465 92
1617832298203 11.611461754990632 93
1617832424404 10.894420059820918 94
1617832550380 11.337750250542644 95
1617832676333 11.271191079889604 96
1617832802193 9.892003821173999 97
1617832928131 11.265232014027031 98
1617833054266 10.871696668189411 99
1617833180571 10.158668956420408 100
1617833306686 10.718068707688012 101
1617833432650 10.209152702681234 102
1617833558822 10.30115882504985 103
1617833684992 10.106044725248491 104
1617833810984 10.539021300098465 105
1617833937056 10.510557639774525 106
1617834063252 10.275711137873284 107
1617834189167 12.770754325794979 108
1617834315638 12.110356052495257 109
1617834441780 10.701291747371785 110
1617834568221 10.523834063273844 111
1617834694703 11.10583218154085 112
1617834820756 10.396072401931947 113
1617834946749 10.921781196459934 114
1617835072801 10.484643276964693 115
1617835198713 10.02267060106081 116
1617835324702 9.709330936204273 117
1617835450725 10.53778950700148 118
1617835576753 9.698544143783531 119
1617835702851 10.008599471932987 120
1617835828653 10.251776374021237 121
1617835954635 10.726697673619418 122
1617836080801 9.959512938600817 123
1617836206823 10.739887567172282 124
1617836332916 9.990128733016114 125
1617836458846 9.708342603807825 126
1617836584882 9.623532259328625 127
1617836710834 10.07252755577045 128
1617836836929 10.358650422253005 129
1617836962854 10.480332863942484 130
1617837088990 10.570071166193104 131
1617837214992 9.784365599209146 132
1617837340795 10.754749229397715 133
1617837466573 10.386069264387418 134
1617837592565 11.976919025749321 135
1617837718494 14.535980304713757 136
1617837844326 11.002621762726216 137
1617837970188 10.667036607794842 138
1617838096509 10.40232934520334 139
1617838222669 9.651217489362391 140
1617838348463 9.813153475411614 141
1617838474265 10.110099234106457 142
1617838600276 10.535042069941678 143
1617838725969 9.660067594372563 144
1617838851860 9.763847762376837 145
1617838977807 10.38493593125541 146
1617839103697 9.553414860288841 147
1617839229549 10.292766390194044 148
1617839355744 10.269023335204334 149
1617839482012 11.019468374995983 150
1617839608362 10.271689755270247 151
1617839734509 9.23437109048344 152
1617839860296 10.658153169929545 153
1617839986322 10.313298162480958 154
1617840112470 10.009642845933952 155
1617840238339 10.098407518531564 156
1617840364182 9.439578241888475 157
1617840490125 10.851593882617212 158
1617840616358 9.921405418890345 159
1617840742653 9.30491321360922 160
1617840868560 12.997746904241568 161
1617840994766 10.174390916239881 162
1617841121434 11.320587867464603 163
1617841247359 9.398262377663576 164
1617841373143 9.998302449304957 165
1617841499222 10.515559500791102 166
1617841625049 10.154976920649213 167
1617841751265 9.0890010497628 168
1617841877054 8.953205796667735 169
1617842003239 10.00389913477172 170
1617842128992 9.399360485935244 171
1617842255280 10.308864155223413 172
1617842381212 9.77436432327508 173
1617842507145 11.13459459287197 174
1617842633260 9.598596115114074 175
1617842759843 9.467067640415031 176
1617842885889 9.524047861121304 177
1617843011854 9.001055930930331 178
1617843137522 9.989661774802057 179
1617843263576 9.052909185569197 180
1617843389908 10.224387611963673 181
1617843515683 9.634683821445774 182
1617843641499 9.837884197448053 183
1617843767598 9.633387176107941 184
1617843893315 9.526390375034259 185
1617844019240 9.71610212099555 186
1617844145209 9.88258359860028 187
1617844271096 9.95948497094151 188
1617844397095 9.467084150641902 189
1617844523458 9.475199607762772 190
1617844649773 10.057191792155669 191
1617844776034 10.209537876515578 192
1617844902139 9.138577854799726 193
1617845028067 9.725650114847157 194
1617845153918 10.023030828246194 195
1617845279888 9.73056014236673 196
1617845405949 9.395081642294523 197
1617845531863 8.759426227364347 198
1617845657865 10.826287088053267 199
1617845783775 9.74692958795731 200
1617845909760 8.933144343490882 201
1617846035610 8.922292993668673 202
1617846161524 10.452869768247524 203
1617846287895 10.969052143744667 204
1617846413857 10.847591832576148 205
1617846539743 9.14657369373252 206
1617846665763 9.258150041915524 207
1617846791741 9.398922057459867 208
1617846917854 10.411876338222424 209
1617847043860 10.263392791523993 210
1617847169650 9.73432320296468 211
1617847295891 9.727138280302043 212
1617847421873 9.236594885191007 213
1617847548310 9.092316461933192 214
1617847674595 8.561208067960818 215
1617847800734 9.655167544466108 216
1617847926757 9.52598833002228 217
1617848052761 8.895801243056683 218
1617848178738 8.096419475962643 219
1617848305034 8.342379102813085 220
1617848431099 9.618411041700147 221
1617848557403 9.556754775534776 222
1617848683231 9.095912803381689 223
1617848809027 8.83118887987296 224
1617848934801 9.885712332871776 225
1617849060788 9.33124199524987 226
1617849186763 8.543403523334142 227
1617849312841 9.389120656118164 228
1617849438639 8.556243736926902 229
1617849564590 9.119269158176637 230
1617849690449 9.908273740334762 231
1617849816665 8.853256874070842 232
1617849942827 8.683982948923012 233
1617850068914 9.444550667180337 234
1617850194851 8.99223840874513 235
1617850320645 8.849640085356977 236
1617850446592 8.76542395805174 237
1617850572602 8.750083856792132 238
1617850698865 8.934030199070063 239
1617850824774 8.469318260245819 240
1617850950641 8.562132103188377 241
1617851076818 9.367712641834968 242
1617851202954 8.141043377313741 243
1617851329119 8.999974504549746 244
1617851455344 8.518818003510644 245
1617851581525 8.006547632598396 246
1617851707779 8.749362631274728 247
1617851833791 8.89245458756226 248
1617851960135 9.806898169363146 249
