1611936123972 0.2358368519526809 0
1611936193245 0.17704678471408672 1
1611936262937 0.18055883361332453 2
1611936331797 0.14509416516147441 3
1611936401423 0.1732693759363089 4
1611936470913 0.13555749672562328 5
1611936541852 0.10937505960464478 6
1611936611528 0.16080988076195787 7
1611936681061 0.1148059145728154 8
1611936750641 0.15064441890858893 9
1611936819835 0.09885419749501925 10
1611936889121 0.12046531332072927 11
1611936958551 0.1483588192000318 12
1611937027661 0.11123771809819918 13
1611937098560 0.10199292649084063 14
1611937167814 0.14563304719640247 15
1611937237223 0.11990674485021563 16
1611937306294 0.106242452094804 17
1611937375179 0.13744474257995834 18
1611937445029 0.11478611337604808 19
1611937514191 0.12846964597702026 20
1611937583158 0.11043420923289968 21
1611937651962 0.10501236435192735 22
1611937720945 0.10679731618112592 23
1611937789970 0.10165973207843837 24
1611937860835 0.07081001996994019 25
1611937929883 0.08533455097853247 26
1611937999271 0.1680003119938409 27
1611938068945 0.1421400717834928 28
1611938138715 0.10067262578366408 29
1611938208633 0.12150304886832167 30
1611938278929 0.10724800202383925 31
1611938348598 0.09211329470819501 32
1611938417743 0.06810651697329621 33
1611938486717 0.0665561263240985 34
1611938555880 0.1019251782502701 35
1611938625713 0.09797424878647078 36
1611938694628 0.13683206554669053 37
1611938764101 0.13483110648482594 38
1611938833047 0.09369484791115149 39
1611938902252 0.08091862521954436 40
1611938971065 0.11214058434785303 41
1611939040186 0.11382733974883806 42
1611939109113 0.11368916105868211 43
1611939178236 0.10515344231875974 44
1611939247226 0.09874044603376246 45
1611939316104 0.09673556285117989 46
1611939385940 0.09740782851603494 47
1611939455036 0.11820006637430902 48
1611939524302 0.11588466256412107 49
1611939593503 0.08010485634874942 50
1611939662608 0.10597156588710956 51
1611939731602 0.09004704720938383 52
1611939801063 0.08036286083619985 53
1611939869444 0.0987531275891546 54
1611939938400 0.06863418710765554 55
1611940007310 0.07294463132744405 56
1611940076345 0.07577938019339718 57
1611940145215 0.14156086142383403 58
1611940214543 0.08343783955075848 59
1611940286383 0.09640269048178374 60
1611940356210 0.07395241242736134 61
1611940425236 0.07788380580161934 62
1611940494636 0.07951236127027825 63
1611940563579 0.12022269750708964 64
1611940632731 0.13612116628618381 65
1611940701719 0.09984830955960858 66
1611940770800 0.12054211346071157 67
1611940840395 0.1438169185795001 68
1611940909264 0.12913093638064257 69
1611940978486 0.10903476245367705 70
1611941049483 0.0664360078413095 71
1611941118329 0.08145510527625013 72
1611941187114 0.08162587258353163 73
1611941256160 0.08064063627328445 74
1611941326992 0.11397136770077605 75
1611941396200 0.13614326359620735 76
1611941464804 0.10178752799532306 77
1611941533631 0.10859528406342464 78
1611941602905 0.10169902666291195 79
1611941672392 0.09826495042487757 80
1611941741883 0.08914695302052285 81
1611941810811 0.10762218486017255 82
1611941879663 0.06424719095230103 83
1611941948883 0.10525461453110424 84
1611942018274 0.07037047663731362 85
1611942087210 0.0932200355316276 86
1611942156486 0.10418098542227675 87
1611942225682 0.0778680417075086 88
1611942294798 0.10173091959597459 89
1611942364071 0.1140093723339821 90
1611942433244 0.08657956835049302 91
1611942502467 0.07603250688581324 92
1611942571356 0.08273573419941005 93
1611942640630 0.0949471646280431 94
1611942709567 0.1199013546331605 95
1611942778326 0.11069922482789453 96
1611942847655 0.10437398437243789 97
1611942916668 0.08188367156840082 98
1611942985587 0.09054928484247692 99
1611943054637 0.12963874660321137 100
1611943123446 0.10240560058337539 101
1611943192799 0.12275876927731642 102
1611943261877 0.09482977105610406 103
1611943331147 0.09110491400334372 104
1611943400071 0.07433983461180729 105
1611943469161 0.07206573948931339 106
1611943538186 0.08136814476838752 107
1611943606923 0.10343087075361565 108
1611943675478 0.08796548220648695 109
1611943744741 0.11906499827086035 110
1611943813803 0.1075647277618522 111
1611943882690 0.09101043975175317 112
1611943951417 0.07456294191417409 113
1611944020486 0.090238491990673 114
1611944090908 0.08977536301114666 115
1611944159619 0.09687844408092214 116
1611944230880 0.10069001343712877 117
1611944299843 0.10177006027591762 118
1611944368897 0.08116517405011761 119
1611944437860 0.10985558246498678 120
1611944508209 0.09075918215424267 121
1611944577736 0.11586766545452289 122
1611944646734 0.10831708338723253 123
1611944715686 0.08287014801110794 124
1611944786687 0.077919686018531 125
1611944855526 0.06271790479546163 126
1611944924694 0.11987800384635355 127
1611944993795 0.09759956687244016 128
1611945062335 0.09732809974186456 129
1611945131359 0.09534579782343622 130
1611945200469 0.08612177176262016 131
1611945269318 0.10732816315408963 132
1611945338080 0.07560235083992801 133
1611945406997 0.08014863106741835 134
1611945476223 0.12064587180294208 135
1611945545338 0.08545669512962227 136
1611945614574 0.07617381170614441 137
1611945683414 0.1090231457752968 138
1611945752609 0.10982640465693687 139
1611945821872 0.10364645630566043 140
1611945891075 0.10662412554470461 141
1611945960290 0.07091922101689808 142
1611946030763 0.07525811177581104 143
1611946100247 0.11094945669174194 144
1611946169222 0.1009559907130341 145
1611946240179 0.05949333532532649 146
1611946311210 0.10132003275316152 147
1611946380666 0.06082849716072652 148
1611946449868 0.10893081462205347 149
1611946518713 0.11489683389663696 150
1611946588058 0.059205495599490496 151
1611946657337 0.07917515021651539 152
1611946726309 0.07114603626194285 153
1611946795487 0.08879361134856495 154
1611946864362 0.0987464803368298 155
1611946933550 0.0907430203992929 156
1611947002813 0.08253075471564905 157
1611947071660 0.06084689898277396 158
1611947140771 0.06448189358213055 159
1611947210320 0.09390682248926874 160
1611947279141 0.08099342193176497 161
1611947348228 0.13028845680293752 162
1611947417761 0.08283849705511065 163
1611947488494 0.09088864611155952 164
1611947557563 0.0536378737705857 165
1611947626323 0.09361615020837356 166
1611947696099 0.08683141042937094 167
1611947764951 0.06991094261852664 168
1611947834274 0.05451141008690222 169
1611947902906 0.09510279858290259 170
1611947971844 0.06605727014256947 171
1611948041370 0.07370738218079752 172
1611948110513 0.08421798339530603 173
1611948179414 0.09851816518982845 174
1611948248196 0.0995863800618186 175
1611948317497 0.06919134730723367 176
1611948386215 0.08473881767756904 177
1611948455644 0.06931717093311139 178
1611948524574 0.06263962254595401 179
1611948593695 0.0788987189976137 180
1611948662798 0.08546838297772763 181
1611948732059 0.0854342304058929 182
1611948801404 0.08992381683036463 183
1611948870231 0.0718881158686396 184
1611948938807 0.05970407332947005 185
1611949007840 0.0873870653892631 186
1611949076535 0.09089970410759769 187
1611949145727 0.06850995501475547 188
1611949214569 0.07970985547820134 189
1611949284123 0.11560623414480864 190
1611949352778 0.07858745197751629 191
1611949421230 0.08621530212573152 192
1611949490870 0.09792967785650225 193
1611949559764 0.11438219049083653 194
1611949628684 0.0763831111922193 195
1611949698152 0.10136706615561869 196
1611949767066 0.07578689927485452 197
1611949836625 0.12075079999752898 198
1611949905949 0.09554114359528271 199
1611949975018 0.08092637382336516 200
1611950044109 0.05686209006096 201
1611950114673 0.07130145136989764 202
1611950183531 0.10730708090227041 203
1611950252413 0.06860033344866624 204
1611950321742 0.08237477024989341 205
1611950391555 0.06989868808148512 206
1611950461031 0.06410493512651813 207
1611950530065 0.06675750017166138 208
1611950599105 0.07744582998218821 209
1611950668388 0.07854944912355337 210
1611950737444 0.12134192150030564 211
1611950806411 0.09536089559099567 212
1611950875654 0.06270409075181875 213
1611950944305 0.07923035034492834 214
1611951013144 0.08647982131189375 215
1611951082124 0.0570198920235705 216
1611951150902 0.11494042179477748 217
1611951220391 0.07008438679709364 218
1611951289396 0.07651743159365298 219
1611951358184 0.06902745677464044 220
1611951427375 0.08611283195552541 221
1611951496801 0.08084886999272589 222
1611951565989 0.06856200232434628 223
1611951634857 0.084729560275576 224
1611951703685 0.08603594997035924 225
1611951773079 0.11451308318038485 226
1611951842181 0.09096881613802554 227
1611951910973 0.10390125281775175 228
1611951980323 0.09166598053120856 229
1611952049261 0.06530398753151964 230
1611952118587 0.05474135413098691 231
1611952187494 0.06927496550688103 232
1611952256430 0.08332827375895942 233
1611952325404 0.07634535832191582 234
1611952394836 0.08402602174388829 235
1611952464090 0.07181626024530895 236
1611952533050 0.05504831360347236 237
1611952601746 0.08306466554527853 238
1611952670738 0.06621263454209513 239
1611952740261 0.07435931287594695 240
1611952809175 0.10473909484806346 241
1611952879019 0.057168923207183385 242
1611952947745 0.06906837580808953 243
1611953016854 0.08538794873365715 244
1611953087306 0.07689549406962608 245
1611953156725 0.05561100991804208 246
1611953225591 0.09477081316620556 247
1611953294944 0.06580284905077806 248
1611953363788 0.10377295337506194 249
1611953433061 0.07896314361202184 250
1611953501477 0.07840763188120145 251
1611953572635 0.08702440048331644 252
1611953642066 0.07521706730572146 253
1611953711167 0.09149597296074255 254
1611953780528 0.07731012977770906 255
1611953849670 0.05430707290991029 256
1611953920570 0.08875726408033228 257
1611953989411 0.08883373683957911 258
1611954058167 0.09078024305514436 259
1611954127229 0.07928109169006348 260
1611954198428 0.12555048270012015 261
1611954267012 0.07447780157203104 262
1611954337503 0.06622437754673745 263
1611954406727 0.08090752808015737 264
1611954475596 0.0841683113752906 265
1611954544734 0.09939901775388575 266
1611954613810 0.07877805962491391 267
1611954682603 0.08251435454212018 268
1611954751844 0.07964186170207921 269
1611954820349 0.08885097414699954 270
1611954889841 0.06506539280734845 271
1611954958606 0.07747687510590055 272
1611955027464 0.06625116761051007 273
1611955096025 0.06423068580342763 274
1611955164865 0.07121776911749769 275
1611955234143 0.08598085659653393 276
1611955303405 0.0783349773777065 277
1611955372351 0.08473217487335205 278
1611955441247 0.07089291579687773 279
1611955510331 0.10419136641630486 280
1611955579518 0.08098628182909381 281
1611955648324 0.08523292950729826 282
1611955717270 0.08800170848618692 283
1611955786260 0.11353528321678959 284
1611955855044 0.10437739696075667 285
1611955923902 0.0876239440334377 286
1611955992729 0.08713155362143446 287
1611956061696 0.0927998130001239 288
1611956130552 0.048771461444114574 289
1611956199311 0.09036685459649385 290
1611956268788 0.07128548977979973 291
1611956338471 0.055503321227742666 292
1611956407384 0.07193455500389213 293
1611956476289 0.10048237131602729 294
1611956545808 0.08944651351046207 295
1611956616497 0.06939684899885264 296
1611956684920 0.09411067927061621 297
1611956753898 0.09011721522060794 298
1611956825407 0.13829262665848233 299
1611956894947 0.0827643969165745 300
1611956963766 0.08393228676781725 301
1611957033921 0.07162112086566526 302
1611957103016 0.06751327995044082 303
1611957171447 0.10340734382173908 304
1611957240708 0.06631188784072649 305
1611957310132 0.07010475201393242 306
1611957381076 0.07434304436640952 307
1611957449798 0.0957695904062755 308
1611957518873 0.13118757685618615 309
1611957587758 0.0749770580832638 310
1611957656274 0.09478183646700275 311
1611957725015 0.05327332642541003 312
1611957794100 0.04622215121539671 313
1611957863050 0.06394800766190487 314
1611957931752 0.05905964570258981 315
1611958000621 0.0874249677159893 316
1611958070051 0.06688908142830009 317
1611958138784 0.05676139913388153 318
1611958207996 0.08933190178515306 319
1611958277147 0.08444307455376013 320
1611958347539 0.08742763924954543 321
1611958418210 0.06584739329209968 322
1611958489244 0.06935466581316137 323
1611958558250 0.07108720202944172 324
1611958627134 0.07830681907596873 325
1611958696082 0.09518344633614839 326
1611958766881 0.08336758079813487 327
1611958836247 0.07973880465350934 328
1611958905115 0.07673006538134902 329
1611958973798 0.07896217303489571 330
1611959042709 0.1211483736536396 331
1611959111945 0.05133780792577943 332
1611959181083 0.07383514962979217 333
1611959250001 0.04638597502637265 334
1611959319482 0.07658077531786107 335
1611959388739 0.06108177686805156 336
1611959458224 0.06772736026279962 337
1611959527585 0.05442662470376314 338
1611959597238 0.06597803688761014 339
1611959666498 0.08430468769215826 340
1611959735520 0.06837052017895144 341
1611959806686 0.06649177465865862 342
1611959876439 0.05317857550151313 343
1611959945383 0.0678115264693303 344
1611960014458 0.09489554522642449 345
1611960083773 0.10045374507334695 346
1611960154437 0.08341502965386234 347
1611960223649 0.06584654192426312 348
1611960292953 0.05944097664818835 349
1611960361854 0.05964130608003531 350
1611960431426 0.05370139630872812 351
1611960500886 0.07921863313931138 352
1611960569883 0.05495054419360944 353
1611960639131 0.0652489688859057 354
1611960708841 0.07575313101953535 355
1611960778411 0.08895962184934474 356
1611960847528 0.09059952710991476 357
1611960916836 0.0713400822966846 358
1611960985694 0.05916832543131131 359
1611961054826 0.07531707144495267 360
1611961123817 0.05468436942171695 361
1611961193058 0.08203767395731229 362
1611961262153 0.05679337658099274 363
1611961331612 0.07738269442942605 364
1611961403783 0.05804372456536364 365
1611961473391 0.07267653764183842 366
1611961545355 0.04429024280007206 367
1611961615146 0.07314868827364338 368
1611961684163 0.05213355662217781 369
1611961753156 0.06341435660177203 370
1611961822270 0.0774316236154357 371
1611961890985 0.10401872734525311 372
1611961960593 0.094482171001719 373
1611962029503 0.12466528077623737 374
1611962099025 0.06446060671735165 375
1611962167639 0.05259763215904805 376
1611962236730 0.0705219044614194 377
1611962305777 0.06951647374167372 378
1611962374693 0.05325051297002764 379
1611962443696 0.0744994754221902 380
1611962512649 0.056651609157448386 381
1611962583411 0.06435803424066572 382
1611962651938 0.07533086591692113 383
1611962722466 0.0622528996040572 384
1611962793138 0.08071407809186337 385
1611962861883 0.048322591319012995 386
1611962931183 0.06516318000964265 387
1611962999889 0.09523711186736378 388
1611963069022 0.07006497347532813 389
1611963137924 0.04993986015889182 390
1611963207081 0.07083243576448355 391
1611963277713 0.04847858734984896 392
1611963346799 0.07956670469312525 393
1611963416135 0.06341651838217209 394
1611963487027 0.06033768493737748 395
1611963556173 0.049671314545531774 396
1611963625587 0.07845676834903546 397
1611963694654 0.06702003194325006 398
1611963764152 0.05712078756360865 399
1611963833345 0.07610407960948659 400
1611963902008 0.07926446021492801 401
1611963972781 0.07744042108308023 402
1611964041757 0.08411731292952353 403
1611964110558 0.06752050367753896 404
1611964181087 0.06701001480444153 405
1611964250029 0.07096160080895494 406
1611964320532 0.09433698387288336 407
1611964389465 0.06768078857393407 408
1611964458268 0.08216480443726724 409
1611964529105 0.039633758032499855 410
1611964598447 0.07116024529756006 411
1611964667283 0.05435679652797642 412
1611964736261 0.08951077265525932 413
1611964807140 0.06144883205641562 414
1611964875832 0.09624113520579551 415
1611964945005 0.07326302777475385 416
1611965013628 0.08410194026890086 417
1611965082854 0.07098474876204533 418
1611965151627 0.07400673627853394 419
1611965220885 0.0784385488994086 420
1611965289660 0.07592143941281447 421
1611965358761 0.09058045985093757 422
1611965427992 0.07578306856440074 423
1611965497786 0.07181991481069308 424
1611965566983 0.09290185437273624 425
1611965636185 0.07336629415625956 426
1611965705066 0.07369097400067458 427
1611965775667 0.08430073688279337 428
1611965845006 0.06285334256157946 429
1611965915097 0.06206367353894817 430
1611965983907 0.1109510606794215 431
1611966052829 0.08245258011035066 432
1611966121903 0.09636021016249016 433
1611966190803 0.11784322315187597 434
1611966259706 0.05171429310271989 435
1611966328737 0.06909509381251548 436
1611966397866 0.07115163731930861 437
1611966467399 0.09944194555282593 438
1611966536279 0.06833562922121873 439
1611966605663 0.056601317960824536 440
1611966674882 0.07118771147372117 441
1611966743624 0.062493221083683756 442
1611966812765 0.06459228405311926 443
1611966881813 0.06985469629515463 444
1611966950700 0.07367779692607139 445
1611967019313 0.07589614391326904 446
1611967088265 0.07345932366243049 447
1611967157508 0.07291814106613842 448
1611967226970 0.07920808578605082 449
1611967295772 0.061512990673976156 450
1611967364769 0.05665426467781636 451
1611967433572 0.06333416611401003 452
1611967503320 0.09603771789750057 453
1611967572904 0.05295287228342312 454
1611967642233 0.05085235300348766 455
1611967711033 0.04363465664991692 456
1611967780115 0.04527916926056592 457
1611967849936 0.08475030180233628 458
1611967919039 0.09291901517270217 459
1611967988343 0.06285990974796352 460
1611968057311 0.07197396968727682 461
1611968126283 0.06758750107750963 462
1611968195056 0.0669317450096358 463
1611968264478 0.060231449888713325 464
1611968335277 0.06899911254199582 465
1611968405925 0.06447554257378649 466
1611968475013 0.08095438533754491 467
1611968544022 0.0869917184559267 468
1611968614923 0.06899516440149564 469
1611968684301 0.053405996578842846 470
1611968753095 0.07219214225882914 471
1611968822536 0.06533312263773448 472
1611968891941 0.07109839346871447 473
1611968960797 0.07966355690315588 474
1611969029897 0.04512090380512067 475
1611969099173 0.060418730351462294 476
1611969168068 0.05251382535962916 477
1611969237142 0.054605075672491274 478
1611969306065 0.0636310924344988 479
1611969375334 0.04800555599269582 480
1611969444597 0.06360436375461408 481
1611969513586 0.06414234371327643 482
1611969582654 0.05333554299909677 483
1611969651739 0.06417503552650337 484
1611969720656 0.055003412623903646 485
1611969789731 0.05035286519064832 486
1611969858540 0.05011762789825895 487
1611969927267 0.06779287733248811 488
1611969995897 0.06273666157651303 489
1611970064678 0.10052259110692721 490
1611970133625 0.08270609022966072 491
1611970204394 0.10515754525341205 492
1611970273294 0.0648824679317759 493
1611970342499 0.08381832179738515 494
1611970411391 0.05341148910237782 495
1611970480603 0.04763091589087871 496
1611970550017 0.05471084989718537 497
1611970619191 0.06861420887619701 498
1611970688959 0.07173826445394488 499
1611970759710 0.08782716295612392 500
1611970828734 0.0563973054957034 501
1611970898971 0.07716468910672772 502
1611970969630 0.05036917640202081 503
1611971038678 0.06409472316058713 504
1611971108034 0.056165689852700304 505
1611971178248 0.061457006788965485 506
1611971247725 0.10204757238501933 507
1611971316837 0.07938818878202296 508
1611971385940 0.08384511097153621 509
1611971454508 0.09108906984329224 510
1611971523592 0.08882034714542218 511
1611971593013 0.05363165798471935 512
1611971661762 0.04061428290694507 513
1611971731034 0.057795869770334726 514
1611971800275 0.08619486129105981 515
1611971869394 0.05697403648006382 516
1611971938177 0.07626874589208346 517
1611972007317 0.05574723410962233 518
1611972077139 0.06957736744809506 519
1611972146689 0.0796310207737026 520
1611972215766 0.0663893169431544 521
1611972284792 0.11538976608817257 522
1611972354069 0.08769732624737185 523
1611972423086 0.0581272715952859 524
1611972492253 0.05924784959252201 525
1611972561203 0.04718818949229682 526
1611972630401 0.05941149814804988 527
1611972699436 0.07241862656465217 528
1611972770388 0.07291305243079342 529
1611972840998 0.06826740236424689 530
1611972909982 0.04557312958276094 531
1611972979248 0.08246194693579603 532
1611973048535 0.05223306613181954 533
1611973118478 0.052079090431554995 534
1611973187565 0.056203783448062726 535
1611973256886 0.07280429975310368 536
1611973325966 0.08516117085271807 537
1611973395129 0.0684765212571443 538
1611973464683 0.07248680093395177 539
1611973533943 0.05986958564217411 540
1611973603360 0.06501149063679709 541
1611973672326 0.07243592970406831 542
1611973741084 0.05993122485146594 543
1611973810214 0.10648527785913268 544
1611973879350 0.05116577824549889 545
1611973948534 0.10139176827758106 546
1611974017248 0.10364199574313947 547
1611974086842 0.1343501984183468 548
1611974155630 0.07164058845434616 549
1611974224657 0.0558755246560965 550
1611974295251 0.06577410448842974 551
1611974364166 0.0895554236511686 552
1611974433186 0.0926913396636052 553
1611974502087 0.06163408596124222 554
1611974570701 0.08445398398299715 555
1611974639689 0.08820454220273602 556
1611974708671 0.04286905633869456 557
1611974779317 0.05356202819454136 558
1611974848562 0.09234171394091933 559
1611974917513 0.06808140206692824 560
1611974986609 0.05225056587760128 561
1611975055741 0.04140554613141871 562
1611975125817 0.05180098405524866 563
1611975195016 0.05906962280842795 564
1611975263913 0.09627775025011888 565
1611975332791 0.055222700780897 566
1611975401998 0.04297575310095033 567
1611975471161 0.05644530324793574 568
1611975539882 0.07715908271163258 569
1611975609295 0.08210394542608689 570
1611975678838 0.039532693464364575 571
1611975747845 0.07096210255551694 572
1611975816693 0.07350661238627647 573
1611975885940 0.06648193366491972 574
1611975954891 0.05555879446997571 575
1611976023834 0.079524187009726 576
1611976092502 0.062094037212542634 577
1611976161397 0.06077434856500199 578
1611976230297 0.06813053853476225 579
1611976300000 0.04203272221693352 580
1611976368677 0.06673103926786736 581
1611976438262 0.04909691614891166 582
1611976507040 0.06265236459561248 583
1611976575565 0.06182740072705852 584
1611976644484 0.049101564421582575 585
1611976713250 0.06007569405569959 586
1611976782020 0.06024614198883967 587
1611976851499 0.04663100527293647 588
1611976921676 0.04992555415452416 589
1611976991916 0.04091758336593856 590
1611977061236 0.05430696259683637 591
1611977130346 0.05316825055364353 592
1611977199399 0.04923917998128863 593
1611977268148 0.05079301168669516 594
1611977337259 0.05243044735780403 595
1611977407164 0.07271699852018214 596
1611977476275 0.048122138229768664 597
1611977545361 0.06205032120889692 598
1611977614534 0.04546073479438895 599
1611977685460 0.06704987429860812 600
1611977754513 0.09491182796990694 601
1611977823631 0.07612370377156272 602
1611977892912 0.0692064477436578 603
1611977961921 0.04888555540967343 604
1611978031131 0.0975891894368983 605
1611978100360 0.07083839533933953 606
1611978169564 0.04001681395431063 607
1611978238781 0.047103159463227684 608
1611978309309 0.0603908060201958 609
1611978378997 0.10254108727867924 610
1611978448192 0.04126587643552182 611
1611978517074 0.04957316437763954 612
1611978586325 0.053380512479525896 613
1611978655489 0.06001979735360217 614
1611978724495 0.06160748182837643 615
1611978793338 0.09051494633973535 616
1611978862257 0.07002045948113968 617
1611978930987 0.060933960907494845 618
1611978999679 0.06392671190091033 619
1611979068747 0.05648136227878172 620
1611979137741 0.08217229060272672 621
1611979207075 0.070762470586976 622
1611979276052 0.07035743389556658 623
1611979344978 0.08924566276037871 624
1611979414113 0.06541153388236885 625
1611979483179 0.08750375704978829 626
1611979552764 0.08291583897462532 627
1611979621294 0.06351233774156713 628
1611979690127 0.08720167893082348 629
1611979759401 0.06193327547898933 630
1611979828684 0.06314204077222454 631
1611979897630 0.06586344117548928 632
1611979966647 0.0655401669331451 633
1611980035742 0.07271922079484854 634
1611980105027 0.04456365019527834 635
1611980173875 0.07005044239670483 636
1611980242973 0.04267556542780862 637
1611980311682 0.08518622615444127 638
1611980380895 0.09179614017258829 639
1611980451823 0.058160656423711064 640
1611980520537 0.056180340140613155 641
1611980589092 0.08473067941950328 642
1611980659033 0.055127515721676956 643
1611980728138 0.05771752168883139 644
1611980797226 0.04714795368820874 645
1611980868159 0.05960427113433382 646
1611980937685 0.057373714980794424 647
1611981006322 0.06335977298110279 648
1611981077328 0.04839429214819154 649
1611981146462 0.052317870197011465 650
1611981215592 0.05820485549186593 651
1611981284756 0.06416708942669541 652
1611981353807 0.05184728529915881 653
1611981422634 0.081668126938948 654
1611981491986 0.05372027852642002 655
1611981560568 0.06384947762560489 656
1611981629658 0.08752051840967207 657
1611981699182 0.09259346083028992 658
1611981768003 0.05016242390248313 659
1611981837179 0.07842385502003912 660
1611981908042 0.07747654772516507 661
1611981977223 0.04377498466577103 662
1611982046486 0.0373791189336065 663
1611982116247 0.08249341285050805 664
1611982185258 0.06009276144540132 665
1611982254162 0.07431496968909876 666
1611982325212 0.055939395925891935 667
1611982394218 0.05502068195770036 668
1611982463333 0.0929645006336383 669
1611982532374 0.06188923476347283 670
1611982602123 0.06873818119960044 671
1611982671147 0.04938293926751436 672
1611982740749 0.07557840934440271 673
1611982810076 0.06260725010686846 674
1611982879291 0.04890766428477729 675
1611982949732 0.07695439858223076 676
1611983018759 0.09477056852027552 677
1611983087588 0.0589031541525428 678
1611983156883 0.05491099161888236 679
1611983227751 0.0854269488533931 680
1611983296684 0.05103773412419789 681
1611983365530 0.05327467331245764 682
1611983434719 0.06525433330393549 683
1611983503640 0.04956500032054844 684
1611983573191 0.04559281957683278 685
1611983642256 0.06340732948103947 686
1611983711602 0.06071274583019427 687
1611983780359 0.08005192386570262 688
1611983849171 0.07935160754331902 689
1611983918461 0.057952212753580576 690
1611983987623 0.0823038896517967 691
1611984057006 0.0684885302586342 692
1611984126204 0.06838906967817847 693
1611984195110 0.06588941456666633 694
1611984264372 0.06819331023230482 695
1611984335353 0.06657541598846663 696
1611984404228 0.06192755343309089 697
1611984473520 0.06933394118921081 698
1611984542347 0.07322615296093386 699
1611984611301 0.051050455712560394 700
1611984679972 0.05504964091884556 701
1611984749296 0.07730736750275341 702
1611984819791 0.04933521551872367 703
1611984888846 0.06088625139264918 704
1611984957994 0.09903894609479762 705
1611985027018 0.07218623161315918 706
1611985096602 0.07107947388691689 707
1611985165820 0.038247476762800076 708
1611985234961 0.08294447678238598 709
1611985303836 0.05085859280913623 710
1611985372845 0.04024790827907733 711
1611985442093 0.06308371095515009 712
1611985511005 0.07244897333543691 713
1611985580071 0.047928903529893103 714
1611985648833 0.08378990995350169 715
1611985717822 0.05143667690789522 716
1611985788231 0.06493897580388766 717
1611985857403 0.06399797859476573 718
1611985926331 0.05792549652839774 719
1611985995594 0.05382958632796558 720
1611986065926 0.06401074199534174 721
1611986136644 0.08037130868256982 722
1611986205295 0.04813761230724961 723
1611986274538 0.03993056425407751 724
1611986343636 0.04516179348105815 725
1611986412536 0.04952862992215512 726
1611986481532 0.05999969279588158 727
1611986550715 0.0832561841651575 728
1611986619827 0.10205536546991832 729
1611986688777 0.08728469218780745 730
1611986758902 0.045192417813770806 731
1611986827529 0.044708203913560556 732
1611986896493 0.06352800842541367 733
1611986965467 0.04139315370303481 734
1611987034483 0.05657927135923015 735
1611987103329 0.08745909093031243 736
1611987172617 0.061256285923630444 737
1611987241901 0.045936635181085386 738
1611987310920 0.06361212926124458 739
1611987380195 0.0642047853612188 740
1611987448734 0.047018032465408095 741
1611987517722 0.05720421271537667 742
1611987586801 0.044838578843358734 743
1611987655897 0.04037586788632976 744
1611987724653 0.06405557091556378 745
1611987793582 0.06948518397203132 746
1611987862777 0.04463831435388593 747
1611987931681 0.07544998980280179 748
1611988000633 0.045924437579823965 749
1611988071286 0.05905189531952588 750
1611988140357 0.08437619547345745 751
1611988209186 0.06576415940896789 752
1611988278796 0.043562200532030707 753
1611988348059 0.06540159947836577 754
1611988417921 0.05710960768941623 755
1611988487118 0.058376741053453134 756
1611988556187 0.04525621168649019 757
1611988625168 0.06101355445918752 758
1611988695909 0.040639463645308765 759
1611988765208 0.05997075607527548 760
1611988834110 0.043389895069065376 761
1611988903025 0.08320961069704881 762
1611988972230 0.055422618317959915 763
1611989041356 0.04804484879792626 764
1611989110258 0.06901431706414293 765
1611989179516 0.05361539659215443 766
1611989249063 0.06109194613214749 767
1611989318457 0.05728354560795115 768
1611989387163 0.048265749838814806 769
1611989456251 0.08320950394246115 770
1611989525364 0.05715480580258725 771
1611989594395 0.05192976745206918 772
1611989663323 0.045824161216394224 773
1611989732255 0.055851330508047074 774
1611989801146 0.05684958020252968 775
1611989871660 0.04177001785876146 776
1611989940607 0.06313255028938179 777
1611990009651 0.05960187894194873 778
1611990078426 0.06200440161263765 779
1611990147711 0.05635191344503147 780
1611990217066 0.0543988613939997 781
1611990285806 0.07046517507353825 782
1611990354911 0.07319987798804667 783
1611990423778 0.06426723768461996 784
1611990492974 0.09727149045289453 785
1611990561714 0.07180060824351524 786
1611990631150 0.07394129126819211 787
1611990700251 0.05006658408179212 788
1611990769060 0.04072256230596286 789
1611990837821 0.037381180186769856 790
1611990906841 0.062245908957808765 791
1611990975851 0.07177431191971052 792
1611991045045 0.0729060466609784 793
1611991114092 0.04025199342129836 794
1611991182780 0.05979048494082778 795
1611991252190 0.047796035880473126 796
1611991321197 0.04333570644037047 797
1611991390506 0.052089403814344265 798
1611991459565 0.06243001880930431 799
1611991528838 0.05438592273797562 800
1611991598293 0.037397218284322256 801
1611991666980 0.05411109372751036 802
1611991736859 0.043932181685718136 803
1611991805758 0.04121168513796223 804
1611991874511 0.06959445085098494 805
1611991943116 0.06654563946510429 806
1611992011884 0.045190308521043006 807
1611992081421 0.05046194346983041 808
1611992150540 0.05986328445263763 809
1611992219840 0.05533932483018334 810
1611992288666 0.057329313078923014 811
1611992357755 0.04250235077160508 812
1611992426675 0.06621150739157378 813
1611992495666 0.07189979215166462 814
1611992564703 0.059866878523755426 815
1611992633849 0.061712583499168285 816
1611992703059 0.05392288094136252 817
1611992771956 0.06412069744138575 818
1611992840780 0.057031533611354546 819
1611992909805 0.05475327061183417 820
1611992978902 0.07405357930197645 821
1611993049566 0.04574847488260981 822
1611993118493 0.040305131406926396 823
1611993187803 0.053185752078668394 824
1611993257896 0.05695407693065814 825
1611993326604 0.06737856277778967 826
1611993395296 0.052658728699185954 827
1611993464608 0.04142037790213058 828
1611993533473 0.06186499524472365 829
1611993602569 0.06590480501972028 830
1611993671543 0.0377949191563165 831
1611993740749 0.060211357785694634 832
1611993810626 0.08231305720201179 833
1611993879718 0.05263687514547092 834
1611993948689 0.07175896861659947 835
1611994019115 0.06347296931850377 836
1611994089949 0.06763253638993448 837
1611994159164 0.04331713025249652 838
1611994228020 0.06406648301366549 839
1611994298065 0.05605458590521741 840
1611994367228 0.04717761989849717 841
1611994436337 0.10058078392228084 842
1611994505189 0.055804101388845874 843
1611994573885 0.0781542418608025 844
1611994642766 0.06356376320568484 845
1611994711853 0.05033440554319923 846
1611994781081 0.08311162866763215 847
1611994850244 0.03267944570797593 848
1611994919123 0.07503526691180556 849
1611994988189 0.06424203203685248 850
1611995057401 0.06355730633237469 851
1611995126521 0.05056286391927235 852
1611995195573 0.05230148336780605 853
1611995264364 0.03978206684340292 854
1611995333429 0.05731725603786867 855
1611995402485 0.0452645376547059 856
1611995470964 0.0655065766021387 857
1611995539836 0.04097085212593648 858
1611995608724 0.037056958497460206 859
1611995677322 0.10416103032097887 860
1611995747314 0.054924690901343505 861
1611995816688 0.051210592931775906 862
1611995886789 0.06810181799219615 863
1611995955826 0.04067816841068553 864
1611996024625 0.04987528163995316 865
1611996093901 0.06571638939985588 866
1611996162591 0.059149333790167055 867
1611996231200 0.049841979546333424 868
1611996300320 0.06389142773044643 869
1611996369300 0.056230335093256256 870
1611996438426 0.04084936896366859 871
1611996507218 0.049722573650417046 872
1611996576530 0.08564200685985053 873
1611996645448 0.04409334819708297 874
1611996716201 0.0389242563674699 875
1611996785073 0.08096686316959893 876
1611996854334 0.08683828097670826 877
1611996923248 0.06871582323045873 878
1611996992753 0.07145202960540999 879
1611997061577 0.05852881741167894 880
1611997130342 0.08320021629333496 881
1611997199516 0.06849133701466803 882
1611997268247 0.033396138184106174 883
1611997337196 0.06151598780902464 884
1611997406227 0.04485755891942266 885
1611997475557 0.06863008061451699 886
1611997544429 0.07268277655786543 887
1611997613014 0.06500579083143775 888
1611997682149 0.05423614872035695 889
1611997751238 0.03945016149264663 890
1611997820272 0.061181200974023166 891
1611997889184 0.05631304143080071 892
1611997958145 0.04269501255519355 893
1611998027116 0.04500433046426346 894
1611998095863 0.05117070585934084 895
1611998164904 0.08549076140816532 896
1611998235769 0.07082561592557537 897
1611998304966 0.05598571674147649 898
1611998374225 0.0384332760056453 899
1611998443144 0.05191852797323199 900
1611998513038 0.04058438806391474 901
1611998582317 0.04048587226155979 902
1611998651005 0.05444030708341456 903
1611998719724 0.06562731693040079 904
1611998788511 0.050099413786361464 905
1611998859206 0.07119704271430399 906
1611998928189 0.050040766374388736 907
1611998997977 0.04506912160275588 908
1611999066837 0.0447699632217635 909
1611999135779 0.07171988576205808 910
1611999204286 0.03975531236449285 911
1611999273182 0.048040508334316424 912
1611999342337 0.055946937247888365 913
1611999411200 0.05594188508702748 914
1611999480226 0.04477522266444875 915
1611999549685 0.05232741583639117 916
1611999618327 0.03367847649019156 917
1611999687401 0.07384672360633736 918
1611999756440 0.06238572811012837 919
1611999825450 0.05776780043075334 920
1611999896206 0.03567952273496941 921
1611999965283 0.04106280430039363 922
1612000033884 0.057173460277158826 923
1612000102804 0.04654862898499219 924
1612000174166 0.037284508569916684 925
1612000243202 0.06743908996012674 926
1612000311906 0.04555300100525813 927
1612000381207 0.05791801481104609 928
1612000450253 0.10328123996506876 929
1612000519912 0.04232481255460141 930
1612000589084 0.05084004864763858 931
1612000658919 0.0776240238502844 932
1612000727832 0.04304920114688019 933
1612000796960 0.05029492858630508 934
1612000865740 0.07098431996445158 935
1612000934580 0.07940454625371676 936
1612001004964 0.033746910628987783 937
1612001074372 0.06396495851118174 938
1612001143378 0.0774568043537994 939
1612001212620 0.03338523320297697 940
1612001281613 0.07532681813880579 941
1612001351094 0.04751600258385957 942
1612001420573 0.05803005997814349 943
1612001489562 0.04455518811496336 944
1612001558755 0.07084425349733722 945
1612001627951 0.059420194198836145 946
1612001697829 0.0719959202097423 947
1612001766799 0.04620567720327804 948
1612001836014 0.04791711871303729 949
1612001905058 0.06623619172110487 950
1612001974616 0.044536060361719844 951
1612002043667 0.07915382509800925 952
1612002112392 0.047643946177923856 953
1612002181010 0.047757233256724346 954
1612002249965 0.057523924912979356 955
1612002318662 0.04442924616941765 956
1612002390054 0.04011825572198896 957
1612002459486 0.04545896266823384 958
1612002528652 0.06547370241649116 959
1612002597772 0.05232356644388455 960
1612002666374 0.05803995523879777 961
1612002735808 0.034521978292892226 962
1612002804964 0.06289110966582796 963
1612002875850 0.06917851006806787 964
1612002945020 0.0429270347552513 965
1612003015327 0.04036798761851752 966
1612003084720 0.058208213813269315 967
1612003153321 0.04912528440133849 968
1612003222553 0.02966220076404401 969
1612003291518 0.044212358211403464 970
1612003360528 0.04032422001682111 971
1612003429899 0.0374009760458078 972
1612003499241 0.04334862819358484 973
1612003567826 0.05422852555317665 974
1612003636823 0.047140769994080955 975
1612003705601 0.0642098989059676 976
1612003774579 0.04055146850756745 977
1612003844055 0.04595256652405013 978
1612003913957 0.05451936864141208 979
1612003984803 0.0641612659639387 980
1612004053810 0.036390011879935194 981
1612004122790 0.07525519381708173 982
1612004191932 0.041869126149077916 983
1612004260739 0.03267712201645125 984
1612004329419 0.04953740248039587 985
1612004400304 0.08119616490691456 986
1612004469086 0.04240041259509414 987
1612004540053 0.041301687261951506 988
1612004609558 0.031818830255252215 989
1612004679206 0.058534480742554164 990
1612004748220 0.0540794543365934 991
1612004817056 0.04612428928489116 992
1612004885947 0.041970901524842674 993
1612004955356 0.061032069263173575 994
1612005024113 0.0366436118510232 995
1612005094970 0.05178905956780733 996
1612005163815 0.03295752094752753 997
1612005232720 0.04298267435671678 998
1612005301611 0.06766098648754519 999
