1616520929020 0.46878444102649736 0
1616520929022 0.46878444102649736 0
1616521055559 0.5537741581251117 1
1616521055561 0.5537741581251117 1
1616521181425 0.6048317763845829 2
1616521181427 0.6048317763845829 2
1616521306846 0.6352034518998326 3
1616521306848 0.6352034518998326 3
1616521432784 0.653246273612232 4
1616521432786 0.653246273612232 4
1616521558357 0.6732259981425236 5
1616521558358 0.6732259981425236 5
1616521683804 0.6769054350546684 6
1616521683807 0.6769054350546684 6
1616521809500 0.6784793502219086 7
1616521809503 0.6784793502219086 7
1616521934642 0.6872469564291167 8
1616521934644 0.6872469564291167 8
1616522060454 0.693818036229362 9
1616522060456 0.693818036229362 9
1616522186230 0.7011937606520523 10
1616522186232 0.7011937606520523 10
1616522311643 0.7099085690568515 11
1616522311645 0.7099085690568515 11
1616522436988 0.7161968637217517 12
1616522436991 0.7161968637217517 12
1616522562380 0.7203577868699249 13
1616522562382 0.7203577868699249 13
1616522687640 0.7263289600137227 14
1616522687643 0.7263289600137227 14
1616522812835 0.7322956773830888 15
1616522812837 0.7322956773830888 15
1616522937863 0.7379610080492915 16
1616522937865 0.7379610080492915 16
1616523063384 0.7400075240022777 17
1616523063386 0.7400075240022777 17
1616523188852 0.7421404683895262 18
1616523188854 0.7421404683895262 18
1616523314121 0.746005421548127 19
1616523314124 0.746005421548127 19
1616523439627 0.7499242322719051 20
1616523439629 0.7499242322719051 20
1616523565059 0.7537362074924012 21
1616523565061 0.7537362074924012 21
1616523690604 0.7571090528920302 22
1616523690606 0.7571090528920302 22
1616523816270 0.7602079932559384 23
1616523816272 0.7602079932559384 23
1616523941642 0.7634960246658044 24
1616523941644 0.7634960246658044 24
1616524066512 0.7664082541166733 25
1616524066515 0.7664082541166733 25
1616524191864 0.768945139330186 26
1616524191866 0.768945139330186 26
1616524317336 0.7717279206685086 27
1616524317338 0.7717279206685086 27
1616524442528 0.7745963108596406 28
1616524442530 0.7745963108596406 28
1616524567572 0.7772867519726544 29
1616524567575 0.7772867519726544 29
1616524692731 0.7797955174329901 30
1616524692734 0.7797955174329901 30
1616524817795 0.7818349515698194 31
1616524817797 0.7818349515698194 31
1616524943215 0.7835894863354531 32
1616524943217 0.7835894863354531 32
1616525068612 0.7854835830597147 33
1616525068614 0.7854835830597147 33
1616525193737 0.7873727487010415 34
1616525193739 0.7873727487010415 34
1616525318570 0.7893863930995281 35
1616525318572 0.7893863930995281 35
1616525443864 0.7913304697947966 36
1616525443866 0.7913304697947966 36
1616525568981 0.7933205003514117 37
1616525568983 0.7933205003514117 37
1616525694008 0.7949045073329182 38
1616525694010 0.7949045073329182 38
1616525819496 0.7964989129355595 39
1616525819498 0.7964989129355595 39
1616525944912 0.7981604303687901 40
1616525944914 0.7981604303687901 40
1616526070186 0.7997537952128558 41
1616526070188 0.7997537952128558 41
1616526195314 0.8013699905268318 42
1616526195316 0.8013699905268318 42
1616526320234 0.80293322713941 43
1616526320236 0.80293322713941 43
1616526445191 0.8043830871424196 44
1616526445193 0.8043830871424196 44
1616526569937 0.8057974593199353 45
1616526569939 0.8057974593199353 45
1616526694961 0.8071390336617008 46
1616526694964 0.8071390336617008 46
1616526819735 0.8084221337344614 47
1616526819737 0.8084221337344614 47
1616526945135 0.8083885074377406 48
1616526945137 0.8083885074377406 48
1616527070318 0.8089707432450116 49
1616527070320 0.8089707432450116 49
1616527195566 0.8100609215187623 50
1616527195568 0.8100609215187623 50
1616527320790 0.8111586972977188 51
1616527320792 0.8111586972977188 51
1616527445890 0.8120558595413268 52
1616527445892 0.8120558595413268 52
1616527570706 0.8124298969430318 53
1616527570709 0.8124298969430318 53
1616527695540 0.8131992812994959 54
1616527695542 0.8131992812994959 54
1616527820413 0.8140801691375005 55
1616527820415 0.8140801691375005 55
1616527945284 0.8151249911079738 56
1616527945286 0.8151249911079738 56
1616528070030 0.8161409846439215 57
1616528070032 0.8161409846439215 57
1616528194719 0.8171668894877632 58
1616528194721 0.8171668894877632 58
1616528319808 0.8181307591462084 59
1616528319811 0.8181307591462084 59
1616528444924 0.8190528447787387 60
1616528444926 0.8190528447787387 60
1616528570097 0.8199650797684706 61
1616528570100 0.8199650797684706 61
1616528695358 0.8202231078991342 62
1616528695360 0.8202231078991342 62
1616528820411 0.8201976778742254 63
1616528820413 0.8201976778742254 63
1616528945679 0.8206955423725423 64
1616528945681 0.8206955423725423 64
1616529070787 0.8211951290172476 65
1616529070790 0.8211951290172476 65
1616529195593 0.82180922925885 66
1616529195595 0.82180922925885 66
1616529320717 0.8225412279328852 67
1616529320719 0.8225412279328852 67
1616529445957 0.8233182072560077 68
1616529445959 0.8233182072560077 68
1616529570793 0.8240865730884781 69
1616529570796 0.8240865730884781 69
1616529696232 0.8248227983403795 70
1616529696234 0.8248227983403795 70
1616529821180 0.8255753246520086 71
1616529821182 0.8255753246520086 71
1616529946225 0.8263136619953219 72
1616529946227 0.8263136619953219 72
1616530071223 0.8269677813049628 73
1616530071225 0.8269677813049628 73
1616530196072 0.8276155329292643 74
1616530196074 0.8276155329292643 74
1616530321249 0.8282518788021723 75
1616530321251 0.8282518788021723 75
1616530446290 0.8288993695540213 76
1616530446292 0.8288993695540213 76
1616530571219 0.8295604071567059 77
1616530571221 0.8295604071567059 77
1616530696024 0.8298922651102859 78
1616530696027 0.8298922651102859 78
1616530821286 0.830242963751787 79
1616530821288 0.830242963751787 79
1616530946282 0.8307398011309453 80
1616530946285 0.8307398011309453 80
1616531071177 0.8312909224889699 81
1616531071179 0.8312909224889699 81
1616531196223 0.8318035933293317 82
1616531196226 0.8318035933293317 82
1616531321027 0.832206463660438 83
1616531321029 0.832206463660438 83
1616531446018 0.8326247934035584 84
1616531446020 0.8326247934035584 84
1616531571279 0.8331476974846093 85
1616531571281 0.8331476974846093 85
1616531696067 0.8336840154991588 86
1616531696070 0.8336840154991588 86
1616531820830 0.8342377209598983 87
1616531820832 0.8342377209598983 87
1616531945658 0.8348026666369798 88
1616531945660 0.8348026666369798 88
1616532070343 0.8353557583854283 89
1616532070345 0.8353557583854283 89
1616532195276 0.8358879155685053 90
1616532195279 0.8358879155685053 90
1616532320260 0.8364454127745533 91
1616532320263 0.8364454127745533 91
1616532445598 0.8369389017294209 92
1616532445600 0.8369389017294209 92
1616532570571 0.837449047020756 93
1616532570574 0.837449047020756 93
1616532700916 0.8379560094308289 94
1616532700918 0.8379560094308289 94
1616532826080 0.8384307501551024 95
1616532826082 0.8384307501551024 95
1616532950802 0.8389596201556974 96
1616532950805 0.8389596201556974 96
1616533076041 0.8394562372470231 97
1616533076043 0.8394562372470231 97
1616533200970 0.8399543300146852 98
1616533200972 0.8399543300146852 98
1616533326204 0.8404409867281682 99
1616533326206 0.8404409867281682 99
1616533451508 0.8409085799484093 100
1616533451510 0.8409085799484093 100
1616533576264 0.841373599188617 101
1616533576267 0.841373599188617 101
1616533701196 0.8418223997990025 102
1616533701199 0.8418223997990025 102
1616533825988 0.8422919576250563 103
1616533825990 0.8422919576250563 103
1616533950998 0.842764810608822 104
1616533951000 0.842764810608822 104
1616534075915 0.8431755383637594 105
1616534075917 0.8431755383637594 105
1616534201134 0.8436166798717695 106
1616534201136 0.8436166798717695 106
1616534326221 0.8440397092604959 107
1616534326223 0.8440397092604959 107
1616534451480 0.8444439509826361 108
1616534451483 0.8444439509826361 108
1616534576709 0.8448390653398625 109
1616534576712 0.8448390653398625 109
1616534701597 0.8452766549143451 110
1616534701599 0.8452766549143451 110
1616534826415 0.8457136951441344 111
1616534826417 0.8457136951441344 111
1616534951504 0.8461165635120325 112
1616534951506 0.8461165635120325 112
1616535076321 0.8465259879969956 113
1616535076324 0.8465259879969956 113
1616535200992 0.8469249272305758 114
1616535200994 0.8469249272305758 114
1616535325826 0.847335195641203 115
1616535325829 0.847335195641203 115
1616535450932 0.8477357911406266 116
1616535450934 0.8477357911406266 116
1616535575868 0.8480945688718304 117
1616535575871 0.8480945688718304 117
1616535700869 0.8484731902071065 118
1616535700872 0.8484731902071065 118
1616535825959 0.848536345684524 119
1616535825962 0.848536345684524 119
1616535951001 0.8487899464522426 120
1616535951004 0.8487899464522426 120
1616536076130 0.8491236536255811 121
1616536076133 0.8491236536255811 121
1616536201610 0.8494529095953051 122
1616536201613 0.8494529095953051 122
1616536326808 0.8498142853620161 123
1616536326810 0.8498142853620161 123
1616536451634 0.8501804880571424 124
1616536451637 0.8501804880571424 124
1616536576487 0.8505483906144226 125
1616536576489 0.8505483906144226 125
1616536701442 0.8508991924687231 126
1616536701444 0.8508991924687231 126
1616536826466 0.8512678846323604 127
1616536826468 0.8512678846323604 127
1616536951534 0.8516247116262067 128
1616536951537 0.8516247116262067 128
1616537076638 0.8519754210912516 129
1616537076641 0.8519754210912516 129
1616537201719 0.852312548479202 130
1616537201721 0.852312548479202 130
1616537326629 0.8526146996276885 131
1616537326632 0.8526146996276885 131
1616537451890 0.8529548967842006 132
1616537451892 0.8529548967842006 132
1616537577229 0.8532945098384926 133
1616537577231 0.8532945098384926 133
1616537702303 0.8536381939226676 134
1616537702306 0.8536381939226676 134
1616537827431 0.8539873892268239 135
1616537827434 0.8539873892268239 135
1616537952772 0.8543280498696931 136
1616537952775 0.8543280498696931 136
1616538077763 0.8546317496088527 137
1616538077766 0.8546317496088527 137
1616538202701 0.8549784424163419 138
1616538202704 0.8549784424163419 138
1616538327767 0.8552101095177538 139
1616538327769 0.8552101095177538 139
1616538453302 0.8554985085212989 140
1616538453304 0.8554985085212989 140
1616538578636 0.8558030744928531 141
1616538578638 0.8558030744928531 141
1616538703624 0.8560168944387294 142
1616538703627 0.8560168944387294 142
1616538828702 0.8562752486083789 143
1616538828704 0.8562752486083789 143
1616538953749 0.856554592578056 144
1616538953752 0.856554592578056 144
1616539078819 0.8568598250342959 145
1616539078821 0.8568598250342959 145
1616539203681 0.8571484904101055 146
1616539203684 0.8571484904101055 146
1616539328575 0.8574467989836688 147
1616539328578 0.8574467989836688 147
1616539453592 0.8577379463171562 148
1616539453594 0.8577379463171562 148
1616539578519 0.8580330938900246 149
1616539578522 0.8580330938900246 149
1616539703457 0.858322060541808 150
1616539703460 0.858322060541808 150
1616539828366 0.858588833821419 151
1616539828369 0.858588833821419 151
1616539953443 0.8588576324465859 152
1616539953445 0.8588576324465859 152
1616540078774 0.8591426545650055 153
1616540078777 0.8591426545650055 153
1616540203934 0.8594363344687719 154
1616540203936 0.8594363344687719 154
1616540329166 0.8597083672932391 155
1616540329168 0.8597083672932391 155
1616540454176 0.859984457959961 156
1616540454178 0.859984457959961 156
1616540579031 0.8602495734633235 157
1616540579033 0.8602495734633235 157
1616540703956 0.8604912531979717 158
1616540703958 0.8604912531979717 158
1616540828943 0.8607504883183097 159
1616540828946 0.8607504883183097 159
1616540954544 0.861040356775781 160
1616540954546 0.861040356775781 160
1616541079467 0.8613034238800991 161
1616541079469 0.8613034238800991 161
1616541204546 0.8615796908829056 162
1616541204548 0.8615796908829056 162
1616541329655 0.861835291092175 163
1616541329657 0.861835291092175 163
1616541454959 0.8621041390039865 164
1616541454962 0.8621041390039865 164
1616541580227 0.862334230047271 165
1616541580230 0.862334230047271 165
1616541705066 0.8625502303967378 166
1616541705069 0.8625502303967378 166
1616541830149 0.8624792162225586 167
1616541830152 0.8624792162225586 167
1616541955172 0.8624095378273068 168
1616541955174 0.8624095378273068 168
1616542080292 0.8625412881725393 169
1616542080295 0.8625412881725393 169
1616542205497 0.8627298942563203 170
1616542205500 0.8627298942563203 170
1616542330226 0.8629217426437248 171
1616542330228 0.8629217426437248 171
1616542455093 0.8631285554661432 172
1616542455096 0.8631285554661432 172
1616542580413 0.8633566514186386 173
1616542580415 0.8633566514186386 173
1616542705324 0.8635954996605092 174
1616542705326 0.8635954996605092 174
1616542830470 0.863809458803015 175
1616542830472 0.863809458803015 175
1616542955492 0.8640370634529606 176
1616542955495 0.8640370634529606 176
1616543080407 0.864285520607783 177
1616543080409 0.864285520607783 177
1616543205562 0.8645049807490993 178
1616543205565 0.8645049807490993 178
1616543330408 0.8647329104554751 179
1616543330411 0.8647329104554751 179
1616543455798 0.8648969753575139 180
1616543455800 0.8648969753575139 180
1616543580719 0.8650525221081963 181
1616543580723 0.8650525221081963 181
1616543705764 0.865275553582495 182
1616543705766 0.865275553582495 182
1616543830687 0.8654881797471122 183
1616543830690 0.8654881797471122 183
1616543955524 0.8657044658795287 184
1616543955526 0.8657044658795287 184
1616544080381 0.8659393512812364 185
1616544080383 0.8659393512812364 185
1616544205457 0.86614175342245 186
1616544205459 0.86614175342245 186
1616544330272 0.8662350043759375 187
1616544330275 0.8662350043759375 187
1616544455452 0.8664414454602917 188
1616544455455 0.8664414454602917 188
1616544580089 0.8666684384247261 189
1616544580091 0.8666684384247261 189
1616544705170 0.866875909718401 190
1616544705172 0.866875909718401 190
1616544830457 0.8671133853252749 191
1616544830460 0.8671133853252749 191
1616544955349 0.867336483623714 192
1616544955352 0.867336483623714 192
1616545080368 0.8675381425780756 193
1616545080371 0.8675381425780756 193
1616545205411 0.8676822747253913 194
1616545205413 0.8676822747253913 194
1616545330767 0.8678560680923255 195
1616545330770 0.8678560680923255 195
1616545455624 0.8680416411014361 196
1616545455627 0.8680416411014361 196
1616545580747 0.8682547324003361 197
1616545580749 0.8682547324003361 197
1616545705729 0.8684607000183637 198
1616545705731 0.8684607000183637 198
1616545830831 0.8686708633107425 199
1616545830833 0.8686708633107425 199
1616545955915 0.8688582317468837 200
1616545955918 0.8688582317468837 200
1616546081212 0.8690650840189984 201
1616546081215 0.8690650840189984 201
1616546205982 0.8692738809139303 202
1616546205985 0.8692738809139303 202
1616546331134 0.8694628769024761 203
1616546331137 0.8694628769024761 203
1616546456224 0.8696524288833144 204
1616546456227 0.8696524288833144 204
1616546581664 0.8698576221467206 205
1616546581667 0.8698576221467206 205
1616546706534 0.8700501120645884 206
1616546706537 0.8700501120645884 206
1616546831350 0.8702425184083827 207
1616546831353 0.8702425184083827 207
1616546956419 0.8704303126810958 208
1616546956421 0.8704303126810958 208
1616547081341 0.8706140418225722 209
1616547081344 0.8706140418225722 209
1616547206534 0.8708097502185361 210
1616547206537 0.8708097502185361 210
1616547331582 0.8709932730752229 211
1616547331585 0.8709932730752229 211
1616547456378 0.8711950037748191 212
1616547456381 0.8711950037748191 212
1616547581187 0.8713835993870533 213
1616547581190 0.8713835993870533 213
1616547706108 0.8715826649582988 214
1616547706112 0.8715826649582988 214
1616547831244 0.8717874763061163 215
1616547831246 0.8717874763061163 215
1616547956055 0.8719729156436138 216
1616547956058 0.8719729156436138 216
1616548081323 0.8721760513540878 217
1616548081326 0.8721760513540878 217
1616548206335 0.8723574112795984 218
1616548206337 0.8723574112795984 218
1616548331838 0.8725275622876373 219
1616548331840 0.8725275622876373 219
1616548457094 0.8726661395402018 220
1616548457096 0.8726661395402018 220
1616548581908 0.8728510299628927 221
1616548581911 0.8728510299628927 221
1616548706860 0.8730409695647844 222
1616548706863 0.8730409695647844 222
1616548832083 0.8732185112055149 223
1616548832086 0.8732185112055149 223
1616548957238 0.8733901150476313 224
1616548957240 0.8733901150476313 224
1616549082530 0.8735676795056543 225
1616549082532 0.8735676795056543 225
1616549207664 0.8737511769862021 226
1616549207667 0.8737511769862021 226
1616549332831 0.8739374721063641 227
1616549332833 0.8739374721063641 227
1616549457944 0.8741021542737785 228
1616549457946 0.8741021542737785 228
1616549582980 0.8742752291218344 229
1616549582983 0.8742752291218344 229
1616549708215 0.8744281464161863 230
1616549708218 0.8744281464161863 230
1616549833521 0.8745914958975283 231
1616549833524 0.8745914958975283 231
1616549958629 0.8747569415336599 232
1616549958631 0.8747569415336599 232
1616550083839 0.8749097808414042 233
1616550083842 0.8749097808414042 233
1616550209181 0.8750889849611813 234
1616550209183 0.8750889849611813 234
1616550334260 0.875245194797952 235
1616550334262 0.875245194797952 235
1616550459182 0.8754160032469872 236
1616550459184 0.8754160032469872 236
1616550584161 0.8755914153741631 237
1616550584164 0.8755914153741631 237
1616550709387 0.8757748155377458 238
1616550709389 0.8757748155377458 238
1616550834099 0.8759448319103147 239
1616550834102 0.8759448319103147 239
1616550959241 0.8760988742079199 240
1616550959243 0.8760988742079199 240
1616551084489 0.8762403534729855 241
1616551084491 0.8762403534729855 241
1616551209781 0.8763928756913983 242
1616551209784 0.8763928756913983 242
1616551334694 0.8765325916705877 243
1616551334696 0.8765325916705877 243
1616551460065 0.8766666575151089 244
1616551460068 0.8766666575151089 244
1616551585116 0.8768199501994071 245
1616551585118 0.8768199501994071 245
1616551710001 0.876985716261431 246
1616551710004 0.876985716261431 246
1616551834888 0.8771062774182556 247
1616551834891 0.8771062774182556 247
1616551959861 0.8771166131732112 248
1616551959864 0.8771166131732112 248
1616552085389 0.8771863935004167 249
1616552085391 0.8771863935004167 249
