1616520929017 0.5554522187944423 0
1616521055557 0.42272582844375295 1
1616521181423 0.3533559560590813 2
1616521306844 0.31305802945404293 3
1616521432782 0.28882162813493545 4
1616521558354 0.26326166463896944 5
1616521683803 0.25826259351995035 6
1616521809498 0.25666294835428605 7
1616521934640 0.24542312398905164 8
1616522060452 0.236522151850798 9
1616522186228 0.22776622109374525 10
1616522311641 0.2176150635829367 11
1616522436986 0.21035528433266812 12
1616522562378 0.20511182932336006 13
1616522687638 0.19793051601724418 14
1616522812833 0.19095297898611724 15
1616522937860 0.18444271883385274 16
1616523063382 0.18162854183817512 17
1616523188850 0.17872054823794192 18
1616523314119 0.17415317854388276 19
1616523439624 0.16945470146563094 20
1616523565057 0.16519131226288566 21
1616523690600 0.16133195236428644 22
1616523816268 0.15787013694115562 23
1616523941640 0.15401674078182967 24
1616524066510 0.15081132971872185 25
1616524191862 0.14799459638049084 26
1616524317333 0.14489116482181888 27
1616524442526 0.14148887969629997 28
1616524567570 0.13853379852330008 29
1616524692729 0.13594614392863658 30
1616524817793 0.13358430286121376 31
1616524943213 0.13149714417308855 32
1616525068610 0.12935323368534166 33
1616525193735 0.12717899498742039 34
1616525318568 0.12495902168452212 35
1616525443861 0.12263752159337465 36
1616525568978 0.12033759382702536 37
1616525694005 0.11856867857399334 38
1616525819493 0.11680616338717494 39
1616525944910 0.11498365336163989 40
1616526070184 0.11326291218018791 41
1616526195312 0.11147342128186076 42
1616526320232 0.10986179032054957 43
1616526445189 0.10831058221224069 44
1616526569935 0.10686988138682471 45
1616526694959 0.10528686020022443 46
1616526819733 0.1039278079831563 47
1616526945132 0.10428465651514034 48
1616527070316 0.1036396516788196 49
1616527195564 0.10237720935859179 50
1616527320787 0.1011826287400215 51
1616527445888 0.10023830524548162 52
1616527570704 0.09995480753493127 53
1616527695538 0.09914824351293663 54
1616527820411 0.09815580058293726 55
1616527945281 0.09704222055322398 56
1616528070027 0.09598612466106846 57
1616528194716 0.0949002869851723 58
1616528319806 0.09388629092458395 59
1616528444922 0.09294763397338354 60
1616528570095 0.09196417692948998 61
1616528695356 0.0917694512949687 62
1616528820409 0.09181265729266475 63
1616528945676 0.09129929651861395 64
1616529070785 0.0907163801083616 65
1616529195591 0.09001763387668665 66
1616529320714 0.08919299421138424 67
1616529445954 0.08831042731499553 68
1616529570791 0.0875333148824747 69
1616529696230 0.08675013416956638 70
1616529821178 0.08595201504569779 71
1616529946222 0.08513112550265313 72
1616530071220 0.08441241555608904 73
1616530196070 0.08364801045665712 74
1616530321246 0.08294448494355318 75
1616530446287 0.0823021206315622 76
1616530571217 0.0815843083017769 77
1616530696022 0.0813302130192827 78
1616530821284 0.08092227492635036 79
1616530946280 0.08035121320487279 80
1616531071175 0.07974426904026286 81
1616531196221 0.07920077138228715 82
1616531321025 0.07871311564369288 83
1616531446016 0.07826773219850279 84
1616531571277 0.07770738553487125 85
1616531696065 0.07713662072862194 86
1616531820828 0.07657651733665595 87
1616531945655 0.07596351717784194 88
1616532070340 0.0753435401058806 89
1616532195273 0.07478399401012806 90
1616532320258 0.07416385191640916 91
1616532445596 0.07366548681636366 92
1616532570569 0.07316009591925073 93
1616532700913 0.0726146874699036 94
1616532826078 0.07212731854701972 95
1616532950800 0.07158305346218112 96
1616533076038 0.07103509562821182 97
1616533200968 0.07047249307580146 98
1616533326202 0.0699970898238268 99
1616533451506 0.06951441914777025 100
1616533576262 0.06902689114795792 101
1616533701194 0.0685653528746889 102
1616533825986 0.06805612525366146 103
1616533950996 0.06753281860743489 104
1616534075912 0.06706985139049848 105
1616534201131 0.06661676246077294 106
1616534326219 0.06613563681942379 107
1616534451478 0.06575444066544718 108
1616534576707 0.06535259404452065 109
1616534701595 0.0648561668435341 110
1616534826412 0.06436650508906447 111
1616534951501 0.06393716195196673 112
1616535076319 0.06353752654843299 113
1616535200990 0.06308971723657061 114
1616535325824 0.06263909552428085 115
1616535450930 0.062192004791996595 116
1616535575866 0.061838173527294704 117
1616535700867 0.06145735767142284 118
1616535825957 0.06135845931976739 119
1616535950999 0.06106832666960935 120
1616536076128 0.06073229789443474 121
1616536201608 0.06039336757501463 122
1616536326805 0.05999051323259602 123
1616536451632 0.059621085950668784 124
1616536576485 0.05925306449406794 125
1616536701440 0.05887999795851572 126
1616536826464 0.058473844116769126 127
1616536951532 0.0581374140892564 128
1616537076635 0.05775470625831699 129
1616537201716 0.05740736853918223 130
1616537326627 0.0570818127250343 131
1616537451888 0.056715554044775754 132
1616537577226 0.056370175088391684 133
1616537702300 0.056025924353212256 134
1616537827429 0.055664131444970934 135
1616537952770 0.05529210100791933 136
1616538077761 0.05499144362784274 137
1616538202699 0.05461157510034565 138
1616538327764 0.05436298005398938 139
1616538453300 0.0540234004691922 140
1616538578634 0.05372097414988293 141
1616538703622 0.05348119452005959 142
1616538828700 0.053193790280264525 143
1616538953747 0.0528918139841503 144
1616539078817 0.05252929134169525 145
1616539203679 0.052199616833722186 146
1616539328573 0.05185024017806025 147
1616539453590 0.05153178817703073 148
1616539578517 0.05120039346330658 149
1616539703455 0.05088943499773613 150
1616539828364 0.05063802030037624 151
1616539953440 0.05035549977219512 152
1616540078772 0.05004834133113106 153
1616540203932 0.049747383652936315 154
1616540329164 0.04942444088819002 155
1616540454174 0.049139111595353745 156
1616540579029 0.04886839989612392 157
1616540703953 0.0486130099446997 158
1616540828941 0.04835475706123805 159
1616540954542 0.0480245495227612 160
1616541079465 0.0477227340388768 161
1616541204544 0.04742856728305195 162
1616541329652 0.047136303404593544 163
1616541454957 0.04682839535606686 164
1616541580225 0.04659981624720107 165
1616541705064 0.04635519940754453 166
1616541830147 0.04649039993962326 167
1616541955169 0.0465201029509923 168
1616542080290 0.04637975933249381 169
1616542205495 0.04616076537950597 170
1616542330224 0.045969337355027506 171
1616542455091 0.04576461849572226 172
1616542580411 0.04551267219781619 173
1616542705321 0.04523541210621232 174
1616542830467 0.045014939501154726 175
1616542955490 0.04476854163272952 176
1616543080404 0.04450150787364579 177
1616543205560 0.0442588197313799 178
1616543330406 0.04400520803072174 179
1616543455796 0.043874273197406825 180
1616543580717 0.04371221200960409 181
1616543705762 0.043470184987354804 182
1616543830685 0.043245960163425516 183
1616543955522 0.043011045970811 184
1616544080378 0.042768014741823276 185
1616544205454 0.042540470911097715 186
1616544330270 0.04245570019081878 187
1616544455450 0.04222874583842738 188
1616544580087 0.04199190053000027 189
1616544705168 0.0417518063509683 190
1616544830455 0.0414961792393637 191
1616544955347 0.04125864185725918 192
1616545080365 0.04105200052143276 193
1616545205408 0.040899305158501514 194
1616545330765 0.04072171597063372 195
1616545455622 0.04052637313384063 196
1616545580744 0.04031008241052444 197
1616545705727 0.04010583828628065 198
1616545830828 0.0398855786925142 199
1616545955913 0.03970117991701646 200
1616546081210 0.03948001174893043 201
1616546205979 0.03924153691262924 202
1616546331132 0.03906847008163614 203
1616546456222 0.03889271161404447 204
1616546581662 0.038677471753750796 205
1616546706532 0.03847573297085833 206
1616546831348 0.03826293755681275 207
1616546956416 0.03806488036390332 208
1616547081339 0.03786897850161551 209
1616547206532 0.03766262083114984 210
1616547331580 0.03746843051904866 211
1616547456375 0.03723801620213043 212
1616547581185 0.0370420445974188 213
1616547706106 0.03684289540380298 214
1616547831241 0.03663707307036789 215
1616547956052 0.03642723112765135 216
1616548081320 0.036198077301261886 217
1616548206332 0.036007001875971834 218
1616548331835 0.03581535020668411 219
1616548457091 0.03569964796103499 220
1616548581906 0.035498552632749994 221
1616548706858 0.03530403700512438 222
1616548832081 0.035104369863993005 223
1616548957234 0.034918582661090575 224
1616549082527 0.03472141278222008 225
1616549207662 0.03452617748880443 226
1616549332828 0.03432213853581968 227
1616549457942 0.034144790658301026 228
1616549582978 0.03396055120638778 229
1616549708212 0.03380083162944869 230
1616549833518 0.03362992181841035 231
1616549958626 0.03344122258824345 232
1616550083837 0.033297962831391865 233
1616550209178 0.03310016947867995 234
1616550334257 0.03293188842420868 235
1616550459179 0.03275109541767393 236
1616550584159 0.032556423911334925 237
1616550709384 0.032363231198925695 238
1616550834097 0.03219608627301013 239
1616550959238 0.032043744550681263 240
1616551084486 0.03190695789523248 241
1616551209779 0.03175818734710893 242
1616551334691 0.03161874062855629 243
1616551460062 0.03147676468924289 244
1616551585113 0.03131427989465204 245
1616551709999 0.031138235689953917 246
1616551834886 0.031023283042323647 247
1616551959859 0.031022005393132802 248
1616552085386 0.030926486390305947 249
