1616520929013 0.46878444102649736 0
1616521055553 0.6387638752237259 1
1616521181419 0.7069470129035255 2
1616521306840 0.726318478445582 3
1616521432778 0.7254175604618294 4
1616521558350 0.7731246207939818 5
1616521683799 0.6989820565275372 6
1616521809494 0.6894967563925906 7
1616521934636 0.7573878060867811 8
1616522060448 0.7529577544315699 9
1616522186224 0.7749510048789546 10
1616522311637 0.8057714615096437 11
1616522436982 0.7916563997005529 12
1616522562374 0.7744497877961778 13
1616522687634 0.8099253840268926 14
1616522812829 0.8217964379235785 15
1616522937856 0.8286062987085353 16
1616523063377 0.7747982952030416 17
1616523188846 0.7805334673599994 18
1616523314115 0.819439531561542 19
1616523439620 0.8283004467474654 20
1616523565052 0.8337876871228218 21
1616523690596 0.8313116516838682 22
1616523816264 0.8314836216258242 23
1616523941635 0.842408778502586 24
1616524066506 0.8392139903883985 25
1616524191857 0.8349041548815179 26
1616524317329 0.8468630168032139 27
1616524442521 0.8549112362113405 28
1616524567566 0.855309544250052 29
1616524692724 0.8550584812430625 30
1616524817789 0.8450574098115272 31
1616524943209 0.8397345988357321 32
1616525068605 0.8479887749603454 33
1616525193730 0.8516043805061503 34
1616525318563 0.859863947046564 35
1616525443857 0.8613172308244603 36
1616525568974 0.8669516309461696 37
1616525694001 0.8550967726301639 38
1616525819489 0.8586807314385759 39
1616525944905 0.8646211276980157 40
1616526070180 0.8650817538195468 41
1616526195307 0.8692501937138274 42
1616526320227 0.870152401480269 43
1616526445185 0.868176927274846 44
1616526569930 0.8694442073081402 45
1616526694954 0.8688514533829181 46
1616526819729 0.8687278371542058 47
1616526945128 0.8067744451951473 48
1616527070311 0.8375002978012916 49
1616527195559 0.8645698352062956 50
1616527320783 0.867145262024504 51
1616527445883 0.8587082962089396 52
1616527570700 0.8322538792334021 53
1616527695532 0.8547460365485637 54
1616527820405 0.8625290002277557 55
1616527945277 0.8736350214544762 56
1616528070022 0.8740526161929394 57
1616528194712 0.8766693704305811 58
1616528319802 0.8749990689944713 59
1616528444917 0.8743779827305611 60
1616528570091 0.8756114141421115 61
1616528695351 0.8362208520002822 62
1616528820405 0.818595586304969 63
1616528945672 0.8525588702648244 64
1616529070780 0.8536682609230914 65
1616529195586 0.8623398452046069 66
1616529320710 0.8715851390932469 67
1616529445950 0.8761528012283305 68
1616529570787 0.8771038155289407 69
1616529696225 0.8763585659734746 70
1616529821172 0.8790046927776742 71
1616529946218 0.8794739507138729 72
1616530071216 0.8747184909087546 73
1616530196065 0.8755491531275689 74
1616530321242 0.875977819270276 75
1616530446283 0.8781086666945447 76
1616530571212 0.8804603025634238 77
1616530696018 0.8557771854895226 78
1616530821280 0.8579481564303661 79
1616530946276 0.8704867914636084 80
1616531071169 0.8759317524889683 81
1616531196217 0.8738426022390102 82
1616531321020 0.8656447011422603 83
1616531446011 0.8677644918256617 84
1616531571272 0.8775945443739283 85
1616531696060 0.8798073647504158 86
1616531820824 0.882410096044236 87
1616531945650 0.8845178862201407 88
1616532070336 0.8845809239973413 89
1616532195269 0.8837820620454372 90
1616532320253 0.887177658524919 91
1616532445592 0.8823398855772424 92
1616532570561 0.8848925591149228 93
1616532700909 0.8856104759776846 94
1616532826073 0.8835311189610907 95
1616532950796 0.8897311402128097 96
1616533076033 0.8876280951056075 97
1616533200963 0.888767421245575 98
1616533326198 0.8886200013629934 99
1616533451501 0.8876679019725069 100
1616533576258 0.888340542449596 101
1616533701190 0.8876000620583271 102
1616533825981 0.8906564137085955 103
1616533950992 0.8919415209204593 104
1616534075908 0.8863019526321837 105
1616534201127 0.890377679720838 106
1616534326214 0.88930385385422 107
1616534451474 0.8881020569737922 108
1616534576703 0.8879065302775261 109
1616534701590 0.893411508107439 110
1616534826408 0.8942251606507504 111
1616534951497 0.8912378207166144 112
1616535076314 0.8927909547978259 113
1616535200985 0.8924039998587142 114
1616535325819 0.8945160628633296 115
1616535450925 0.8942048690737562 116
1616535575861 0.8900715634226799 117
1616535700862 0.8931505077696861 118
1616535825952 0.8560518474971994 119
1616535950994 0.8792220385784798 120
1616536076124 0.8895022215995383 121
1616536201604 0.8896221379016308 122
1616536326800 0.894263504667485 123
1616536451627 0.8955896222527991 124
1616536576481 0.8965362102744427 125
1616536701435 0.8951002261106004 126
1616536826460 0.8980917894142739 127
1616536951527 0.8972985668385283 128
1616537076631 0.8972169420820602 129
1616537201711 0.8961391089127418 130
1616537326622 0.8921965000794289 131
1616537451883 0.8978609214437768 132
1616537577222 0.8984630460593295 133
1616537702295 0.8996918612021081 134
1616537827425 0.9011287552879211 135
1616537952765 0.9006578972999085 136
1616538077756 0.8962386138737202 137
1616538202695 0.902822049849845 138
1616538327759 0.887411836614 139
1616538453295 0.8958743690176213 140
1616538578629 0.8987468764819997 141
1616538703617 0.8863793267531598 142
1616538828695 0.8932198948682623 143
1616538953742 0.8967801242115649 144
1616539078812 0.9011185311890663 145
1616539203675 0.8992936352783061 146
1616539328568 0.9012981592974765 147
1616539453585 0.9008277516732824 148
1616539578512 0.9020100822474094 149
1616539703451 0.901667058309342 150
1616539828359 0.8988715990426692 151
1616539953435 0.899715023471954 152
1616540078767 0.9027510386832217 153
1616540203926 0.9046630396487865 154
1616540329159 0.901873455085653 155
1616540454169 0.9030546019686029 156
1616540579024 0.9018727074912254 157
1616540703949 0.898676651272368 158
1616540828937 0.9019688724520358 159
1616540954537 0.9074193099711804 160
1616541079460 0.9036572276753314 161
1616541204539 0.9063349453375694 162
1616541329647 0.9034981252031123 163
1616541454952 0.9061951965410658 164
1616541580221 0.9002992521892202 165
1616541705059 0.8984062884082186 166
1616541830142 0.8506198491346328 167
1616541955164 0.8507035674249872 168
1616542080286 0.8848070965168324 169
1616542205489 0.8947929284991102 170
1616542330219 0.8957278168898948 171
1616542455086 0.8987003609221033 172
1616542580406 0.9028172512003716 173
1616542705317 0.9051550937459824 174
1616542830463 0.901252308741529 175
1616542955486 0.9040954818433904 176
1616543080400 0.9082624370113332 177
1616543205556 0.9035688859034092 178
1616543330401 0.905532327896737 179
1616543455792 0.8944286577245022 180
1616543580713 0.8932064839817108 181
1616543705757 0.9058672819048801 182
1616543830679 0.9043987678720596 183
1616543955517 0.9055011142441567 184
1616544080372 0.9093931505971766 185
1616544205449 0.9037885516881943 186
1616544330265 0.8836729326780807 187
1616544455445 0.9052523693188708 188
1616544580082 0.9095701087028423 189
1616544705163 0.9062954555166528 190
1616544830450 0.9124712262381899 191
1616544955342 0.9101713569240367 192
1616545080360 0.9064583207698579 193
1616545205403 0.8956439113046261 194
1616545330760 0.9017457746444865 195
1616545455617 0.9044139508871322 196
1616545580740 0.910233718283633 197
1616545705722 0.9092422883878363 198
1616545830824 0.9104933584941194 199
1616545955908 0.9063319189751402 200
1616546081205 0.9106423907140468 201
1616546205975 0.911450853690188 202
1616546331127 0.9078290625772578 203
1616546456217 0.9083210329743142 204
1616546581657 0.911922241144992 205
1616546706528 0.9097030351453639 206
1616546831344 0.910070631573809 207
1616546956411 0.9094915214054128 208
1616547081334 0.9090134323911464 209
1616547206528 0.9119085133709806 210
1616547331575 0.9097165958361423 211
1616547456371 0.9139619120892059 212
1616547581179 0.9115544647929517 213
1616547706102 0.9141826972048334 214
1616547831237 0.9158219160868767 215
1616547956048 0.9120278125430675 216
1616548081316 0.9162565005269456 217
1616548206327 0.9118938750409066 218
1616548331830 0.9097906330481489 219
1616548457086 0.9031531351043823 220
1616548581900 0.9137118133775731 221
1616548706853 0.9152075611847512 222
1616548832076 0.9128102970884201 223
1616548957230 0.911829375681725 224
1616549082522 0.9135196825608294 225
1616549207657 0.9152216075899753 226
1616549332823 0.9162264643831456 227
1616549457937 0.911649688444239 228
1616549582973 0.9139093693266523 229
1616549708207 0.9095991241171005 230
1616549833514 0.9123252260875194 231
1616549958621 0.9131403291162025 232
1616550083831 0.9105213395458587 233
1616550209173 0.9170227489889936 234
1616550334252 0.9119545064390974 235
1616550459174 0.9157267972192866 236
1616550584154 0.9171640895148541 237
1616550709379 0.919424054470468 238
1616550834091 0.9165787449542512 239
1616550959234 0.9130690256331829 240
1616551084481 0.9103368563537902 241
1616551209774 0.9133032525473452 242
1616551334686 0.9104835746136117 243
1616551460057 0.9093787235782501 244
1616551585109 0.914376657852467 245
1616551709993 0.9177641675193259 246
1616551834880 0.9068848831539459 247
1616551959854 0.8796798804021896 248
1616552085382 0.8945616949745949 249
