1616520929015 inf 0
1616521055555 21.23766862663153 1
1616521181421 inf 2
1616521306842 inf 3
1616521432780 19.60023292536371 4
1616521558352 18.357975402469762 5
1616521683801 19.5224373929839 6
1616521809496 19.608542609178606 7
1616521934638 18.348680554064387 8
1616522060450 19.103696262545764 9
1616522186225 17.988688745767092 10
1616522311639 17.58712282618381 11
1616522436984 17.30112320950237 12
1616522562376 18.05342807407088 13
1616522687636 16.642886720940414 14
1616522812831 16.205159299037415 15
1616522937858 15.522345013472497 16
1616523063379 17.74973964166284 17
1616523188848 17.439446610974223 18
1616523314117 16.681774762682064 19
1616523439622 15.040949395450793 20
1616523565054 15.112046209958095 21
1616523690598 15.165537156375667 22
1616523816266 14.355168157300795 23
1616523941638 14.388195669140687 24
1616524066508 14.415397208328809 25
1616524191859 14.431214192353837 26
1616524317331 13.595021405606452 27
1616524442524 13.662273439002622 28
1616524567568 13.105287023396084 29
1616524692727 12.931300708674115 30
1616524817791 15.339614755995807 31
1616524943211 14.684802343874411 32
1616525068607 13.704099501196703 33
1616525193732 13.581067265711836 34
1616525318566 13.472874380262985 35
1616525443859 13.520229663236092 36
1616525568976 12.600921046647214 37
1616525694003 13.266144911188743 38
1616525819491 12.714887951849587 39
1616525944907 12.816977600406174 40
1616526070182 13.843477942874637 41
1616526195310 12.319202261066946 42
1616526320229 12.066778361367028 43
1616526445187 12.62603081787797 44
1616526569932 12.515265767621287 45
1616526694957 12.677138735718383 46
1616526819731 12.47957176675053 47
1616526945130 16.878922816357626 48
1616527070313 14.346656307580597 49
1616527195561 12.451310437776915 50
1616527320785 12.49755270007028 51
1616527445886 13.97134576539259 52
1616527570702 14.80476490653387 53
1616527695535 13.213740635743287 54
1616527820408 12.665069554698267 55
1616527945279 12.519586930012466 56
1616528070025 11.463950570420298 57
1616528194714 11.41811573156101 58
1616528319804 11.389443720703062 59
1616528444920 11.988118473919165 60
1616528570093 12.16766459631086 61
1616528695353 14.843183009381242 62
1616528820407 15.912270866584977 63
1616528945674 13.209222142034854 64
1616529070783 14.405124238990886 65
1616529195589 12.590123819764685 66
1616529320712 12.238809116978667 67
1616529445952 11.562374968705802 68
1616529570789 11.172960781624479 69
1616529696227 11.89635038091589 70
1616529821175 11.359552268318993 71
1616529946220 11.246632068071884 72
1616530071218 11.696898549063013 73
1616530196067 11.232949765189465 74
1616530321244 11.6665607228403 75
1616530446285 11.692302983574619 76
1616530571215 10.849063216343142 77
1616530696020 12.6849518660554 78
1616530821282 13.70145245919269 79
1616530946278 13.214535299818898 80
1616531071172 11.70181076189897 81
1616531196219 12.134945865476942 82
1616531321023 12.67075674826763 83
1616531446013 12.679210713351198 84
1616531571275 12.024890440806615 85
1616531696063 10.790482802734324 86
1616531820826 10.76993274183355 87
1616531945653 10.437952945131826 88
1616532070338 10.70837464654901 89
1616532195271 11.22633281194788 90
1616532320256 10.749589814685617 91
1616532445594 11.801628025942017 92
1616532570567 10.696875726925558 93
1616532700911 10.692256129291378 94
1616532826075 10.077242872180168 95
1616532950798 10.192619238621454 96
1616533076036 10.51036698217128 97
1616533200965 11.131660775853314 98
1616533326200 10.472268133816085 99
1616533451503 10.237805385354498 100
1616533576260 10.162655635659803 101
1616533701192 10.5688603553726 102
1616533825984 10.064729721068563 103
1616533950994 10.4349688775902 104
1616534075910 10.032566978401094 105
1616534201129 10.772790788496955 106
1616534326216 10.319549125413333 107
1616534451476 10.589123323827131 108
1616534576705 10.442285685759526 109
1616534701592 9.432776040692719 110
1616534826410 9.91364087979667 111
1616534951499 11.054139979644031 112
1616535076317 9.969707066849834 113
1616535200987 9.560732934105262 114
1616535325821 10.368645548667224 115
1616535450927 9.929746917391508 116
1616535575863 10.341671970853078 117
1616535700864 10.11143750429227 118
1616535825954 14.14670399072983 119
1616535950996 11.95973044241593 120
1616536076126 11.343133240330923 121
1616536201606 10.520462161150164 122
1616536326803 9.454242191178693 123
1616536451629 9.771804665010512 124
1616536576483 9.422777507727236 125
1616536701438 9.169542993714842 126
1616536826462 9.273974269732042 127
1616536951529 9.194838005024533 128
1616537076633 9.203331419549325 129
1616537201714 9.314830434110343 130
1616537326624 11.107631883790487 131
1616537451886 9.283733710469239 132
1616537577224 9.550069277278293 133
1616537702298 9.268454399523451 134
1616537827427 9.16021763628799 135
1616537952767 9.028333262473394 136
1616538077759 9.518220499350814 137
1616538202697 8.565615748445992 138
1616538327762 10.55637271816882 139
1616538453297 10.777214650699417 140
1616538578631 9.554806721564464 141
1616538703619 10.933349187572443 142
1616538828698 9.826638210514306 143
1616538953744 10.249908305678403 144
1616539078814 9.157169064931919 145
1616539203677 10.634699119121246 146
1616539328571 9.45522327486759 147
1616539453588 9.299936751781399 148
1616539578515 9.014682301696057 149
1616539703453 9.005073350178238 150
1616539828362 9.610651184101082 151
1616539953438 9.336736999936862 152
1616540078770 9.197758670649828 153
1616540203929 9.231252799374976 154
1616540329161 8.853460135445099 155
1616540454171 9.296106362359987 156
1616540579026 9.602564560028386 157
1616540703951 10.063868420043153 158
1616540828939 9.15348247223458 159
1616540954539 8.66110581500672 160
1616541079462 8.511995681790296 161
1616541204542 8.49666299185682 162
1616541329649 9.31877132024228 163
1616541454955 8.87722138687784 164
1616541580223 9.247307991499886 165
1616541705062 9.891367995191477 166
1616541830145 14.111185342899363 167
1616541955166 13.233496949227169 168
1616542080288 11.12475057704481 169
1616542205493 10.171398005314979 170
1616542330222 10.746913148758978 171
1616542455088 10.061711530610612 172
1616542580409 8.803087508251894 173
1616542705319 8.782174718842409 174
1616542830465 9.013766901679308 175
1616542955488 9.419765073459025 176
1616543080402 8.56279578697497 177
1616543205558 8.99390101807081 178
1616543330403 9.697900700659625 179
1616543455794 9.809606198182225 180
1616543580715 10.325639005520332 181
1616543705759 8.597410893437713 182
1616543830682 9.158056052864593 183
1616543955520 9.246256793807806 184
1616544080376 8.498372444170558 185
1616544205451 9.49886126313571 186
1616544330267 10.201967769301751 187
1616544455447 9.408236292428338 188
1616544580085 8.182166540516254 189
1616544705166 9.327995411831877 190
1616544830453 8.051109204422831 191
1616544955345 8.739674247049374 192
1616545080362 9.369441685603293 193
1616545205406 9.783882415275723 194
1616545330762 10.067009637360172 195
1616545455619 8.48022584985257 196
1616545580742 9.066324042094655 197
1616545705724 8.805108374177804 198
1616545830826 8.191285530892408 199
1616545955910 9.099733852482084 200
1616546081207 8.97853026957891 201
1616546205977 8.29385445081552 202
1616546331129 8.569160568477749 203
1616546456219 8.74279006599167 204
1616546581659 8.153883215172844 205
1616546706530 8.618591940953852 206
1616546831346 8.023475860889185 207
1616546956414 8.113929014834047 208
1616547081337 8.296785614461186 209
1616547206530 8.67311019017029 210
1616547331578 8.692146343853413 211
1616547456373 8.466602896361751 212
1616547581182 9.190106546002514 213
1616547706104 7.812986292806543 214
1616547831239 8.14707801984538 215
1616547956050 8.541579802634917 216
1616548081318 8.350744368448385 217
1616548206329 8.385911093230705 218
1616548331833 9.103808285355223 219
1616548457088 8.68022934472984 220
1616548581903 7.815880976209556 221
1616548706855 8.115127608430523 222
1616548832078 8.337130446840384 223
1616548957232 8.187110593274666 224
1616549082525 8.848046533331976 225
1616549207659 8.231348970567785 226
1616549332826 8.892984308067616 227
1616549457940 8.750939221141225 228
1616549582975 8.972277737258105 229
1616549708210 9.081187126441682 230
1616549833516 8.764076171837138 231
1616549958623 8.336474692046153 232
1616550083834 8.158801354456461 233
1616550209175 8.484346011497026 234
1616550334254 8.112778740603177 235
1616550459176 8.63249239748999 236
1616550584156 7.708812771010103 237
1616550709381 7.5036895690542496 238
1616550834094 7.752150552748768 239
1616550959236 8.23212840372249 240
1616551084484 8.191211845972925 241
1616551209776 8.435180041251789 242
1616551334689 8.30663476547504 243
1616551460059 8.61512542734914 244
1616551585111 8.57193810892769 245
1616551709996 8.447216937138467 246
1616551834882 10.150556635987465 247
1616551959857 11.133148075882886 248
1616552085384 10.163559391486109 249
