1616520929010 0.5554522187944423 0
1616521055550 0.28999943809306367 1
1616521181417 0.2146162112897381 2
1616521306838 0.19216424963892775 3
1616521432776 0.19187602285850555 4
1616521558348 0.13546184715913964 5
1616521683796 0.22826816680583548 6
1616521809491 0.24546543219463623 7
1616521934633 0.15550452906717646 8
1616522060445 0.15641340260651518 9
1616522186221 0.14020691352321746 10
1616522311634 0.10595233096404279 11
1616522436980 0.12323793332944526 12
1616522562371 0.13694691420235533 13
1616522687632 0.09739212973162215 14
1616522812826 0.08628992351921315 15
1616522937854 0.08027855639762067 16
1616523063374 0.13378753291165574 17
1616523188843 0.12637666343374454 18
1616523314112 0.08737315435675864 19
1616523439617 0.07548515990059426 20
1616523565050 0.0756601390052349 21
1616523690594 0.07642603459510397 22
1616523816261 0.07824838220914627 23
1616523941633 0.06153523295800736 24
1616524066503 0.07067605314102579 25
1616524191855 0.07475952958648509 26
1616524317326 0.061098512737674915 27
1616524442518 0.04622489618177109 28
1616524567563 0.052836444506302795 29
1616524692722 0.05831650608873114 30
1616524817786 0.0603672297711068 31
1616524943206 0.06470806615308244 32
1616525068601 0.058604187589693574 33
1616525193726 0.053254879258097486 34
1616525318558 0.04725995608308214 35
1616525443852 0.039063518312066156 36
1616525568969 0.03524026647210121 37
1616525693997 0.05134989895877686 38
1616525819485 0.04806807110125714 39
1616525944900 0.042083252340238145 40
1616526070175 0.04271252374065683 41
1616526195303 0.03631480355212029 42
1616526320222 0.040561658984169045 43
1616526445179 0.040057425446649815 44
1616526569925 0.04203834424310542 45
1616526694949 0.03246788561661193 46
1616526819723 0.04005235378095444 47
1616526945123 0.12141338605037395 48
1616527070306 0.07203441469910297 49
1616527195555 0.03925509334720196 50
1616527320778 0.04025901719293696 51
1616527445878 0.05113348352940793 52
1616527570694 0.08492942887576337 53
1616527695528 0.05559378632522644 54
1616527820402 0.043571439432971024 55
1616527945272 0.034681738889280785 56
1616528070017 0.035788658808203457 57
1616528194707 0.03192170178319546 58
1616528319797 0.03406052334987102 59
1616528444912 0.03662821690135814 60
1616528570087 0.03197329725198289 61
1616528695346 0.07969646195464945 62
1616528820400 0.09453463514751577 63
1616528945667 0.05844420697936352 64
1616529070776 0.05282681344195883 65
1616529195581 0.04390038258614058 66
1616529320704 0.03394213663612274 67
1616529445945 0.028295878360563135 68
1616529570781 0.033912557038538 69
1616529696221 0.03192748426598437 70
1616529821169 0.02928555725102729 71
1616529946213 0.02602707840343739 72
1616530071210 0.031946589456910784 73
1616530196060 0.027082033098695127 74
1616530321238 0.03018007146075685 75
1616530446278 0.033482432920247954 76
1616530571208 0.026312758908309836 77
1616530696013 0.06151078098473397 78
1616530821275 0.0486951655846961 79
1616530946270 0.034666275486667106 80
1616531071165 0.030581791706858798 81
1616531196213 0.03463396342827919 82
1616531321015 0.03823768934036823 83
1616531446007 0.04085552280253552 84
1616531571268 0.03007791912619104 85
1616531696056 0.028050847391181803 86
1616531820819 0.027847522235614187 87
1616531945646 0.02201950320221008 88
1616532070331 0.02016558070132073 89
1616532195264 0.024424845392399645 90
1616532320249 0.01773092138798947 91
1616532445587 0.027815897612178578 92
1616532570550 0.02615874248774762 93
1616532700905 0.02134629323127422 94
1616532826069 0.025827270873049472 95
1616532950791 0.01933360531767632 96
1616533076029 0.017883185733188974 97
1616533200958 0.015337442939585827 98
1616533326193 0.02293216787833483 99
1616533451497 0.02124735154211521 100
1616533576254 0.019786563166912567 101
1616533701186 0.021488449001248848 102
1616533825977 0.015605680287835445 103
1616533950987 0.013108927399871196 104
1616534075903 0.01845829361217453 105
1616534201122 0.01858933590986627 106
1616534326209 0.014655193195064017 107
1616534451469 0.024585256035974685 108
1616534576697 0.02155131236352819 109
1616534701585 0.010249174735013475 110
1616534826403 0.010014050342935198 111
1616534951492 0.01585073059702173 112
1616535076309 0.018378725949120014 113
1616535200981 0.012039455684258583 114
1616535325814 0.010817598610957886 115
1616535450920 0.010329479847024096 116
1616535575856 0.020439915557173973 117
1616535700857 0.01652108667854299 118
1616535825947 0.049589555472769636 119
1616535950988 0.026252408650644283 120
1616536076118 0.02007281609830704 121
1616536201600 0.01904386860576082 122
1616536326795 0.010439429115107719 123
1616536451622 0.013812102991691295 124
1616536576475 0.013250382418962234 125
1616536701430 0.011873614478935587 126
1616536826456 0.006892306214951454 127
1616536951521 0.01507437056762741 128
1616537076626 0.008385396067132341 129
1616537201706 0.012253465051663684 130
1616537326618 0.014434001071656004 131
1616537451878 0.008369408250647657 132
1616537577216 0.010434773889310817 133
1616537702291 0.009896325839168213 134
1616537827420 0.006822088832392338 135
1616537952759 0.00469596156890088 136
1616538077752 0.013801382557350271 137
1616538202689 0.00218971830574756 138
1616538327754 0.019808268610467302 139
1616538453290 0.0064822585975870175 140
1616538578624 0.011078863127275984 141
1616538703611 0.01943248708514457 142
1616538828691 0.012094983989571003 143
1616538953737 0.009407227343701302 144
1616539078807 -3.6491814287419015e-05 145
1616539203670 0.004067138669655678 146
1616539328563 0.0004918717957557516 147
1616539453579 0.004400892024661632 148
1616539578508 0.0018225811184086698 149
1616539703445 0.004245665162167651 150
1616539828354 0.012674400999032437 151
1616539953430 0.007412379488666007 152
1616540078763 0.003053099848330021 153
1616540203922 0.0033999012109447034 154
1616540329154 -0.0006316876474847185 155
1616540454164 0.00462774191289506 156
1616540579018 0.006366663117040979 157
1616540703944 0.008261397619672279 158
1616540828932 0.007292548590835104 159
1616540954532 -0.00480865663353433 160
1616541079455 -0.0008695588665122682 161
1616541204534 -0.00022644716057371587 162
1616541329643 -0.0005027087841262209 163
1616541454947 -0.0036685246023091863 164
1616541580215 0.00888426328434589 165
1616541705054 0.005748804024559386 166
1616541830137 0.06906888879677082 167
1616541955160 0.05151020886099085 168
1616542080281 0.022661687806248665 169
1616542205485 0.00893179337157214 170
1616542330214 0.013235145169211196 171
1616542455081 0.010552974695220907 172
1616542580401 0.0019259626600653568 173
1616542705312 -0.00300784383286187 174
1616542830459 0.0064322336160756175 175
1616542955482 0.0014025167898928865 176
1616543080394 -0.0027634674841736226 177
1616543205551 0.0010603304080506588 178
1616543330396 -0.001391286387088451 179
1616543455788 0.0203060032007225 180
1616543580707 0.014379137017308398 181
1616543705753 -0.0005787330620149349 182
1616543830675 0.0022128173843660253 183
1616543955513 -0.0002131654702602549 184
1616544080368 -0.0021927626209056125 185
1616544205444 0.00021731839614345672 186
1616544330261 0.026603575498658293 187
1616544455440 -0.0004386724111564616 188
1616544580078 -0.0027718627627225634 189
1616544705158 -0.003866087665107656 190
1616544830447 -0.0073285990771144 191
1616544955337 -0.004348535506807743 192
1616545080355 0.001170222706934239 193
1616545205398 0.011276404749839864 194
1616545330755 0.006091824336413374 195
1616545455611 0.0022391771223950895 196
1616545580736 -0.0022991900827656403 197
1616545705717 -0.0003344983139887769 198
1616545830819 -0.003946080467009798 199
1616545955904 0.0028214248174682575 200
1616546081199 -0.004974790036361268 201
1616546205969 -0.008930380020211352 202
1616546331122 0.003935903390037253 203
1616546456211 0.0030379842253441505 204
1616546581651 -0.005446699606452851 205
1616546706524 -0.0030824563049889624 206
1616546831339 -0.005785713150621729 207
1616546956407 -0.0031310157612600225 208
1616547081329 -0.0030745107165359438 209
1616547206522 -0.00567248996664235 210
1616547331570 -0.0035057253342993715 211
1616547456366 -0.011609818984536415 212
1616547581174 -0.004699907206157421 213
1616547706096 -0.005775032029982577 214
1616547831231 -0.007614728618175425 215
1616547956042 -0.008898628499121108 216
1616548081311 -0.01352830302525074 217
1616548206322 -0.005647440837260256 218
1616548331826 -0.00615636536732633 219
1616548457081 0.01024515391822825 220
1616548581895 -0.008943514918234753 221
1616548706848 -0.007878432327762563 222
1616548832070 -0.009421402608302045 223
1616548957224 -0.006697750789053897 224
1616549082517 -0.009641809963641014 225
1616549207652 -0.00959699882313292 226
1616549332818 -0.011994703791718533 227
1616549457932 -0.006290525415951901 228
1616549582967 -0.008230283281746064 229
1616549708201 -0.002934671066542889 230
1616549833508 -0.005850244531447583 231
1616549958616 -0.010336998810476445 232
1616550083827 -8.156051502582875e-05 233
1616550209168 -0.01318347505591017 234
1616550334246 -0.0066141593765388145 235
1616550459169 -0.00991605412452779 236
1616550584149 -0.013580723091008816 237
1616550709374 -0.013616634354470893 238
1616550834086 -0.007751551020811213 239
1616550959229 -0.0045182688082469275 240
1616551084475 -0.0010586260679237387 241
1616551209770 -0.004244285298788801 242
1616551334681 -0.0022668119797364192 243
1616551460052 -0.0031653645032263815 244
1616551585104 -0.008494494780105478 245
1616551709988 -0.012168638665783913 246
1616551834875 0.002629979077647341 247
1616551959850 0.030705148393803453 248
1616552085377 0.007142254686419 249
