1615000157815 0.40418471427057573 0
1615000245814 0.46908957090985437 1
1615000333930 0.5219103045920682 2
1615000421895 0.5436096397040949 3
1615000509846 0.5600858410587509 4
1615000597928 0.5645262043956807 5
1615000686082 0.5799315486469411 6
1615000774123 0.5897150350726862 7
1615000862428 0.5968504808559939 8
1615000950424 0.6052548611578075 9
1615001038679 0.6129051782346623 10
1615001127246 0.6135306283940319 11
1615001215487 0.6172116980887691 12
1615001303629 0.6201939878989633 13
1615001391909 0.6191312213969337 14
1615001479703 0.6218117052491815 15
1615001567735 0.6238996890983871 16
1615001656007 0.6272318888333851 17
1615001743975 0.6291787989876398 18
1615001831755 0.6313113802249917 19
1615001919919 0.6329482908969438 20
1615002008226 0.6365063042702321 21
1615002096206 0.6390295654453653 22
1615002184123 0.6409012370744217 23
1615002272204 0.6441047506228718 24
1615002360433 0.6454976844177428 25
1615002448462 0.6456127388308277 26
1615002536377 0.6481776238594043 27
1615002624412 0.6486731459783912 28
1615002712051 0.6487720827063821 29
1615002799978 0.652310120985847 30
1615002887990 0.6538775263378763 31
1615002975938 0.6552640685199672 32
1615003063901 0.6571504741375492 33
1615003151729 0.6581782051196362 34
1615003239679 0.6589497556030075 35
1615003327702 0.6605675624319666 36
1615003415669 0.661966875710879 37
1615003503834 0.663489683506396 38
1615003591681 0.6648223840485809 39
1615003679752 0.6662969365732885 40
1615003767801 0.6677673337821219 41
1615003855982 0.6683702152066228 42
1615003944056 0.6683111321254803 43
1615004031871 0.669923738496272 44
1615004119722 0.6699922977589658 45
1615004207902 0.6713793174971378 46
1615004295881 0.6714660616386801 47
1615004383792 0.6717630356450597 48
1615004471862 0.6728041392402053 49
1615004560257 0.6739287734231553 50
1615004648356 0.6752422406986611 51
1615004736242 0.6761492927273426 52
1615004824407 0.6772184091716194 53
1615004912283 0.6784293178401224 54
1615005000248 0.6787481248040212 55
1615005088337 0.6794971595699625 56
1615005176490 0.6800734549428114 57
1615005264555 0.681278996018472 58
1615005352483 0.6814419570799153 59
1615005440527 0.682498307041873 60
1615005528667 0.6840760401004273 61
1615005616455 0.6849142877526958 62
1615005704227 0.6857059009891258 63
1615005792369 0.6865498486486857 64
1615005880274 0.687782798053033 65
1615005968306 0.6883084521667596 66
1615006056285 0.6889241751746091 67
1615006144337 0.6897002838977646 68
1615006232199 0.6908371511030567 69
1615006320043 0.6921263739461068 70
1615006408245 0.6928691018338508 71
1615006496166 0.6941741280632155 72
1615006583976 0.6948423782761903 73
1615006672282 0.6962154979949856 74
1615006760489 0.6968566280518553 75
1615006848526 0.6974646437556883 76
1615006936757 0.697937209460484 77
1615007025033 0.6982718535993705 78
1615007113159 0.6993606276020182 79
1615007201209 0.7001010796241555 80
1615007289472 0.7004738250478381 81
1615007377485 0.7011690553380094 82
1615007465526 0.7022698022904903 83
1615007553517 0.7030166545379867 84
1615007641372 0.7032904696372275 85
1615007729344 0.7042227159807958 86
1615007817196 0.705078249709342 87
1615007905150 0.7056746039165172 88
1615007993052 0.706296175753417 89
1615008081074 0.7068131604145131 90
1615008169114 0.7073061224986583 91
1615008257255 0.707718991887713 92
1615008345121 0.7080411389674197 93
1615008433079 0.7088006125313444 94
1615008520876 0.7093795566485386 95
1615008608685 0.7096047486976326 96
1615008696574 0.7098755465362997 97
1615008784724 0.7103563543445474 98
1615008872702 0.7108531547688305 99
1615008960694 0.7117090002561849 100
1615009048601 0.7121753120947099 101
1615009136680 0.7125185654379225 102
1615009224684 0.7132227990765496 103
1615009312690 0.7141088151315128 104
1615009400451 0.7145051283452564 105
1615009488417 0.7147412088613082 106
1615009576355 0.7152410225725709 107
1615009664414 0.7158678707225095 108
1615009752361 0.7165010833903774 109
1615009840358 0.7168999470506863 110
1615009928587 0.7169062885354556 111
1615010016411 0.7168972827746244 112
1615010104371 0.7171928902214102 113
1615010192882 0.7175828555357143 114
1615010280779 0.7181366637346163 115
1615010368893 0.7185898562430398 116
1615010456866 0.7189382611172109 117
1615010544697 0.7193624592583986 118
1615010632726 0.7194294125765148 119
1615010720882 0.7200586694975022 120
1615010808847 0.7203274756477417 121
1615010896981 0.7206803160827336 122
1615010984988 0.721325111179597 123
1615011072952 0.7214623843660812 124
1615011160955 0.7220144651952076 125
1615011248701 0.7225621305831258 126
1615011336653 0.7230743278456288 127
1615011424848 0.723825021197941 128
1615011512780 0.7240360818632172 129
1615011600780 0.724388379428024 130
1615011688686 0.7251633293825405 131
1615011776763 0.7255699523206713 132
1615011864681 0.726066589520164 133
1615011952510 0.7261004504358304 134
1615012040432 0.7264661748241211 135
1615012128434 0.7270402066156119 136
1615012216659 0.7273739859786447 137
1615012304593 0.7279676965161608 138
1615012392375 0.7282000303232761 139
1615012480741 0.7284527708439241 140
1615012568650 0.7284700967307212 141
1615012656523 0.7289928800201599 142
1615012744695 0.7293433717392767 143
1615012832863 0.7295962381896138 144
1615012920893 0.7297770135921422 145
1615013008854 0.7299065001553062 146
1615013096966 0.7300888299743281 147
1615013185213 0.7302989084240961 148
1615013273053 0.7307172965278058 149
1615013361214 0.7311233673359917 150
1615013449137 0.7315229754746021 151
1615013537317 0.7317363788120193 152
1615013625383 0.7319983510460244 153
1615013713316 0.7322555912775208 154
1615013801229 0.7326161861222978 155
1615013889321 0.732701998518617 156
1615013977193 0.7330466402687544 157
1615014065237 0.7333728924814383 158
1615014152796 0.7335141389112615 159
1615014240922 0.733771004261914 160
1615014329069 0.7340863304134682 161
1615014416876 0.7343284498727283 162
1615014504613 0.7345713287517824 163
1615014592616 0.7348325082223566 164
1615014680685 0.7351820679975284 165
1615014768676 0.7356785957292622 166
1615014856504 0.7358845029372538 167
1615014944570 0.7360724236574407 168
1615015032403 0.7365655437539276 169
1615015120694 0.7371508955484808 170
1615015208576 0.7375942484503454 171
1615015296610 0.7378145576572586 172
1615015384526 0.7382033866986792 173
1615015472313 0.7384887396816292 174
1615015560217 0.7388213929488168 175
1615015648161 0.7390330608323339 176
1615015736323 0.7393119666138496 177
1615015824346 0.7395682708038301 178
1615015912403 0.7398326491444671 179
1615016000276 0.7402445945200152 180
1615016088356 0.7406675468767795 181
1615016176107 0.7409904848537385 182
1615016264420 0.7412392563156769 183
1615016352394 0.741386256254066 184
1615016440279 0.7417593401947714 185
1615016528243 0.7418854184839218 186
1615016616232 0.7419936108966104 187
1615016704014 0.742239560977904 188
1615016792435 0.742653096713448 189
1615016880968 0.7430157448855971 190
1615016968800 0.7433056914021217 191
1615017056825 0.7436492917281794 192
1615017144742 0.744035009628372 193
1615017232679 0.7441126688919315 194
1615017320411 0.7442955360691896 195
1615017408175 0.7444857676621776 196
1615017496095 0.7446211196226785 197
1615017583936 0.7447094160832246 198
1615017671592 0.744933567256079 199
1615017759611 0.7452422215675183 200
1615017847418 0.7454948406440876 201
1615017935313 0.7458546330408492 202
1615018023181 0.7461555068982328 203
1615018110938 0.7463662695125358 204
1615018198862 0.7466699067261219 205
1615018286974 0.7470596482917875 206
1615018374938 0.7472896679552818 207
1615018462850 0.7475876412572783 208
1615018550899 0.7479610855136539 209
1615018639088 0.7482433568729948 210
1615018727243 0.748576788350219 211
1615018815448 0.7487773450078138 212
1615018903367 0.7490852296154389 213
1615018991443 0.749332435764687 214
1615019079628 0.7494986206108801 215
1615019167507 0.7497141737566456 216
1615019255736 0.7499387585192517 217
1615019343663 0.7501654232755143 218
1615019431815 0.7503573319574103 219
1615019520031 0.7506545955663073 220
1615019608016 0.7508741927068157 221
1615019695902 0.7510511721834817 222
1615019783738 0.7512538671522371 223
1615019871738 0.751467150662241 224
1615019959707 0.7516487326060739 225
1615020047643 0.7519548429259496 226
1615020135507 0.7522092850658041 227
1615020223407 0.752426788156275 228
1615020311464 0.752651002082136 229
1615020399783 0.7527916185768408 230
1615020487816 0.7530933641343412 231
1615020575886 0.753340383713254 232
1615020664087 0.7535952959576815 233
1615020751929 0.7539936238458116 234
1615020840035 0.7541733643047969 235
1615020927984 0.754389644266218 236
1615021016216 0.754577769385163 237
1615021104225 0.7547509750221402 238
1615021192292 0.7549394737244272 239
1615021280525 0.7552408976272641 240
1615021368610 0.7552601806157758 241
1615021456514 0.7554495377024938 242
1615021544515 0.7555474899763276 243
1615021632438 0.7558110469680037 244
1615021720536 0.7561076172644433 245
1615021808413 0.7563088791724218 246
1615021896428 0.7564774121733323 247
1615021984545 0.7567233358524383 248
1615022072548 0.756852651657577 249
1615022160311 0.7568695674593526 250
1615022248510 0.7571583962915451 251
1615022336545 0.7573748746864754 252
1615022424423 0.7574865827862226 253
1615022512363 0.7576917259298402 254
1615022600357 0.757977117688303 255
1615022688281 0.7582067763984729 256
1615022776188 0.7584494579415293 257
1615022864335 0.758668309365793 258
1615022952266 0.758877290063916 259
1615023040237 0.7590839804208941 260
1615023128309 0.7591882479356471 261
1615023216131 0.7593550435398106 262
1615023303985 0.7596681480150622 263
1615023392027 0.7598149221191812 264
1615023479984 0.7600245049922654 265
1615023567876 0.760290438413035 266
1615023655787 0.7604894204535211 267
1615023743700 0.760639902942104 268
1615023832052 0.760796721282077 269
1615023920153 0.7609716867947416 270
1615024008390 0.7611383427416822 271
1615024096353 0.761235196752461 272
1615024184148 0.7614178633710911 273
1615024272441 0.7616352659116973 274
1615024360376 0.7619036490766226 275
1615024448729 0.7621104894410157 276
1615024536904 0.7623486955593296 277
1615024625141 0.7624484069048288 278
1615024713141 0.7625523221763695 279
1615024800939 0.762590233532485 280
1615024888905 0.762662853246438 281
1615024976956 0.7629279960849248 282
1615025064999 0.7630063378032693 283
1615025153090 0.7631950664591896 284
1615025240878 0.7633040411037891 285
1615025328938 0.763544104755674 286
1615025416802 0.7637934509883921 287
1615025504768 0.7639787023589907 288
1615025593191 0.7641573155680516 289
1615025681234 0.7642582840190743 290
1615025769084 0.7643503100120578 291
1615025856902 0.7645442092972751 292
1615025945158 0.7646698925985593 293
1615026033045 0.7648747382989023 294
1615026120930 0.7650649462426056 295
1615026208730 0.7651781656591613 296
1615026296848 0.7653857343600889 297
1615026384995 0.7655996984736481 298
1615026472909 0.765772827748853 299
1615026561030 0.7659854185225523 300
1615026648937 0.7660735809694537 301
1615026736850 0.7661760247200842 302
1615026824713 0.7662980628870486 303
1615026912573 0.7663536852091337 304
1615027000587 0.766548284610506 305
1615027088659 0.7667771267692367 306
1615027176693 0.7669582642098544 307
1615027265196 0.7670839253596786 308
1615027353487 0.7672782232642585 309
1615027441926 0.7674610477332897 310
1615027529809 0.7676706542806936 311
1615027617654 0.7678018172829078 312
1615027705587 0.7679411618430017 313
1615027793449 0.7681654813462393 314
1615027881469 0.7683606336123323 315
1615027969608 0.7685345413125716 316
1615028057676 0.7687385105820107 317
1615028145599 0.7689081241343624 318
1615028233752 0.7689878060032063 319
1615028321838 0.7691265953788863 320
1615028409970 0.7692679197279528 321
1615028498122 0.7694680577727131 322
1615028586118 0.7695764846236818 323
1615028674106 0.769657338506245 324
1615028761976 0.7698513462233326 325
1615028850010 0.7700741605835744 326
1615028937976 0.7702216292528958 327
1615029026006 0.7703519858415869 328
1615029114233 0.7705211822644992 329
1615029202473 0.7707025591641113 330
1615029290642 0.7709079946331996 331
1615029378681 0.771028005137719 332
1615029467123 0.7711323155176222 333
1615029555022 0.7713281293866063 334
1615029642806 0.7714327624688091 335
1615029730838 0.7714937442168558 336
1615029819192 0.7715903615467944 337
1615029906905 0.7716286782045657 338
1615029994988 0.7717621696781563 339
1615030083316 0.7719327756343761 340
1615030171516 0.7721606788394468 341
1615030259585 0.7723329963298463 342
1615030347605 0.772481227583828 343
1615030435473 0.7726417972344687 344
1615030523518 0.7728469041143792 345
1615030611584 0.7729767315951346 346
1615030699562 0.7730879998947577 347
1615030787607 0.7731893717994861 348
1615030875873 0.7733028500014691 349
1615030963950 0.7734788694150222 350
1615031051827 0.773598602599203 351
1615031139963 0.773825919639426 352
1615031228173 0.7739678739820421 353
1615031316129 0.77405270887023 354
1615031404079 0.7741828574301381 355
1615031492175 0.7743618037268977 356
1615031580202 0.7744757158949755 357
1615031668037 0.7745947255374159 358
1615031755802 0.7747473466943717 359
1615031843900 0.7748608397638184 360
1615031931984 0.7749617313623487 361
1615032020021 0.7751370835952951 362
1615032107727 0.7752332725779508 363
1615032195877 0.775362543433671 364
1615032283942 0.7754924789744573 365
1615032371929 0.7755927673384259 366
1615032460238 0.7757524849043996 367
1615032548455 0.7759197420580684 368
1615032636695 0.7760305886637935 369
1615032724562 0.7761343826553123 370
1615032812539 0.7763362310143834 371
1615032900581 0.776512632018312 372
1615032988485 0.7766113014781402 373
1615033076356 0.7766905447887704 374
1615033164656 0.7768218756941606 375
1615033252345 0.7769432886902058 376
1615033340249 0.776989695575208 377
1615033428281 0.7771650761599715 378
1615033516130 0.7772575491744161 379
1615033604081 0.7774074287963981 380
1615033692101 0.7775299903919864 381
1615033780333 0.777630519778333 382
1615033868526 0.7777910003777593 383
1615033956610 0.7779663670813277 384
1615034044644 0.7781312576552063 385
1615034132452 0.778330158317231 386
1615034220449 0.7784459286000572 387
1615034308526 0.7785951323147726 388
1615034396392 0.7786863495222635 389
1615034484426 0.7787891168440632 390
1615034572333 0.7789659414132535 391
1615034660497 0.7790556295104133 392
1615034748636 0.7791732336346117 393
1615034836843 0.7792860622791016 394
1615034925048 0.7794277669810423 395
1615035012819 0.7795326450975488 396
1615035100838 0.7796158205310691 397
1615035188652 0.779730595742314 398
1615035276798 0.7798938917149543 399
1615035364877 0.7800158271864364 400
1615035453233 0.7801886516790629 401
1615035541204 0.7803524184050851 402
1615035629347 0.7804979110278335 403
1615035717246 0.7805951315239653 404
1615035805210 0.7807795744331409 405
1615035893162 0.7808826849998997 406
1615035981010 0.7810351325413549 407
1615036068985 0.7811830113586619 408
1615036156920 0.7813247732940473 409
1615036244713 0.7814471800218796 410
1615036332829 0.7815918993933632 411
1615036421071 0.7817181199644109 412
1615036508855 0.7818189801137977 413
1615036596758 0.7819166713863345 414
1615036684665 0.7819668372413994 415
1615036772733 0.7821313301030451 416
1615036860602 0.78220416709885 417
1615036948667 0.7823533741034739 418
1615037036606 0.7824657953453532 419
1615037124624 0.7825156379697249 420
1615037212314 0.7826156238554631 421
1615037300259 0.7827038053621193 422
1615037388247 0.7828750968256014 423
1615037475987 0.7830125476605839 424
1615037563936 0.7831368299971798 425
1615037652000 0.7832673041132854 426
1615037740039 0.7834093884482076 427
1615037828099 0.7835228851742488 428
1615037916343 0.7836770299163398 429
1615038004425 0.7837977135577662 430
1615038092346 0.7839309840052145 431
1615038180518 0.7840776579786259 432
1615038268636 0.7842413455930712 433
1615038356808 0.784416572549617 434
1615038444572 0.784541023253042 435
1615038532433 0.7846550793846043 436
1615038620453 0.7847548546693504 437
1615038708599 0.7848604801665623 438
1615038796381 0.7849510945707318 439
1615038884526 0.7850742544917886 440
1615038972241 0.785201636567511 441
1615039060356 0.7853263858227104 442
1615039148312 0.7854415569459537 443
1615039239501 0.7855006033273743 444
1615039327555 0.7855787279933698 445
1615039415465 0.7856137145731423 446
1615039503392 0.7857614325035798 447
1615039591238 0.7858528530785875 448
1615039679163 0.7859439061863951 449
1615039767257 0.786040074777747 450
1615039855320 0.7861743847042897 451
1615039943368 0.7863581602573365 452
1615040031335 0.7864291557817802 453
1615040119350 0.7865120463165342 454
1615040207389 0.7866447814617904 455
1615040295736 0.7867627334131867 456
1615040384325 0.7868474758064194 457
1615040471992 0.7868999765321275 458
1615040560138 0.7869833580319696 459
1615040648376 0.7870906807545488 460
1615040736433 0.7872216556151758 461
1615040824634 0.7873538532125366 462
1615040912375 0.7875329178863216 463
1615041000197 0.78763416089167 464
1615041088296 0.7877782411731762 465
1615041176229 0.7878618631721642 466
1615041263852 0.7879642842003418 467
1615041351598 0.7881113740013396 468
1615041439279 0.788263960481919 469
1615041527281 0.7883644627677884 470
1615041615247 0.7885494733274458 471
1615041703237 0.7886687253017637 472
1615041791249 0.7888095302211701 473
1615041878893 0.7889346079992706 474
1615041966878 0.7890755573115658 475
1615042054862 0.7891818337179428 476
1615042142713 0.789247913789518 477
1615042230406 0.7893409502768386 478
1615042318106 0.7894546241976911 479
1615042406282 0.789574464676993 480
1615042494091 0.7896982249368821 481
1615042581764 0.7897523497799209 482
1615042669759 0.7898866488415126 483
1615042757519 0.790024611207227 484
1615042845506 0.7901014150683815 485
1615042933674 0.7902095546114353 486
1615043021667 0.7903401404042344 487
1615043109815 0.7904260554338143 488
1615043197741 0.7905510905565608 489
1615043285743 0.7906649568626856 490
1615043373506 0.7907901584377284 491
1615043461229 0.7908848027944473 492
1615043549246 0.7910311463917296 493
1615043637062 0.791113185681615 494
1615043724842 0.7912370950259427 495
1615043812587 0.7913661734061328 496
1615043900415 0.791503867500527 497
1615043988342 0.791658929992887 498
1615044076293 0.7917981288985446 499
