1615000157813 0.5594031152890083 0
1615000245812 0.5059741749329135 1
1615000333928 0.46677442042962874 2
1615000421894 0.44984230413002535 3
1615000509844 0.4389757531120422 4
1615000597927 0.4374334786272218 5
1615000686081 0.4241226674439697 6
1615000774121 0.4163918156335329 7
1615000862427 0.4119694183182069 8
1615000950423 0.4055088620553626 9
1615001038678 0.3992448900925352 10
1615001127244 0.3996514102695048 11
1615001215485 0.39703955030016935 12
1615001303627 0.39409823135945576 13
1615001391908 0.3957786576809191 14
1615001479702 0.393158602533228 15
1615001567733 0.392642821678344 16
1615001656005 0.3908703423701844 17
1615001743973 0.3892576292090427 18
1615001831753 0.38730242267805853 19
1615001919917 0.38588105741484435 20
1615002008224 0.3831209313066774 21
1615002096204 0.3811940951281461 22
1615002184122 0.38009926306532954 23
1615002272203 0.3776198250435769 24
1615002360431 0.376601116097671 25
1615002448460 0.3770242881226531 26
1615002536375 0.374634923925765 27
1615002624410 0.37441051416837035 28
1615002712049 0.3743036732843794 29
1615002799976 0.37139603964007717 30
1615002887988 0.37055507792714754 31
1615002975936 0.3695817749579825 32
1615003063899 0.3680772488291034 33
1615003151727 0.367604981020863 34
1615003239677 0.3669828997647509 35
1615003327700 0.365993089988922 36
1615003415667 0.3652902612815145 37
1615003503831 0.3642653321641037 38
1615003591679 0.36332992818801013 39
1615003679750 0.36244680624422354 40
1615003767798 0.3614087695956019 41
1615003855981 0.3612109839912543 42
1615003944054 0.36157201820663837 43
1615004031869 0.3603734539015919 44
1615004119720 0.3603777547490118 45
1615004207900 0.35947471365481015 46
1615004295879 0.3596918326571373 47
1615004383790 0.35969671086803295 48
1615004471860 0.3592073212405469 49
1615004560255 0.35857906676191664 50
1615004648354 0.35786792968815956 51
1615004736240 0.35716686448039714 52
1615004824405 0.35643797088634604 53
1615004912281 0.35570661302519035 54
1615005000246 0.3554439939796291 55
1615005088335 0.3550423166425027 56
1615005176488 0.354777502296431 57
1615005264553 0.3539554873878372 58
1615005352481 0.353935575667531 59
1615005440525 0.3532525694480456 60
1615005528665 0.3521210488236229 61
1615005616453 0.35169380718048904 62
1615005704225 0.35111862586494136 63
1615005792367 0.35060162299637315 64
1615005880273 0.34978896514455554 65
1615005968304 0.34964165210998327 66
1615006056283 0.34933881526428257 67
1615006144335 0.3488900231227917 68
1615006232198 0.34810376275092997 69
1615006320041 0.34726735111577156 70
1615006408243 0.3469772827404223 71
1615006496164 0.3461058262037452 72
1615006583974 0.34574447917125906 73
1615006672280 0.34480400218397167 74
1615006760487 0.3445510267585616 75
1615006848524 0.34434502123427607 76
1615006936755 0.3441686213638408 77
1615007025032 0.34415971532708833 78
1615007113157 0.34349073999105617 79
1615007201207 0.3431094836239148 80
1615007289470 0.3430305380213737 81
1615007377483 0.34271692162605466 82
1615007465524 0.3420020281181509 83
1615007553515 0.34160407316289343 84
1615007641370 0.34158098335455744 85
1615007729343 0.3410605357758979 86
1615007817194 0.34052722801848867 87
1615007905148 0.3403670584189387 88
1615007993050 0.3400951943234771 89
1615008081072 0.3398785635180943 90
1615008169112 0.3397282375579322 91
1615008257253 0.339663443060345 92
1615008345119 0.33957125593757614 93
1615008433077 0.33916473017728066 94
1615008520875 0.3388802244522813 95
1615008608683 0.3389691375236836 96
1615008696572 0.3389889537621672 97
1615008784722 0.33890993630222516 98
1615008872700 0.33877184161797474 99
1615008960692 0.33835086921924074 100
1615009048600 0.33822318469086776 101
1615009136678 0.33819492486938657 102
1615009224682 0.33789877683601033 103
1615009312688 0.3374142542149278 104
1615009400449 0.3373457907700169 105
1615009488415 0.33743313318172147 106
1615009576353 0.3372992063432907 107
1615009664412 0.33702111288413567 108
1615009752359 0.3367545070656262 109
1615009840356 0.3366292768413475 110
1615009928585 0.33691561330494807 111
1615010016409 0.3370665465987484 112
1615010104368 0.3370990454149405 113
1615010192880 0.33705033221722297 114
1615010280778 0.3368359834300141 115
1615010368891 0.33676263530794354 116
1615010456864 0.33669669727341067 117
1615010544695 0.3365876628507254 118
1615010632724 0.33674655943606957 119
1615010720880 0.3365327025355427 120
1615010808845 0.33656837223900027 121
1615010896979 0.33653384094867406 122
1615010984986 0.3362581944355181 123
1615011072950 0.33641623970422324 124
1615011160953 0.3362079512457494 125
1615011248699 0.33599954090599304 126
1615011336651 0.3358412362100119 127
1615011424846 0.33544251610299597 128
1615011512778 0.3355298172725202 129
1615011600778 0.33553011953559647 130
1615011688684 0.335152076900745 131
1615011776761 0.3351013679513261 132
1615011864678 0.33495627989221755 133
1615011952508 0.33516825319299354 134
1615012040430 0.3351138518186044 135
1615012128432 0.334927438250201 136
1615012216657 0.3349151724017293 137
1615012304591 0.33470916850231464 138
1615012392373 0.3347866874290091 139
1615012480739 0.33492786545203557 140
1615012568648 0.3351434170172747 141
1615012656521 0.33497536075871664 142
1615012744693 0.33497299954193865 143
1615012832861 0.33505641450819845 144
1615012920891 0.33518693750955997 145
1615013008852 0.33537066185555475 146
1615013096964 0.3354393287169274 147
1615013185210 0.3355362403823462 148
1615013273051 0.3354375262262549 149
1615013361212 0.33536470691822123 150
1615013449135 0.3353078868219258 151
1615013537315 0.33546622054804964 152
1615013625381 0.33551733064125255 153
1615013713315 0.33561023825149283 154
1615013801227 0.3356013328275975 155
1615013889319 0.33582829920793855 156
1615013977191 0.3358382620970866 157
1615014065235 0.3358499253512416 158
1615014152794 0.33594342149952605 159
1615014240919 0.33600180675079294 160
1615014329067 0.3360760252162448 161
1615014416874 0.33613725354163876 162
1615014504611 0.3362080067759605 163
1615014592614 0.3362949166747155 164
1615014680683 0.33632129322860627 165
1615014768674 0.3361981487460978 166
1615014856502 0.33631612037864267 167
1615014944568 0.3364774530394 168
1615015032401 0.33640975571786486 169
1615015120692 0.3362501204130629 170
1615015208574 0.3362124106150445 171
1615015296608 0.33631806453554064 172
1615015384524 0.3362983819192939 173
1615015472311 0.3363429254628602 174
1615015560215 0.33635953500167926 175
1615015648159 0.33645816397023504 176
1615015736321 0.33653716488286894 177
1615015824343 0.336646107410571 178
1615015912401 0.3367759732216876 179
1615016000275 0.3367456537669743 180
1615016088354 0.3367342160671062 181
1615016176105 0.33678889188838806 182
1615016264418 0.3369144586653246 183
1615016352392 0.3370904765599001 184
1615016440277 0.3371117870144167 185
1615016528241 0.337288186201627 186
1615016616230 0.3374936470054442 187
1615016704012 0.33758527587176185 188
1615016792433 0.3375439884497762 189
1615016880965 0.3376249144470237 190
1615016968798 0.33771222669066486 191
1615017056823 0.33776721066879767 192
1615017144740 0.33777541023407165 193
1615017232677 0.337992597914789 194
1615017320408 0.33816637774776526 195
1615017408173 0.3383531172533813 196
1615017496093 0.33856666002918134 197
1615017583935 0.3388187225964199 198
1615017671590 0.3389625953565884 199
1615017759609 0.3390549400315985 200
1615017847416 0.3391717639458423 201
1615017935311 0.33921653220656256 202
1615018023179 0.33932067411277583 203
1615018110936 0.3394590512575355 204
1615018198860 0.33956691574715425 205
1615018286972 0.33957819541387235 206
1615018374936 0.33973916838823526 207
1615018462848 0.3398335500034659 208
1615018550897 0.33985858613355274 209
1615018639086 0.33998175273412046 210
1615018727241 0.34006134343764594 211
1615018815446 0.3402648032315898 212
1615018903365 0.34037325091602216 213
1615018991441 0.3405333503815336 214
1615019079626 0.3407403416726134 215
1615019167505 0.34093307305015225 216
1615019255734 0.34110797663687725 217
1615019343660 0.34130576003281676 218
1615019431812 0.3414944307226505 219
1615019520029 0.341600661642388 220
1615019608014 0.3417734179145213 221
1615019695900 0.34201974345676955 222
1615019783736 0.342205656996693 223
1615019871736 0.342394350738249 224
1615019959705 0.34259463281542 225
1615020047640 0.3427152862428935 226
1615020135505 0.3428515520978601 227
1615020223405 0.3430296178236719 228
1615020311462 0.34320321385365277 229
1615020399780 0.3434533119171463 230
1615020487814 0.3435974456151222 231
1615020575884 0.3437826659041563 232
1615020664085 0.34396240108255705 233
1615020751927 0.3440010976783284 234
1615020840033 0.3442328654228295 235
1615020927982 0.3444643998890644 236
1615021016214 0.34469185354267656 237
1615021104223 0.3449396707928742 238
1615021192290 0.3451489809325874 239
1615021280524 0.34528215423553904 240
1615021368608 0.3456110596861174 241
1615021456512 0.34582804679210394 242
1615021544514 0.34612083577664293 243
1615021632436 0.3462775180631493 244
1615021720534 0.3464286329385482 245
1615021808411 0.3466500051499941 246
1615021896425 0.34689044414692793 247
1615021984543 0.3470930244376043 248
1615022072546 0.34738903434733104 249
1615022160308 0.3477063430227685 250
1615022248508 0.3478724377098334 251
1615022336543 0.34811094108902846 252
1615022424421 0.34841924527755785 253
1615022512361 0.34865088139131833 254
1615022600355 0.3488275811603746 255
1615022688278 0.34905246745877333 256
1615022776185 0.34926110155893947 257
1615022864333 0.3494729787456481 258
1615022952264 0.34968979465737066 259
1615023040235 0.34991874709801885 260
1615023128307 0.3502224148322964 261
1615023216129 0.3504638509066461 262
1615023303983 0.3506399710620028 263
1615023392025 0.3509368298009234 264
1615023479982 0.3511838073364124 265
1615023567874 0.35137709970730335 266
1615023655785 0.35163129234278934 267
1615023743698 0.3519033317147793 268
1615023832050 0.3521852886158945 269
1615023920151 0.35245780948111655 270
1615024008388 0.35273735731891404 271
1615024096350 0.35307692179001815 272
1615024184146 0.35335604616850574 273
1615024272439 0.35361578970744006 274
1615024360374 0.35384110403150953 275
1615024448727 0.3541082987291845 276
1615024536902 0.3543711209630647 277
1615024625139 0.3547096552544177 278
1615024713139 0.3550550564602695 279
1615024800937 0.35542573846784653 280
1615024888903 0.35578414601596625 281
1615024976954 0.35599273436836293 282
1615025064997 0.35638142492681285 283
1615025153088 0.35667554904338605 284
1615025240876 0.3570267795244907 285
1615025328936 0.35726097318992045 286
1615025416800 0.3575060513067601 287
1615025504766 0.3578091040242667 288
1615025593190 0.35811454539330045 289
1615025681231 0.35847553413873634 290
1615025769081 0.3588393564444306 291
1615025856900 0.35912631630678926 292
1615025945156 0.35946627570466344 293
1615026033043 0.35974625854437575 294
1615026120927 0.36006467981085105 295
1615026208728 0.3604146579870418 296
1615026296846 0.3606934697904126 297
1615026384993 0.36099845762758537 298
1615026472907 0.36130505495143256 299
1615026561028 0.36160095524870467 300
1615026648934 0.361978356193552 301
1615026736848 0.3623357400958368 302
1615026824710 0.3627001347879628 303
1615026912570 0.36311885714011183 304
1615027000585 0.36344798476419815 305
1615027088657 0.363752835131425 306
1615027176691 0.36408959837945876 307
1615027265194 0.36445636189214553 308
1615027353485 0.3647675347761821 309
1615027441924 0.3650990709292379 310
1615027529807 0.3654296901412367 311
1615027617652 0.36580301256424025 312
1615027705584 0.366174164011939 313
1615027793446 0.3664800125253799 314
1615027881467 0.3668059639686879 315
1615027969605 0.36715797339760126 316
1615028057675 0.3675068928040717 317
1615028145597 0.36787003482675346 318
1615028233749 0.36828762494186124 319
1615028321835 0.3686657942006306 320
1615028409968 0.369043483686239 321
1615028498120 0.36938479832883286 322
1615028586116 0.36978263535742545 323
1615028674104 0.37020042191160474 324
1615028761974 0.3705528075172825 325
1615028850007 0.37089976057535295 326
1615028937974 0.37128535789869166 327
1615029026004 0.3716926419152128 328
1615029114231 0.37207531437306596 329
1615029202470 0.37244881312445743 330
1615029290639 0.3728051986387754 331
1615029378678 0.37320874645305374 332
1615029467121 0.37364076255635686 333
1615029555020 0.3740127644110345 334
1615029642804 0.3744441126034477 335
1615029730837 0.37489770588978505 336
1615029819190 0.3753317250233143 337
1615029906903 0.37580968292652955 338
1615029994986 0.3762332298644864 339
1615030083314 0.37663063741934477 340
1615030171514 0.3770031986390309 341
1615030259583 0.37740046358435336 342
1615030347603 0.37781898720389895 343
1615030435471 0.37824194072996986 344
1615030523516 0.3786164512283947 345
1615030611582 0.37904582219184035 346
1615030699560 0.3794867710002432 347
1615030787605 0.37996659769318836 348
1615030875871 0.38042679781337607 349
1615030963947 0.3808386241633824 350
1615031051825 0.38130170234156524 351
1615031139960 0.3816904484755045 352
1615031228171 0.38213083018318245 353
1615031316127 0.3826021992056388 354
1615031404077 0.38305165004336905 355
1615031492172 0.3834630268603653 356
1615031580199 0.3839181834378179 357
1615031668035 0.3843785801408184 358
1615031755799 0.38483279493789263 359
1615031843898 0.38529834433008553 360
1615031931981 0.38577994722551073 361
1615032020020 0.38621172330931586 362
1615032107725 0.3866939884082424 363
1615032195875 0.38718037203288674 364
1615032283940 0.38765063399721605 365
1615032371927 0.3881539409523719 366
1615032460236 0.3886285996018017 367
1615032548452 0.3890840258918222 368
1615032636693 0.3895728309934954 369
1615032724560 0.39007882576982905 370
1615032812536 0.39052949147693067 371
1615032900579 0.39098827573089034 372
1615032988483 0.3914902718679013 373
1615033076354 0.39201927535669134 374
1615033164654 0.39250915996720165 375
1615033252343 0.39300879359672475 376
1615033340247 0.39354547500680764 377
1615033428279 0.3940030078284494 378
1615033516128 0.39452064765277217 379
1615033604079 0.3950177320190397 380
1615033692099 0.3955243396157471 381
1615033780331 0.39606768388108005 382
1615033868523 0.3965783616394157 383
1615033956608 0.39708218210373925 384
1615034044641 0.397584906250169 385
1615034132449 0.39807540384583606 386
1615034220447 0.398604116949838 387
1615034308523 0.39912330263739904 388
1615034396390 0.39966789782291107 389
1615034484424 0.40020351250545777 390
1615034572331 0.40070058372400613 391
1615034660494 0.4012554466061257 392
1615034748634 0.4017950471557809 393
1615034836841 0.40233619366891576 394
1615034925046 0.40287859761331235 395
1615035012816 0.4034352173928026 396
1615035100835 0.4040050013895962 397
1615035188650 0.40456025952711916 398
1615035276796 0.4050979315053588 399
1615035364875 0.4056482232323168 400
1615035453231 0.40617987755900914 401
1615035541202 0.40671673957957616 402
1615035629345 0.4072754821921171 403
1615035717244 0.40783850781586234 404
1615035805207 0.4083819518754243 405
1615035893160 0.4089617845520292 406
1615035981008 0.4095400193466034 407
1615036068983 0.410104980810384 408
1615036156918 0.41068108831979305 409
1615036244711 0.4112817577567594 410
1615036332827 0.41186313619469667 411
1615036421069 0.41244098647525324 412
1615036508853 0.41303675220768993 413
1615036596755 0.4136463942779264 414
1615036684663 0.4142818710410051 415
1615036772731 0.41486148048775556 416
1615036860600 0.4154845447828745 417
1615036948664 0.41607932103086953 418
1615037036604 0.41670053149323416 419
1615037124622 0.4173429732339377 420
1615037212312 0.4179905807676241 421
1615037300257 0.4186292436865992 422
1615037388245 0.4192290140816131 423
1615037475985 0.41982822214930426 424
1615037563934 0.42044458861516965 425
1615037651997 0.4210620535826891 426
1615037740037 0.4216753673641761 427
1615037828097 0.4223106338903551 428
1615037916341 0.422926228910404 429
1615038004423 0.42356033958360373 430
1615038092344 0.42419190816742663 431
1615038180516 0.42482626886252006 432
1615038268633 0.4254581149401222 433
1615038356806 0.4260616867327692 434
1615038444570 0.4267086968547238 435
1615038532431 0.42736733138076566 436
1615038620451 0.4280179480946142 437
1615038708597 0.428687897098224 438
1615038796379 0.42937892424501073 439
1615038884523 0.43005364005579516 440
1615038972239 0.4307250515662278 441
1615039060354 0.43138957524095184 442
1615039148310 0.43204769662168796 443
1615039239499 0.4327548755339503 444
1615039327553 0.43344747998064165 445
1615039415463 0.4341398208178716 446
1615039503390 0.43481871505879327 447
1615039591236 0.4355089352765599 448
1615039679161 0.4362156410293372 449
1615039767255 0.43690963547249523 450
1615039855318 0.4375880452953492 451
1615039943365 0.4382694308541431 452
1615040031333 0.4390010880822257 453
1615040119348 0.4397170959899765 454
1615040207387 0.4404307544932249 455
1615040295734 0.4411332310300566 456
1615040384322 0.44185215792701976 457
1615040471990 0.4426039034966181 458
1615040560136 0.4433335461032596 459
1615040648373 0.44405429374914684 460
1615040736431 0.44477713134963576 461
1615040824631 0.4454969144879297 462
1615040912373 0.44621351972544804 463
1615041000194 0.4469389350401727 464
1615041088294 0.4476732027298257 465
1615041176226 0.4484325801002617 466
1615041263849 0.44917399918307876 467
1615041351596 0.4499082852149728 468
1615041439276 0.4506592770975169 469
1615041527279 0.4514267771322776 470
1615041615244 0.4521615601474201 471
1615041703235 0.4529177584948847 472
1615041791247 0.4536755562259364 473
1615041878890 0.4544448081176195 474
1615041966876 0.4552115623567942 475
1615042054859 0.45599020063023643 476
1615042142711 0.4567895349969761 477
1615042230404 0.4575710614060736 478
1615042318104 0.4583623583989994 479
1615042406280 0.45913975154403824 480
1615042494089 0.4599321365403802 481
1615042581762 0.4607349846374722 482
1615042669757 0.46152408187185384 483
1615042757517 0.4623217226996652 484
1615042845504 0.463151248739966 485
1615042933672 0.4639847639688859 486
1615043021665 0.4647767550627402 487
1615043109813 0.4656027683567833 488
1615043197738 0.466421114213043 489
1615043285741 0.4672565268259885 490
1615043373504 0.4681101829648696 491
1615043461226 0.46895483549044226 492
1615043549244 0.469803294505308 493
1615043637060 0.4706331058481597 494
1615043724840 0.4714769158466329 495
1615043812585 0.47231075664084865 496
1615043900413 0.47317016853676425 497
1615043988340 0.47403916961825604 498
1615044076291 0.474909600476001 499
