1615000157811 0.40418471427057573 0
1615000245810 0.533994427549133 1
1615000333927 0.6275517719564959 2
1615000421892 0.6087076450401748 3
1615000509842 0.6259906464773748 4
1615000597925 0.5867280210803294 5
1615000686079 0.6723636141545031 6
1615000774120 0.6581994400529022 7
1615000862425 0.6539340471224553 8
1615000950421 0.6808942838741298 9
1615001038676 0.6894083490032096 10
1615001127242 0.6204105801470987 11
1615001215483 0.661384534425615 12
1615001303625 0.6589637554314887 13
1615001391906 0.6042524903685182 14
1615001479700 0.6620189630329002 15
1615001567731 0.6573074306856762 16
1615001656003 0.6838792843283504 17
1615001743971 0.6642231817642259 18
1615001831751 0.671830423734676 19
1615001919915 0.6656865043359873 20
1615002008222 0.7112245851092869 21
1615002096202 0.6945413112982937 22
1615002184120 0.6839496845427215 23
1615002272200 0.7209890757856722 24
1615002360428 0.6803210292895198 25
1615002448458 0.6486041535710363 26
1615002536373 0.7174295196309686 27
1615002624408 0.6625477653100259 28
1615002712047 0.651641247818118 29
1615002799975 0.7584512693697916 30
1615002887986 0.7024670922507842 31
1615002975935 0.699633418346873 32
1615003063898 0.7194018595177551 33
1615003151725 0.6931210585105955 34
1615003239675 0.6859540225210032 35
1615003327698 0.718808608274493 36
1615003415665 0.7137414670306379 37
1615003503829 0.7213563797360455 38
1615003591678 0.7167977051937888 39
1615003679748 0.725279037561591 40
1615003767797 0.7280536193442955 41
1615003855979 0.6936912350356579 42
1615003944052 0.6657705596363586 43
1615004031866 0.7408784188111038 44
1615004119718 0.6730774645801894 45
1615004207898 0.7351822254530499 46
1615004295877 0.6755430362911687 47
1615004383788 0.6860177879512775 48
1615004471858 0.7238182154023494 49
1615004560253 0.7301604825706518 50
1615004648352 0.7422290717494553 51
1615004736238 0.7233159982187803 52
1615004824403 0.7338815807182898 53
1615004912279 0.7438183859392832 54
1615005000244 0.6962825078184584 55
1615005088333 0.721443106462671 56
1615005176486 0.7129222911951895 57
1615005264551 0.7512003784067929 58
1615005352479 0.6910566597050706 59
1615005440522 0.7458793047593314 60
1615005528663 0.7803177566722382 61
1615005616450 0.7368856421933415 62
1615005704224 0.7355775348842144 63
1615005792365 0.7405624988605268 64
1615005880271 0.7679245093356023 65
1615005968302 0.7230016236727157 66
1615006056281 0.73017761670053 67
1615006144332 0.7424756770723322 68
1615006232196 0.7692809882682077 69
1615006320039 0.7823719729596142 70
1615006408241 0.7456027818636761 71
1615006496162 0.7881360165774822 72
1615006583972 0.7436246438233485 73
1615006672278 0.7978263571858406 74
1615006760485 0.7449413823170794 75
1615006848522 0.7436738372469942 76
1615006936754 0.734324768729759 77
1615007025030 0.7243740964325124 78
1615007113155 0.7853737738111923 79
1615007201205 0.7593372413951359 80
1615007289468 0.7306662043661214 81
1615007377481 0.7581779391320607 82
1615007465522 0.7936317993464012 83
1615007553513 0.7657522433276834 84
1615007641369 0.7265647530727003 85
1615007729341 0.7843959015276697 86
1615007817192 0.7795096840928583 87
1615007905146 0.7581537741479343 88
1615007993048 0.7616160692375028 89
1615008081070 0.7533417799131712 90
1615008169110 0.7521656721558733 91
1615008257251 0.7457029756807377 92
1615008345117 0.738000817380139 93
1615008433076 0.7801911275402579 94
1615008520873 0.764379247781985 95
1615008608681 0.7312231854106603 96
1615008696571 0.7361429368870126 97
1615008784720 0.7574755195528269 98
1615008872699 0.7600363967728547 99
1615008960691 0.7972935489916171 100
1615009048597 0.7592728077857331 101
1615009136676 0.7475304064455996 102
1615009224680 0.7857588638551534 103
1615009312686 0.8062544848476902 104
1615009400447 0.7561180157883262 105
1615009488413 0.7397657435628052 106
1615009576351 0.7687210896776782 107
1615009664410 0.7835674709158724 108
1615009752358 0.7855212641879916 109
1615009840354 0.7607749496846524 110
1615009928584 0.717610193344836 111
1615010016407 0.7158886375615284 112
1615010104366 0.7505965317082074 113
1615010192878 0.7620389013663753 114
1615010280776 0.7818246066083454 115
1615010368889 0.7711601872201804 116
1615010456862 0.7597016313952265 117
1615010544693 0.7694178399185396 118
1615010632722 0.727396857432336 119
1615010720878 0.7955695000159871 120
1615010808843 0.7528530198267136 121
1615010896977 0.7637268491517538 122
1615010984984 0.8006349080938032 123
1615011072947 0.7384842594901284 124
1615011160951 0.7910245688360059 125
1615011248696 0.7915679694608201 126
1615011336649 0.7881233801835039 127
1615011424844 0.8199137702939057 128
1615011512776 0.7512629076838493 129
1615011600775 0.7701870628529125 130
1615011688682 0.8266817734241905 131
1615011776759 0.7792441801539507 132
1615011864676 0.7921193370526783 133
1615011952506 0.7306378131351349 134
1615012040428 0.7758389672433789 135
1615012128430 0.8051085302583448 136
1615012216655 0.7731017587141374 137
1615012304589 0.8098997506933908 138
1615012392371 0.7604944295122881 139
1615012480737 0.7638364437346657 140
1615012568645 0.7309130467691047 141
1615012656519 0.8032281071204563 142
1615012744691 0.7794636875729669 143
1615012832859 0.7660090070381597 144
1615012920888 0.7559894469587571 145
1615013008850 0.748811538377265 146
1615013096962 0.7568913133705364 147
1615013185208 0.7613905189897526 148
1615013273049 0.7930571239805598 149
1615013361210 0.7920339885638671 150
1615013449133 0.791863804404763 151
1615013537313 0.7641736860994411 152
1615013625379 0.7720801028487987 153
1615013713312 0.7718705869279802 154
1615013801225 0.7885083870627405 155
1615013889317 0.7460887323444089 156
1615013977189 0.7871553950403309 157
1615014065233 0.7849207420855068 158
1615014152792 0.7559723212531336 159
1615014240917 0.7748694603663238 160
1615014329065 0.7848538408136886 161
1615014416872 0.773551802272864 162
1615014504609 0.7741605860376081 163
1615014592612 0.7776659413965212 164
1615014680681 0.7928594309008784 165
1615014768673 0.8181021991970666 166
1615014856500 0.7702710066718617 167
1615014944566 0.7676431046488384 168
1615015032398 0.8199028400601921 169
1615015120690 0.8366607006225321 170
1615015208572 0.8134075946691963 171
1615015296606 0.7757077412463205 172
1615015384522 0.8054708108644594 173
1615015472309 0.7881401587149193 174
1615015560212 0.79703571470666 175
1615015648157 0.7762866083313437 176
1615015736319 0.788678289942133 177
1615015824341 0.7851904166203564 178
1615015912399 0.7871563721184983 179
1615016000273 0.8143947621186575 180
1615016088352 0.8172219234511031 181
1615016176104 0.7997651966602615 182
1615016264415 0.7867644338504128 183
1615016352390 0.7684342449176481 184
1615016440275 0.8107798692252901 185
1615016528239 0.7653359802658943 186
1615016616228 0.7622255920694115 187
1615016704010 0.7884781762611034 188
1615016792431 0.8208113507312886 189
1615016880963 0.8119188975939091 190
1615016968796 0.7986854760583197 191
1615017056821 0.8096205543312761 192
1615017144738 0.8184785643655262 193
1615017232675 0.7591785660224978 194
1615017320407 0.7799546356345045 195
1615017408171 0.7817711598878161 196
1615017496091 0.7712854558413618 197
1615017583932 0.7621921152713593 198
1615017671588 0.7895396506540816 199
1615017759607 0.8069730838553772 200
1615017847414 0.79627127503451 201
1615017935309 0.8185326971867112 202
1615018023177 0.8072328999471129 203
1615018110934 0.7893618428303549 204
1615018198858 0.8089155355112606 205
1615018286970 0.8273464108189178 206
1615018374934 0.7949037382986104 207
1615018462846 0.8095660880725417 208
1615018550895 0.8260109350961797 209
1615018639083 0.8075203423345969 210
1615018727239 0.8189308300445025 211
1615018815444 0.7912953564179285 212
1615018903363 0.8146646510395739 213
1615018991439 0.8022345517037643 214
1615019079624 0.7852283625424289 215
1615019167503 0.7962736532419592 216
1615019255732 0.7986736520047998 217
1615019343658 0.7995783401407547 218
1615019431810 0.7923853332926144 219
1615019520027 0.8160525895236583 220
1615019608012 0.7994051607591766 221
1615019695897 0.7903406160033267 222
1615019783734 0.7964548451846905 223
1615019871734 0.7992426569031162 224
1615019959703 0.792504669968472 225
1615020047638 0.8211357752178711 226
1615020135502 0.8099676508127767 227
1615020223402 0.8020174927836241 228
1615020311460 0.8039959911042931 229
1615020399778 0.7851334123589685 230
1615020487811 0.8227965879169378 231
1615020575882 0.810648926021008 232
1615020664083 0.8129898489093069 233
1615020751924 0.8472023496682617 234
1615020840031 0.7964123721663536 235
1615020927980 0.8054317151615907 236
1615021016212 0.7991634225751192 237
1615021104221 0.7959739166227254 238
1615021192288 0.7999906635710171 239
1615021280522 0.8275826343081214 240
1615021368606 0.759907380847091 241
1615021456510 0.8012739526882265 242
1615021544511 0.7793498925179586 243
1615021632434 0.8201189529369859 244
1615021720532 0.828767339892143 245
1615021808409 0.805819308535121 246
1615021896423 0.7981050633982326 247
1615021984540 0.8177124082707288 248
1615022072543 0.7890522871371154 249
1615022160306 0.7610985179032598 250
1615022248506 0.8296544331718575 251
1615022336541 0.8119274302088952 252
1615022424419 0.7857487320222638 253
1615022512359 0.8097980844087145 254
1615022600353 0.8307520160963248 255
1615022688276 0.8169994062019719 256
1615022776184 0.8208186145069906 257
1615022864331 0.8151319768258382 258
1615022952262 0.8130032908777858 259
1615023040233 0.8128234732351945 260
1615023128305 0.7864020692861893 261
1615023216125 0.8030554918306214 262
1615023303981 0.8420146250062519 263
1615023392023 0.7985632856066028 264
1615023479980 0.8155639663595577 265
1615023567872 0.8310287283377701 266
1615023655783 0.8136176252632998 267
1615023743696 0.800969209882342 268
1615023832048 0.8029808547347784 269
1615023920149 0.8082123752141934 270
1615024008386 0.8063021043625971 271
1615024096348 0.7875794876842749 272
1615024184143 0.8112858502571 273
1615024272437 0.8212035620378123 274
1615024360372 0.835709019431046 275
1615024448725 0.8191984300135394 276
1615024536900 0.8283317903322833 277
1615024625137 0.7901681609536436 278
1615024713137 0.7915446829362093 279
1615024800935 0.7732054132448379 280
1615024888901 0.7830689928672286 281
1615024976952 0.8376982765381827 282
1615025064995 0.7851770440947705 283
1615025153085 0.8167940047405222 284
1615025240874 0.794361814814672 285
1615025328933 0.8322023091947331 286
1615025416798 0.8353558197784959 287
1615025504764 0.8173310970913703 288
1615025593187 0.8157765329866619 289
1615025681229 0.7935391348156178 290
1615025769079 0.7911298739702695 291
1615025856898 0.8211628005807396 292
1615025945154 0.8014950998748342 293
1615026033040 0.8250993741997357 294
1615026120925 0.8211762896350895 295
1615026208726 0.7986911129596275 296
1615026296844 0.8270336385355906 297
1615026384991 0.8293610043142752 298
1615026472905 0.8175384810351398 299
1615026561025 0.8297626506323101 300
1615026648932 0.7926104774867947 301
1615026736846 0.7971140374104644 302
1615026824708 0.8032756274773015 303
1615026912568 0.7832628711230225 304
1615027000583 0.8259011020290328 305
1615027088655 0.8368028273408332 306
1615027176689 0.8225674584794503 307
1615027265192 0.805787559505552 308
1615027353483 0.8273162757794718 309
1615027441922 0.8241366331329506 310
1615027529805 0.8328582905232906 311
1615027617650 0.8087246739737208 312
1615027705582 0.8115560091523961 313
1615027793444 0.8386018053628504 314
1615027881465 0.8298335974316366 315
1615027969603 0.8234893745881902 316
1615028057673 0.8333967689942154 317
1615028145595 0.822845233782205 318
1615028233747 0.7944063221644186 319
1615028321833 0.8135391955965021 320
1615028409966 0.814633035778322 321
1615028498117 0.8339125081854925 322
1615028586114 0.8045983574865909 323
1615028674102 0.7958539964566971 324
1615028761972 0.8329038542768593 325
1615028850005 0.8427116420223482 326
1615028937971 0.8184438841210471 327
1615029026002 0.8131089469322681 328
1615029114229 0.826186805402606 329
1615029202468 0.830556936036138 330
1615029290637 0.8389071349014082 331
1615029378676 0.8108714926381444 332
1615029467118 0.8058676720254 333
1615029555018 0.8367299616273324 334
1615029642802 0.8064848450067289 335
1615029730835 0.7919836115605873 336
1615029819188 0.8041504017360832 337
1615029906901 0.7845797085313105 338
1615029994984 0.8170157792253627 339
1615030083312 0.8299388007491073 340
1615030171511 0.8498756717685815 341
1615030259581 0.8312655780464411 342
1615030347600 0.823324547699568 343
1615030435468 0.8278777570548382 344
1615030523514 0.8436087776835148 345
1615030611579 0.8178970399364996 346
1615030699557 0.8116980998639894 347
1615030787603 0.8084667946449886 348
1615030875869 0.8129067424935906 349
1615030963945 0.83508566415858 350
1615031051823 0.8156249502466785 351
1615031139958 0.8538415177979253 352
1615031228168 0.824077756925561 353
1615031316125 0.8040842592887495 354
1615031404074 0.8203855961975124 355
1615031492170 0.8380666853733022 356
1615031580197 0.8151423598987511 357
1615031668032 0.8172001775311327 358
1615031755797 0.8295383420414649 359
1615031843895 0.815718344764577 360
1615031931979 0.8113835984317774 361
1615032020018 0.838614591921883 362
1615032107723 0.8101498732819806 363
1615032195873 0.8224171349157889 364
1615032283937 0.822918951361515 365
1615032371925 0.8122983085508976 366
1615032460234 0.8343688316167669 367
1615032548450 0.8374703746082054 368
1615032636690 0.8169329861763778 369
1615032724558 0.8145381595172426 370
1615032812534 0.8512219722298059 371
1615032900577 0.8421338054796924 372
1615032988480 0.8134150099940598 373
1615033076352 0.8063275429644975 374
1615033164652 0.8260709652154632 375
1615033252340 0.8225945752031882 376
1615033340245 0.7944850912210585 377
1615033428277 0.8434589372005906 378
1615033516125 0.812304821648907 379
1615033604077 0.8343616851495319 380
1615033692097 0.824225958311156 381
1615033780329 0.8160327453626676 382
1615033868521 0.8392550699580251 383
1615033956605 0.845307181251573 384
1615034044639 0.8416141285984353 385
1615034132447 0.8551058138587645 386
1615034220445 0.8232490280538463 387
1615034308521 0.8364861736243422 388
1615034396387 0.8141698432361915 389
1615034484422 0.8188683723459359 390
1615034572328 0.8481043479666951 391
1615034660492 0.8142133635970262 392
1615034748632 0.8253916544445719 393
1615034836838 0.8237405482081654 394
1615034925044 0.8354011242476742 395
1615035012814 0.8210643792340835 396
1615035100833 0.8126364676386453 397
1615035188647 0.8254111298177947 398
1615035276794 0.8450489847984334 399
1615035364873 0.8287900157792624 400
1615035453229 0.8494912732223218 401
1615035541200 0.8461866422659821 402
1615035629343 0.8391314379954606 403
1615035717242 0.819872211961245 404
1615035805205 0.8554789526492692 405
1615035893157 0.8227455751039088 406
1615035981006 0.8430812819136514 407
1615036068981 0.8415175688199021 408
1615036156916 0.8393054048666794 409
1615036244709 0.8316339384331259 410
1615036332825 0.8410715610730681 411
1615036421067 0.8337209952360654 412
1615036508850 0.8234742218105311 413
1615036596753 0.8223608582165469 414
1615036684660 0.8027856670933861 415
1615036772729 0.8505603605476411 416
1615036860598 0.812577194349496 417
1615036948662 0.8447219020362651 418
1615037036602 0.8295702956927319 419
1615037124619 0.8034495402058713 420
1615037212310 0.8247096817512279 421
1615037300255 0.8199164011710129 422
1615037388242 0.855331385878592 423
1615037475982 0.8412917016932134 424
1615037563932 0.8359568230504089 425
1615037651995 0.8388492775742303 426
1615037740035 0.844079399460006 427
1615037828094 0.8320994839199226 428
1615037916338 0.8498051242733543 429
1615038004421 0.8356916793711023 430
1615038092342 0.841370546855451 431
1615038180514 0.8474408144923462 432
1615038268631 0.855118082647913 433
1615038356803 0.8604650716904713 434
1615038444568 0.8386770792428575 435
1615038532429 0.8343835527458313 436
1615038620449 0.8283566541033222 437
1615038708595 0.8311244479453798 438
1615038796377 0.8247308180011301 439
1615038884521 0.8392646197568286 440
1615038972237 0.8413771319610532 441
1615039060352 0.8404655566208818 442
1615039148300 0.8364623645427584 443
1615039239497 0.8117171966781219 444
1615039327551 0.8203442043614113 445
1615039415460 0.8012177291516722 446
1615039503388 0.8517913474091168 447
1615039591233 0.8268092706820916 448
1615039679159 0.8268267515919764 449
1615039767253 0.829315940886108 450
1615039855316 0.8467481615750686 451
1615039943363 0.8694247102344429 452
1615040031330 0.8185901283548119 453
1615040119345 0.8241443490948189 454
1615040207384 0.847039272553391 455
1615040295731 0.840548823249864 456
1615040384320 0.8255747495138127 457
1615040471988 0.8109453089064222 458
1615040560134 0.825255466459526 459
1615040648370 0.8364591331409521 460
1615040736429 0.8476010663641824 461
1615040824629 0.8484291431932327 462
1615040912370 0.870439861848783 463
1615041000192 0.8346109153733224 464
1615041088292 0.8547755720735396 465
1615041176224 0.8268297147005796 466
1615041263847 0.8357949043592353 467
1615041351594 0.8569494008683087 468
1615041439274 0.8598270198737068 469
1615041527277 0.8356005371263665 470
1615041615242 0.8756894469261169 471
1615041703233 0.8449556571797708 472
1615041791244 0.8554102571003817 473
1615041878888 0.848221474818969 474
1615041966874 0.8560264806517146 475
1615042054857 0.8397694031533959 476
1615042142708 0.8207681079308481 477
1615042230401 0.8338123912161047 478
1615042318101 0.8439044322860375 479
1615042406277 0.8470978947419129 480
1615042494086 0.8492269099436023 481
1615042581760 0.8158405241246025 482
1615042669755 0.8547530955903038 483
1615042757515 0.8567983962129802 484
1615042845502 0.8273512877283558 485
1615042933669 0.842765372535535 486
1615043021663 0.8539354214973917 487
1615043109811 0.8323525898688305 488
1615043197736 0.8516932655795572 489
1615043285739 0.8464594468638137 490
1615043373502 0.8522641317837912 491
1615043461224 0.8374498263001442 492
1615043549241 0.8631785398518498 493
1615043637057 0.8316405948850958 494
1615043724838 0.8525722204681693 495
1615043812583 0.8553890499803755 496
1615043900411 0.8599378324144489 497
1615043988338 0.8688800511881709 498
1615044076289 0.8612583828216884 499
