1615000157809 0.5594031152890083 0
1615000245808 0.4525452345768188 1
1615000333925 0.38837491142305924 2
1615000421890 0.3990459552312151 3
1615000509841 0.39550954904010954 4
1615000597922 0.4297221062031198 5
1615000686077 0.344257800344457 6
1615000774118 0.36227585296047493 7
1615000862423 0.3765902397955986 8
1615000950419 0.347363855689764 9
1615001038674 0.336605170464262 10
1615001127240 0.40412313221616947 11
1615001215481 0.365697230668144 12
1615001303623 0.35586108513017917 13
1615001391904 0.4193046261814046 14
1615001479698 0.35385777531786167 15
1615001567729 0.38439032800020057 16
1615001656000 0.36073819413147074 17
1615001743969 0.36022879230849286 18
1615001831749 0.35015349858935846 19
1615001919912 0.35745375215056097 20
1615002008220 0.3251582830351718 21
1615002096199 0.3388036992004577 22
1615002184117 0.35491812562054775 23
1615002272198 0.3181133125215135 24
1615002360426 0.35113339245002323 25
1615002448456 0.3880267607721877 26
1615002536371 0.3101220906097838 27
1615002624405 0.3681270409613214 28
1615002712045 0.3712052876486423 29
1615002799973 0.28416703031101126 30
1615002887983 0.3444852648263282 31
1615002975933 0.33843607994470193 32
1615003063895 0.3184278865760945 33
1615003151722 0.35154787554068767 34
1615003239673 0.34521005580082853 35
1615003327696 0.3303599380590814 36
1615003415663 0.33928559910743794 37
1615003503827 0.32531802570249174 38
1615003591675 0.3268491731203617 39
1615003679746 0.3271219284927591 40
1615003767795 0.31884926700211585 41
1615003855977 0.3529039886086545 42
1615003944050 0.3770964894681535 43
1615004031864 0.3076366244795475 44
1615004119716 0.36057129288290407 45
1615004207896 0.3179348233215352 46
1615004295875 0.3698964257665137 47
1615004383786 0.3599308649910257 48
1615004471856 0.33522722949372963 49
1615004560250 0.3271663428304043 50
1615004648350 0.3215999389265446 51
1615004736236 0.3207114736767525 52
1615004824401 0.31780661040164054 53
1615004912277 0.3162132885227812 54
1615005000242 0.3409999464737608 55
1615005088330 0.332548385763422 56
1615005176483 0.339683084570347 57
1615005264548 0.3062786226893993 58
1615005352477 0.3527607841694609 59
1615005440520 0.31227219627892716 60
1615005528661 0.2830982907338345 61
1615005616448 0.3252048253061924 62
1615005704222 0.3148822029854389 63
1615005792363 0.3175134394080081 64
1615005880268 0.29696620477640884 65
1615005968300 0.33991899182821844 66
1615006056279 0.32904874660233235 67
1615006144330 0.31837215750141346 68
1615006232194 0.29385179709246817 69
1615006320037 0.2887185366546854 70
1615006408238 0.32638242809062307 71
1615006496160 0.2833609555629974 72
1615006583969 0.31936614579976874 73
1615006672276 0.27520870512470286 74
1615006760483 0.3255778698528067 75
1615006848520 0.3286886013885762 76
1615006936751 0.3305858313403231 77
1615007025027 0.3434650444603981 78
1615007113153 0.29064168844451294 79
1615007201202 0.3126089742526095 80
1615007289466 0.3366359442155412 81
1615007377479 0.3170003772098967 82
1615007465520 0.28266586696213863 83
1615007553511 0.308175856921267 84
1615007641366 0.33961834964600013 85
1615007729338 0.2963020440111769 86
1615007817190 0.294129453123884 87
1615007905143 0.326272133658541 88
1615007993046 0.3158992898273975 89
1615008081068 0.32038179103364334 90
1615008169109 0.32604857518317854 91
1615008257249 0.33370234928232556 92
1615008345114 0.3309978535200687 93
1615008433073 0.3009513087095098 94
1615008520870 0.311852180577339 95
1615008608679 0.34750479237830384 96
1615008696568 0.34091112889507985 97
1615008784718 0.3311662252279038 98
1615008872697 0.3251004678771851 99
1615008960689 0.29625362934584315 100
1615009048595 0.32532704732519513 101
1615009136674 0.33531242307830367 102
1615009224678 0.3073955293982587 103
1615009312684 0.2870239016223461 104
1615009400445 0.3301571290543739 105
1615009488411 0.3466914288224058 106
1615009576349 0.3229690346312016 107
1615009664408 0.3069870192953881 108
1615009752355 0.30769447284810086 109
1615009840352 0.3228539521706865 110
1615009928581 0.368698960764611 111
1615010016405 0.35397107550438417 112
1615010104364 0.3407714116446515 113
1615010192876 0.3314970276774244 114
1615010280773 0.31218587290099326 115
1615010368886 0.3282542531477644 116
1615010456859 0.3289819472330682 117
1615010544690 0.32372160097385977 118
1615010632720 0.35565525309202517 119
1615010720876 0.31086987447231373 120
1615010808841 0.34088440635736955 121
1615010896974 0.33232102352888027 122
1615010984982 0.30235367331733093 123
1615011072945 0.35601385302366095 124
1615011160948 0.31017189393652245 125
1615011248694 0.30973983809668965 126
1615011336647 0.3157365398204073 127
1615011424841 0.284406342404954 128
1615011512773 0.3467916681411419 129
1615011600773 0.33556941373551147 130
1615011688679 0.2856284917352047 131
1615011776757 0.32840778662803327 132
1615011864674 0.3156595680307835 133
1615011952503 0.36357267549697386 134
1615012040426 0.32776966627607956 135
1615012128428 0.309575192947337 136
1615012216652 0.3332347511611086 137
1615012304586 0.3062806303830857 138
1615012392368 0.3455618182395367 139
1615012480734 0.3546927886757445 140
1615012568643 0.36553618771598695 141
1615012656517 0.3111113720434777 142
1615012744689 0.33463534554268454 143
1615012832856 0.3470681696496111 144
1615012920886 0.35411277270697533 145
1615013008847 0.3621944163707977 146
1615013096960 0.34553335733870244 147
1615013185206 0.3498791668643343 148
1615013273046 0.32072911696865203 149
1615013361207 0.3244418107131694 150
1615013449130 0.32672805228131885 151
1615013537310 0.35953294691887305 152
1615013625376 0.34333717490130283 153
1615013713309 0.34991801022849184 154
1615013801222 0.334220992123827 155
1615013889314 0.3712350545411414 156
1615013977186 0.337402435693335 157
1615014065230 0.33769271950772467 158
1615014152790 0.3508093090767556 159
1615014240915 0.34534344695349956 160
1615014329063 0.3480251981539929 161
1615014416870 0.3460562422554544 162
1615014504606 0.3477407839704067 163
1615014592609 0.35054814007053986 164
1615014680679 0.34067342462057765 165
1615014768670 0.3157561646496996 166
1615014856498 0.35601738301363395 167
1615014944564 0.3635813400466391 168
1615015032396 0.32496890837841846 169
1615015120688 0.30911211859672627 170
1615015208570 0.32976403515389624 171
1615015296603 0.3544905388608892 172
1615015384520 0.3328932893085987 173
1615015472306 0.34409350204340955 174
1615015560210 0.3392662042950062 175
1615015648154 0.35381686243605104 176
1615015736316 0.35052032641907954 177
1615015824339 0.35603787734153425 178
1615015912397 0.36002195341155885 179
1615016000270 0.3312881519185736 180
1615016088350 0.3346639923909877 181
1615016176101 0.346739891361683 182
1615016264413 0.35989317884470556 183
1615016352388 0.36947776916179254 184
1615016440272 0.34105422109999556 185
1615016528237 0.3700984350227295 186
1615016616226 0.3759148173192714 187
1615016704008 0.35481150273947004 188
1615016792428 0.32974066569450056 189
1615016880961 0.3530008539240411 190
1615016968794 0.3543888652261267 191
1615017056819 0.3483241344703005 192
1615017144735 0.33935792633193607 193
1615017232672 0.38012700797395504 194
1615017320404 0.37205344517814354 195
1615017408169 0.3749540603541313 196
1615017496088 0.380634586861793 197
1615017583929 0.3887271109096547 198
1615017671585 0.3675932746301306 199
1615017759604 0.3575238750336018 200
1615017847412 0.3626533707088612 201
1615017935306 0.34825972087205725 202
1615018023174 0.3604614810740694 203
1615018110931 0.36768798878852355 204
1615018198855 0.36167913611899033 205
1615018286968 0.3419018067578052 206
1615018374932 0.3730605740813499 207
1615018462844 0.35946492597143703 208
1615018550892 0.3450911373217055 209
1615018639081 0.3658467388533531 210
1615018727236 0.3568549818815069 211
1615018815442 0.38339827954769135 212
1615018903361 0.3634726077001146 213
1615018991436 0.3747946360009782 214
1615019079621 0.38524346925476766 215
1615019167501 0.3825630505985402 216
1615019255730 0.379062054956213 217
1615019343655 0.38442254034762685 218
1615019431807 0.38281331179623906 219
1615019520024 0.3649714639846315 220
1615019608010 0.379952554055985 221
1615019695895 0.39670401383587656 222
1615019783732 0.38366437639961853 223
1615019871731 0.3846617488467947 224
1615019959700 0.3876581001789012 225
1615020047635 0.36998296085190263 226
1615020135500 0.3737839011752859 227
1615020223400 0.38362860330875886 228
1615020311457 0.3829567047192695 229
1615020399775 0.4009758665206585 230
1615020487809 0.376892329847559 231
1615020575880 0.38675377296006425 232
1615020664081 0.3858406976499456 233
1615020751921 0.35305610108882823 234
1615020840028 0.3986982853805765 235
1615020927977 0.39910653392051126 236
1615021016209 0.398598369448743 237
1615021104218 0.4039201763399104 238
1615021192286 0.3951741043240466 239
1615021280519 0.37724374694393037 240
1615021368603 0.4248772732754971 241
1615021456507 0.39833892644085783 242
1615021544508 0.4172685590196163 243
1615021632431 0.38450799597070573 244
1615021720529 0.3834517774112681 245
1615021808407 0.40110756916568635 246
1615021896420 0.4062788763895948 247
1615021984537 0.39733293652534485 248
1615022072541 0.42109550186928285 249
1615022160303 0.4270335118821327 250
1615022248503 0.3895622041631252 251
1615022336538 0.4082137926461849 252
1615022424416 0.42642020497550354 253
1615022512357 0.40748645428647384 254
1615022600349 0.3938860222697258 255
1615022688274 0.40662335984884423 256
1615022776180 0.40288006530163134 257
1615022864328 0.4041372929164704 258
1615022952259 0.40584511579351223 259
1615023040230 0.40944638166655883 260
1615023128302 0.42947969347872633 261
1615023216123 0.4137201023862717 262
1615023303979 0.3969595719208109 263
1615023392020 0.42930753687594797 264
1615023479977 0.41663285424100593 265
1615023567869 0.4027928703642906 266
1615023655780 0.4195007260175461 267
1615023743693 0.4248098834080899 268
1615023832045 0.428031695015887 269
1615023920146 0.42603844309106786 270
1615024008383 0.42849482136203887 271
1615024096345 0.4454384579303417 272
1615024184141 0.429557001495615 273
1615024272434 0.424785519375446 274
1615024360369 0.4158025431506177 275
1615024448722 0.4278540352874614 276
1615024536897 0.42717287974788787 277
1615024625134 0.44882218825056197 278
1615024713134 0.4514219928929146 279
1615024800932 0.45921670058940317 280
1615024888898 0.45649666703761893 281
1615024976948 0.4148146497442367 282
1615025064992 0.46638085296813475 283
1615025153082 0.4402067981501843 284
1615025240872 0.4571274666393057 285
1615025328930 0.42424036150283 286
1615025416796 0.42784347083974394 287
1615025504762 0.44508828666615996 288
1615025593184 0.4463871010440461 289
1615025681227 0.46316227031515 290
1615025769077 0.46471164740146476 291
1615025856895 0.44291859611551815 292
1615025945151 0.4590743792817948 293
1615026033038 0.4420612134197925 294
1615026120922 0.45399895342106517 295
1615026208723 0.4640081981395153 296
1615026296842 0.4435005753915361 297
1615026384988 0.451884833105067 298
1615026472902 0.4529776547817474 299
1615026561022 0.4503710444303269 300
1615026648929 0.47557604059259945 301
1615026736843 0.47026567858584384 302
1615026824705 0.4731117265021547 303
1615026912566 0.49041045219340224 304
1615027000580 0.4638319101105345 305
1615027088652 0.45703704750284235 306
1615027176686 0.4674759155258219 307
1615027265189 0.47741952379967306 308
1615027353481 0.4609199559434931 309
1615027441919 0.46787527837651843 310
1615027529802 0.4682522650728834 311
1615027617647 0.4822796085413466 312
1615027705580 0.4823445671416344 313
1615027793441 0.4625164457458131 314
1615027881463 0.46948066861071486 315
1615027969600 0.47839295293422457 316
1615028057670 0.47811434465519925 317
1615028145592 0.48334919803954185 318
1615028233745 0.5014988716612471 319
1615028321830 0.48967995700683997 320
1615028409963 0.49028180856653986 321
1615028498114 0.4792881132440364 322
1615028586112 0.4982839955928478 323
1615028674099 0.5055632654656755 324
1615028761969 0.48507812936255273 325
1615028850002 0.48400645750634214 326
1615028937969 0.49737568263043747 327
1615029025998 0.5052817993341608 328
1615029114227 0.49797455300676063 329
1615029202465 0.49570340108364186 330
1615029290635 0.4907688038780334 331
1615029378674 0.507186620793444 332
1615029467116 0.5175021249563136 333
1615029555015 0.49826138387335106 334
1615029642799 0.5189457570618772 335
1615029730832 0.5273050500991496 336
1615029819185 0.5215961730226557 337
1615029906899 0.5373594542133048 338
1615029994981 0.5198156418318444 339
1615030083309 0.5117492060712043 340
1615030171509 0.5040465745520084 341
1615030259578 0.5132650748846379 342
1615030347597 0.5213725887080456 343
1615030435465 0.5237379536983815 344
1615030523511 0.507822573184967 345
1615030611577 0.5276081755440286 346
1615030699555 0.532496007516029 347
1615030787600 0.5469462868381054 348
1615030875866 0.541036639758881 349
1615030963942 0.5249778466655853 350
1615031051820 0.5438421428837674 351
1615031139955 0.5185290876221149 352
1615031228165 0.5375855729935017 353
1615031316122 0.549466833155206 354
1615031404072 0.542606697437611 355
1615031492167 0.5299131737110463 356
1615031580195 0.5464090815884002 357
1615031668030 0.5492005998149831 358
1615031755795 0.547895907087529 359
1615031843893 0.5528961255195293 360
1615031931976 0.559638592474004 361
1615032020015 0.542514665646756 362
1615032107720 0.5617562193185726 363
1615032195871 0.564224011403449 364
1615032283934 0.5592962509774148 365
1615032371923 0.5723642865394024 366
1615032460231 0.5628283239425497 367
1615032548447 0.5566809006193851 368
1615032636688 0.5699419135108907 369
1615032724555 0.5772968930132846 370
1615032812531 0.5577264688116439 371
1615032900574 0.5616560182038773 372
1615032988477 0.5787348309729962 373
1615033076349 0.5898665801641789 374
1615033164650 0.5762158889085689 375
1615033252338 0.5808710382973894 376
1615033340242 0.5958743666080718 377
1615033428274 0.5669504144090287 378
1615033516123 0.5907061410711166 379
1615033604074 0.583909791200719 380
1615033692094 0.5885418339612636 381
1615033780326 0.6036251932382584 382
1615033868518 0.5921679430819572 383
1615033956602 0.590549240403987 384
1615034044637 0.5911337026256196 385
1615034132445 0.5874074757733243 386
1615034220442 0.603216088198601 387
1615034308518 0.6005673494110716 388
1615034396385 0.6115154249871031 389
1615034484419 0.6090932386986753 390
1615034572326 0.5950554301764103 391
1615034660490 0.6187616963969901 392
1615034748629 0.6138580631702504 393
1615034836835 0.6155479198440592 394
1615034925041 0.6171281556499765 395
1615035012812 0.6238566500709412 396
1615035100830 0.6302092481166759 397
1615035188645 0.6255529982612488 398
1615035276791 0.6196290508229682 399
1615035364870 0.6257649140155062 400
1615035453225 0.6193732625626504 401
1615035541198 0.6225352718475017 402
1615035629340 0.6324487550461546 403
1615035717239 0.6353008598089218 404
1615035805202 0.6284767959980254 405
1615035893155 0.6443738512536312 406
1615035981003 0.6448815807383111 407
1615036068979 0.6406092580328596 408
1615036156914 0.6463090596680946 409
1615036244705 0.6575562269129651 410
1615036332822 0.6508096741869095 411
1615036421065 0.650515302064571 412
1615036508848 0.6590879997040363 413
1615036596750 0.6660382113558181 414
1615036684657 0.6780047277186779 415
1615036772726 0.6559790103359425 416
1615036860595 0.6753023558474601 417
1615036948659 0.6646957926927729 418
1615037036598 0.6769877152240023 419
1615037124617 0.6871685043294379 420
1615037212307 0.6906333524495998 421
1615037300252 0.6881449954940918 422
1615037388240 0.6729318911724902 423
1615037475979 0.6738924428503564 424
1615037563928 0.6824003366079736 425
1615037651993 0.6841021297459907 426
1615037740032 0.6835603520591208 427
1615037828092 0.6942047070949635 428
1615037916335 0.6870164925113638 429
1615038004418 0.6962279290594953 430
1615038092339 0.6963979677951082 431
1615038180511 0.6988700891428805 432
1615038268628 0.6990474665418585 433
1615038356801 0.6880118447415372 434
1615038444565 0.7081580999049735 435
1615038532426 0.7145319847350425 436
1615038620446 0.7123374520464146 437
1615038708592 0.7221255606793343 438
1615038796375 0.732739841684382 439
1615038884518 0.7269285968009461 440
1615038972234 0.726817527667005 441
1615039060349 0.7251090394689682 442
1615039148266 0.7235954682877723 443
1615039239494 0.7467423125784448 444
1615039327548 0.7416564587582933 445
1615039415457 0.7429238342224284 446
1615039503386 0.7382844407507714 447
1615039591231 0.7447275928360351 448
1615039679156 0.7535265240263431 449
1615039767250 0.7492071348936 450
1615039855313 0.7435508754025114 451
1615039943361 0.7462557034289583 452
1615040031327 0.7704418124036586 453
1615040119343 0.764784686108853 454
1615040207382 0.7651453734712398 455
1615040295729 0.7614625318253294 456
1615040384317 0.770401749839174 457
1615040471985 0.7869033743726447 458
1615040560131 0.7782395025517078 459
1615040648369 0.7755982108572697 460
1615040736426 0.7780052651750281 461
1615040824626 0.7780367243797222 462
1615040912368 0.7780017446964345 463
1615041000189 0.7835316410724152 464
1615041088289 0.7891076784184639 465
1615041176222 0.802302434723428 466
1615041263844 0.7954167108586494 467
1615041351591 0.7935541481413739 468
1615041439271 0.8028744700107169 469
1615041527274 0.812151793469774 470
1615041615239 0.7982443602795296 471
1615041703231 0.8098433784981991 472
1615041791242 0.8121138830134209 473
1615041878886 0.8190702047753842 474
1615041966871 0.8194198259647857 475
1615042054854 0.8266220187887232 476
1615042142705 0.8380720279318221 477
1615042230399 0.8311406849546635 478
1615042318098 0.8373936180104601 479
1615042406274 0.8322884611626888 480
1615042494084 0.8410693197808368 481
1615042581756 0.8477077674358449 482
1615042669752 0.8426580460781746 483
1615042757512 0.8483798833603554 484
1615042845499 0.8654713782858341 485
1615042933666 0.8690731652239536 486
1615043021660 0.850476417769777 487
1615043109808 0.8686972558498383 488
1615043197733 0.8665922379240076 489
1615043285736 0.876608707169269 490
1615043373500 0.8872553471555101 491
1615043461222 0.8845238780721705 492
1615043549238 0.8880935888341133 493
1615043637055 0.8805599092169011 494
1615043724835 0.8891628650908775 495
1615043812580 0.8858957905718621 496
1615043900408 0.9002978808068215 497
1615043988335 0.9068017082011446 498
1615044076287 0.9092545984907353 499
