1616160637676 0.6822152778189233 0
1616160765789 0.4536312950497612 1
1616160892768 0.36431037045434006 2
1616161018111 0.3309345334332357 3
1616161143908 0.2986374175374178 4
1616161269902 0.2751574278445848 5
1616161395261 0.25722920173909347 6
1616161520640 0.23990975450625288 7
1616161645580 0.22628946926435964 8
1616161770618 0.21238878913065223 9
1616161895743 0.20182939313308876 10
1616162021076 0.1897607540896704 11
1616162146025 0.18008476741148582 12
1616162271564 0.17126504317390248 13
1616162396707 0.16337450116555743 14
1616162522121 0.157034237391038 15
1616162647215 0.15161257022490565 16
1616162772595 0.14842225283375518 17
1616162897525 0.14558560789165412 18
1616163022849 0.14098181785976 19
1616163148086 0.1363699633001587 20
1616163273372 0.13281165842125392 21
1616163398493 0.1293979468173886 22
1616163523583 0.12583383159705352 23
1616163648560 0.12227699569565186 24
1616163773601 0.11971260124814442 25
1616163898857 0.11766023466831779 26
1616164024116 0.11591696103972504 27
1616164149784 0.11527050578569062 28
1616164274733 0.11273378880020785 29
1616164400022 0.11017831106713026 30
1616164525128 0.10785776777242488 31
1616164650864 0.10661661544566113 32
1616164775960 0.10796738096462732 33
1616164901014 0.10622155500128638 34
1616165026182 0.10482226253044626 35
1616165150953 0.10283340156065485 36
1616165275835 0.10138408293528325 37
1616165400783 0.09956757554787464 38
1616165525763 0.09794861966486465 39
1616165650956 0.09621215756880104 40
1616165775775 0.09487961787870106 41
1616165900780 0.09429482509138293 42
1616166025702 0.09423942221292587 43
1616166150927 0.0929021051897718 44
1616166276033 0.09178971716484517 45
1616166401202 0.09050925861033932 46
1616166526310 0.08915370929794687 47
1616166651323 0.0879607260521603 48
1616166776469 0.08670117752586906 49
1616166901617 0.08536484815540862 50
1616167026551 0.08418908989157545 51
1616167151457 0.08301151579897213 52
1616167276309 0.08179777422134592 53
1616167401229 0.08086164907283892 54
1616167526405 0.07993073496149461 55
1616167651624 0.07990081824595889 56
1616167777144 0.07898839427088539 57
1616167902211 0.07809983186888599 58
1616168027009 0.07721846578510622 59
1616168152306 0.0763595907415845 60
1616168277502 0.07552110217831254 61
1616168402711 0.0754397648139122 62
1616168528181 0.07511834057600313 63
1616168653314 0.0746445082682878 64
1616168778427 0.07411001249607395 65
1616168903687 0.07364532371782408 66
1616169028782 0.07289340528187446 67
1616169153952 0.07211021450010757 68
1616169279059 0.07144324018600134 69
1616169404005 0.07089304259972927 70
1616169528886 0.0703424288399724 71
1616169654192 0.06992310479243155 72
1616169779230 0.06918826340304071 73
1616169904188 0.0684842043520605 74
1616170029254 0.06821916765983922 75
1616170154484 0.06765908750356202 76
1616170279452 0.06697612401505494 77
1616170404327 0.06642170207047719 78
1616170529376 0.0657769386242936 79
1616170654642 0.06510979428007657 80
1616170779479 0.06449211908399968 81
1616170904384 0.06390370059781339 82
1616171029156 0.0633802877108282 83
1616171154234 0.06287473240617811 84
1616171279517 0.06235730802093777 85
1616171404619 0.06177138527374692 86
1616171529758 0.06113018863676813 87
1616171654647 0.06059227670255011 88
1616171779913 0.05997212996605083 89
1616171905151 0.05938483400543398 90
1616172029980 0.05887246353506079 91
1616172155244 0.058557850078176085 92
1616172280168 0.05827305633503046 93
1616172405342 0.058141616545617524 94
1616172530543 0.05773189692227131 95
1616172655289 0.05728783897126472 96
1616172779998 0.056800262292598686 97
1616172904914 0.05627781344253814 98
1616173029936 0.05589948559457312 99
1616173155166 0.055429239768934296 100
1616173280020 0.05499574680772633 101
1616173405315 0.05449785394361286 102
1616173530059 0.054044281254269425 103
1616173655078 0.053603010274198046 104
1616173780148 0.05323400650758909 105
1616173905098 0.05282835208129916 106
1616174029964 0.05237043811370877 107
1616174154863 0.051937667742406414 108
1616174279904 0.051481161216126135 109
1616174404901 0.05104288574413834 110
1616174529895 0.050603716438006284 111
1616174654650 0.05016252178066786 112
1616174779897 0.04978207335572722 113
1616174906266 0.049432815989405285 114
1616175031606 0.04903248258694176 115
1616175156693 0.048625104283772674 116
1616175281822 0.04822969969309623 117
1616175406640 0.04781802462228404 118
1616175531987 0.04763555242845137 119
1616175657293 0.047321562166436244 120
1616175782430 0.04694192516245528 121
1616175907616 0.04655680232506536 122
1616176032647 0.04620812974174106 123
1616176157560 0.045906536007973696 124
1616176282896 0.045566755207774416 125
1616176408056 0.04517366881186629 126
1616176533234 0.044762420077297915 127
1616176658104 0.044353537215096536 128
1616176783185 0.04399676356562173 129
1616176908540 0.04369607462659801 130
1616177033423 0.04341298849384947 131
1616177158492 0.04311831645075173 132
1616177283234 0.0428851464465757 133
1616177408129 0.0425528891816136 134
1616177533389 0.042192010109158934 135
1616177658025 0.041906998090395046 136
1616177782959 0.04161915401596431 137
1616177907963 0.04130962160845752 138
1616178033194 0.04097367362529715 139
1616178158156 0.040631390728452135 140
1616178282920 0.04029663982903003 141
1616178407963 0.03996396653455042 142
1616178532605 0.03963365645756629 143
1616178657291 0.03967174122975049 144
1616178782140 0.039493051590465775 145
1616178907681 0.0393463436358851 146
1616179032834 0.03908444049352024 147
1616179158048 0.038828555034936575 148
1616179282858 0.038524854332472803 149
1616179407751 0.03822086068289922 150
1616179532789 0.03792047387675753 151
1616179657884 0.03763517999845178 152
1616179782923 0.0373458779436536 153
1616179908355 0.03705863844777161 154
1616180033562 0.03676801774357643 155
1616180158429 0.03646386020629686 156
1616180283462 0.03618289364003687 157
1616180408704 0.035955988992068866 158
1616180533970 0.035717835902246274 159
1616180659332 0.035496878661697734 160
1616180784544 0.035239626584383246 161
1616180909513 0.03504058471293075 162
1616181034565 0.034937006285821005 163
1616181159477 0.03471818907362923 164
1616181284558 0.03449827580125672 165
1616181409241 0.03427514416821927 166
1616181534126 0.03407312807777522 167
1616181658946 0.03382112489196939 168
1616181783768 0.033644480208454806 169
1616181909130 0.03343655942887421 170
1616182034011 0.033215479915021516 171
1616182159132 0.03305555844058437 172
1616182284348 0.03290085323217786 173
1616182409016 0.03268837122648589 174
1616182533800 0.03245007286622408 175
1616182658494 0.03222186386969002 176
1616182783420 0.03202674175687657 177
1616182908465 0.03178285778190508 178
1616183033446 0.03153214258324555 179
1616183158748 0.03126375609237019 180
1616183283606 0.031007132423061287 181
1616183408361 0.030760680280067936 182
1616183533290 0.030511906059720737 183
1616183658337 0.030309670928023766 184
1616183783080 0.030078507480331917 185
1616183908201 0.029893764081801097 186
1616184033080 0.029661256276621664 187
1616184158181 0.029442937751525497 188
1616184283060 0.029206640565244316 189
1616184408155 0.02895816538071655 190
1616184533047 0.028749462909082497 191
1616184657854 0.02854093508510504 192
1616184783007 0.02829351694948019 193
1616184908154 0.028043009320439603 194
1616185033344 0.027818093563948012 195
1616185158432 0.02756850607793778 196
1616185283403 0.027362107807962895 197
1616185408454 0.02717400471653277 198
1616185533365 0.026983061060210308 199
1616185658667 0.02677194827120002 200
1616185783750 0.026581995654949266 201
1616185908854 0.026374711363413603 202
1616186034657 0.026160326370507806 203
1616186159655 0.025949765157513197 204
1616186284620 0.025739858207842848 205
1616186409486 0.02554929972013521 206
1616186534601 0.025351751407394204 207
1616186659827 0.025127737889746857 208
1616186784735 0.024938730462694847 209
1616186909622 0.02475199327466345 210
1616187034306 0.024565559703372885 211
1616187159079 0.024347512390557175 212
1616187283989 0.024166042230624015 213
1616187408929 0.023967977810903568 214
1616187534066 0.023792758945377853 215
1616187658929 0.023604210842729862 216
1616187784062 0.02340458922508811 217
1616187908989 0.02320637629979695 218
1616188033817 0.0230265180821705 219
1616188159067 0.022812673789139228 220
1616188284354 0.02267683022203004 221
1616188409412 0.022486228448030533 222
1616188534419 0.022311346886108398 223
1616188659807 0.02215981567459042 224
1616188785078 0.021953603419270242 225
1616188910241 0.02176780594062913 226
1616189035648 0.021616599419108665 227
1616189160385 0.021437766560167538 228
1616189285448 0.02123542206661703 229
1616189410618 0.021044474572219134 230
1616189535790 0.02087861621514595 231
1616189660822 0.020697040772932107 232
1616189785730 0.020503512719840168 233
1616189910810 0.02031792697196107 234
1616190038320 0.02013750974294784 235
1616190163795 0.02000200273317756 236
1616190289470 0.019820869775565884 237
1616190414890 0.019718695032158014 238
1616190540414 0.019654002074063044 239
1616190665479 0.01950368797772438 240
1616190790553 0.019377213829569206 241
1616190916005 0.019252842131546426 242
1616191041206 0.019126450802603303 243
1616191166354 0.018959127501206464 244
1616191291720 0.018770121475912022 245
1616191416906 0.018612133361831085 246
1616191542247 0.018426643781585754 247
1616191667339 0.01828358497799758 248
1616191792328 0.018116058996303905 249
