1616160637678 0.44318200543211983 0
1616160637680 0.44318200543211983 0
1616160765791 0.5653389573236247 1
1616160765793 0.5653389573236247 1
1616160892770 0.6169893140422639 2
1616160892773 0.6169893140422639 2
1616161018113 0.6371510918584233 3
1616161018115 0.6371510918584233 3
1616161143911 0.6554940762145054 4
1616161143913 0.6554940762145054 4
1616161269904 0.6719144196305792 5
1616161269906 0.6719144196305792 5
1616161395263 0.6836702612200473 6
1616161395266 0.6836702612200473 6
1616161520642 0.6949714493727329 7
1616161520644 0.6949714493727329 7
1616161645582 0.7053404426081152 8
1616161645585 0.7053404426081152 8
1616161770620 0.7157059248986696 9
1616161770622 0.7157059248986696 9
1616161895745 0.7235165947315121 10
1616161895748 0.7235165947315121 10
1616162021078 0.7324218492708979 11
1616162021080 0.7324218492708979 11
1616162146027 0.7397637504198727 12
1616162146029 0.7397637504198727 12
1616162271566 0.7467759280478325 13
1616162271569 0.7467759280478325 13
1616162396709 0.7526658203330011 14
1616162396711 0.7526658203330011 14
1616162522123 0.7576039225203667 15
1616162522125 0.7576039225203667 15
1616162647217 0.7615520009506431 16
1616162647220 0.7615520009506431 16
1616162772597 0.7639090841573347 17
1616162772599 0.7639090841573347 17
1616162897527 0.7656997920345643 18
1616162897529 0.7656997920345643 18
1616163022851 0.7694539392393787 19
1616163022853 0.7694539392393787 19
1616163148088 0.7730037123216826 20
1616163148091 0.7730037123216826 20
1616163273374 0.7758789584623421 21
1616163273376 0.7758789584623421 21
1616163398496 0.7786609070807218 22
1616163398498 0.7786609070807218 22
1616163523585 0.7816432966156359 23
1616163523587 0.7816432966156359 23
1616163648561 0.784347419726645 24
1616163648564 0.784347419726645 24
1616163773603 0.7866181502910583 25
1616163773605 0.7866181502910583 25
1616163898859 0.7883159720011582 26
1616163898861 0.7883159720011582 26
1616164024119 0.7897738482210789 27
1616164024121 0.7897738482210789 27
1616164149786 0.790356101957659 28
1616164149788 0.790356101957659 28
1616164274735 0.7923094379129881 29
1616164274737 0.7923094379129881 29
1616164400024 0.7942450976444891 30
1616164400026 0.7942450976444891 30
1616164525130 0.7960306914052134 31
1616164525132 0.7960306914052134 31
1616164650867 0.797000189895047 32
1616164650869 0.797000189895047 32
1616164775962 0.795920123572902 33
1616164775965 0.795920123572902 33
1616164901016 0.7972355081221786 34
1616164901018 0.7972355081221786 34
1616165026184 0.798524743088628 35
1616165026187 0.798524743088628 35
1616165150956 0.8001097518508711 36
1616165150958 0.8001097518508711 36
1616165275837 0.8013031228251853 37
1616165275839 0.8013031228251853 37
1616165400786 0.8027833924434553 38
1616165400788 0.8027833924434553 38
1616165525766 0.8041715803224584 39
1616165525768 0.8041715803224584 39
1616165650958 0.8055746092456071 40
1616165650960 0.8055746092456071 40
1616165775777 0.8068187348002364 41
1616165775779 0.8068187348002364 41
1616165900783 0.8073380112612389 42
1616165900785 0.8073380112612389 42
1616166025705 0.8072916531320473 43
1616166025707 0.8072916531320473 43
1616166150929 0.8083073530113083 44
1616166150931 0.8083073530113083 44
1616166276035 0.8091144275620957 45
1616166276037 0.8091144275620957 45
1616166401205 0.81019777386596 46
1616166401207 0.81019777386596 46
1616166526312 0.811289948789871 47
1616166526314 0.811289948789871 47
1616166651326 0.8123009282318634 48
1616166651328 0.8123009282318634 48
1616166776471 0.8133646594610423 49
1616166776473 0.8133646594610423 49
1616166901619 0.8144679544128605 50
1616166901621 0.8144679544128605 50
1616167026553 0.8154937717503695 51
1616167026555 0.8154937717503695 51
1616167151460 0.8164783973087805 52
1616167151462 0.8164783973087805 52
1616167276311 0.8174802973045483 53
1616167276313 0.8174802973045483 53
1616167401232 0.8182327921861023 54
1616167401234 0.8182327921861023 54
1616167526407 0.8190586542435618 55
1616167526410 0.8190586542435618 55
1616167651626 0.8190726565875944 56
1616167651629 0.8190726565875944 56
1616167777147 0.8197515007810428 57
1616167777150 0.8197515007810428 57
1616167902214 0.8204837621955973 58
1616167902216 0.8204837621955973 58
1616168027011 0.8212817556300955 59
1616168027013 0.8212817556300955 59
1616168152309 0.8219505061126401 60
1616168152311 0.8219505061126401 60
1616168277504 0.8227213096144202 61
1616168277506 0.8227213096144202 61
1616168402714 0.8230493775761302 62
1616168402716 0.8230493775761302 62
1616168528183 0.8233385489181897 63
1616168528186 0.8233385489181897 63
1616168653316 0.8237835683651274 64
1616168653318 0.8237835683651274 64
1616168778429 0.8242526284901385 65
1616168778431 0.8242526284901385 65
1616168903689 0.8247782744434342 66
1616168903691 0.8247782744434342 66
1616169028784 0.8253756553418289 67
1616169028786 0.8253756553418289 67
1616169153954 0.8259758720500009 68
1616169153957 0.8259758720500009 68
1616169279061 0.8266071777461199 69
1616169279064 0.8266071777461199 69
1616169404008 0.8270855266554994 70
1616169404010 0.8270855266554994 70
1616169528888 0.8275359720538177 71
1616169528890 0.8275359720538177 71
1616169654194 0.8279395076208643 72
1616169654196 0.8279395076208643 72
1616169779232 0.828549517744522 73
1616169779234 0.828549517744522 73
1616169904190 0.8290715536836009 74
1616169904193 0.8290715536836009 74
1616170029257 0.8293927703158538 75
1616170029259 0.8293927703158538 75
1616170154487 0.8298613437887543 76
1616170154489 0.8298613437887543 76
1616170279454 0.8304007311286489 77
1616170279457 0.8304007311286489 77
1616170404329 0.8308702348107077 78
1616170404332 0.8308702348107077 78
1616170529378 0.8313533922832169 79
1616170529381 0.8313533922832169 79
1616170654644 0.8318919385338314 80
1616170654647 0.8318919385338314 80
1616170779481 0.8324075608042476 81
1616170779484 0.8324075608042476 81
1616170904387 0.8329211966267515 82
1616170904389 0.8329211966267515 82
1616171029158 0.8334180514523906 83
1616171029161 0.8334180514523906 83
1616171154236 0.8338896014301203 84
1616171154238 0.8338896014301203 84
1616171279519 0.8343544499991409 85
1616171279521 0.8343544499991409 85
1616171404621 0.8348580586351066 86
1616171404624 0.8348580586351066 86
1616171529760 0.8353850635993038 87
1616171529763 0.8353850635993038 87
1616171654649 0.8358660354639822 88
1616171654652 0.8358660354639822 88
1616171779915 0.8363608332876111 89
1616171779917 0.8363608332876111 89
1616171905153 0.8368195228293814 90
1616171905155 0.8368195228293814 90
1616172029983 0.8372769354276078 91
1616172029985 0.8372769354276078 91
1616172155247 0.8375188374266246 92
1616172155249 0.8375188374266246 92
1616172280171 0.8377416833781907 93
1616172280173 0.8377416833781907 93
1616172405344 0.837861522965978 94
1616172405346 0.837861522965978 94
1616172530545 0.8381766833152301 95
1616172530547 0.8381766833152301 95
1616172655291 0.8385553771606991 96
1616172655293 0.8385553771606991 96
1616172780000 0.838973367966979 97
1616172780002 0.838973367966979 97
1616172904916 0.8393806385238994 98
1616172904918 0.8393806385238994 98
1616173029938 0.8397309793152572 99
1616173029940 0.8397309793152572 99
1616173155168 0.8400957598370701 100
1616173155171 0.8400957598370701 100
1616173280022 0.8404654615179417 101
1616173280024 0.8404654615179417 101
1616173405318 0.8408309054003957 102
1616173405320 0.8408309054003957 102
1616173530061 0.8412195582800519 103
1616173530063 0.8412195582800519 103
1616173655080 0.8415958066282337 104
1616173655082 0.8415958066282337 104
1616173780150 0.8419580512370116 105
1616173780152 0.8419580512370116 105
1616173905100 0.8423120293285452 106
1616173905102 0.8423120293285452 106
1616174029966 0.8426832087136094 107
1616174029969 0.8426832087136094 107
1616174154866 0.8430666426668938 108
1616174154868 0.8430666426668938 108
1616174279907 0.8434667871640924 109
1616174279909 0.8434667871640924 109
1616174404903 0.843839368842307 110
1616174404905 0.843839368842307 110
1616174529897 0.8442159772921999 111
1616174529900 0.8442159772921999 111
1616174654653 0.8445939782801336 112
1616174654655 0.8445939782801336 112
1616174779899 0.844945330446989 113
1616174779902 0.844945330446989 113
1616174906269 0.8452601472316579 114
1616174906271 0.8452601472316579 114
1616175031609 0.8456542014289852 115
1616175031611 0.8456542014289852 115
1616175156695 0.8460261637424169 116
1616175156697 0.8460261637424169 116
1616175281824 0.8463855146730638 117
1616175281826 0.8463855146730638 117
1616175406642 0.8467535238977739 118
1616175406644 0.8467535238977739 118
1616175531989 0.8468771971277647 119
1616175531992 0.8468771971277647 119
1616175657295 0.8471697809446457 120
1616175657297 0.8471697809446457 120
1616175782432 0.8474517647534585 121
1616175782435 0.8474517647534585 121
1616175907619 0.8477652938736151 122
1616175907621 0.8477652938736151 122
1616176032649 0.8480608710977245 123
1616176032652 0.8480608710977245 123
1616176157562 0.8483364405810471 124
1616176157565 0.8483364405810471 124
1616176282898 0.8486095633281917 125
1616176282901 0.8486095633281917 125
1616176408058 0.8489371039967177 126
1616176408060 0.8489371039967177 126
1616176533236 0.8492565258203262 127
1616176533239 0.8492565258203262 127
1616176658106 0.8495886351311337 128
1616176658108 0.8495886351311337 128
1616176783187 0.8498986337145781 129
1616176783190 0.8498986337145781 129
1616176908543 0.8501666821655227 130
1616176908545 0.8501666821655227 130
1616177033425 0.8504502110749736 131
1616177033428 0.8504502110749736 131
1616177158494 0.8507227916459071 132
1616177158497 0.8507227916459071 132
1616177283236 0.8509382701708361 133
1616177283239 0.8509382701708361 133
1616177408131 0.851208847294476 134
1616177408134 0.851208847294476 134
1616177533392 0.8515086526084634 135
1616177533394 0.8515086526084634 135
1616177658027 0.8518106457454884 136
1616177658030 0.8518106457454884 136
1616177782961 0.8520724992376301 137
1616177782964 0.8520724992376301 137
1616177907966 0.8523401118993671 138
1616177907968 0.8523401118993671 138
1616178033196 0.8526141272830288 139
1616178033199 0.8526141272830288 139
1616178158159 0.8529119416262667 140
1616178158161 0.8529119416262667 140
1616178282923 0.8531934659725704 141
1616178282925 0.8531934659725704 141
1616178407965 0.85348267327537 142
1616178407967 0.85348267327537 142
1616178532607 0.853763118795865 143
1616178532609 0.853763118795865 143
1616178657293 0.8537163488124886 144
1616178657295 0.8537163488124886 144
1616178782142 0.8538612927297644 145
1616178782145 0.8538612927297644 145
1616178907683 0.8540126347519071 146
1616178907685 0.8540126347519071 146
1616179032836 0.8542589190967885 147
1616179032839 0.8542589190967885 147
1616179158050 0.8544986828450648 148
1616179158052 0.8544986828450648 148
1616179282860 0.8547600645682348 149
1616179282862 0.8547600645682348 149
1616179407754 0.8550324579583474 150
1616179407756 0.8550324579583474 150
1616179532791 0.8552915400510445 151
1616179532793 0.8552915400510445 151
1616179657886 0.8555438999627943 152
1616179657888 0.8555438999627943 152
1616179782925 0.8557864059532723 153
1616179782928 0.8557864059532723 153
1616179908357 0.8560265103146123 154
1616179908359 0.8560265103146123 154
1616180033565 0.8562756581777603 155
1616180033567 0.8562756581777603 155
1616180158431 0.8565520582396238 156
1616180158434 0.8565520582396238 156
1616180283464 0.856806568518667 157
1616180283466 0.856806568518667 157
1616180408705 0.857036403810362 158
1616180408708 0.857036403810362 158
1616180533972 0.8572583897358289 159
1616180533975 0.8572583897358289 159
1616180659335 0.8574948392709943 160
1616180659337 0.8574948392709943 160
1616180784546 0.8577140508290512 161
1616180784549 0.8577140508290512 161
1616180909515 0.8578953850428392 162
1616180909517 0.8578953850428392 162
1616181034568 0.858004156544755 163
1616181034570 0.858004156544755 163
1616181159479 0.8582123976178692 164
1616181159481 0.8582123976178692 164
1616181284561 0.8584015016767966 165
1616181284563 0.8584015016767966 165
1616181409243 0.8586168488301283 166
1616181409245 0.8586168488301283 166
1616181534129 0.8588293472249239 167
1616181534131 0.8588293472249239 167
1616181658948 0.8590515275665529 168
1616181658951 0.8590515275665529 168
1616181783771 0.8592400859264588 169
1616181783774 0.8592400859264588 169
1616181909132 0.8594346072513169 170
1616181909135 0.8594346072513169 170
1616182034013 0.859639059430753 171
1616182034016 0.859639059430753 171
1616182159134 0.8597631634425243 172
1616182159137 0.8597631634425243 172
1616182284351 0.8599053394309938 173
1616182284353 0.8599053394309938 173
1616182409018 0.860121932141095 174
1616182409020 0.860121932141095 174
1616182533803 0.8603390598542172 175
1616182533805 0.8603390598542172 175
1616182658496 0.8605492677902281 176
1616182658498 0.8605492677902281 176
1616182783422 0.8607391550697442 177
1616182783424 0.8607391550697442 177
1616182908467 0.8609479510908017 178
1616182908470 0.8609479510908017 178
1616183033448 0.861176881127136 179
1616183033451 0.861176881127136 179
1616183158750 0.8613893469470847 180
1616183158753 0.8613893469470847 180
1616183283609 0.8616164997019244 181
1616183283611 0.8616164997019244 181
1616183408363 0.8618339949397785 182
1616183408365 0.8618339949397785 182
1616183533292 0.8620422160964101 183
1616183533294 0.8620422160964101 183
1616183658339 0.86224498133577 184
1616183658341 0.86224498133577 184
1616183783082 0.8624484504024369 185
1616183783084 0.8624484504024369 185
1616183908204 0.862609916589647 186
1616183908206 0.862609916589647 186
1616184033083 0.8628178467590379 187
1616184033085 0.8628178467590379 187
1616184158183 0.8630044602415401 188
1616184158186 0.8630044602415401 188
1616184283062 0.863220306346305 189
1616184283065 0.863220306346305 189
1616184408157 0.8634444949951943 190
1616184408159 0.8634444949951943 190
1616184533050 0.8636536516724722 191
1616184533052 0.8636536516724722 191
1616184657856 0.8638413919160337 192
1616184657859 0.8638413919160337 192
1616184783009 0.8640489836093678 193
1616184783011 0.8640489836093678 193
1616184908157 0.864251864311459 194
1616184908159 0.864251864311459 194
1616185033347 0.8644471225248243 195
1616185033350 0.8644471225248243 195
1616185158434 0.8646426357492216 196
1616185158436 0.8646426357492216 196
1616185283405 0.8648224764751505 197
1616185283407 0.8648224764751505 197
1616185408456 0.8649969702142203 198
1616185408459 0.8649969702142203 198
1616185533367 0.8651778735360699 199
1616185533370 0.8651778735360699 199
1616185658669 0.8653580470959975 200
1616185658672 0.8653580470959975 200
1616185783752 0.8655246977546965 201
1616185783755 0.8655246977546965 201
1616185908857 0.8657104856861416 202
1616185908860 0.8657104856861416 202
1616186034659 0.8659027920027995 203
1616186034662 0.8659027920027995 203
1616186159657 0.8660907225577559 204
1616186159660 0.8660907225577559 204
1616186284622 0.8662688136179235 205
1616186284624 0.8662688136179235 205
1616186409488 0.8664403982991945 206
1616186409490 0.8664403982991945 206
1616186534603 0.8665999419521514 207
1616186534606 0.8665999419521514 207
1616186659829 0.8667781080699052 208
1616186659832 0.8667781080699052 208
1616186784737 0.8669466096962178 209
1616186784740 0.8669466096962178 209
1616186909624 0.8671217417914845 210
1616186909626 0.8671217417914845 210
1616187034308 0.8673012299144587 211
1616187034310 0.8673012299144587 211
1616187159082 0.8674859395660544 212
1616187159084 0.8674859395660544 212
1616187283991 0.8676598164285692 213
1616187283994 0.8676598164285692 213
1616187408931 0.8678388672562007 214
1616187408933 0.8678388672562007 214
1616187534068 0.8680086026407777 215
1616187534071 0.8680086026407777 215
1616187658932 0.8681862857510141 216
1616187658935 0.8681862857510141 216
1616187784065 0.8683527937538864 217
1616187784067 0.8683527937538864 217
1616187908991 0.8685332271161943 218
1616187908993 0.8685332271161943 218
1616188033820 0.8686975284000003 219
1616188033822 0.8686975284000003 219
1616188159069 0.8688649894884279 220
1616188159072 0.8688649894884279 220
1616188284356 0.8690163310776065 221
1616188284359 0.8690163310776065 221
1616188409414 0.8691768673096351 222
1616188409417 0.8691768673096351 222
1616188534421 0.8693231000662983 223
1616188534424 0.8693231000662983 223
1616188659810 0.8694655048512162 224
1616188659812 0.8694655048512162 224
1616188785081 0.8696452453791738 225
1616188785083 0.8696452453791738 225
1616188910243 0.8698176687279351 226
1616188910245 0.8698176687279351 226
1616189035650 0.8699529379457781 227
1616189035652 0.8699529379457781 227
1616189160387 0.8701217189506274 228
1616189160389 0.8701217189506274 228
1616189285451 0.8702791332788087 229
1616189285453 0.8702791332788087 229
1616189410620 0.8704491054356291 230
1616189410622 0.8704491054356291 230
1616189535792 0.8706010608945117 231
1616189535795 0.8706010608945117 231
1616189660824 0.8707760387648369 232
1616189660826 0.8707760387648369 232
1616189785732 0.8709471509053978 233
1616189785734 0.8709471509053978 233
1616189910812 0.8711205290332448 234
1616189910815 0.8711205290332448 234
1616190038323 0.8712909060798354 235
1616190038325 0.8712909060798354 235
1616190163798 0.8714216711462949 236
1616190163800 0.8714216711462949 236
1616190289472 0.8715851056914846 237
1616190289475 0.8715851056914846 237
1616190414892 0.8716882424335681 238
1616190414895 0.8716882424335681 238
1616190540416 0.8717581689463089 239
1616190540419 0.8717581689463089 239
1616190665482 0.8718712523400334 240
1616190665484 0.8718712523400334 240
1616190790555 0.8719893196115556 241
1616190790558 0.8719893196115556 241
1616190916007 0.8721039052117814 242
1616190916010 0.8721039052117814 242
1616191041208 0.8722404084487348 243
1616191041210 0.8722404084487348 243
1616191166356 0.8723922979113793 244
1616191166359 0.8723922979113793 244
1616191291723 0.8725503590105823 245
1616191291726 0.8725503590105823 245
1616191416908 0.8726884738596913 246
1616191416910 0.8726884738596913 246
1616191542250 0.8728454534597508 247
1616191542252 0.8728454534597508 247
1616191667341 0.8729821510137058 248
1616191667344 0.8729821510137058 248
1616191792330 0.8731340782147436 249
1616191792333 0.8731340782147436 249
