1616160637665 0.6822152778189233 0
1616160765783 0.2250473122805991 1
1616160892762 0.18566852126349795 2
1616161018104 0.23080702236992248 3
1616161143902 0.16944895395414628 4
1616161269896 0.15775747938041992 5
1616161395255 0.14965984510614516 6
1616161520634 0.11867362387636875 7
1616161645574 0.11732718732921367 8
1616161770611 0.08728266792728546 9
1616161895737 0.09623543315745414 10
1616162021069 0.057005724612068626 11
1616162146018 0.06397292727327093 12
1616162271558 0.05660862808531903 13
1616162396701 0.052906913048726446 14
1616162522114 0.06193028077324654 15
1616162647209 0.06486589556678812 16
1616162772588 0.09418685718419705 17
1616162897518 0.09452599893383523 18
1616163022841 0.05350980725377164 19
1616163148079 0.044132872108132284 20
1616163273366 0.05808725596425381 21
1616163398487 0.05429629153235162 22
1616163523575 0.04385918152934693 23
1616163648553 0.036912934062011696 24
1616163773594 0.055602740060458795 25
1616163898851 0.06429870359282544 26
1616164024109 0.0688485730677209 27
1616164149777 0.09716975867272691 28
1616164274726 0.03916899622120756 29
1616164400016 0.0335139790748028 30
1616164525122 0.03592092563655782 31
1616164650857 0.0668997409892209 32
1616164775954 0.15254264309051188 33
1616164901008 0.0468634722476944 34
1616165026175 0.05584702605104193 35
1616165150947 0.0312344066481641 36
1616165275828 0.047759293796534236 37
1616165400776 0.030540294826347777 38
1616165525756 0.034809340227474554 39
1616165650949 0.02675367372625686 40
1616165775768 0.040245490584601744 41
1616165900773 0.06973352802402162 42
1616166025695 0.09185709843927241 43
1616166150920 0.03406015617099214 44
1616166276026 0.041732256043147536 45
1616166401195 0.03160816510307028 46
1616166526302 0.025442891615502377 47
1616166651316 0.030697530254404595 48
1616166776462 0.024983299737598035 49
1616166901609 0.018548379632386754 50
1616167026543 0.024225418436083387 51
1616167151451 0.021777662983600128 52
1616167276301 0.017469470607156447 53
1616167401223 0.030310891053461013 54
1616167526399 0.028730458837557347 55
1616167651617 0.07822548217595891 56
1616167777138 0.026980227691696047 57
1616167902204 0.026563212552920303 58
1616168027001 0.02521786684209996 59
1616168152299 0.024827088130281328 60
1616168277495 0.02437329981872376 61
1616168402705 0.07039684822109152 62
1616168528174 0.05486861358773201 63
1616168653306 0.044319240574507 64
1616168778420 0.03936778730217447 65
1616168903680 0.042975864353332116 66
1616169028775 0.02251487007325 67
1616169153945 0.018853241339959997 68
1616169279052 0.025422012512671188 69
1616169403998 0.032379211560684316 70
1616169528879 0.03124885189723461 71
1616169654185 0.03973177336948983 72
1616169779222 0.015544841977510047 73
1616169904181 0.016383834579523575 74
1616170029248 0.04834141574324446 75
1616170154477 0.02509299562649524 76
1616170279446 0.014387935400009155 77
1616170404320 0.02317679039341338 78
1616170529370 0.014840626375789338 79
1616170654635 0.011738246742715227 80
1616170779472 0.014460428201771796 81
1616170904377 0.015653384730536887 82
1616171029150 0.019937018091057208 83
1616171154227 0.020408086815571533 84
1616171279510 0.01837623527550951 85
1616171404612 0.011382029015333094 86
1616171529751 0.005346081219613552 87
1616171654640 0.013256026491364266 88
1616171779905 0.0047790704176146935 89
1616171905144 0.006528197549917596 90
1616172029974 0.012246750731100427 91
1616172155238 0.029613412044783856 92
1616172280161 0.03178723822248743 93
1616172405335 0.045786276340801665 94
1616172530536 0.018808532704381233 95
1616172655282 0.014658275674632255 96
1616172779991 0.00950532446199275 97
1616172904906 0.005077826136604268 98
1616173029928 0.018445028646036664 99
1616173155159 0.008404657205051564 100
1616173280013 0.011212957725721472 101
1616173405309 0.003712781804039123 102
1616173530053 0.007326294251895966 103
1616173655071 0.007710828346774933 104
1616173780142 0.014488611013648357 105
1616173905091 0.009828982894566464 106
1616174029957 0.00337364358153749 107
1616174154856 0.005198467641751817 108
1616174279897 0.001721949851576318 109
1616174404893 0.0028325838254804306 110
1616174529888 0.0018559234573486004 111
1616174654643 0.0007487201587633884 112
1616174779890 0.006791401337435905 113
1616174906252 0.009617476228703844 114
1616175031573 0.0029941413036369264 115
1616175156673 0.0013692211161585564 116
1616175281801 0.001967362583951747 117
1616175406631 -0.0007596337335540893 118
1616175531978 0.02592136136236343 119
1616175657284 0.009642730724621327 120
1616175782421 0.0010058476807589226 121
1616175907608 -0.00042818383650576814 122
1616176032638 0.0033214019928523835 123
1616176157552 0.008508913020821327 124
1616176282888 0.0030941551828638034 125
1616176408048 -0.004355217072557896 126
1616176533225 -0.0074661692128853594 127
1616176658095 -0.007983469146680324 128
1616176783176 -0.0020270372166278513 129
1616176908531 0.004606512553514319 130
1616177033414 0.006328705103790506 131
1616177158483 0.004221606761851209 132
1616177283225 0.011873535891162587 133
1616177408120 -0.001969584323307301 134
1616177533380 -0.006526664672221275 135
1616177658016 0.003145363538506183 136
1616177782950 0.002184515818953514 137
1616177907955 -0.001405850627479401 138
1616178033184 -0.005723096033994188 139
1616178158147 -0.007288214829849436 140
1616178282912 -0.006903236989486724 141
1616178407955 -0.00727564128155404 142
1616178532596 -0.007600684551165459 143
1616178657282 0.04515594842427589 144
1616178782132 0.013583053894182469 145
1616178907672 0.01792698226710583 146
1616179032825 0.0005846785658851583 147
1616179158038 0.000957507164554393 148
1616179282849 -0.006726550334628592 149
1616179407742 -0.007378186753138583 150
1616179532780 -0.007437933850637141 151
1616179657875 -0.005729489504022801 152
1616179782914 -0.00691733644046682 153
1616179908346 -0.007176243918056184 154
1616180033554 -0.00827819140667611 155
1616180158420 -0.010984715609315862 156
1616180283454 -0.007928857262781325 157
1616180408695 0.00010505461312354879 158
1616180533961 -0.002148505379544928 159
1616180659324 0.0001437201739308682 160
1616180784535 -0.006177957863249677 161
1616180909504 0.0027958015376266013 162
1616181034557 0.01805372266693318 163
1616181159468 -0.0011678337258227327 164
1616181284550 -0.0017874141402067021 165
1616181409233 -0.002764706915997444 166
1616181534117 0.0003364409736179291 167
1616181658937 -0.008515410323409325 168
1616181783760 0.003791528694490169 169
1616181909122 -0.0019099730998277664 170
1616182034002 -0.004589116953788919 171
1616182159123 0.005549064837396145 172
1616182284339 0.006136852177850744 173
1616182409008 -0.004283497763916533 174
1616182533792 -0.009252140179593513 175
1616182658485 -0.007942919520304558 176
1616182783412 -0.0025098722111037437 177
1616182908457 -0.011628489763020201 178
1616183033437 -0.013345877976810678 179
1616183158739 -0.017045812265194478 180
1616183283598 -0.0154417517218501 181
1616183408352 -0.014093609744722539 182
1616183533281 -0.01501377626381656 183
1616183658328 -0.006901593304219398 184
1616183783071 -0.012686730342659545 185
1616183908192 -0.0044685080449314825 186
1616184033071 -0.01381770329193232 187
1616184158172 -0.011600944966553374 188
1616184283051 -0.015453527641898774 189
1616184408146 -0.018252119679558785 190
1616184533039 -0.011112709173021163 191
1616184657845 -0.011496407118566494 192
1616184782998 -0.01945818322611616 193
1616184908146 -0.020555470713434068 194
1616185033335 -0.016040478951911977 195
1616185158423 -0.02135064118006762 196
1616185283394 -0.013298351377090241 197
1616185408445 -0.010070407386631407 198
1616185533357 -0.011014726547960272 199
1616185658658 -0.015450609530857268 200
1616185783742 -0.011598480211451967 201
1616185908847 -0.01549671552679006 202
1616186034648 -0.017359827189369403 203
1616186159646 -0.017004722293387068 204
1616186284610 -0.01729106647457848 205
1616186409477 -0.013705748747637931 206
1616186534593 -0.015540749329994333 207
1616186659818 -0.02146707378090062 208
1616186784726 -0.014563821791175833 209
1616186909613 -0.01446281621192998 210
1616187034297 -0.014771923838936269 211
1616187159070 -0.02187851792637338 212
1616187283979 -0.014487101835139255 213
1616187408920 -0.018417808009271928 214
1616187534058 -0.013879297142650219 215
1616187658921 -0.01712217932923677 216
1616187784053 -0.019913301803171635 217
1616187908980 -0.0200040414136775 218
1616188033809 -0.0163624315780211 219
1616188159058 -0.024233070677740776 220
1616188284345 -0.0073445981091007275 221
1616188409403 -0.019827365379859792 222
1616188534410 -0.016687241422527647 223
1616188659799 -0.011783175705436697 224
1616188785069 -0.024444154027770174 225
1616188910232 -0.020222424232262247 226
1616189035639 -0.012707280966037132 227
1616189160375 -0.019336125278409493 228
1616189285439 -0.025101466956449315 229
1616189410610 -0.02287344913929701 230
1616189535781 -0.01743466426875997 231
1616189660813 -0.021428461820679777 232
1616189785720 -0.02458852365058153 233
1616189910789 -0.023109138031747748 234
1616190038311 -0.02226053907516155 235
1616190163786 -0.011977651572607934 236
1616190289460 -0.023107641178401226 237
1616190414881 -0.004598893898915738 238
1616190540404 0.004192385089365726 239
1616190665471 -0.01657169514355507 240
1616190790544 -0.011103055875827657 241
1616190915996 -0.010845108789966461 242
1616191041197 -0.011586642130575281 243
1616191166345 -0.021867758039622865 244
1616191291711 -0.02753635472122659 245
1616191416896 -0.02025294270207907 246
1616191542238 -0.027389282539011316 247
1616191667331 -0.01719499831186964 248
1616191792320 -0.0235979104454213 249
