1616160637673 inf 0
1616160765787 19.828722161538092 1
1616160892766 18.628259854264122 2
1616161018109 19.951727723513663 3
1616161143906 19.05936854385853 4
1616161269899 17.654133019273463 5
1616161395259 17.805758731024873 6
1616161520638 17.659463712743786 7
1616161645578 17.025490198457778 8
1616161770616 16.303807880775768 9
1616161895741 16.338319851709205 10
1616162021074 14.902651809296794 11
1616162146023 15.075253765344199 12
1616162271562 14.372412061854474 13
1616162396705 14.9999281165232 14
1616162522119 14.794041013901479 15
1616162647213 14.670189630978536 16
1616162772593 16.74198027021935 17
1616162897522 16.178967944171372 18
1616163022846 15.58416928391559 19
1616163148084 14.17610160266059 20
1616163273370 14.324911122179275 21
1616163398491 14.149996981530363 22
1616163523580 13.679735452286765 23
1616163648557 14.304820758093143 24
1616163773599 14.360301217618574 25
1616163898855 14.539520539395191 26
1616164024114 14.955133742125406 27
1616164149782 16.575380226380734 28
1616164274730 13.963772805532106 29
1616164400020 13.733373417577 30
1616164525126 13.140646580308406 31
1616164650862 14.037819846491905 32
1616164775958 16.561169428317054 33
1616164901012 14.163551851370793 34
1616165026180 14.621677322868749 35
1616165150951 13.1534728065413 36
1616165275833 14.650573228888915 37
1616165400781 12.801868465392369 38
1616165525761 12.710406335832184 39
1616165650954 12.929234408042669 40
1616165775773 13.408483387087918 41
1616165900778 15.1120349482515 42
1616166025700 16.997248021985662 43
1616166150925 13.240548023298155 44
1616166276031 14.456624980102193 45
1616166401199 13.065399341801646 46
1616166526307 12.950257806854456 47
1616166651321 13.06123265521624 48
1616166776466 12.36530212330684 49
1616166901614 12.221685104798347 50
1616167026548 11.727679931513554 51
1616167151455 12.197895251602457 52
1616167276307 12.882515862374095 53
1616167401227 13.421142674903429 54
1616167526403 13.02345495122715 55
1616167651622 14.900827515187636 56
1616167777143 14.093443406347033 57
1616167902209 12.664209680209927 58
1616168027006 12.152251586871317 59
1616168152304 13.693845552378706 60
1616168277500 12.416290938550187 61
1616168402709 13.920450744484931 62
1616168528179 14.538004350671287 63
1616168653311 13.337165585222523 64
1616168778425 13.496459710111361 65
1616168903685 12.341370356166687 66
1616169028780 12.750259016336987 67
1616169153950 13.589565260421434 68
1616169279057 12.383210894684636 69
1616169404003 13.305849200763673 70
1616169528884 13.020667779658178 71
1616169654190 12.592498257510057 72
1616169779227 11.73942288691412 73
1616169904186 13.38495327853493 74
1616170029252 13.534274162838095 75
1616170154482 12.427872181764537 76
1616170279450 11.738884249848402 77
1616170404325 12.677097142637402 78
1616170529374 12.598589957462845 79
1616170654640 12.415760822811734 80
1616170779477 11.899768896252782 81
1616170904382 11.383217113335673 82
1616171029154 12.222082376083456 83
1616171154231 11.628806985723461 84
1616171279514 11.307484178306423 85
1616171404617 12.03507876398838 86
1616171529756 11.423624535828921 87
1616171654645 11.838927656352316 88
1616171779910 10.704879430085288 89
1616171905149 11.118762569790478 90
1616172029978 11.077835720006707 91
1616172155242 13.232008403616012 92
1616172280166 13.803045776412905 93
1616172405340 13.190128404211364 94
1616172530540 12.96907949459028 95
1616172655287 11.182224806302893 96
1616172779996 11.327469509185386 97
1616172904911 10.84209973653105 98
1616173029933 11.386880650706924 99
1616173155164 11.400676375129445 100
1616173280017 11.878201024127264 101
1616173405313 10.876847546623827 102
1616173530057 11.3976979738584 103
1616173655076 10.728438682603793 104
1616173780146 10.703787216815925 105
1616173905095 10.92012057366261 106
1616174029962 10.905573285536617 107
1616174154861 11.611393079618841 108
1616174279902 10.110063420281973 109
1616174404898 10.64199832082402 110
1616174529893 9.858240620643256 111
1616174654648 10.116480763772463 112
1616174779895 11.02385555056564 113
1616174906264 10.756652299656224 114
1616175031600 10.015407766182312 115
1616175156687 10.401078308879898 116
1616175281816 10.524154349064256 117
1616175406638 9.78986587762619 118
1616175531985 14.823567740805569 119
1616175657290 11.481186330238945 120
1616175782428 11.188764909275216 121
1616175907614 10.756945950202448 122
1616176032645 10.147602544022451 123
1616176157558 11.980468065614199 124
1616176282894 10.72114399757202 125
1616176408053 9.887055666504994 126
1616176533232 10.069258101268696 127
1616176658102 9.330493435109208 128
1616176783182 10.732230313739246 129
1616176908538 11.11598812061372 130
1616177033420 10.093398440100248 131
1616177158489 11.889748629231203 132
1616177283232 11.230774329766545 133
1616177408127 10.134923426536817 134
1616177533387 10.184107215173631 135
1616177658023 9.480677117882252 136
1616177782957 10.540379745284799 137
1616177907961 10.33364695727509 138
1616178033191 10.462896870290919 139
1616178158154 8.965847041418307 140
1616178282918 9.45230781562214 141
1616178407961 10.244943160621357 142
1616178532602 9.927916792325961 143
1616178657288 13.380586402865365 144
1616178782138 11.7153476032396 145
1616178907678 12.7435668559174 146
1616179032832 10.073103135580416 147
1616179158045 9.769676805838886 148
1616179282855 9.322896493585054 149
1616179407749 9.29709041179282 150
1616179532787 10.278746682031807 151
1616179657882 10.950575356428072 152
1616179782920 10.840787386102134 153
1616179908352 9.754586040755871 154
1616180033560 8.957328537825214 155
1616180158427 9.193985551299486 156
1616180283460 9.563190345086795 157
1616180408701 10.302038114481515 158
1616180533967 10.069308717939188 159
1616180659330 10.147377161583435 160
1616180784542 9.846698608312613 161
1616180909510 10.502789000014904 162
1616181034563 11.4732820437824 163
1616181159475 9.683530231301372 164
1616181284556 10.525305467558676 165
1616181409239 9.919738500368453 166
1616181534124 9.852030992923495 167
1616181658944 9.287336685766787 168
1616181783766 9.977032463283582 169
1616181909128 9.834514442644837 170
1616182034009 10.03530245576026 171
1616182159129 11.13147210464795 172
1616182284346 9.721018886158594 173
1616182409014 9.035419994318712 174
1616182533798 10.062589718396435 175
1616182658491 8.977461337336978 176
1616182783418 9.088079168110195 177
1616182908463 9.084238032556785 178
1616183033444 9.567484606122557 179
1616183158745 9.624770374990971 180
1616183283604 9.622361663638905 181
1616183408359 9.006930625277702 182
1616183533288 9.015058324298685 183
1616183658335 9.71251986392385 184
1616183783078 9.226278038583668 185
1616183908199 9.680151779586213 186
1616184033078 9.392330052466807 187
1616184158179 9.543932843378753 188
1616184283058 8.102607367521106 189
1616184408152 8.616259706369787 190
1616184533045 8.465280272024303 191
1616184657852 9.486233093074235 192
1616184783004 8.677194529117465 193
1616184908152 9.005050363528678 194
1616185033342 8.848383094321784 195
1616185158430 9.742717882975027 196
1616185283400 9.60517052811262 197
1616185408452 9.878574165626535 198
1616185533363 10.174618235499318 199
1616185658665 9.107247237876155 200
1616185783748 10.779002826568972 201
1616185908852 9.298893742267094 202
1616186034655 9.161845289977284 203
1616186159653 9.781058497003857 204
1616186284617 8.850495363989536 205
1616186409484 8.949111423715847 206
1616186534599 10.370856001293529 207
1616186659824 10.34757319841577 208
1616186784733 9.233351755391855 209
1616186909619 9.499537985661195 210
1616187034303 9.643895613411335 211
1616187159077 8.287291562909601 212
1616187283987 9.109316534278124 213
1616187408926 8.800462483045395 214
1616187534064 9.1438279352776 215
1616187658927 7.805442343722786 216
1616187784060 9.430002752603032 217
1616187908986 9.220575268769315 218
1616188033815 8.951960456705095 219
1616188159064 8.435761730905424 220
1616188284352 9.472118384418986 221
1616188409410 8.803720134275762 222
1616188534416 9.097497749598846 223
1616188659805 9.627001629616158 224
1616188785076 8.593549334742672 225
1616188910238 8.943425130084057 226
1616189035645 10.542429618062249 227
1616189160382 8.039011905872297 228
1616189285445 8.801209105326913 229
1616189410616 8.804481519622867 230
1616189535788 8.829914866620499 231
1616189660820 8.698146870659592 232
1616189785727 8.283950095592184 233
1616189910807 8.036742853202583 234
1616190038318 9.77085281610813 235
1616190163793 8.86950063242723 236
1616190289467 9.05729148093497 237
1616190414888 9.334201066164239 238
1616190540411 10.99026670771852 239
1616190665477 9.663578146846989 240
1616190790551 9.580661260834459 241
1616190916002 10.575613330877838 242
1616191041203 7.946770325295528 243
1616191166352 8.611138047970597 244
1616191291718 8.9864728722879 245
1616191416903 9.540388440085632 246
1616191542245 8.812516117128753 247
1616191667336 8.800807760326144 248
1616191792326 8.084763832790715 249
