1616160637671 0.44318200543211983 0
1616160765785 0.6874959092151295 1
1616160892764 0.7202900274795421 2
1616161018106 0.6976364253069016 3
1616161143904 0.7288660136388337 4
1616161269897 0.7540161367109481 5
1616161395257 0.7542053107568558 6
1616161520636 0.7740797664415329 7
1616161645576 0.788292388491174 8
1616161770614 0.8089952655136585 9
1616161895739 0.8016232930599375 10
1616162021072 0.8303796492041425 11
1616162146021 0.8278665642075717 12
1616162271561 0.8379342372113086 13
1616162396703 0.8351243123253609 14
1616162522117 0.8316754553308512 15
1616162647211 0.8247212558350665 16
1616162772590 0.8039794986710903 17
1616162897520 0.7979325338246974 18
1616163022844 0.8407827361308514 19
1616163148082 0.8439991739677623 20
1616163273368 0.8362591274161922 21
1616163398489 0.8398637766850755 22
1616163523578 0.8502382559186601 23
1616163648555 0.8492463743908608 24
1616163773597 0.8433864144013917 25
1616163898853 0.8324593364637582 26
1616164024112 0.8291365061589377 27
1616164149779 0.8066592065819002 28
1616164274729 0.8489561806175303 29
1616164400018 0.8523148895895227 30
1616164525124 0.851384097987667 31
1616164650860 0.8280241415697209 32
1616164775956 0.760277934942117 33
1616164901010 0.8419585827975831 34
1616165026177 0.8436479669143545 35
1616165150949 0.8571700672916276 36
1616165275831 0.8454578488748125 37
1616165400779 0.8590336379377131 38
1616165525759 0.8583109076035783 39
1616165650952 0.8616957661715594 40
1616165775770 0.8578278825400357 41
1616165900776 0.8291476226233422 42
1616166025698 0.8052982535768063 43
1616166150923 0.852998147698793 44
1616166276028 0.845432782347532 45
1616166401197 0.8600317038437153 46
1616166526305 0.8626221702136891 47
1616166651318 0.8608279414474964 48
1616166776464 0.865487489690806 49
1616166901612 0.8696327020037682 50
1616167026546 0.8678104559633326 51
1616167151453 0.8676789263461498 52
1616167276304 0.870580997080245 53
1616167401225 0.8588675157900186 54
1616167526401 0.8644810674038339 55
1616167651620 0.8198567878534185 56
1616167777141 0.8584456198075985 57
1616167902207 0.8629549242397572 58
1616168027004 0.8683633682654893 59
1616168152302 0.8620755350653161 60
1616168277497 0.8697403232230151 61
1616168402707 0.8433895912021399 62
1616168528177 0.8415563434679457 63
1616168653309 0.8522648129691469 64
1616168778423 0.8547415366158524 65
1616168903682 0.8594709073609494 66
1616169028778 0.865400175534268 67
1616169153948 0.8667906082056939 68
1616169279055 0.8701672707783416 69
1616169404001 0.860569950312059 70
1616169528882 0.8595175953344145 71
1616169654187 0.8569940684482138 72
1616169779225 0.873080256771534 73
1616169904183 0.8677022131754363 74
1616170029250 0.853484017734832 75
1616170154480 0.865472927729183 76
1616170279448 0.8719335563005285 77
1616170404323 0.8674915220112877 78
1616170529372 0.8695228326114568 79
1616170654638 0.8749756385829854 80
1616170779475 0.8741729647079681 81
1616170904380 0.8750393340720776 82
1616171029152 0.8746570019804417 83
1616171154229 0.873499799559408 84
1616171279512 0.8738665783658941 85
1616171404615 0.8781684013281731 86
1616171529754 0.8812344954844485 87
1616171654643 0.8781915595556827 88
1616171779908 0.88039783959059 89
1616171905147 0.8781015815887045 90
1616172029976 0.8789014818662024 91
1616172155240 0.8597738213361578 92
1616172280164 0.8584663568738293 93
1616172405337 0.8491264442180065 94
1616172530538 0.8681169164941666 95
1616172655284 0.874909986325718 96
1616172779994 0.8795184761761351 97
1616172904909 0.8792931531020935 98
1616173029931 0.8744147176596713 99
1616173155161 0.8765738120183666 100
1616173280015 0.8778053312859637 101
1616173405311 0.878106181410716 102
1616173530055 0.8812508048846367 103
1616173655074 0.880725634839148 104
1616173780144 0.879993735158697 105
1616173905093 0.8798337070311003 106
1616174029960 0.8823994029154802 107
1616174154859 0.88447750962161 108
1616174279900 0.8870825373587456 109
1616174404896 0.8848233534459103 110
1616174529891 0.8860195152303005 111
1616174654646 0.8869300889287223 112
1616174779892 0.8846481253016503 113
1616174906258 0.8811492606838967 114
1616175031594 0.890970434121629 115
1616175156681 0.8891737921004916 116
1616175281809 0.8884295735587465 117
1616175406635 0.8901786124135586 118
1616175531983 0.8615943114966789 119
1616175657288 0.882279838970367 120
1616175782426 0.8815718056198131 121
1616175907611 0.88601584653271 122
1616176032642 0.8844168696631777 123
1616176157555 0.8825070565130483 124
1616176282891 0.8827499067212673 125
1616176408051 0.8902072282309862 126
1616176533229 0.8898230974185974 127
1616176658100 0.8920986269144936 128
1616176783180 0.8898884509789183 129
1616176908536 0.885012980788312 130
1616177033419 0.8875924982130527 131
1616177158487 0.886703427009126 132
1616177283229 0.8795969139863836 133
1616177408124 0.8874661818622275 134
1616177533385 0.8919823699967658 135
1616177658020 0.8928817123808759 136
1616177782955 0.8879464276610537 137
1616177907959 0.8892706592190773 138
1616178033189 0.8907022656119884 139
1616178158151 0.8946059496795877 140
1616178282916 0.8928883988013927 141
1616178407959 0.8945501102729047 142
1616178532600 0.8938668282266627 143
1616178657285 0.8469814712062795 144
1616178782135 0.87487816073476 145
1616178907676 0.8761085699847404 146
1616179032829 0.8904627177943575 147
1616179158043 0.8899837175899363 148
1616179282853 0.8937059413205753 149
1616179407747 0.8958914664752305 150
1616179532785 0.8944129360483047 151
1616179657879 0.8939026065487811 152
1616179782918 0.8928898224963787 153
1616179908350 0.8930025819609774 154
1616180033558 0.8948935769656872 155
1616180158424 0.8996704678903235 156
1616180283457 0.8967646823284474 157
1616180408699 0.893350379898193 158
1616180533965 0.8925541518850529 159
1616180659328 0.8953267648974632 160
1616180784539 0.8930071116761958 161
1616180909507 0.8872715276765063 162
1616181034560 0.8757339113570274 163
1616181159472 0.89236393360857 164
1616181284554 0.8896036713998369 165
1616181409236 0.8943644762831799 166
1616181534122 0.8943165791557824 167
1616181658942 0.8963778249602369 168
1616181783764 0.8911064487505467 169
1616181909126 0.8925032324771932 170
1616182034006 0.8946003821143445 171
1616182159127 0.8811090534671824 172
1616182284344 0.8845017854362092 173
1616182409012 0.8978090636987002 174
1616182533795 0.8983364096505845 175
1616182658489 0.897545864528164 176
1616182783415 0.8943492035440942 177
1616182908461 0.8981136428390412 178
1616183033441 0.902155357630963 179
1616183158743 0.8996331945378729 180
1616183283602 0.9027311483279188 181
1616183408356 0.9014181282292021 182
1616183533285 0.900146687759998 183
1616183658332 0.8995537853779945 184
1616183783075 0.9000902277358035 185
1616183908197 0.8926426274107492 186
1616184033075 0.9017007884351497 187
1616184158177 0.898087794951936 188
1616184283056 0.904015220146864 189
1616184408150 0.9060403382841576 190
1616184533042 0.903602577032561 191
1616184657849 0.8998875186798421 192
1616184783001 0.9041141804228437 193
1616184908150 0.9036107205171534 194
1616185033340 0.9025224741310516 195
1616185158428 0.9029632277311163 196
1616185283398 0.9002510994831299 197
1616185408450 0.8995467305500456 198
1616185533361 0.9011776345841428 199
1616185658662 0.901392759081531 200
1616185783746 0.8990214801532157 201
1616185908850 0.9032396478380295 202
1616186034653 0.9049409742843597 203
1616186159651 0.9044285557688551 204
1616186284615 0.9027774809522832 205
1616186409481 0.9017868426410441 206
1616186534597 0.8996254781142194 207
1616186659822 0.9038366605626776 208
1616186784730 0.9021634495955833 209
1616186909617 0.9038994817974719 210
1616187034301 0.9051732238619885 211
1616187159075 0.9066443857043347 212
1616187283984 0.9046955881442161 213
1616187408924 0.9061557443693598 214
1616187534062 0.9045017103248454 215
1616187658925 0.9065658375620842 216
1616187784058 0.9044850303771648 217
1616187908984 0.907867700099311 218
1616188033813 0.9046795095535035 219
1616188159062 0.9057064289425282 220
1616188284349 0.9024628222860555 221
1616188409408 0.9048159108199971 222
1616188534414 0.9019330048022118 223
1616188659803 0.9013641766728239 224
1616188785074 0.9100868641696078 225
1616188910236 0.9087853455480109 226
1616189035642 0.9006590503961482 227
1616189160380 0.9086037880562722 228
1616189285442 0.9063270144323086 229
1616189410614 0.9095427015043319 230
1616189535785 0.9057027718963775 231
1616189660817 0.9113709046802623 232
1616189785725 0.9108162796560754 233
1616189910800 0.9116910109494595 234
1616190038315 0.9113295120286181 235
1616190163791 0.9022822268307209 236
1616190289465 0.9103190929014632 237
1616190414885 0.8962347870494457 238
1616190540409 0.8884706054913237 239
1616190665474 0.8990112668339242 240
1616190790548 0.9004435320483878 241
1616190916000 0.8998336204664504 242
1616191041201 0.9054106950284319 243
1616191166349 0.9094533267965976 244
1616191291716 0.9112753283153189 245
1616191416900 0.9066647267405022 246
1616191542243 0.9116194146744748 247
1616191667334 0.9068831443945145 248
1616191792324 0.9109639512731674 249
