1615589553200 0.6361145824610964 0
1615589553200 0.6361145824610964 0
1615589646769 0.705411472503763 1
1615589646769 0.705411472503763 1
1615589740507 0.7352761730913128 2
1615589740514 0.7352761730913128 2
1615589834102 0.7507366499787113 3
1615589834117 0.7507366499787113 3
1615589927411 0.7647103444492416 4
1615589927411 0.7647103444492416 4
1615590020476 0.7740072189756108 5
1615590020476 0.7740072189756108 5
1615590114220 0.7813951674439726 6
1615590114220 0.7813951674439726 6
1615590207404 0.785891315953653 7
1615590207404 0.785891315953653 7
1615590301478 0.7904196311125089 8
1615590301478 0.7904196311125089 8
1615590394790 0.7945962296590319 9
1615590394790 0.7945962296590319 9
1615590488017 0.7975338905066593 10
1615590488017 0.7975338905066593 10
1615590581036 0.8012154231586988 11
1615590581036 0.8012154231586988 11
1615590673282 0.8037441309560709 12
1615590673282 0.8037441309560709 12
1615590766813 0.8064458198231784 13
1615590766829 0.8064458198231784 13
1615590859943 0.8087610834264265 14
1615590859943 0.8087610834264265 14
1615590953141 0.8107883248559837 15
1615590953141 0.8107883248559837 15
1615591046425 0.8134207734968953 16
1615591046425 0.8134207734968953 16
1615591139685 0.8157336566787193 17
1615591139685 0.8157336566787193 17
1615591232725 0.817695607546825 18
1615591232725 0.817695607546825 18
1615591325011 0.8201959020909921 19
1615591325011 0.8201959020909921 19
1615591418516 0.821938704354417 20
1615591418516 0.821938704354417 20
1615591511482 0.8238655245873009 21
1615591511482 0.8238655245873009 21
1615591604546 0.8255736225004814 22
1615591604561 0.8255736225004814 22
1615591697538 0.8271274052957646 23
1615591697538 0.8271274052957646 23
1615591790772 0.8289653866832601 24
1615591790787 0.8289653866832601 24
1615591884028 0.8306855630834215 25
1615591884028 0.8306855630834215 25
1615591977127 0.8321445015078381 26
1615591977143 0.8321445015078381 26
1615592070359 0.8336761401929477 27
1615592070359 0.8336761401929477 27
1615592163446 0.8351860293271082 28
1615592163462 0.8351860293271082 28
1615592256859 0.8358243025445485 29
1615592256859 0.8358243025445485 29
1615592350170 0.836445597550156 30
1615592350170 0.836445597550156 30
1615592442279 0.8375476777198231 31
1615592442279 0.8375476777198231 31
1615592535487 0.8386962249085698 32
1615592535487 0.8386962249085698 32
1615592628551 0.8398018550888993 33
1615592628551 0.8398018550888993 33
1615592721764 0.8407893800988857 34
1615592721764 0.8407893800988857 34
1615592815063 0.841655688003172 35
1615592815063 0.841655688003172 35
1615592908056 0.8426016174379275 36
1615592908056 0.8426016174379275 36
1615593001031 0.8435489722953353 37
1615593001031 0.8435489722953353 37
1615593094145 0.8443824948972519 38
1615593094145 0.8443824948972519 38
1615593187340 0.8448476176691561 39
1615593187340 0.8448476176691561 39
1615593280495 0.8455491278793161 40
1615593280495 0.8455491278793161 40
1615593373128 0.8462675601854924 41
1615593373128 0.8462675601854924 41
1615593466212 0.847016207475237 42
1615593466212 0.847016207475237 42
1615593559081 0.8477938591374343 43
1615593559081 0.8477938591374343 43
1615593652288 0.8485328702731783 44
1615593652288 0.8485328702731783 44
1615593745085 0.8493087809943242 45
1615593745085 0.8493087809943242 45
1615593837219 0.8500634016363833 46
1615593837219 0.8500634016363833 46
1615593930647 0.8506520277289419 47
1615593930647 0.8506520277289419 47
1615594023668 0.8512172713496207 48
1615594023668 0.8512172713496207 48
1615594116490 0.8516963892460647 49
1615594116490 0.8516963892460647 49
1615594209490 0.852251707290577 50
1615594209490 0.852251707290577 50
1615594302422 0.8528095108874454 51
1615594302422 0.8528095108874454 51
1615594395650 0.8534300756687678 52
1615594395650 0.8534300756687678 52
1615594489032 0.8540314562274313 53
1615594489032 0.8540314562274313 53
1615594582166 0.854645648418472 54
1615594582166 0.854645648418472 54
1615594674963 0.8552461589757563 55
1615594674963 0.8552461589757563 55
1615594767045 0.8558631495544093 56
1615594767045 0.8558631495544093 56
1615594860299 0.8564070291542536 57
1615594860299 0.8564070291542536 57
1615594952990 0.8569215644415313 58
1615594952990 0.8569215644415313 58
1615595044859 0.8575132731030884 59
1615595044859 0.8575132731030884 59
1615595137775 0.8580780023789151 60
1615595137775 0.8580780023789151 60
1615595230742 0.8586228426739118 61
1615595230742 0.8586228426739118 61
1615595323611 0.8591364682763478 62
1615595323611 0.8591364682763478 62
1615595415605 0.8596162203551224 63
1615595415605 0.8596162203551224 63
1615595508660 0.8600309605112493 64
1615595508660 0.8600309605112493 64
1615595601636 0.8603713022991897 65
1615595601636 0.8603713022991897 65
1615595694494 0.8606931586542591 66
1615595694494 0.8606931586542591 66
1615595787709 0.8610708687151517 67
1615595787709 0.8610708687151517 67
1615595880334 0.8615025504519017 68
1615595880334 0.8615025504519017 68
1615595972407 0.8619699333202657 69
1615595972407 0.8619699333202657 69
1615596064718 0.8624593539661534 70
1615596064722 0.8624593539661534 70
1615596157582 0.862902573329724 71
1615596157582 0.862902573329724 71
1615596251831 0.8633167762600649 72
1615596251837 0.8633167762600649 72
1615596345168 0.8637305748838287 73
1615596345168 0.8637305748838287 73
1615596438290 0.8642150189091836 74
1615596438290 0.8642150189091836 74
1615596531491 0.8646715496140346 75
1615596531491 0.8646715496140346 75
1615596624548 0.8651241597293996 76
1615596624548 0.8651241597293996 76
1615596717673 0.8655522877211091 77
1615596717673 0.8655522877211091 77
1615596811113 0.8659652629195055 78
1615596811113 0.8659652629195055 78
1615596904207 0.8663714239789078 79
1615596904207 0.8663714239789078 79
1615596997630 0.8667496378075864 80
1615596997630 0.8667496378075864 80
1615597090748 0.867154133319143 81
1615597090748 0.867154133319143 81
1615597183109 0.8675860488714278 82
1615597183109 0.8675860488714278 82
1615597275890 0.8679781214179515 83
1615597275890 0.8679781214179515 83
1615597369019 0.868349848351261 84
1615597369019 0.868349848351261 84
1615597461182 0.8687463130429197 85
1615597461182 0.8687463130429197 85
1615597554340 0.8691084671180478 86
1615597554340 0.8691084671180478 86
1615597647540 0.8694651367816019 87
1615597647540 0.8694651367816019 87
1615597740646 0.8698711527380912 88
1615597740646 0.8698711527380912 88
1615597833720 0.8702457854402245 89
1615597833726 0.8702457854402245 89
1615597926877 0.8705017531852168 90
1615597926877 0.8705017531852168 90
1615598019806 0.8705608662649074 91
1615598019822 0.8705608662649074 91
1615598113081 0.8708487927668248 92
1615598113081 0.8708487927668248 92
1615598206441 0.871152543491945 93
1615598206456 0.871152543491945 93
1615598299888 0.8713246896287954 94
1615598299888 0.8713246896287954 94
1615598392727 0.8713239419147487 95
1615598392727 0.8713239419147487 95
1615598485660 0.8715382450853357 96
1615598485675 0.8715382450853357 96
1615598578695 0.8718441740775381 97
1615598578695 0.8718441740775381 97
1615598671783 0.8721657752962367 98
1615598671783 0.8721657752962367 98
1615598764453 0.8724506521179112 99
1615598764453 0.8724506521179112 99
1615598856701 0.8727338204393755 100
1615598856701 0.8727338204393755 100
1615598949644 0.8730643766927835 101
1615598949644 0.8730643766927835 101
1615599042775 0.8733689810438585 102
1615599042775 0.8733689810438585 102
1615599134913 0.8737125802510097 103
1615599134913 0.8737125802510097 103
1615599227921 0.8740452030149387 104
1615599227927 0.8740452030149387 104
1615599320642 0.8743654586010472 105
1615599320642 0.8743654586010472 105
1615599413746 0.8746789234875756 106
1615599413746 0.8746789234875756 106
1615599507090 0.8749896255987222 107
1615599507090 0.8749896255987222 107
1615599600207 0.8752845449418531 108
1615599600207 0.8752845449418531 108
1615599693532 0.8755727136200565 109
1615599693532 0.8755727136200565 109
1615599786541 0.8758629058844996 110
1615599786541 0.8758629058844996 110
1615599879949 0.8761326877651235 111
1615599879949 0.8761326877651235 111
1615599972817 0.8764137279911713 112
1615599972832 0.8764137279911713 112
1615600065971 0.8767179566892527 113
1615600065971 0.8767179566892527 113
1615600159283 0.8770234520648027 114
1615600159289 0.8770234520648027 114
1615600252075 0.8773435621127652 115
1615600252082 0.8773435621127652 115
1615600344996 0.8776424581960558 116
1615600344996 0.8776424581960558 116
1615600438143 0.8779125058173701 117
1615600438143 0.8779125058173701 117
1615600530166 0.8781773076544219 118
1615600530166 0.8781773076544219 118
1615600623568 0.8784406182100188 119
1615600623568 0.8784406182100188 119
1615600716630 0.8787037346033502 120
1615600716630 0.8787037346033502 120
1615600809917 0.8789926632619665 121
1615600809917 0.8789926632619665 121
1615600903290 0.8792495706174365 122
1615600903290 0.8792495706174365 122
1615600996049 0.8794730452377424 123
1615600996049 0.8794730452377424 123
1615601089565 0.8797032939007707 124
1615601089565 0.8797032939007707 124
1615601182485 0.8799478085752425 125
1615601182485 0.8799478085752425 125
1615601275455 0.8801923875779819 126
1615601275455 0.8801923875779819 126
1615601368304 0.8804322265603529 127
1615601368304 0.8804322265603529 127
1615601461548 0.8806686690053487 128
1615601461548 0.8806686690053487 128
1615601554588 0.8809318090560205 129
1615601554588 0.8809318090560205 129
1615601647778 0.8811966977953889 130
1615601647794 0.8811966977953889 130
1615601740905 0.8814700053029033 131
1615601740905 0.8814700053029033 131
1615601833675 0.881712210467064 132
1615601833675 0.881712210467064 132
1615601926795 0.8819625866008105 133
1615601926795 0.8819625866008105 133
1615602020169 0.8821810045817564 134
1615602020179 0.8821810045817564 134
1615602113079 0.8824152402011309 135
1615602113079 0.8824152402011309 135
1615602205417 0.8826745429529494 136
1615602205417 0.8826745429529494 136
1615602298975 0.8829125391752326 137
1615602298975 0.8829125391752326 137
1615602392283 0.8831338866516909 138
1615602392283 0.8831338866516909 138
1615602485291 0.883360932270852 139
1615602485291 0.883360932270852 139
1615602578563 0.8835861757838328 140
1615602578579 0.8835861757838328 140
1615602670680 0.8838287779732656 141
1615602670680 0.8838287779732656 141
1615602764005 0.8840468903142659 142
1615602764005 0.8840468903142659 142
1615602856863 0.8840252263972482 143
1615602856863 0.8840252263972482 143
1615602949966 0.8841196350740851 144
1615602949966 0.8841196350740851 144
1615603043226 0.8842880712873308 145
1615603043226 0.8842880712873308 145
1615603136457 0.8844893751949635 146
1615603136463 0.8844893751949635 146
1615603229348 0.8846707465272693 147
1615603229348 0.8846707465272693 147
1615603322726 0.8848798485718344 148
1615603322742 0.8848798485718344 148
1615603416197 0.8851018712272065 149
1615603416197 0.8851018712272065 149
1615603510302 0.8853227188645011 150
1615603510302 0.8853227188645011 150
1615603603416 0.8855442777355605 151
1615603603416 0.8855442777355605 151
1615603696536 0.8857679057550357 152
1615603696536 0.8857679057550357 152
1615603789659 0.8859691021522217 153
1615603789659 0.8859691021522217 153
1615603882726 0.8861532355686963 154
1615603882726 0.8861532355686963 154
1615603976152 0.8863700645280934 155
1615603976152 0.8863700645280934 155
1615604069082 0.8865713297870828 156
1615604069082 0.8865713297870828 156
1615604162398 0.886767449889483 157
1615604162398 0.886767449889483 157
1615604255981 0.8869681310015813 158
1615604255981 0.8869681310015813 158
1615604349009 0.8871810134923359 159
1615604349025 0.8871810134923359 159
1615604442437 0.8873828406414344 160
1615604442437 0.8873828406414344 160
1615604535745 0.8875873926240162 161
1615604535745 0.8875873926240162 161
1615604628975 0.8877742267238921 162
1615604628975 0.8877742267238921 162
1615604722051 0.8879697114888792 163
1615604722051 0.8879697114888792 163
1615604815238 0.888066789733557 164
1615604815238 0.888066789733557 164
1615604908268 0.8882470786392475 165
1615604908268 0.8882470786392475 165
1615605001386 0.8884330998070886 166
1615605001386 0.8884330998070886 166
1615605094519 0.888597362325196 167
1615605094535 0.888597362325196 167
1615605187876 0.8887583239799874 168
1615605187876 0.8887583239799874 168
1615605280980 0.8889247457527897 169
1615605280980 0.8889247457527897 169
1615605374464 0.8890593820021075 170
1615605374471 0.8890593820021075 170
1615605468144 0.8892352935611264 171
1615605468144 0.8892352935611264 171
1615605561389 0.8894082787304063 172
1615605561389 0.8894082787304063 172
1615605654568 0.8895986683596889 173
1615605654584 0.8895986683596889 173
1615605747614 0.8897975358099289 174
1615605747620 0.8897975358099289 174
1615605840893 0.88999050772669 175
1615605840893 0.88999050772669 175
1615605934165 0.89016951594498 176
1615605934165 0.89016951594498 176
1615606027308 0.8903556403459718 177
1615606027308 0.8903556403459718 177
1615606120677 0.890531935946988 178
1615606120677 0.890531935946988 178
1615606213944 0.8907150921900644 179
1615606213951 0.8907150921900644 179
1615606307507 0.8909107698190605 180
1615606307507 0.8909107698190605 180
1615606400639 0.8910952923020997 181
1615606400639 0.8910952923020997 181
1615606493980 0.8912437942807093 182
1615606493987 0.8912437942807093 182
1615606587533 0.8914271676815453 183
1615606587533 0.8914271676815453 183
1615606681064 0.891597096336996 184
1615606681064 0.891597096336996 184
1615606774220 0.8917675679756589 185
1615606774220 0.8917675679756589 185
1615606867318 0.8919240285787621 186
1615606867318 0.8919240285787621 186
1615606960387 0.8920880847249868 187
1615606960387 0.8920880847249868 187
1615607053742 0.8922488304278106 188
1615607053742 0.8922488304278106 188
1615607146951 0.8924099976089344 189
1615607146951 0.8924099976089344 189
1615607240542 0.8925792632456833 190
1615607240542 0.8925792632456833 190
1615607333721 0.8927478293432314 191
1615607333721 0.8927478293432314 191
1615607427069 0.8929127591870473 192
1615607427069 0.8929127591870473 192
1615607520222 0.8930897751381269 193
1615607520222 0.8930897751381269 193
1615607613393 0.8932772381941178 194
1615607613393 0.8932772381941178 194
1615607706711 0.8934602716586894 195
1615607706711 0.8934602716586894 195
1615607799884 0.8936353364210861 196
1615607799884 0.8936353364210861 196
1615607893410 0.8938002122665656 197
1615607893410 0.8938002122665656 197
1615607986828 0.8939804442246868 198
1615607986843 0.8939804442246868 198
1615608080199 0.8941311558996985 199
1615608080199 0.8941311558996985 199
1615608173494 0.8942978096861163 200
1615608173494 0.8942978096861163 200
1615608266846 0.8944606129935413 201
1615608266846 0.8944606129935413 201
1615608360173 0.8946134296743892 202
1615608360173 0.8946134296743892 202
1615608453094 0.8947611978069198 203
1615608453094 0.8947611978069198 203
1615608546469 0.8949006036161962 204
1615608546469 0.8949006036161962 204
1615608639804 0.895049578830945 205
1615608639804 0.895049578830945 205
1615608733160 0.8951767590128593 206
1615608733160 0.8951767590128593 206
1615608826367 0.8953478933123145 207
1615608826374 0.8953478933123145 207
1615608919487 0.8955029202597224 208
1615608919487 0.8955029202597224 208
1615609012906 0.8956597680893849 209
1615609012906 0.8956597680893849 209
1615609106264 0.8958168284860295 210
1615609106264 0.8958168284860295 210
1615609199888 0.8959788695743987 211
1615609199888 0.8959788695743987 211
1615609293218 0.896136398172545 212
1615609293218 0.896136398172545 212
1615609386342 0.8962668117199032 213
1615609386342 0.8962668117199032 213
1615609479888 0.8964139641639196 214
1615609479888 0.8964139641639196 214
1615609573417 0.8965455223478647 215
1615609573417 0.8965455223478647 215
1615609666455 0.8966774132825419 216
1615609666455 0.8966774132825419 216
1615609759884 0.8968126076791633 217
1615609759884 0.8968126076791633 217
1615609853084 0.8969711468855954 218
1615609853084 0.8969711468855954 218
1615609946583 0.897117102939163 219
1615609946583 0.897117102939163 219
1615610039900 0.897254291633721 220
1615610039900 0.897254291633721 220
1615610133573 0.897367795806777 221
1615610133573 0.897367795806777 221
1615610226797 0.8975093304610645 222
1615610226797 0.8975093304610645 222
1615610319827 0.8976486591568991 223
1615610319827 0.8976486591568991 223
1615610413343 0.8977945379390818 224
1615610413343 0.8977945379390818 224
1615610506862 0.8979561144207202 225
1615610506862 0.8979561144207202 225
1615610600283 0.8981080126146294 226
1615610600283 0.8981080126146294 226
1615610693571 0.898226003093488 227
1615610693571 0.898226003093488 227
1615610786951 0.8983581186846611 228
1615610786951 0.8983581186846611 228
1615610880607 0.8984702158324653 229
1615610880607 0.8984702158324653 229
1615610974500 0.8986156521747276 230
1615610974500 0.8986156521747276 230
1615611067956 0.89875383876168 231
1615611067972 0.89875383876168 231
1615611161265 0.8988902551763871 232
1615611161265 0.8988902551763871 232
1615611254260 0.899027225174666 233
1615611254260 0.899027225174666 233
1615611347461 0.8991579660117772 234
1615611347461 0.8991579660117772 234
1615611440786 0.8992951927946792 235
1615611440786 0.8992951927946792 235
1615611534078 0.8994345846331676 236
1615611534078 0.8994345846331676 236
1615611627416 0.899566426498891 237
1615611627416 0.899566426498891 237
1615611720595 0.89971273016112 238
1615611720595 0.89971273016112 238
1615611813823 0.8998320275513961 239
1615611813823 0.8998320275513961 239
1615611906949 0.8999459900470321 240
1615611906949 0.8999459900470321 240
1615612000393 0.9000730570122546 241
1615612000393 0.9000730570122546 241
1615612093533 0.9002120309957181 242
1615612093533 0.9002120309957181 242
1615612186460 0.9003593114160612 243
1615612186460 0.9003593114160612 243
1615612279707 0.9004869071509154 244
1615612279707 0.9004869071509154 244
1615612373393 0.900618969883721 245
1615612373393 0.900618969883721 245
1615612466451 0.9007574324210488 246
1615612466451 0.9007574324210488 246
1615612559961 0.9008994979306238 247
1615612559961 0.9008994979306238 247
1615612653310 0.9010166289496514 248
1615612653310 0.9010166289496514 248
1615612746553 0.9011362243494326 249
1615612746553 0.9011362243494326 249
