1615589553200 0.3538517827418313 0
1615589646769 0.27507897811149484 1
1615589740507 0.24302825672709527 2
1615589834102 0.2264286711144803 3
1615589927395 0.2122691300377917 4
1615590020460 0.20289899371749728 5
1615590114220 0.1955385035289122 6
1615590207388 0.19086424316932907 7
1615590301478 0.1866401432956234 8
1615590394774 0.18247724549094244 9
1615590488017 0.17947374011315356 10
1615590581036 0.175908154071267 11
1615590673282 0.1735368750125478 12
1615590766813 0.17086822804865812 13
1615590859928 0.16870090747947128 14
1615590953141 0.16680676634631944 15
1615591046425 0.16439231228053938 16
1615591139670 0.16227707242095848 17
1615591232719 0.1604265085562701 18
1615591325011 0.15815557557255477 19
1615591418516 0.15651944887578786 20
1615591511476 0.15474368520637058 21
1615591604546 0.15322058967457897 22
1615591697522 0.1518042633189491 23
1615591790772 0.15015559466917125 24
1615591884028 0.1486082856471722 25
1615591977127 0.14729966574969908 26
1615592070359 0.14589331608845482 27
1615592163446 0.14453614110868127 28
1615592256843 0.1439448219330157 29
1615592350170 0.14332406160403288 30
1615592442279 0.14233087178375298 31
1615592535471 0.14129056568223394 32
1615592628551 0.14027712779991244 33
1615592721764 0.13940245457041242 34
1615592815063 0.13860590684275528 35
1615592908041 0.13775949997015183 36
1615593001015 0.1368880368131217 37
1615593094129 0.13612732805605374 38
1615593187340 0.1356972795146615 39
1615593280495 0.13507216478808823 40
1615593373128 0.13442958216762074 41
1615593466212 0.13377375805059358 42
1615593559081 0.133060249354655 43
1615593652286 0.13239610849526 44
1615593745085 0.13169716334358433 45
1615593837219 0.131016891943004 46
1615593930641 0.1304917717120838 47
1615594023668 0.12999230394485414 48
1615594116490 0.1295677130791679 49
1615594209490 0.12906680595187514 50
1615594302406 0.12857210574549735 51
1615594395650 0.1280362912380538 52
1615594489032 0.12748968716548123 53
1615594582166 0.1269276631088723 54
1615594674963 0.12638475312225855 55
1615594767045 0.1258245591687794 56
1615594860299 0.1253538873167426 57
1615594952990 0.12492014695022069 58
1615595044859 0.12439651097824327 59
1615595137775 0.12388539702203359 60
1615595230742 0.12340246554917883 61
1615595323611 0.12294938240365322 62
1615595415605 0.12252780382257346 63
1615595508660 0.12214974444167077 64
1615595601620 0.12184407219310953 65
1615595694494 0.12155871209123137 66
1615595787709 0.12121142776678069 67
1615595880334 0.12082845931854598 68
1615595972407 0.12042247401371696 69
1615596064718 0.11998115096845022 70
1615596157566 0.11958864052003099 71
1615596251831 0.11921111362839838 72
1615596345164 0.11885653798644609 73
1615596438290 0.11842561896167586 74
1615596531491 0.11801685550881483 75
1615596624548 0.11762206430559037 76
1615596717673 0.1172409403200949 77
1615596811098 0.11687147692789007 78
1615596904192 0.11650859051898346 79
1615596997614 0.11616600300036942 80
1615597090748 0.11580192593604728 81
1615597183093 0.11542492813396059 82
1615597275875 0.11508986780680741 83
1615597369019 0.11475591059836301 84
1615597461182 0.11440603301079062 85
1615597554340 0.11409045242285681 86
1615597647540 0.1137827885017466 87
1615597740646 0.11341950886604989 88
1615597833720 0.11308754240695515 89
1615597926877 0.11284898712495436 90
1615598019806 0.11279772954045911 91
1615598113081 0.11254090556668307 92
1615598206441 0.11226497200149395 93
1615598299888 0.11210119006957765 94
1615598392727 0.11210494211397654 95
1615598485660 0.11190085525530301 96
1615598578695 0.11162920747811277 97
1615598671783 0.11134461412669915 98
1615598764453 0.11110124886925538 99
1615598856701 0.11085628050371057 100
1615598949644 0.11056581020948301 101
1615599042759 0.11030092665707263 102
1615599134906 0.1099993145578764 103
1615599227921 0.10969946525074863 104
1615599320642 0.10942155291449347 105
1615599413746 0.10914783373689163 106
1615599507089 0.10888076271715577 107
1615599600207 0.10861089307772495 108
1615599693532 0.10836476834043554 109
1615599786541 0.10811539441327082 110
1615599879949 0.10788598044245225 111
1615599972817 0.10764342633850615 112
1615600065971 0.10737706773503969 113
1615600159283 0.10710818767547606 114
1615600252075 0.10682805361081445 115
1615600344981 0.10656144587357047 116
1615600438143 0.10632721483782819 117
1615600530166 0.10609654627883357 118
1615600623568 0.1058678283397831 119
1615600716630 0.1056481707738686 120
1615600809910 0.1053957914355217 121
1615600903290 0.10518226061120743 122
1615600996049 0.1049889007840641 123
1615601089565 0.10478818114835825 124
1615601182485 0.10457958971202953 125
1615601275448 0.10437308061499759 126
1615601368304 0.10417028054344789 127
1615601461548 0.10396113136252444 128
1615601554588 0.10372913884924967 129
1615601647778 0.10349416670989948 130
1615601740889 0.10325183175851296 131
1615601833675 0.10304193015907126 132
1615601926795 0.10281841036311555 133
1615602020169 0.10262114228696176 134
1615602113079 0.10242085468884202 135
1615602205417 0.10218783304937812 136
1615602298975 0.10197826893123849 137
1615602392283 0.10179207266868281 138
1615602485291 0.10159388938183977 139
1615602578563 0.1013943748750724 140
1615602670673 0.10118637899779111 141
1615602764005 0.1009915903943178 142
1615602856863 0.10100217513851266 143
1615602949966 0.10091240289465275 144
1615603043226 0.1007554019747812 145
1615603136457 0.10057779711773583 146
1615603229348 0.10042314366642242 147
1615603322726 0.10023236178592344 148
1615603416182 0.10003829676713516 149
1615603510302 0.09984432994653622 150
1615603603416 0.09965438967554567 151
1615603696536 0.09945708153341098 152
1615603789644 0.09928525104775034 153
1615603882726 0.09912909693481488 154
1615603976152 0.09894028421201972 155
1615604069082 0.09876938019883146 156
1615604162398 0.0986064520220934 157
1615604255981 0.09843550989641936 158
1615604349009 0.09825055717087502 159
1615604442437 0.09807256478313785 160
1615604535745 0.09788821446801144 161
1615604628968 0.0977321943294957 162
1615604722036 0.09756532551203374 163
1615604815238 0.09748371346187719 164
1615604908266 0.09732655316157168 165
1615605001386 0.09716748971808678 166
1615605094519 0.09701176530495548 167
1615605187860 0.09687716652118808 168
1615605280980 0.09673636110337601 169
1615605374464 0.09661002628693166 170
1615605468129 0.0964522169762624 171
1615605561389 0.09630549138105104 172
1615605654568 0.09613486381557917 173
1615605747614 0.09596052857096005 174
1615605840893 0.09579016828310535 175
1615605934158 0.09563307252900474 176
1615606027308 0.09546809773826563 177
1615606120677 0.09531322996083383 178
1615606213944 0.0951559571385581 179
1615606307507 0.0949816351486587 180
1615606400639 0.09482167537767258 181
1615606493980 0.09469728126736664 182
1615606587533 0.09453706043463568 183
1615606681064 0.09439407248995195 184
1615606774205 0.09424482964432422 185
1615606867318 0.09410616238601133 186
1615606960387 0.09396194024251049 187
1615607053742 0.09381933147982754 188
1615607146951 0.09367682128933966 189
1615607240542 0.09353223297943812 190
1615607333714 0.09338642970950743 191
1615607427069 0.09324405139582805 192
1615607520206 0.09309005874875029 193
1615607613393 0.09292925656001501 194
1615607706711 0.09276600225175836 195
1615607799884 0.09260994762225133 196
1615607893410 0.09246558088460476 197
1615607986828 0.09230770891215034 198
1615608080183 0.09217310652804014 199
1615608173478 0.09202423076317337 200
1615608266846 0.09188345073332402 201
1615608360173 0.09175570290208376 202
1615608453078 0.09162332072204266 203
1615608546469 0.09150371740720986 204
1615608639789 0.09137255718199827 205
1615608733160 0.09126234613694728 206
1615608826367 0.09111340500063651 207
1615608919471 0.0909815266125033 208
1615609012890 0.09084371172034661 209
1615609106264 0.09070607248472087 210
1615609199888 0.09056467049493146 211
1615609293218 0.09042737164215701 212
1615609386327 0.09031636827343557 213
1615609479888 0.09018646201422045 214
1615609573417 0.09007247212003644 215
1615609666455 0.08995566769703617 216
1615609759884 0.08984127045330666 217
1615609853084 0.08970202527016628 218
1615609946583 0.08957644208881552 219
1615610039900 0.0894585630239493 220
1615610133557 0.08936194699426418 221
1615610226797 0.08923902704919821 222
1615610319827 0.08911457289256519 223
1615610413327 0.08898749076707248 224
1615610506862 0.08884430130427744 225
1615610600283 0.0887099605542808 226
1615610693571 0.08860682172280826 227
1615610786951 0.08849202895470612 228
1615610880607 0.08839799759064611 229
1615610974500 0.08826670605382876 230
1615611067956 0.08814657244081663 231
1615611161265 0.08802902501120129 232
1615611254260 0.08791139854553295 233
1615611347455 0.08779653292604762 234
1615611440786 0.08767827915189358 235
1615611534078 0.08755804879575735 236
1615611627401 0.087442121070047 237
1615611720579 0.0873147228526003 238
1615611813823 0.08721162254240974 239
1615611906949 0.08711002541081546 240
1615612000377 0.08699751489550936 241
1615612093533 0.08687430290337912 242
1615612186460 0.08674396369227985 243
1615612279691 0.08663309537307758 244
1615612373393 0.08651532828916321 245
1615612466451 0.08639286149555883 246
1615612559961 0.08626792637284236 247
1615612653310 0.08616593515659302 248
1615612746553 0.08606136544426875 249
