1615589553184 0.3538517827418313 0
1615589646769 0.19630617348115836 1
1615589740492 0.17892681395829613 2
1615589834102 0.17662991427663546 3
1615589927395 0.15563096573103719 4
1615590020460 0.1560483121160251 5
1615590114214 0.15137556239740171 6
1615590207388 0.15814442065224718 7
1615590301478 0.1528473443059779 8
1615590394774 0.1450111652488139 9
1615590488001 0.14943868633526475 10
1615590581020 0.13668670761051463 11
1615590673266 0.14508152630791735 12
1615590766813 0.1361758175180919 13
1615590859928 0.1383584195108556 14
1615590953126 0.13839464934904183 15
1615591046418 0.12576104722805878 16
1615591139670 0.12631799480808314 17
1615591232703 0.12711635899187915 18
1615591324995 0.11500784888196347 19
1615591418501 0.12379691494044973 20
1615591511460 0.11745264814860785 21
1615591604546 0.11971248797516325 22
1615591697522 0.11922875713946214 23
1615591790772 0.11058754707450297 24
1615591884011 0.10992556009719621 25
1615591977127 0.11327554841539753 26
1615592070344 0.10792187523486009 27
1615592163446 0.10653524167502104 28
1615592256843 0.12679656583871415 29
1615592350154 0.12470125173454855 30
1615592442273 0.11154198735507566 31
1615592535471 0.10800077043362517 32
1615592628535 0.10683367768330361 33
1615592721748 0.1096635647674105 34
1615592815056 0.1107267363747554 35
1615592908041 0.10728885255642791 36
1615593001015 0.1046439000030062 37
1615593094129 0.10722039528747103 38
1615593187325 0.11892538640036512 39
1615593280479 0.11006757572515687 40
1615593373112 0.10808369472845276 41
1615593466212 0.1062291451354525 42
1615593559075 0.10237937542929579 43
1615593652278 0.10317391068188113 44
1615593745070 0.10024463151817892 45
1615593837212 0.09972440751630869 46
1615593930625 0.10581112085883297 47
1615594023652 0.10601785111783156 48
1615594116475 0.1087627606605416 49
1615594209474 0.10402144958723837 50
1615594302406 0.10334239522022988 51
1615594395635 0.10017393685098905 52
1615594489017 0.09851967131913598 53
1615594582150 0.09657836405198965 54
1615594674963 0.09652470385850366 55
1615594767038 0.09445369777394765 56
1615594860283 0.09852559175064314 57
1615594952974 0.09976320569194964 58
1615595044844 0.09350198863157586 59
1615595137769 0.09321855964945323 60
1615595230736 0.09394364570503805 61
1615595323595 0.09485822738106571 62
1615595415589 0.0959683532145486 63
1615595508660 0.09795394406389835 64
1615595601620 0.10197537603662975 65
1615595694478 0.10272494536727222 66
1615595787693 0.09794337802858495 67
1615595880327 0.09478660483858478 68
1615595972392 0.09240948798051521 69
1615596064702 0.08908853779977827 70
1615596157566 0.09172039868226692 71
1615596251815 0.09202917743085036 72
1615596345148 0.09297251612392825 73
1615596438274 0.08653761112867896 74
1615596531476 0.08735959654423728 75
1615596624533 0.08761793286053103 76
1615596717658 0.0878943934369443 77
1615596811098 0.08805333233591336 78
1615596904192 0.08784056421536118 79
1615596997614 0.08875900151124641 80
1615597090732 0.08631168372595488 81
1615597183093 0.08451110836285264 82
1615597275875 0.08727986065309438 83
1615597369003 0.08670350508903389 84
1615597461167 0.0846664380671373 85
1615597554325 0.0869505218605497 86
1615597647525 0.08701602736515786 87
1615597740630 0.08145090092473956 88
1615597833704 0.08354252754752316 89
1615597926862 0.09137901174488353 90
1615598019806 0.10813328935139215 91
1615598113081 0.08891309997928676 92
1615598206441 0.08660315043890654 93
1615598299882 0.09670568846944552 94
1615598392712 0.11246138633187137 95
1615598485660 0.09230851682264414 96
1615598578688 0.08527937309065861 97
1615598671767 0.08345446568816456 98
1615598764447 0.0870080883823224 99
1615598856685 0.08635944394922968 100
1615598949629 0.08122831049250133 101
1615599042759 0.08328280431121143 102
1615599134891 0.0789332683406659 103
1615599227905 0.07851513730945872 104
1615599320642 0.080240757607702 105
1615599413730 0.08013360091109774 106
1615599507072 0.08030416360541956 107
1615599600191 0.07946497201919556 108
1615599693517 0.08153717197589021 109
1615599786534 0.08068426242515223 110
1615599879933 0.08242102968159007 111
1615599972817 0.08047736669654276 112
1615600065955 0.07727854554332904 113
1615600159267 0.07645586088522156 114
1615600252060 0.07461263617472862 115
1615600344981 0.07563494835326921 116
1615600438143 0.0789221836559808 117
1615600530151 0.0788776563174689 118
1615600623568 0.07865039359277753 119
1615600716614 0.07928926286412709 120
1615600809895 0.07485789149554807 121
1615600903274 0.0791315000448654 122
1615600996033 0.08120564204543385 123
1615601089550 0.07989894632083266 124
1615601182469 0.07850566017093943 125
1615601275433 0.07835293438897203 126
1615601368297 0.07841467145663589 127
1615601461532 0.07719003620432384 128
1615601554572 0.07380210463680438 129
1615601647778 0.07294778859437402 130
1615601740889 0.07150595312687888 131
1615601833659 0.07533491903276586 132
1615601926780 0.07309027750100662 133
1615602020169 0.07618722008235419 134
1615602113062 0.07538202894267751 135
1615602205410 0.07049689008228814 136
1615602298960 0.07326798474610742 137
1615602392268 0.07609698843600145 138
1615602485275 0.07404641251065838 139
1615602578563 0.07346234392763963 140
1615602670657 0.07185896030112879 141
1615602763989 0.07333160870110811 142
1615602856848 0.10251579355837694 143
1615602949950 0.08798519977882727 144
1615603043220 0.07799026859340383 145
1615603136441 0.07464748798911251 146
1615603229332 0.07768908632335378 147
1615603322726 0.07199664347207368 148
1615603416182 0.07112260896768142 149
1615603510296 0.07074930685669628 150
1615603603400 0.07097340875597143 151
1615603696536 0.06946624392893777 152
1615603789644 0.07299518674167234 153
1615603882711 0.07508136354275603 154
1615603976137 0.06967431217876834 155
1615604069065 0.07210835414146309 156
1615604162383 0.07302672827421729 157
1615604255966 0.07142665403992382 158
1615604349009 0.0688430738093248 159
1615604442421 0.06959378274519053 160
1615604535729 0.06820781373265963 161
1615604628953 0.07245693188994679 162
1615604722036 0.07036570826573159 163
1615604815231 0.08409933723620515 164
1615604908258 0.07139510361116323 165
1615605001370 0.07076295809959297 166
1615605094519 0.07100578831202949 167
1615605187860 0.0742645708482657 168
1615605280980 0.07294024549313445 169
1615605374448 0.07513310749139358 170
1615605468129 0.06946682485181895 171
1615605561373 0.0710686890046988 172
1615605654568 0.06661629498894535 173
1615605747598 0.0656261960072304 174
1615605840877 0.06597711790853472 175
1615605934142 0.06798421980729744 176
1615606027293 0.06626755977744486 177
1615606120662 0.06774676557797105 178
1615606213929 0.06700412195120285 179
1615606307492 0.06360367696676682 180
1615606400639 0.06586895682918492 181
1615606493964 0.07205755319168318 182
1615606587517 0.06521664804487086 183
1615606681048 0.06808429066814593 184
1615606774205 0.0666349032031956 185
1615606867302 0.06831405233981004 186
1615606960371 0.0669923994078565 187
1615607053726 0.06700888409543393 188
1615607146936 0.06674239528712941 189
1615607240536 0.06606045409814636 190
1615607333699 0.06553800515274504 191
1615607427054 0.0659074151693885 192
1615607520206 0.06336947786274241 193
1615607613377 0.06173363194536807 194
1615607706695 0.060931412141714526 195
1615607799869 0.06202324023887293 196
1615607893394 0.06402533356823138 197
1615607986828 0.06104905836617769 198
1615608080183 0.06538723209011021 199
1615608173478 0.062249077789819064 200
1615608266831 0.06358666473360204 201
1615608360157 0.06595064099155255 202
1615608453078 0.0647497381736983 203
1615608546469 0.06710464118131951 204
1615608639789 0.06448471101362314 205
1615608733156 0.06855887085644168 206
1615608826352 0.060282589784309046 207
1615608919471 0.06355082188079607 208
1615609012890 0.06204039925959573 209
1615609106249 0.06180183300331457 210
1615609199873 0.06072885064936396 211
1615609293203 0.06132001485397567 212
1615609386327 0.0666726507357697 213
1615609479872 0.06238652254218486 214
1615609573402 0.06556464487047338 215
1615609666439 0.0647259123289763 216
1615609759869 0.06501706856400219 217
1615609853083 0.059346575345566026 218
1615609946568 0.062073725372997685 219
1615610039893 0.06352516875338199 220
1615610133557 0.0680098044338511 221
1615610226781 0.061950799244553295 222
1615610319812 0.06136129596340122 223
1615610413327 0.0605210946567023 224
1615610506855 0.056626672175393175 225
1615610600268 0.05834895105504278 226
1615610693571 0.06519430697853885 227
1615610786936 0.06231927782741945 228
1615610880592 0.066864815220904 229
1615610974494 0.05806965258584094 230
1615611067956 0.060395707835012406 231
1615611161250 0.06075802134044135 232
1615611254245 0.0605044320448121 233
1615611347439 0.0609179779664794 234
1615611440770 0.05988864222569252 235
1615611534071 0.05918368474761052 236
1615611627401 0.05996725007669249 237
1615611720579 0.05699394710028349 238
1615611813808 0.06257064840686855 239
1615611906933 0.0627267138281865 240
1615612000377 0.05988248070674156 241
1615612093518 0.05705700080786178 242
1615612186460 0.055071535395152534 243
1615612279691 0.05958122548772328 244
1615612373383 0.057662392730143536 245
1615612466451 0.05626603026888264 246
1615612559945 0.05540895106187507 247
1615612653295 0.06087211352675708 248
1615612746537 0.060023507075523265 249
