1615589553184 0.6361145824610964 0
1615589646769 0.7747083625464297 1
1615589740492 0.7950055742664124 2
1615589834102 0.7971180806409067 3
1615589927395 0.8206051223313631 4
1615590020460 0.8204915916074568 5
1615590114220 0.8257228582541445 6
1615590207388 0.8173643555214156 7
1615590301478 0.8266461523833559 8
1615590394774 0.8321856165777392 9
1615590488017 0.8269104989829348 10
1615590581020 0.8417122823311322 11
1615590673266 0.8340886245245365 12
1615590766813 0.8415677750955767 13
1615590859928 0.8411747738718987 14
1615590953126 0.8411969462993429 15
1615591046418 0.8555399517514812 16
1615591139670 0.855052670769727 17
1615591232719 0.8530107231727287 18
1615591324995 0.8677014984301666 19
1615591418501 0.8567947496229144 20
1615591511476 0.8643287494778633 21
1615591604546 0.8631517765904541 22
1615591697522 0.8628644095872765 23
1615591790772 0.8730769399831544 24
1615591884027 0.8736899730874531 25
1615591977127 0.870076900542672 26
1615592070344 0.8750303846909039 27
1615592163446 0.8774629250836017 28
1615592256843 0.8543342258503188 29
1615592350170 0.8550844477183783 30
1615592442273 0.8717121629795032 31
1615592535471 0.8754497349484643 32
1615592628551 0.8762876510397711 33
1615592721748 0.8743652304384246 34
1615592815056 0.871976464653193 35
1615592908041 0.8766550770891246 36
1615593001015 0.8786011020194239 37
1615593094129 0.8760563537700853 38
1615593187340 0.862987405773419 39
1615593280479 0.8736095362857207 40
1615593373112 0.8757232847387222 41
1615593466212 0.8784593936445108 42
1615593559075 0.8812328806119178 43
1615593652278 0.8810493602459111 44
1615593745085 0.8842247634458897 45
1615593837212 0.8847759511710992 46
1615593930641 0.8783174540791938 47
1615594023652 0.8783489651422003 48
1615594116475 0.8751731661718283 49
1615594209474 0.8800176095161865 50
1615594302406 0.8812574943277374 51
1615594395635 0.8856994442975343 52
1615594489017 0.885904625836593 53
1615594582150 0.8878120267346724 54
1615594674963 0.8882742396263934 55
1615594767038 0.8904146219589817 56
1615594860283 0.8874081663453757 57
1615594952974 0.8867646111036415 58
1615595044859 0.8924240841349559 59
1615595137769 0.8919617589285125 60
1615595230736 0.8918581006687079 61
1615595323595 0.8909812556273902 62
1615595415605 0.8898406013179181 63
1615595508660 0.8865743305033712 64
1615595601620 0.8824935185153093 65
1615595694478 0.8819356780888429 66
1615595787693 0.8863774427949492 67
1615595880327 0.8908569085509029 68
1615595972392 0.8942193512373896 69
1615596064702 0.89671879917828 70
1615596157566 0.8943711481432417 71
1615596251815 0.8931393872446088 72
1615596345148 0.8939378744185861 73
1615596438274 0.9000638767854491 74
1615596531491 0.8989113524778566 75
1615596624533 0.8995225284971408 76
1615596717673 0.8985181430827326 77
1615596811098 0.8981773283944201 78
1615596904192 0.8984581476716853 79
1615596997614 0.897006744101866 80
1615597090732 0.8999182697552354 81
1615597183093 0.9030031241587738 82
1615597275875 0.9005201427794215 83
1615597369003 0.8995749107492503 84
1615597461167 0.9024458118339083 85
1615597554325 0.9002537175790587 86
1615597647525 0.9004953975108132 87
1615597740630 0.9056005569091484 88
1615597833704 0.9035880959300853 89
1615597926862 0.8935388502345156 90
1615598019806 0.8759401565167442 91
1615598113081 0.8973380309432301 92
1615598206441 0.8994013609281227 93
1615598299882 0.8875064264927337 94
1615598392712 0.8712529090803061 95
1615598485660 0.8921113494616836 96
1615598578688 0.9015192863211703 97
1615598671767 0.9036826947286948 98
1615598764447 0.9006534574636772 99
1615598856685 0.9010506525858125 100
1615598949629 0.9064505582869943 101
1615599042759 0.9044386248535184 102
1615599134906 0.9091032985875855 103
1615599227905 0.9086379704635534 104
1615599320642 0.90799229514243 105
1615599413730 0.9079062014595786 106
1615599507072 0.9082347514914043 107
1615599600191 0.9071358340000039 108
1615599693532 0.9069830995442262 109
1615599786534 0.9077840549732322 110
1615599879933 0.9060784765143892 111
1615599972817 0.9078902333085217 112
1615600065955 0.9110957995724323 113
1615600159267 0.9118499248775084 114
1615600252060 0.9141562176284506 115
1615600344981 0.9123144038577577 116
1615600438143 0.9095080775111469 117
1615600530151 0.9094239244265343 118
1615600623568 0.9097745743260455 119
1615600716614 0.9102777018031077 120
1615600809910 0.913953030954546 121
1615600903274 0.9105922679847746 122
1615600996033 0.9069604235353754 123
1615601089550 0.9082541281162803 124
1615601182469 0.9105121428841976 125
1615601275448 0.9110093419231585 126
1615601368297 0.9108917773214739 127
1615601461532 0.9109333019648025 128
1615601554572 0.9148768755927015 129
1615601647778 0.9156322339132651 130
1615601740889 0.9172732887873009 131
1615601833659 0.9136832921362635 132
1615601926780 0.9152626123890948 133
1615602020169 0.9114490140285065 134
1615602113062 0.9140370488166809 135
1615602205410 0.917939717200265 136
1615602298960 0.9155180216280382 137
1615602392268 0.9136798384029474 138
1615602485291 0.9149202733342328 139
1615602578563 0.9151202676011555 140
1615602670673 0.9180356866832989 141
1615602763989 0.9150188427362869 142
1615602856848 0.8809272862637221 143
1615602949966 0.8977144845386049 144
1615603043220 0.908711322207949 145
1615603136441 0.9138797457093624 146
1615603229332 0.9113323323762239 147
1615603322726 0.9158269511674767 148
1615603416182 0.9181832468776561 149
1615603510296 0.9184498644586819 150
1615603603400 0.918999667265522 151
1615603696536 0.919759364715263 152
1615603789644 0.9167521509216793 153
1615603882711 0.9145097817057994 154
1615603976137 0.9199785532346413 155
1615604069081 0.917968710189435 156
1615604162383 0.9175583059663204 157
1615604255966 0.9186757467131117 158
1615604349009 0.9210293295223322 159
1615604442437 0.9196751844971928 160
1615604535745 0.9205202618196829 161
1615604628968 0.9180413509037957 162
1615604722036 0.9198337281817821 163
1615604815238 0.9039876218607177 164
1615604908258 0.9179947480781755 165
1615605001370 0.9193126136687264 166
1615605094519 0.9160292028491177 167
1615605187860 0.9157998819849384 168
1615605280980 0.9170500253563496 169
1615605374448 0.9119475443861378 170
1615605468129 0.9193161701533332 171
1615605561389 0.9191617278465584 172
1615605654568 0.9225360742255823 173
1615605747598 0.9244004721516994 174
1615605840893 0.9237605931598749 175
1615605934158 0.921674962364026 176
1615606027293 0.9232996593215572 177
1615606120662 0.921912552927857 178
1615606213929 0.9235000597007239 179
1615606307492 0.9261327430383482 180
1615606400639 0.9244938617321983 181
1615606493964 0.9182711543876734 182
1615606587517 0.9249845000345316 183
1615606681064 0.9228639689399235 184
1615606774205 0.9233048211282758 185
1615606867302 0.9210257007559733 186
1615606960371 0.9227665840689816 187
1615607053726 0.9224690225586962 188
1615607146936 0.9228705948413308 189
1615607240536 0.9247397342279776 190
1615607333714 0.9249439539749231 191
1615607427054 0.924579289199701 192
1615607520206 0.9272538536964957 193
1615607613393 0.9296450710563517 194
1615607706695 0.9291517972501356 195
1615607799869 0.9279480298508459 196
1615607893394 0.9262807538260275 197
1615607986828 0.9296663719326702 198
1615608080183 0.9241227792270148 199
1615608173478 0.9276285669696864 200
1615608266831 0.9271840777859759 201
1615608360157 0.9254823992056633 202
1615608453078 0.9247581287106471 203
1615608546469 0.9233393887085701 204
1615608639789 0.9255894978544605 205
1615608733156 0.921375876487191 206
1615608826352 0.9307726932995355 207
1615608919471 0.927748525320594 208
1615609012890 0.9284409644888408 209
1615609106249 0.9287995117813793 210
1615609199873 0.9301695392202975 211
1615609293203 0.9295324609795613 212
1615609386327 0.9240448973072108 213
1615609479872 0.9279045871834257 214
1615609573402 0.9248305318960502 215
1615609666455 0.9251658551728548 216
1615609759884 0.9261497917459972 217
1615609853084 0.9315326938878244 218
1615609946568 0.9290814786704619 219
1615610039893 0.9274358044364559 220
1615610133557 0.9224522180521666 221
1615610226781 0.9289300237128983 222
1615610319827 0.9287189583280193 223
1615610413327 0.9304713851480342 224
1615610506855 0.9343108227893487 225
1615610600268 0.9324370044380871 226
1615610693571 0.9250098417943983 227
1615610786936 0.9284804734721113 228
1615610880607 0.9241404626796494 229
1615610974494 0.93206601089506 230
1615611067956 0.9306749403476715 231
1615611161250 0.93053886338846 232
1615611254245 0.9309412347736643 233
1615611347455 0.9297513218957987 234
1615611440786 0.9315434867766366 235
1615611534071 0.9323310585164312 236
1615611627401 0.930812948675298 237
1615611720579 0.9345330017716137 238
1615611813823 0.9283441038274053 239
1615611906933 0.9272969889996657 240
1615612000377 0.9306961956308849 241
1615612093518 0.9338437349938634 242
1615612186460 0.9361484535594484 243
1615612279691 0.9316202664553229 244
1615612373383 0.9329743394211157 245
1615612466451 0.9348192166036634 246
1615612559961 0.935989678795658 247
1615612653295 0.9300651216684882 248
1615612746537 0.9309154788949596 249
