1615589553200 24.792085857743967 0
1615589646769 15.472867077862002 1
1615589740507 15.0867256859076 2
1615589834102 14.165262309813611 3
1615589927395 14.223605208608854 4
1615590020460 14.382934703203574 5
1615590114220 13.466061570129135 6
1615590207388 13.998006381633772 7
1615590301478 13.023212767848397 8
1615590394774 13.14581362749454 9
1615590488017 13.43567261552746 10
1615590581036 12.503113628342911 11
1615590673282 13.270202640898756 12
1615590766813 12.787568866822184 13
1615590859928 12.449698477418902 14
1615590953126 12.275633508832131 15
1615591046418 11.205172114696584 16
1615591139670 11.950539501492834 17
1615591232719 11.333746972575662 18
1615591324995 10.88248861175725 19
1615591418516 11.094108770983842 20
1615591511476 12.378324438351365 21
1615591604546 11.827651630270656 22
1615591697522 11.684814796898525 23
1615591790772 10.34108284344623 24
1615591884028 11.014988691678827 25
1615591977127 10.681275334094334 26
1615592070344 10.094264920932082 27
1615592163446 10.481671823502774 28
1615592256843 11.430025519939829 29
1615592350170 11.645623886647769 30
1615592442273 10.771498611064636 31
1615592535471 10.477390847186786 32
1615592628551 10.712242543667053 33
1615592721748 10.774560186583178 34
1615592815063 10.19498132730725 35
1615592908041 10.671106789421543 36
1615593001015 10.399636814208321 37
1615593094129 11.56838393543581 38
1615593187340 10.855411292572729 39
1615593280495 10.794350978738754 40
1615593373128 10.453974696155448 41
1615593466212 10.989684669811957 42
1615593559081 10.127589630460445 43
1615593652278 10.00761474981706 44
1615593745085 9.68565390842997 45
1615593837212 9.583420448011939 46
1615593930641 10.526363050251597 47
1615594023668 10.070928947972765 48
1615594116490 10.602105562571472 49
1615594209490 10.89137856467954 50
1615594302406 9.665678556070647 51
1615594395635 9.42673920502688 52
1615594489032 11.026030350092663 53
1615594582150 9.113382007211461 54
1615594674963 8.94024943420021 55
1615594767038 8.5841179911305 56
1615594860299 9.776155197140765 57
1615594952990 9.223920935621608 58
1615595044859 8.760508225266475 59
1615595137769 9.189811844629098 60
1615595230736 9.052981206976584 61
1615595323611 9.096015452244156 62
1615595415605 8.50066837371505 63
1615595508660 10.961446874887953 64
1615595601620 9.629981421057922 65
1615595694494 10.052857567930277 66
1615595787693 10.087205093585807 67
1615595880327 9.804961459576793 68
1615595972407 8.627610611570967 69
1615596064702 8.869540324138608 70
1615596157566 9.243993641403701 71
1615596251831 8.839996764716725 72
1615596345164 9.30051371512038 73
1615596438290 8.79742163212995 74
1615596531491 8.740207547327412 75
1615596624548 8.466511244537807 76
1615596717673 8.813374744040923 77
1615596811098 8.32675165589695 78
1615596904192 8.228427431380783 79
1615596997614 9.418967139297614 80
1615597090748 8.979448537090816 81
1615597183093 9.039174264013637 82
1615597275875 8.637733921158354 83
1615597369019 8.774792784110835 84
1615597461182 8.780126674615849 85
1615597554325 8.301290008831756 86
1615597647525 8.191666361555509 87
1615597740646 8.513132777934864 88
1615597833720 8.528575047532886 89
1615597926862 9.48650892082622 90
1615598019806 11.162159467486365 91
1615598113081 9.074970413076535 92
1615598206441 8.311889931005858 93
1615598299882 10.029846593233188 94
1615598392712 9.59815135506535 95
1615598485660 9.594854909774117 96
1615598578688 7.822154812139809 97
1615598671767 8.312556581850663 98
1615598764447 8.067989623208815 99
1615598856701 9.03399638017753 100
1615598949644 7.849196174495706 101
1615599042759 8.13888507769697 102
1615599134906 7.6802474260902995 103
1615599227921 7.855949150298881 104
1615599320642 7.8305058642606395 105
1615599413730 8.304888943612108 106
1615599507072 7.707229502872804 107
1615599600191 7.881374414174517 108
1615599693532 7.71924543744349 109
1615599786541 7.775564831142374 110
1615599879933 7.909515705047545 111
1615599972817 7.774403762456549 112
1615600065955 7.1273547027078745 113
1615600159283 7.663697728447587 114
1615600252075 7.557885971785737 115
1615600344981 7.859962184872315 116
1615600438143 8.311222745724457 117
1615600530151 8.098190210705024 118
1615600623568 7.658240054836638 119
1615600716630 8.390861821612647 120
1615600809910 7.706383588086532 121
1615600903274 7.131474732678886 122
1615600996033 7.758609529920013 123
1615601089550 9.450308260430669 124
1615601182485 7.581438179301022 125
1615601275448 8.397338800970001 126
1615601368304 7.556892194056383 127
1615601461548 7.786948995759521 128
1615601554572 7.755574626188107 129
1615601647778 6.997767099758041 130
1615601740889 7.186394721245653 131
1615601833659 8.99176759475368 132
1615601926795 7.246062053262654 133
1615602020169 7.252950638545288 134
1615602113079 6.909759474931867 135
1615602205410 7.71332856720608 136
1615602298960 8.279553721054066 137
1615602392283 7.043334822806737 138
1615602485291 7.301673157394374 139
1615602578563 7.38541358537412 140
1615602670673 6.444572345066227 141
1615602763989 7.137020704709649 142
1615602856848 10.267151871035573 143
1615602949966 10.163125098456469 144
1615603043226 9.458365164712198 145
1615603136441 8.202791707175145 146
1615603229332 8.054333935914345 147
1615603322726 8.351010833913884 148
1615603416182 7.4864292186444175 149
1615603510302 8.481741056488907 150
1615603603416 6.571177161744467 151
1615603696536 7.442251537569596 152
1615603789644 7.292302286534391 153
1615603882711 7.274724378042949 154
1615603976137 7.006720993720743 155
1615604069082 8.120654926384208 156
1615604162398 6.75634473047169 157
1615604255966 8.030906096180871 158
1615604349009 7.505934987229677 159
1615604442437 6.068623249022322 160
1615604535745 7.2081655535639335 161
1615604628968 7.796731708901275 162
1615604722036 6.558887596666132 163
1615604815238 8.702448327929023 164
1615604908258 7.030274193325364 165
1615605001370 6.735285159877801 166
1615605094519 7.068054875356915 167
1615605187860 8.241002562810479 168
1615605280980 7.260706925116115 169
1615605374464 8.229751553749638 170
1615605468129 7.638227295382671 171
1615605561389 8.159141101224797 172
1615605654568 6.473609974960993 173
1615605747598 6.896405690141046 174
1615605840893 6.5064903842330875 175
1615605934158 7.112653765068161 176
1615606027308 6.2392707759359 177
1615606120662 7.704615913076069 178
1615606213944 6.930151838365846 179
1615606307507 6.733981099170481 180
1615606400639 6.8584100721242525 181
1615606493980 7.316206210169711 182
1615606587533 7.961863271261131 183
1615606681064 6.639261264134134 184
1615606774205 7.238550591185912 185
1615606867318 7.890494471898916 186
1615606960387 6.653674182443913 187
1615607053742 7.958355616259666 188
1615607146951 6.998345274041658 189
1615607240536 7.691219823980025 190
1615607333714 6.162373657454882 191
1615607427069 6.874707403834344 192
1615607520206 5.764730677826505 193
1615607613393 6.0853848576668526 194
1615607706711 6.920797127723139 195
1615607799884 7.184803052536946 196
1615607893410 6.551919433207751 197
1615607986828 6.79746211397629 198
1615608080183 6.998347525939212 199
1615608173478 7.436801971075589 200
1615608266846 6.88053320700499 201
1615608360157 7.205499379783769 202
1615608453078 7.106773380417673 203
1615608546469 8.181165509917552 204
1615608639789 8.397207664974381 205
1615608733160 7.481804045158051 206
1615608826367 6.6906579222538385 207
1615608919471 7.793148426939195 208
1615609012890 7.703478279019513 209
1615609106249 6.348876553065478 210
1615609199888 6.405164087484008 211
1615609293218 6.228818844341433 212
1615609386327 8.005210733593326 213
1615609479872 7.881825246074607 214
1615609573417 7.254729037271883 215
1615609666455 8.283966301385881 216
1615609759884 7.001720994933167 217
1615609853084 6.922987607159831 218
1615609946583 6.605807014826274 219
1615610039900 7.8948324991175625 220
1615610133557 7.084331203600135 221
1615610226781 7.903621052208661 222
1615610319827 7.488226784946723 223
1615610413327 6.592407086619303 224
1615610506862 5.578384864709326 225
1615610600268 7.036852294234573 226
1615610693571 6.40740742119388 227
1615610786951 7.885261966834821 228
1615610880607 7.597467554735459 229
1615610974494 7.851634619608622 230
1615611067956 6.563233398677791 231
1615611161250 7.190267990908584 232
1615611254245 7.59629752453892 233
1615611347455 6.682139664392649 234
1615611440786 6.270685314962539 235
1615611534078 7.429482097816281 236
1615611627401 7.2507411693955595 237
1615611720579 6.502218477925062 238
1615611813823 6.9339480870457155 239
1615611906949 8.115505516246229 240
1615612000377 6.841575195258961 241
1615612093518 7.068838970110454 242
1615612186460 5.741730737117247 243
1615612279691 7.310791533838885 244
1615612373391 7.268600958296229 245
1615612466451 6.8540458646577065 246
1615612559961 6.172575189521598 247
1615612653310 7.404525520875677 248
1615612746537 5.875552992051308 249
