1614845268308 0.5619696977924793 0
1614845356267 0.5388047482739103 1
1614845444290 0.5199126235559477 2
1614845532144 0.5085491694192937 3
1614845620107 0.507442441646089 4
1614845708072 0.5038896568700777 5
1614845796145 0.4997953824630987 6
1614845884201 0.4933155612187817 7
1614845972400 0.48859983770700777 8
1614846060525 0.48322588988441095 9
1614846148940 0.48332374864320915 10
1614846237123 0.4795505563259547 11
1614846325336 0.4753111010438681 12
1614846413783 0.47408103612237423 13
1614846501949 0.47435494728967653 14
1614846590219 0.4733178299514854 15
1614846678498 0.47035353152414733 16
1614846766940 0.4688501872351265 17
1614846854813 0.4659434707307602 18
1614846942837 0.465728490086312 19
1614847031102 0.4637352908152819 20
1614847119131 0.4619197946913699 21
1614847207484 0.46105830305213735 22
1614847295841 0.4591793773682616 23
1614847383762 0.45823760316727 24
1614847471730 0.4580570198656494 25
1614847559695 0.45790118749941117 26
1614847647794 0.4583528694105094 27
1614847736126 0.45807035992732403 28
1614847824700 0.45760662696251636 29
1614847912915 0.45790525439387736 30
1614848000961 0.4570310806875375 31
1614848088905 0.4561392146971517 32
1614848177095 0.45420773458831454 33
1614848265256 0.4543023554568596 34
1614848353440 0.4549158280429125 35
1614848441423 0.4552122645804155 36
1614848529947 0.4549850370538863 37
1614848617985 0.4537922076706151 38
1614848705935 0.4526587228508707 39
1614848794286 0.451360956824191 40
1614848882756 0.45049915488397957 41
1614848970725 0.44981576656790917 42
1614849058745 0.44910883759031345 43
1614849147030 0.44858862779876035 44
1614849235360 0.44800474039459004 45
1614849323391 0.4482266548810206 46
1614849411444 0.44740649134065996 47
1614849499475 0.44686374658353956 48
1614849587569 0.4460718000220493 49
1614849676034 0.44595888050946797 50
1614849764279 0.4450829598881952 51
1614849852330 0.44461083529716716 52
1614849940516 0.44388928260563215 53
1614850028779 0.4435600895168012 54
1614850117305 0.44315249616942604 55
1614850205169 0.442695072784981 56
1614850293237 0.44222520567033985 57
1614850381229 0.4419863493276812 58
1614850469164 0.4414168571617375 59
1614850557058 0.44148029302798125 60
1614850644923 0.441390760790099 61
1614850732726 0.4407986936583103 62
1614850820764 0.4401009539761481 63
1614850908596 0.44022077733190473 64
1614850996267 0.43984606677605054 65
1614851084171 0.4394257972830247 66
1614851172137 0.4393274282735862 67
1614851260143 0.43885101094920065 68
1614851348042 0.43848657148768466 69
1614851436035 0.43817581213588724 70
1614851523911 0.4379369553143321 71
1614851611971 0.4371919788830622 72
1614851700291 0.4369894822158643 73
1614851788249 0.43667760096120495 74
1614851876058 0.4365161533101408 75
1614851964023 0.43658096856728673 76
1614852052285 0.4369655585641003 77
1614852140537 0.43691137239613875 78
1614852228598 0.4368056709739438 79
1614852316748 0.436438666379198 80
1614852404929 0.4363568938522369 81
1614852492911 0.43581420926902864 82
1614852580687 0.4356314680258824 83
1614852668665 0.43545841045388567 84
1614852756599 0.43512049996981145 85
1614852844508 0.43489084687784535 86
1614852932348 0.43479602314834415 87
1614853019479 0.4347652301331212 88
1614853107371 0.4346441453670636 89
1614853195226 0.43451305565040776 90
1614853283626 0.43431545367204216 91
1614853371813 0.43396053367765874 92
1614853459880 0.4340280663658854 93
1614853548084 0.43380088920789484 94
1614853635981 0.43345487892878704 95
1614853723729 0.43343974268143565 96
1614853811619 0.4333794400438866 97
1614853899679 0.43323108344764155 98
1614853987669 0.43287292934637106 99
1614854075988 0.43292693515809066 100
1614854163962 0.43271343059088707 101
1614854251909 0.4325453130325559 102
1614854339791 0.4323649442832422 103
1614854428096 0.43225565561920903 104
1614854516093 0.43209681322851207 105
1614854604130 0.43191973392574406 106
1614854692152 0.43157985053627707 107
1614854779900 0.4313026231721045 108
1614854868146 0.4309274353721039 109
1614854957315 0.4307973813740415 110
1614855046938 0.4307415717660722 111
1614855134834 0.43093155378889964 112
1614855222633 0.43062966741613135 113
1614855310568 0.43031091535124466 114
1614855398435 0.4302727302914909 115
1614855486484 0.43026463799605374 116
1614855574358 0.4299755465565735 117
1614855662351 0.4298048918700783 118
1614855750149 0.42964885667072106 119
1614855838113 0.42937491635813396 120
1614855926136 0.42905918743564003 121
1614856014013 0.4288053569306428 122
1614856101877 0.4285732565617715 123
1614856189676 0.42838205898061693 124
1614856277403 0.42825792038643995 125
1614856365353 0.4281725953908036 126
1614856453432 0.4278988543045804 127
1614856541248 0.42757783399327387 128
1614856629023 0.4272152952910833 129
1614856717265 0.42705988454749977 130
1614856805243 0.4269852241516823 131
1614856893175 0.4266339096712542 132
1614856981197 0.42640355166678334 133
1614857069099 0.4261468523665615 134
1614857157024 0.42605491331749307 135
1614857244863 0.4258485572156021 136
1614857332716 0.42583590373856345 137
1614857420819 0.42587988346714734 138
1614857508536 0.4258781855263516 139
1614857596702 0.4257866103267873 140
1614857684597 0.4254898624536534 141
1614857772535 0.42520652197466546 142
1614857860575 0.42498323645433905 143
1614857948272 0.4247566256521819 144
1614858036170 0.42455963448723655 145
1614858123948 0.4244563185699787 146
1614858211893 0.42436706035570915 147
1614858299738 0.4242462293696661 148
1614858387645 0.42410738449147395 149
1614858475889 0.42395416748188597 150
1614858563896 0.4239033341745679 151
1614858651787 0.4236778060541316 152
1614858739919 0.4234796485452649 153
1614858827864 0.4232816066636397 154
1614858915593 0.4231067594837862 155
1614859003595 0.42300517508324154 156
1614859091534 0.42286972379185994 157
1614859179431 0.4228371354870554 158
1614859267377 0.42280612322898137 159
1614859355464 0.4226026328225675 160
1614859443385 0.42264750842244747 161
1614859531244 0.4224504948745755 162
1614859619203 0.42234849127431906 163
1614859707117 0.42226120972348974 164
1614859795198 0.4219193422154138 165
1614859883134 0.421730752797518 166
1614859971189 0.4217615437447617 167
1614860058990 0.42169626394361087 168
1614860147024 0.42161405010612796 169
1614860235009 0.42135416446477303 170
1614860322926 0.4213546775484191 171
1614860410711 0.42113849213350274 172
1614860498388 0.4210824891168685 173
1614860586232 0.4210160278567427 174
1614860674054 0.4208683916682835 175
1614860762094 0.4207084758384309 176
1614860849960 0.42067293472857015 177
1614860938055 0.4204620308567422 178
1614861025952 0.42043084574700385 179
1614861113912 0.42033111071252394 180
1614861201808 0.4201856193837995 181
1614861289609 0.4201600267277348 182
1614861377416 0.4202688025960235 183
1614861465403 0.42017750991117414 184
1614861553240 0.4200010549083601 185
1614861641306 0.4198544957909327 186
1614861729117 0.41974145207501823 187
1614861817047 0.41967717873094634 188
1614861905046 0.4196299232467425 189
1614861993274 0.41946579782933185 190
1614862081438 0.41949170209873626 191
1614862169445 0.4193294423893825 192
1614862257482 0.41922866079460297 193
1614862345688 0.41909636754321067 194
1614862433646 0.4188967971871249 195
1614862521689 0.418727227172541 196
1614862609674 0.41855696181558727 197
1614862697601 0.4184177919599342 198
1614862785494 0.4183167635546402 199
1614862873649 0.41813431020163216 200
1614862961445 0.418100661192225 201
1614863049200 0.4180054655412797 202
1614863136946 0.41794879521986544 203
1614863224806 0.4177647715251743 204
1614863312550 0.4175535939661549 205
1614863400815 0.41737019942581544 206
1614863488886 0.41721067999896577 207
1614863576829 0.4172301886630352 208
1614863664650 0.41716666035014444 209
1614863752991 0.4170378040519707 210
1614863840956 0.4168419579835852 211
1614863928856 0.4167281978435896 212
1614864016937 0.4165301643997923 213
1614864104952 0.41636427537174525 214
1614864192880 0.4162336549104446 215
1614864280942 0.41611447148971065 216
1614864369231 0.41599303360271456 217
1614864457261 0.4158500562023228 218
1614864545507 0.41562343112389405 219
1614864633547 0.41547862883207837 220
1614864721576 0.41538160870404045 221
1614864809610 0.41526748210777487 222
1614864897562 0.4151514333582238 223
1614864985393 0.415038806183823 224
1614865073288 0.41504346198577535 225
1614865161235 0.41492192900826647 226
1614865249427 0.4148154455317396 227
1614865337914 0.4147680521961107 228
1614865425755 0.4145600260565339 229
1614865513740 0.4145045690893842 230
1614865601594 0.41442357656571227 231
1614865689475 0.41449289431885805 232
1614865777353 0.41428167693713924 233
1614865865327 0.414102444132295 234
1614865953328 0.4139815018425994 235
1614866041272 0.4138840056172564 236
1614866129501 0.4137634420679174 237
1614866217459 0.41374070843573746 238
1614866305450 0.41362571061476533 239
1614866393493 0.4136029667925401 240
1614866481335 0.41352983087324835 241
1614866569783 0.4133459481356618 242
1614866657672 0.41339484534970566 243
1614866745703 0.41340316775126706 244
1614866833635 0.41326639442976065 245
1614866921759 0.4132077355784638 246
1614867009796 0.4130991459712284 247
1614867097683 0.4130292660258707 248
1614867185683 0.4128971037344729 249
1614867273915 0.4128165412768424 250
1614867361808 0.4127152387105615 251
1614867449724 0.41252657472235166 252
1614867537690 0.41235488624848554 253
1614867625619 0.4123173325880895 254
1614867713482 0.4121639517902525 255
1614867801476 0.4120680990524269 256
1614867892748 0.41195258103911975 257
1614867980968 0.41191827792025215 258
1614868069004 0.4117639145751387 259
1614868157278 0.41166915323576464 260
1614868245565 0.41155936868051457 261
1614868333558 0.41148731328746513 262
1614868421428 0.4114019066860346 263
1614868509406 0.4112427025231814 264
1614868597495 0.4111251715160078 265
1614868685903 0.4110249103698486 266
1614868773913 0.4109068398490175 267
1614868861847 0.41080201603074457 268
1614868949613 0.4106767966973444 269
1614869037615 0.410523866574904 270
1614869125493 0.41047008133415275 271
1614869213589 0.4104122074177052 272
1614869301384 0.41027728028943744 273
1614869389192 0.4102109143299338 274
1614869477244 0.41006010627552686 275
1614869565592 0.4101146161052634 276
1614869653476 0.40999750912214583 277
1614869741296 0.40994844987532797 278
1614869829240 0.4098948286478281 279
1614869917411 0.4097591446402478 280
1614870005629 0.40962598847611226 281
1614870094197 0.4094861215756994 282
1614870181861 0.40930289582561197 283
1614870269758 0.40925798790585693 284
1614870357890 0.4092116355912625 285
1614870445918 0.40914646096445284 286
1614870533935 0.40905003039822446 287
1614870622327 0.4089914063554112 288
1614870710322 0.4088871917230237 289
1614870798386 0.40875089299343675 290
1614870886375 0.40873211707199975 291
1614870974212 0.4087064860049273 292
1614871062145 0.4085830831122452 293
1614871150192 0.4085295985837384 294
1614871238461 0.40843781898501896 295
1614871326289 0.4084114869692895 296
1614871414191 0.40830485548174555 297
1614871502130 0.4081750633873007 298
1614871590102 0.4080863013387994 299
1614871678230 0.40802587999141937 300
1614871766399 0.4079530503145738 301
1614871854179 0.4079653410433668 302
1614871942013 0.407818448645337 303
1614872029818 0.40775189633501663 304
1614872117656 0.40771077316347104 305
1614872205304 0.40763184301758076 306
1614872293427 0.4076049663116174 307
1614872381359 0.40753465976661235 308
1614872469216 0.4075280936167676 309
1614872557116 0.4074343517896715 310
1614872645320 0.40739382824576487 311
1614872734208 0.4072830345329441 312
1614872821906 0.4072098684326664 313
1614872910183 0.40710710115788634 314
1614872998109 0.40704378226725296 315
1614873086174 0.40698245091521185 316
1614873173928 0.4068412854440014 317
1614873261983 0.40677965043005415 318
1614873350173 0.40673912177407273 319
1614873438108 0.40666287872095086 320
1614873525995 0.40657889576402584 321
1614873613972 0.40650073057740543 322
1614873702216 0.4064541014661414 323
1614873790156 0.40636147324855504 324
1614873878396 0.4063434591240895 325
1614873966373 0.40630971840029223 326
1614874054094 0.4061803341566255 327
1614874142143 0.40609757849250483 328
1614874230026 0.406039988271157 329
1614874317966 0.40595777439725894 330
1614874405880 0.40587057824772044 331
1614874493851 0.40581734032990724 332
1614874581757 0.4056846297663219 333
1614874669592 0.4056193101123121 334
1614874757334 0.40558688995818076 335
1614874845172 0.40545691793019045 336
1614874933023 0.40535146436565733 337
1614875021090 0.40524614350420746 338
1614875110032 0.4051577891720848 339
1614875198495 0.40503549428207275 340
1614875286787 0.4049018428774375 341
1614875374707 0.40474452425752744 342
1614875463064 0.40471470397231185 343
1614875551048 0.40460538873049795 344
1614875639186 0.404558592659787 345
1614875727282 0.4045050904991706 346
1614875815268 0.40447615871903336 347
1614875903478 0.4043761195964343 348
1614875991719 0.4043286877906793 349
1614876079688 0.40417905099590146 350
1614876167693 0.40411597419560774 351
1614876255650 0.40412738743805043 352
1614876343745 0.4040114366190696 353
1614876431681 0.4039792753686831 354
1614876519879 0.40395352631021825 355
1614876607756 0.4038958994589442 356
1614876695745 0.40382268656083703 357
1614876783710 0.4036877018236762 358
1614876871675 0.403570050749725 359
1614876959682 0.40352394792216745 360
1614877047614 0.40343287295387165 361
1614877135413 0.4033630493316284 362
1614877223503 0.4032525239437851 363
1614877311605 0.4031879410855589 364
1614877399591 0.40312642211789845 365
1614877487703 0.4030671750093113 366
1614877575741 0.4030304891302848 367
1614877663849 0.4030417053727363 368
1614877751709 0.4029529511564381 369
1614877839662 0.40289419560183687 370
1614877927577 0.402799024001817 371
1614878015561 0.40268016335762696 372
1614878103512 0.40262475722483243 373
1614878191496 0.40256791556135113 374
1614878279286 0.402462458104357 375
1614878367321 0.40237306280002605 376
1614878455539 0.4023507250753671 377
1614878543507 0.4022952457315318 378
1614878631245 0.4021909238000931 379
1614878719533 0.4021172175097451 380
1614878807382 0.40204434609689 381
1614878895213 0.40196320828441273 382
1614878983169 0.40189281606581034 383
1614879071068 0.4018089865322234 384
1614879159150 0.4017826015169313 385
1614879247028 0.4017289382305168 386
1614879335023 0.401735989483129 387
1614879423059 0.40163061728695154 388
1614879511115 0.40155675538002084 389
1614879599178 0.40153833430280866 390
1614879687306 0.40148900502979645 391
1614879775222 0.4014316124651078 392
1614879863265 0.40135334078264734 393
1614879951198 0.4013303044528256 394
1614880039047 0.4013431995415362 395
1614880127312 0.40128357872607257 396
1614880215363 0.40123109635585785 397
1614880303311 0.401115681656054 398
1614880391183 0.4010766419221427 399
1614880479221 0.40098159008814027 400
1614880567233 0.400961296635449 401
1614880655251 0.4008490076813417 402
1614880743299 0.4007493519925219 403
1614880831379 0.40070285077972734 404
1614880919231 0.4006417474597489 405
1614881007022 0.40055980505434896 406
1614881095006 0.40055106401452806 407
1614881183009 0.40052228102880355 408
1614881271049 0.4005161349277423 409
1614881358907 0.40043737597772405 410
1614881446888 0.40037911552978156 411
1614881534874 0.40039531667907996 412
1614881622945 0.4003110992702015 413
1614881710865 0.4002681526567684 414
1614881798707 0.4002021045843977 415
1614881886723 0.400100447080109 416
1614881974689 0.4000067184409474 417
1614882062270 0.3999446117453617 418
1614882150437 0.3998909583864422 419
1614882238649 0.39986591813784134 420
1614882326605 0.39978507514436346 421
1614882414668 0.3997424634813507 422
1614882502689 0.39966822509096417 423
1614882590763 0.3996072171939926 424
1614882678464 0.399522808523412 425
1614882766275 0.3994291888922936 426
1614882854293 0.3993357716490833 427
1614882942524 0.3992462422300951 428
1614883030762 0.39921708851794635 429
1614883119011 0.3991370842511047 430
1614883206901 0.39908318739851184 431
1614883294744 0.3989868952778451 432
1614883382705 0.39898818624944177 433
1614883470866 0.39894619583500485 434
1614883558958 0.39891565542085644 435
1614883647077 0.3988937301694276 436
1614883735344 0.398824096235965 437
1614883823320 0.39872825676322077 438
1614883911344 0.39861634343149177 439
1614883999747 0.3985570718815974 440
1614884087798 0.39847456509807094 441
1614884175963 0.3983891499884293 442
1614884264023 0.39835095339527365 443
1614884351860 0.39826300832755307 444
1614884439935 0.3982150305530637 445
1614884527777 0.3981728034958493 446
1614884615966 0.3980938387064455 447
1614884703898 0.39802706896989015 448
1614884791808 0.39802908148537286 449
1614884879856 0.3979850910635986 450
1614884968112 0.397926303136668 451
1614885056036 0.39783756198637704 452
1614885144202 0.39782026750647936 453
1614885232096 0.3977598656598641 454
1614885320269 0.3977220111622844 455
1614885408253 0.39768106689307814 456
1614885496272 0.39762050408842625 457
1614885584353 0.39752779218170026 458
1614885672484 0.3974643757303178 459
1614885760805 0.3973547609560505 460
1614885848748 0.39729326237787393 461
1614885936623 0.39723669863300193 462
1614886024665 0.397167344522264 463
1614886112685 0.3971048156532889 464
1614886200448 0.39701960604655195 465
1614886288687 0.3969841242251354 466
1614886376673 0.3969341766615578 467
1614886464738 0.3969124893897463 468
1614886552749 0.3968360454070049 469
1614886640894 0.3967543577179382 470
1614886728966 0.3967091188280081 471
1614886816802 0.39663355508032044 472
1614886904913 0.3965839394509112 473
1614886992875 0.3965059122002671 474
1614887080914 0.3964645835830255 475
1614887168919 0.3964173148683909 476
1614887256988 0.3963724696267683 477
1614887345093 0.396290433723611 478
1614887432990 0.3962531660026242 479
1614887521034 0.3961770949822548 480
1614887609106 0.3961192268377985 481
1614887697094 0.3960786047845541 482
1614887785113 0.39602050351292406 483
1614887873067 0.3959651266758471 484
1614887961217 0.3958800729892892 485
1614888049192 0.3958081809631404 486
1614888137340 0.3957139713849507 487
1614888225399 0.395649402437312 488
1614888313290 0.3956071082433047 489
1614888401287 0.39552908031549255 490
1614888489634 0.3954539076856723 491
1614888577665 0.3954060653999597 492
1614888665513 0.39532438539516007 493
1614888753624 0.39523619926189724 494
1614888841518 0.3951474654605879 495
1614888929576 0.39509894390105227 496
1614889017490 0.3950009262834661 497
1614889105484 0.3949615730453451 498
1614889193316 0.39496222382752183 499
