1614845268310 0.5375958222648478 0
1614845356268 0.576990246305501 1
1614845444292 0.6017306244909214 2
1614845532146 0.616949248969139 3
1614845620109 0.6195847261766513 4
1614845708074 0.6231000919623476 5
1614845796147 0.629051799021232 6
1614845884203 0.6397560056364546 7
1614845972402 0.6470055798563847 8
1614846060527 0.6552068244801105 9
1614846148941 0.65434375225039 10
1614846237125 0.6605976914380699 11
1614846325338 0.6671972251457746 12
1614846413785 0.6693231143015411 13
1614846501951 0.6687486300013767 14
1614846590221 0.6711786789163166 15
1614846678499 0.6764178748828212 16
1614846766942 0.6792368534464996 17
1614846854815 0.683383736043158 18
1614846942839 0.6838053180948515 19
1614847031104 0.6871609823927178 20
1614847119133 0.6898406454113027 21
1614847207486 0.6913866606946231 22
1614847295843 0.6942591909173021 23
1614847383764 0.6960575908539596 24
1614847471731 0.6962202992791278 25
1614847559697 0.6971662790380608 26
1614847647796 0.696661367732262 27
1614847736128 0.6974331416372135 28
1614847824702 0.6983977614046041 29
1614847912916 0.6981674641780338 30
1614848000962 0.6993692479733886 31
1614848088908 0.7009063106927963 32
1614848177097 0.7038615804195483 33
1614848265258 0.7041708186656629 34
1614848353442 0.7033801572472879 35
1614848441425 0.7028465107986605 36
1614848529949 0.7035651303194075 37
1614848617986 0.7055380632250401 38
1614848705936 0.7073401181230304 39
1614848794288 0.7093310575332546 40
1614848882758 0.7106921173625234 41
1614848970727 0.7118745706824318 42
1614849058747 0.7128645339755617 43
1614849147032 0.713719735309079 44
1614849235361 0.7147312235166001 45
1614849323393 0.7148238334496402 46
1614849411446 0.7160315791666539 47
1614849499477 0.7169125673671426 48
1614849587571 0.718203131397145 49
1614849676036 0.7185660005296894 50
1614849764280 0.719856221952938 51
1614849852331 0.7207287334351204 52
1614849940518 0.7215632867008961 53
1614850028781 0.7221701889096447 54
1614850117307 0.7228012190356131 55
1614850205171 0.7234696688078528 56
1614850293239 0.7241733814662012 57
1614850381231 0.7246723105958522 58
1614850469165 0.7254743795780403 59
1614850557060 0.7254524383989842 60
1614850644924 0.7257184835659866 61
1614850732728 0.7265272816059477 62
1614850820766 0.7276064625619867 63
1614850908598 0.7276739690629167 64
1614850996269 0.7281064635646166 65
1614851084173 0.7288449554485389 66
1614851172139 0.7292276834662677 67
1614851260145 0.7299741480604552 68
1614851348044 0.7306090745752714 69
1614851436036 0.7310687551283971 70
1614851523913 0.7314487444061827 71
1614851611972 0.7325549442678794 72
1614851700293 0.7329291117572381 73
1614851788250 0.7335063005276891 74
1614851876060 0.73368254764327 75
1614851964024 0.7336611340701603 76
1614852052287 0.7331313362708942 77
1614852140539 0.7332961837316262 78
1614852228599 0.733602298713356 79
1614852316749 0.734213757018723 80
1614852404931 0.7343887013481007 81
1614852492914 0.7352360780405374 82
1614852580689 0.735558555181638 83
1614852668667 0.7358825647412778 84
1614852756601 0.7364274648423386 85
1614852844510 0.7368822556460318 86
1614852932350 0.7370567876724227 87
1614853019481 0.7372756722173134 88
1614853107373 0.7375620231885086 89
1614853195228 0.7377613590548151 90
1614853283628 0.7381060683326929 91
1614853371815 0.7385769144918861 92
1614853459882 0.7385364370773403 93
1614853548086 0.73885437964135 94
1614853635983 0.7393551808467712 95
1614853723732 0.7394470904247256 96
1614853811621 0.7396531720092723 97
1614853899681 0.7399755615370743 98
1614853987671 0.7406063799266995 99
1614854075991 0.7405770624255881 100
1614854163964 0.7409881121901433 101
1614854251910 0.7412177168875367 102
1614854339793 0.741449362227013 103
1614854428097 0.7416364876590752 104
1614854516094 0.741913123684207 105
1614854604131 0.7421950196868635 106
1614854692154 0.7427391403341141 107
1614854779902 0.7431152323329765 108
1614854868148 0.7437021762436062 109
1614854957317 0.7439926022620029 110
1614855046940 0.7441627797883558 111
1614855134836 0.7439018887547855 112
1614855222635 0.7443199778719448 113
1614855310570 0.7448110843041602 114
1614855398437 0.7448465762936884 115
1614855486486 0.7449605068289005 116
1614855574360 0.7453761918280782 117
1614855662353 0.7456540319141775 118
1614855750151 0.7458504380747926 119
1614855838115 0.7462609068666222 120
1614855926138 0.7467277574271829 121
1614856014015 0.7470728427705273 122
1614856101879 0.7474037969056194 123
1614856189678 0.7477164021809277 124
1614856277405 0.7479418204500848 125
1614856365355 0.7480712977002296 126
1614856453434 0.7484817379329246 127
1614856541250 0.7489806615804822 128
1614856629025 0.7494833703023687 129
1614856717267 0.7497779235319333 130
1614856805245 0.7498931277345654 131
1614856893177 0.7503853413680507 132
1614856981199 0.7507392439617258 133
1614857069101 0.7511593156110307 134
1614857157026 0.7513545104874784 135
1614857244865 0.7516991419123357 136
1614857332718 0.7517841520729273 137
1614857420821 0.7518384644146328 138
1614857508537 0.7519243053656889 139
1614857596704 0.752120918481715 140
1614857684599 0.7525371660769989 141
1614857772537 0.7529710969693861 142
1614857860577 0.7533313439487972 143
1614857948274 0.7536509071943351 144
1614858036172 0.753953964513737 145
1614858123950 0.7540997406356317 146
1614858211895 0.7542583947624847 147
1614858299740 0.7544704634573655 148
1614858387647 0.7547017998736006 149
1614858475891 0.7549283396171953 150
1614858563898 0.7550636632581996 151
1614858651789 0.7554002242141377 152
1614858739921 0.7557310289340946 153
1614858827866 0.7560507607867754 154
1614858915595 0.7563318757320731 155
1614859003597 0.7564927527563329 156
1614859091536 0.7566911777882922 157
1614859179433 0.756759365018413 158
1614859267379 0.7568564286381628 159
1614859355466 0.7571658543946727 160
1614859443387 0.7571715425567499 161
1614859531246 0.7574241485857849 162
1614859619204 0.7576099128901311 163
1614859707119 0.7577724601048059 164
1614859795200 0.7582238562573251 165
1614859883136 0.7585036821100463 166
1614859971191 0.7585128727868028 167
1614860058992 0.7586493720185227 168
1614860147026 0.7588336467760525 169
1614860235011 0.7592030595700303 170
1614860322928 0.7592593464534 171
1614860410713 0.7595861015981435 172
1614860498390 0.7597074467100432 173
1614860586234 0.7598176614915728 174
1614860674056 0.7600417354962665 175
1614860762096 0.7603313081932361 176
1614860849962 0.7604197976876395 177
1614860938057 0.7607321225051733 178
1614861025954 0.7608283099347873 179
1614861113913 0.7610127826135121 180
1614861201810 0.7612652045650617 181
1614861289611 0.7613054197963736 182
1614861377418 0.7611843798993057 183
1614861465406 0.7613333711999988 184
1614861553242 0.7615502536389326 185
1614861641308 0.7617831348571151 186
1614861729119 0.7619824341042737 187
1614861817049 0.7621079171950245 188
1614861905048 0.7622138263353203 189
1614861993276 0.7624560554196985 190
1614862081439 0.7624517445893102 191
1614862169447 0.7626671750563386 192
1614862257484 0.7628507434612977 193
1614862345690 0.7630922938476531 194
1614862433648 0.7633703065047711 195
1614862521690 0.7636597050126124 196
1614862609675 0.7639326725365739 197
1614862697603 0.7641616240289092 198
1614862785496 0.7643534235080355 199
1614862873651 0.764666925945803 200
1614862961447 0.7647276118404553 201
1614863049202 0.7648824295547031 202
1614863136949 0.7649881387288778 203
1614863224808 0.7652610102915517 204
1614863312552 0.7655907401961508 205
1614863400817 0.7658989235433484 206
1614863488888 0.7661423768695096 207
1614863576831 0.7661413029128655 208
1614863664652 0.7662688316615127 209
1614863752993 0.766458249304514 210
1614863840958 0.7667356642143592 211
1614863928858 0.7669084692189391 212
1614864016939 0.7672064976600781 213
1614864104954 0.7674558114741307 214
1614864192882 0.7676241915594604 215
1614864280944 0.7678248668796381 216
1614864369233 0.7680195740211635 217
1614864457263 0.7682406980116492 218
1614864545509 0.7685724910282542 219
1614864633549 0.7688107141596864 220
1614864721579 0.7689705987574043 221
1614864809612 0.7691553002007213 222
1614864897564 0.7693636652993778 223
1614864985395 0.7695181809486334 224
1614865073290 0.7695294857045926 225
1614865161237 0.769706191042804 226
1614865249429 0.7698636920443881 227
1614865337916 0.7699643744466045 228
1614865425757 0.7702806722989709 229
1614865513742 0.7703982668220783 230
1614865601596 0.770534284629644 231
1614865689477 0.7704605543969724 232
1614865777355 0.7707740439869497 233
1614865865330 0.7710431808221998 234
1614865953330 0.7712148927711776 235
1614866041274 0.7713760262298571 236
1614866129503 0.7715741647373084 237
1614866217461 0.7716225913410868 238
1614866305453 0.7717690534437688 239
1614866393495 0.77184079908958 240
1614866481338 0.7719592145489679 241
1614866569786 0.7722242994993658 242
1614866657674 0.7722015802087369 243
1614866745705 0.7722146546419605 244
1614866833638 0.7724193553615797 245
1614866921762 0.7725534368188326 246
1614867009799 0.7727390405171719 247
1614867097685 0.7728674093062959 248
1614867185685 0.7731026324145646 249
1614867273917 0.77323976384038 250
1614867361810 0.7734059380811145 251
1614867449727 0.7736876684106295 252
1614867537692 0.7739455134213018 253
1614867625621 0.7740275600386998 254
1614867713484 0.7742587281021402 255
1614867801478 0.7744015864639991 256
1614867892750 0.774543359550635 257
1614867980970 0.7746300937200423 258
1614868069006 0.7748586748630417 259
1614868157280 0.7750101017180404 260
1614868245567 0.7751769022493237 261
1614868333560 0.7753146213297505 262
1614868421431 0.7754585138864223 263
1614868509409 0.7756936987191597 264
1614868597497 0.775855164047124 265
1614868685905 0.7760399480298471 266
1614868773915 0.7762403879793925 267
1614868861849 0.7764151272983993 268
1614868949615 0.7765984460475944 269
1614869037617 0.776819556291611 270
1614869125495 0.7769342009096212 271
1614869213591 0.7770208539278681 272
1614869301386 0.7772289803001298 273
1614869389195 0.7773517405084607 274
1614869477246 0.7775796843373101 275
1614869565594 0.7775359010992311 276
1614869653478 0.7777136501664496 277
1614869741299 0.7777956497822759 278
1614869829242 0.7778955739601199 279
1614869917412 0.7780845853048122 280
1614870005630 0.7783075945212509 281
1614870094198 0.7785235240975094 282
1614870181864 0.778773391634261 283
1614870269760 0.7788727058732644 284
1614870357892 0.7789504759066722 285
1614870445920 0.7790496468446235 286
1614870533937 0.7791979543172852 287
1614870622330 0.7792983355926 288
1614870710323 0.7794526294692156 289
1614870798390 0.779648895133603 290
1614870886377 0.7797138752893493 291
1614870974214 0.7797434284466555 292
1614871062148 0.779929530883953 293
1614871150194 0.7800101997318468 294
1614871238464 0.7801676575226377 295
1614871326291 0.7802229571896696 296
1614871414193 0.7803776739343564 297
1614871502133 0.7805837649071723 298
1614871590104 0.7807265539327355 299
1614871678232 0.7808279262286428 300
1614871766401 0.780950613004955 301
1614871854182 0.7809664654472338 302
1614871942016 0.7811902278653601 303
1614872029820 0.7813088325084294 304
1614872117658 0.7813901118686964 305
1614872205307 0.7815050759571759 306
1614872293429 0.7815706389333358 307
1614872381361 0.7816961491957619 308
1614872469218 0.7817047586226599 309
1614872557118 0.7818679650155704 310
1614872645322 0.7819583572394354 311
1614872734210 0.7821323770570717 312
1614872821908 0.7822417218335526 313
1614872910184 0.7824012506381197 314
1614872998111 0.7825055163471842 315
1614873086177 0.7826329283663328 316
1614873173930 0.7828365633139497 317
1614873261985 0.7829549187150721 318
1614873350175 0.7830254519335785 319
1614873438110 0.7831504015422103 320
1614873525997 0.7833022331810201 321
1614873613975 0.7834491337858925 322
1614873702219 0.7835352450209697 323
1614873790158 0.7836817795121365 324
1614873878398 0.7837336842852484 325
1614873966374 0.7838077428663666 326
1614874054096 0.7839863889919049 327
1614874142145 0.7841330398909235 328
1614874230028 0.7842303709606578 329
1614874317968 0.7843635289599015 330
1614874405882 0.7845091017865832 331
1614874493854 0.7845933646253043 332
1614874581759 0.7847801864430791 333
1614874669594 0.7848945589155806 334
1614874757337 0.784915024268137 335
1614874845175 0.7851074087517483 336
1614874933025 0.78526158587657 337
1614875021092 0.78543309505974 338
1614875110034 0.7855725290851271 339
1614875198497 0.7857543708565148 340
1614875286789 0.7859581378417226 341
1614875374709 0.7861796332774975 342
1614875463066 0.7862456083917003 343
1614875551050 0.7864100629949295 344
1614875639188 0.7864955295058783 345
1614875727284 0.7865884340560122 346
1614875815270 0.7866487282774908 347
1614875903480 0.7867847892996696 348
1614875991721 0.7868780271069268 349
1614876079690 0.7870889478763267 350
1614876167695 0.7871965504261926 351
1614876255652 0.7871975700700093 352
1614876343747 0.7873584960737754 353
1614876431684 0.7874197499498236 354
1614876519881 0.7874488242115745 355
1614876607758 0.7875251773733681 356
1614876695747 0.7876338380665124 357
1614876783712 0.7878403250969598 358
1614876871678 0.7880340692815893 359
1614876959685 0.7881148661289363 360
1614877047617 0.7882739545720494 361
1614877135415 0.7883784793049797 362
1614877223505 0.7885529818642695 363
1614877311607 0.7886523402714902 364
1614877399593 0.7887560592404387 365
1614877487705 0.788864496939017 366
1614877575743 0.7889353973117099 367
1614877663852 0.7889326694567423 368
1614877751711 0.7890560882693011 369
1614877839664 0.7891412882407736 370
1614877927579 0.7892673803865067 371
1614878015563 0.7894382823472336 372
1614878103514 0.7895260511967653 373
1614878191498 0.7896276769868006 374
1614878279288 0.7897863657718608 375
1614878367323 0.789940161636788 376
1614878455541 0.7899937543278497 377
1614878543509 0.7900997699188556 378
1614878631247 0.7902480620621005 379
1614878719535 0.7903689648872263 380
1614878807384 0.7904841002972305 381
1614878895215 0.7906116422784936 382
1614878983171 0.7907255817422643 383
1614879071071 0.7908500236411019 384
1614879159152 0.7909066589617377 385
1614879247030 0.790992866042945 386
1614879335025 0.7910038558849823 387
1614879423061 0.7911626198875873 388
1614879511118 0.7912904358552939 389
1614879599180 0.7913409254793873 390
1614879687308 0.7914236167295284 391
1614879775224 0.7915254554741582 392
1614879863268 0.7916406397589362 393
1614879951200 0.7916888590938557 394
1614880039049 0.7916867116883792 395
1614880127315 0.7917926386107683 396
1614880215365 0.7918756992224811 397
1614880303313 0.7920558293568051 398
1614880391185 0.7921394029161273 399
1614880479223 0.7922856295422073 400
1614880567235 0.7923331025669185 401
1614880655253 0.7925047013245771 402
1614880743301 0.7926593451281867 403
1614880831381 0.7927501767107359 404
1614880919233 0.7928527687538665 405
1614881007024 0.7929757189124702 406
1614881095008 0.7929899127943296 407
1614881183011 0.7930580716765409 408
1614881271051 0.7930881916845346 409
1614881358909 0.793211709712273 410
1614881446890 0.7933116917467057 411
1614881534876 0.793315838444434 412
1614881622947 0.7934552325401576 413
1614881710867 0.7935359281348648 414
1614881798709 0.7936373674075244 415
1614881886726 0.793791493673826 416
1614881974691 0.7939487517100089 417
1614882062272 0.7940397113973037 418
1614882150439 0.7941291563341438 419
1614882238651 0.7941842579409852 420
1614882326607 0.7942967827924203 421
1614882414670 0.7943757863026663 422
1614882502691 0.7944978166162443 423
1614882590765 0.7945998416459126 424
1614882678466 0.7947330209100725 425
1614882766278 0.7948679353460741 426
1614882854296 0.7950239284813663 427
1614882942527 0.795153335249111 428
1614883030765 0.7952013236391613 429
1614883119013 0.795326419391502 430
1614883206903 0.7954183813463976 431
1614883294746 0.7955626113140825 432
1614883382708 0.7955724580826183 433
1614883470868 0.7956534015023291 434
1614883558960 0.7957149171495327 435
1614883647080 0.7957581975076469 436
1614883735346 0.7958663900323195 437
1614883823322 0.7960058649255429 438
1614883911347 0.796158802191042 439
1614883999749 0.7962410836216549 440
1614884087800 0.7963698362188308 441
1614884175965 0.7964993541428473 442
1614884264026 0.7965727342351213 443
1614884351862 0.7967038025190907 444
1614884439937 0.7967918906469589 445
1614884527780 0.7968614938605655 446
1614884615968 0.7969931790699377 447
1614884703901 0.7971002000527102 448
1614884791810 0.797116113853613 449
1614884879859 0.797196567614778 450
1614884968114 0.7972900030416538 451
1614885056038 0.7974175903223237 452
1614885144205 0.7974470560622411 453
1614885232098 0.7975483894750979 454
1614885320271 0.7976211865990375 455
1614885408255 0.7976898859903314 456
1614885496274 0.7977881866885767 457
1614885584355 0.7979287711169483 458
1614885672486 0.7980302855829363 459
1614885760807 0.7982016823456768 460
1614885848750 0.798301795741616 461
1614885936625 0.7983869567242698 462
1614886024667 0.7984975242443576 463
1614886112687 0.7986044060538708 464
1614886200451 0.7987310055377994 465
1614886288689 0.7987954999896572 466
1614886376675 0.7988810559065335 467
1614886464740 0.7989319105053805 468
1614886552751 0.7990552663342961 469
1614886640897 0.7991745478329928 470
1614886728969 0.7992586482509434 471
1614886816804 0.7993599271416872 472
1614886904915 0.7994434248851564 473
1614886992877 0.7995673973726932 474
1614887080916 0.7996486790936658 475
1614887168921 0.7997212836981782 476
1614887256991 0.7998055765243315 477
1614887345095 0.7999346768620774 478
1614887432992 0.8000009592960844 479
1614887521037 0.8001231171741302 480
1614887609108 0.8002170750269061 481
1614887697097 0.8002927042661044 482
1614887785115 0.8003930961863573 483
1614887873069 0.800482401170438 484
1614887961219 0.8006166078116249 485
1614888049194 0.8007371479665952 486
1614888137342 0.8008806600557477 487
1614888225401 0.8009911783543822 488
1614888313292 0.8010709270469105 489
1614888401289 0.8012011015630335 490
1614888489637 0.8013166573108872 491
1614888577668 0.8013945397610281 492
1614888665515 0.8015112392087751 493
1614888753626 0.8016464271561722 494
1614888841521 0.8017831226391043 495
1614888929578 0.8018748326795704 496
1614889017492 0.8020214951147979 497
1614889105487 0.8020954882380839 498
1614889193318 0.8021058656227735 499
