1614845268306 0.5375958222648478 0
1614845356265 0.6163846703461542 1
1614845444288 0.6512113808617623 2
1614845532142 0.662605122403792 3
1614845620105 0.6301266350067005 4
1614845708071 0.6406769208908291 5
1614845796144 0.6647620413745388 6
1614845884199 0.7146854519430134 7
1614845972398 0.7050021736158265 8
1614846060523 0.729018026093642 9
1614846148938 0.6457130299531855 10
1614846237121 0.7293910225025482 11
1614846325334 0.7463916296382314 12
1614846413781 0.6969596733265049 13
1614846501947 0.6607058497990764 14
1614846590217 0.7076294126404126 15
1614846678496 0.7602450103468953 16
1614846766938 0.7271594890290334 17
1614846854812 0.7580276227830087 18
1614846942835 0.691815377077025 19
1614847031100 0.7542742683500465 20
1614847119129 0.7461135688015844 21
1614847207482 0.725398996927672 22
1614847295839 0.7603273860389187 23
1614847383760 0.7392191893337399 24
1614847471728 0.7002880099083318 25
1614847559693 0.7217617527703228 26
1614847647792 0.6830287624756898 27
1614847736124 0.7190428109758574 28
1614847824698 0.7263717346589317 29
1614847912913 0.6912585473809209 30
1614848000959 0.7366245456293903 31
1614848088904 0.7500923177138431 32
1614848177093 0.8013854814023617 33
1614848265254 0.71468491903356 34
1614848353439 0.675707007604165 35
1614848441421 0.6836352386480727 36
1614848529944 0.7301540525870458 37
1614848617983 0.7805095136390774 38
1614848705933 0.7776202591446538 39
1614848794284 0.7889686339422242 40
1614848882755 0.7664955703625351 41
1614848970724 0.7615376101185878 42
1614849058744 0.755432955580148 43
1614849147028 0.7513485939838411 44
1614849235358 0.7602481928550535 45
1614849323389 0.719083890369486 46
1614849411442 0.7727956278663028 47
1614849499473 0.759200000990596 48
1614849587567 0.7814407688672601 49
1614849676032 0.7367094571569136 50
1614849764277 0.785657514538616 51
1614849852328 0.7660993305086107 52
1614849940515 0.7657946097869974 53
1614850028777 0.7549429081820721 54
1614850117303 0.7575078759638761 55
1614850205167 0.7609028560532765 56
1614850293235 0.7642850029920594 57
1614850381227 0.7536102001156125 58
1614850469162 0.7727964495271326 59
1614850557056 0.7241359676556202 60
1614850644921 0.7419472387531302 61
1614850732725 0.7766727600835435 62
1614850820763 0.7955948627924406 63
1614850908594 0.731994385122443 64
1614850996266 0.7562186061751119 65
1614851084169 0.7775854197874045 66
1614851172135 0.7548704606540981 67
1614851260141 0.7807337404652075 68
1614851348041 0.7744190040975809 69
1614851436033 0.7632463938471946 70
1614851523910 0.7584279831289575 71
1614851611969 0.8122013343100467 72
1614851700289 0.7602433384804244 73
1614851788247 0.7762182695410584 74
1614851876056 0.7469010813118413 75
1614851964021 0.7320337025138239 76
1614852052283 0.6923369057274059 77
1614852140535 0.7461542856687194 78
1614852228596 0.7577853822700118 79
1614852316746 0.7831304214480851 80
1614852404927 0.7485591920276919 81
1614852492909 0.8047209668203434 82
1614852580685 0.762324157892988 83
1614852668663 0.7630993677510156 84
1614852756597 0.7827439734325065 85
1614852844506 0.7759942647636585 86
1614852932346 0.7522410739684242 87
1614853019477 0.7565375121676937 88
1614853107369 0.7630472596248855 89
1614853195224 0.7557015870224013 90
1614853283624 0.7694746126195814 91
1614853371811 0.7818947611376643 92
1614853459878 0.7347720375245748 93
1614853548082 0.7687409806582662 94
1614853635979 0.7869312953617837 95
1614853723727 0.7482704099083504 96
1614853811617 0.7596430857102949 97
1614853899677 0.7715697352616717 98
1614853987667 0.803057400499592 99
1614854075986 0.7376453123144345 100
1614854163960 0.7825041384102128 101
1614854251907 0.764637396021664 102
1614854339790 0.7653088321930718 103
1614854428094 0.7610975325935416 104
1614854516091 0.7709599063230638 105
1614854604128 0.7720759959684478 106
1614854692151 0.8009600495899339 107
1614854779899 0.7837331682101063 108
1614854868144 0.8076790625022517 109
1614854957313 0.7759394642856458 110
1614855046936 0.7630524852135209 111
1614855134832 0.7146820929949171 112
1614855222631 0.7915640481109365 113
1614855310566 0.8007972175767134 114
1614855398433 0.748928155089447 115
1614855486482 0.7581764489134892 116
1614855574356 0.7940113367318796 117
1614855662349 0.7784391620738821 118
1614855750147 0.7692227711879902 119
1614855838112 0.7955171618861764 120
1614855926134 0.8032166752550337 121
1614856014011 0.7891732546585527 122
1614856101875 0.7881111555219501 123
1614856189674 0.7864794563191633 124
1614856277401 0.7761191040947196 125
1614856365350 0.7643854312184785 126
1614856453431 0.8006076474851939 127
1614856541247 0.8128428884678417 128
1614856629021 0.8143327954257357 129
1614856717263 0.7880698433753265 130
1614856805241 0.7649848782793722 131
1614856893173 0.8153575409881093 132
1614856981195 0.7978082889205088 133
1614857069098 0.8074489166179011 134
1614857157023 0.7777058188079132 135
1614857244861 0.7985690156929195 136
1614857332715 0.7634305440739769 137
1614857420817 0.7593335675699835 138
1614857508534 0.7638561975624826 139
1614857596700 0.7796467547253757 140
1614857684595 0.8112280770120296 141
1614857772533 0.8145892836883749 142
1614857860573 0.8048466620045703 143
1614857948271 0.7996680145518164 144
1614858036169 0.7978972758269972 145
1614858123946 0.7753830544322475 146
1614858211891 0.7775805514098869 147
1614858299736 0.7858566302997154 148
1614858387643 0.7891709258926384 149
1614858475887 0.7889093011564137 150
1614858563894 0.7754975330498484 151
1614858651785 0.8065574895167216 152
1614858739917 0.8063441510875147 153
1614858827862 0.8052894660996066 154
1614858915591 0.7999046922532014 155
1614859003593 0.7815895685408678 156
1614859091532 0.7878439078059079 157
1614859179428 0.7675329473775088 158
1614859267374 0.7722895441783799 159
1614859355463 0.8066739754362421 160
1614859443384 0.7580873366511826 161
1614859531242 0.798346325289458 162
1614859619201 0.7878894944985707 163
1614859707114 0.7844302033114693 164
1614859795196 0.8327042214229874 165
1614859883132 0.8049547736617652 166
1614859971187 0.760047715805147 167
1614860058988 0.7815812429474606 168
1614860147022 0.7899760807985845 169
1614860235007 0.8220032345462631 170
1614860322924 0.7688844035096143 171
1614860410709 0.8157879864940276 172
1614860498386 0.7807001510686759 173
1614860586230 0.7789950334777435 174
1614860674052 0.7992546863176606 175
1614860762092 0.8112961028599077 176
1614860849958 0.7760824381970288 177
1614860938054 0.8163259400261773 178
1614861025950 0.778045859835718 179
1614861113910 0.7942178647839622 180
1614861201806 0.8069535777955265 181
1614861289607 0.7686245918951251 182
1614861377414 0.7390340787358582 183
1614861465401 0.788747770527562 184
1614861553238 0.8016735048416783 185
1614861641304 0.8050990414390664 186
1614861729115 0.7992513933229249 187
1614861817045 0.7856987382561623 188
1614861905045 0.7822306538512419 189
1614861993272 0.8084795814515515 190
1614862081436 0.7616283759851469 191
1614862169443 0.8040298247257905 192
1614862257480 0.798279445618391 193
1614862345686 0.8099530688006148 194
1614862433644 0.8175827746427703 195
1614862521687 0.8203818125495066 196
1614862609672 0.8177072747570017 197
1614862697599 0.8094940195113177 198
1614862785492 0.8025215198541735 199
1614862873647 0.8273674134992891 200
1614862961443 0.7769254766655772 201
1614863049199 0.7961556078327213 202
1614863136944 0.786447101086378 203
1614863224804 0.8209268090769996 204
1614863312548 0.8331853706389666 205
1614863400813 0.8293846930660631 206
1614863488884 0.8165372153848744 207
1614863576827 0.7659179199309114 208
1614863664648 0.7929223401287755 209
1614863752989 0.80623595433479 210
1614863840954 0.8252702101916921 211
1614863928854 0.8035431301898577 212
1614864016935 0.8306865556226982 213
1614864104950 0.8208089676813819 214
1614864192878 0.8038259099053522 215
1614864280940 0.8111707360380226 216
1614864369229 0.8102710237321646 217
1614864457260 0.8164457279375171 218
1614864545505 0.8412351616647806 219
1614864633545 0.8212198030747725 220
1614864721573 0.8043050948530436 221
1614864809608 0.810159020617113 222
1614864897560 0.8158290822997831 223
1614864985391 0.804129686381887 224
1614865073286 0.7720730557954043 225
1614865161233 0.8096415974785772 226
1614865249425 0.8056164194039708 227
1614865337912 0.7929199621519175 228
1614865425752 0.8427128804909004 229
1614865513738 0.7974450071367876 230
1614865601592 0.8019543981773185 231
1614865689473 0.753355140417155 232
1614865777351 0.8438171184516849 233
1614865865325 0.8340212002707025 234
1614865953326 0.8115672007809545 235
1614866041270 0.8094035224782096 236
1614866129499 0.818532991003287 237
1614866217457 0.7831481230403349 238
1614866305448 0.8067734959847506 239
1614866393491 0.789059754084282 240
1614866481333 0.8004973402614391 241
1614866569781 0.8363748574956436 242
1614866657670 0.7666807925858948 243
1614866745700 0.7754048163485195 244
1614866833633 0.822571031668264 245
1614866921757 0.8055374753030557 246
1614867009795 0.8185831540069737 247
1614867097681 0.8047028690090646 248
1614867185681 0.8316731863734466 249
1614867273912 0.8075226202942012 250
1614867361805 0.8151156725054913 251
1614867449721 0.8446837114484123 252
1614867537687 0.8391803011213746 253
1614867625617 0.7948674008577734 254
1614867713480 0.8332065842794568 255
1614867801470 0.810973327099863 256
1614867892746 0.8109790428160605 257
1614867980966 0.7970075094271251 258
1614868069002 0.8340611908998754 259
1614868157276 0.8143810840177067 260
1614868245563 0.8187118409142626 261
1614868333556 0.8113970204015796 262
1614868421426 0.8133022562911113 263
1614868509404 0.8377824945618277 264
1614868597493 0.818643475957643 265
1614868685901 0.8251924874342006 266
1614868773911 0.8297578545080291 267
1614868861845 0.8232452647922479 268
1614868949611 0.8259111895810726 269
1614869037613 0.8365193221760893 270
1614869125491 0.8080028923903848 271
1614869213586 0.8005904748910264 272
1614869301382 0.8340474799275398 273
1614869389190 0.8109880375911246 274
1614869477242 0.8402642372709054 275
1614869565589 0.765451727389439 276
1614869653474 0.8269501417859594 277
1614869741294 0.8005915429819835 278
1614869829238 0.8057744195786022 279
1614869917409 0.8310077618186672 280
1614870005627 0.8409731843405299 281
1614870094195 0.839415664602395 282
1614870181859 0.8494859045350004 283
1614870269755 0.8070779497502372 284
1614870357888 0.8011149354279041 285
1614870445915 0.8074125350986638 286
1614870533933 0.8217621989712246 287
1614870622325 0.8082081428832478 288
1614870710320 0.8240435598111087 289
1614870798385 0.8365659378059618 290
1614870886373 0.7986231006115027 291
1614870974210 0.7883729503800472 292
1614871062143 0.8344575450121258 293
1614871150190 0.8037268410126368 294
1614871238459 0.8266177058059682 295
1614871326286 0.7965916586310967 296
1614871414189 0.8263285471063652 297
1614871502128 0.8419988748062862 298
1614871590100 0.8234204725761499 299
1614871678228 0.8112396150008663 300
1614871766397 0.8178793326749102 301
1614871854177 0.7857539030154133 302
1614871942011 0.8489902405576273 303
1614872029815 0.8173646440014838 304
1614872117654 0.8061803167501649 305
1614872205302 0.8166840870318741 306
1614872293425 0.8016984726144053 307
1614872381357 0.8203533100230354 308
1614872469214 0.7843650715340945 309
1614872557114 0.8324619468178723 310
1614872645319 0.8100703388614499 311
1614872734206 0.8364265601596107 312
1614872821904 0.8164666368720237 313
1614872910180 0.8324932952721914 314
1614872998107 0.8153492147025342 315
1614873086172 0.8228951264172792 316
1614873173925 0.8473888417085012 317
1614873261981 0.8205919362720052 318
1614873350171 0.8055255486371202 319
1614873438106 0.8231342763043521 320
1614873525993 0.832040189238994 321
1614873613970 0.8307511285548249 322
1614873702214 0.8113491739508593 323
1614873790154 0.8311589546501637 324
1614873878393 0.80060273554662 325
1614873966371 0.8079508403109179 326
1614874054092 0.8424036720428955 327
1614874142141 0.8322345347690355 328
1614874230024 0.8162522929032212 329
1614874317964 0.8283056687103229 330
1614874405878 0.8326937074182175 331
1614874493849 0.8125686270807441 332
1614874581754 0.8469918517621009 333
1614874669590 0.8230949647310707 334
1614874757332 0.791770917374552 335
1614874845170 0.8497485952451825 336
1614874933020 0.8372192769414849 337
1614875021088 0.8434031989711982 338
1614875110030 0.8328406636913618 339
1614875198493 0.8475805731283294 340
1614875286785 0.8554426797976097 341
1614875374704 0.861931072312525 342
1614875463062 0.8088750725632513 343
1614875551046 0.8429824465057916 344
1614875639183 0.8159814757831757 345
1614875727280 0.818733408402365 346
1614875815266 0.8075708231305355 347
1614875903476 0.8341340250178669 348
1614875991716 0.8194180218396587 349
1614876079686 0.8609112171663178 350
1614876167691 0.824965045429193 351
1614876255648 0.7875564846934544 352
1614876343743 0.8441653754031803 353
1614876431679 0.809103622070878 354
1614876519877 0.7977701871331488 355
1614876607754 0.8147069029719307 356
1614876695743 0.8264257055189874 357
1614876783708 0.8617626819971271 358
1614876871673 0.8575882315635681 359
1614876959680 0.8172017311738743 360
1614877047613 0.8457048825358832 361
1614877135411 0.8262164326257665 362
1614877223501 0.8518974108864432 363
1614877311602 0.8248188004998321 364
1614877399589 0.8266134829065956 365
1614877487701 0.828552694618702 366
1614877575739 0.81495583409004 367
1614877663847 0.7879288188286719 368
1614877751707 0.8345976301034997 369
1614877839660 0.8206652776855562 370
1614877927575 0.836047566453503 371
1614878015559 0.8530138117376338 372
1614878103510 0.8222638320720844 373
1614878191494 0.8276357224600001 374
1614878279284 0.8492946601694539 375
1614878367319 0.8477674068494158 376
1614878455537 0.8101981988580959 377
1614878543505 0.8301736633190987 378
1614878631242 0.8464507843519367 379
1614878719531 0.8363120384350583 380
1614878807380 0.8343506915088015 381
1614878895211 0.8393326791210307 382
1614878983167 0.8343643963664442 383
1614879071066 0.8386357127947526 384
1614879159148 0.8127112574065509 385
1614879247025 0.8242687993889881 386
1614879335020 0.7952569247533877 387
1614879423057 0.8527630528982948 388
1614879511113 0.8410108472932026 389
1614879599175 0.8110318788757889 390
1614879687304 0.8237558955347145 391
1614879775220 0.831446243369061 392
1614879863263 0.8369080636766739 393
1614879951195 0.8106872770521376 394
1614880039045 0.790838486525238 395
1614880127310 0.8337396998768267 396
1614880215361 0.8248507620724426 397
1614880303308 0.8637476228177547 398
1614880391181 0.8254852530856928 399
1614880479219 0.8507762799741944 400
1614880567230 0.8113697854761075 401
1614880655249 0.8614874019033529 402
1614880743297 0.8549807979828782 403
1614880831377 0.8294461360606162 404
1614880919229 0.834402546221746 405
1614881007019 0.8428934833055801 406
1614881095004 0.7987668227111355 407
1614881183007 0.8208668956187625 408
1614881271047 0.8054072749539373 409
1614881358904 0.8438541010850006 410
1614881446886 0.8344043078985843 411
1614881534872 0.7950242779084614 412
1614881622943 0.8510249940739884 413
1614881710862 0.8269439043436685 414
1614881798705 0.8357346655612581 415
1614881886721 0.8579080204552646 416
1614881974687 0.8595253527983204 417
1614882062267 0.832060860686524 418
1614882150435 0.831606584870153 419
1614882238646 0.8173269328143862 420
1614882326602 0.8416697452465693 421
1614882414666 0.8277152676264652 422
1614882502687 0.8461166392597887 423
1614882590760 0.8378584542252282 424
1614882678462 0.8513342081780799 425
1614882766273 0.8523414850827645 426
1614882854291 0.8616329972510752 427
1614882942522 0.8505394318438549 428
1614883030760 0.8157883429707125 429
1614883119008 0.8491175928979777 430
1614883206898 0.8350539839064534 431
1614883294742 0.8578699573539617 432
1614883382703 0.7998361088586657 433
1614883470864 0.8307828456568329 434
1614883558956 0.8224742236830618 435
1614883647075 0.8146284336454412 436
1614883735342 0.8431465233142457 437
1614883823318 0.8570958681573922 438
1614883911342 0.8632982617451085 439
1614883999744 0.8324449130913391 440
1614884087796 0.8531497315733984 441
1614884175961 0.8537462765581152 442
1614884264021 0.829080115112486 443
1614884351858 0.8548981206015099 444
1614884439932 0.8359911075482765 445
1614884527775 0.827904527129113 446
1614884615963 0.8558564676592747 447
1614884703896 0.8450456003348032 448
1614884791806 0.8042614104590197 449
1614884879854 0.8334007601389725 450
1614884968110 0.8394293805626645 451
1614885056034 0.8550870411851433 452
1614885144200 0.8107950362448011 453
1614885232094 0.8435537589120341 454
1614885320266 0.8307438779915317 455
1614885408250 0.8290168084204197 456
1614885496270 0.8427116057866222 457
1614885584351 0.8623164393111236 458
1614885672482 0.8446254254714853 459
1614885760803 0.8770441932062949 460
1614885848745 0.8444540712695855 461
1614885936620 0.8377313307102989 462
1614886024663 0.8496902860449941 463
1614886112683 0.8481975656680085 464
1614886200446 0.8575997655646185 465
1614886288685 0.8288499145553663 466
1614886376671 0.8388356690878397 467
1614886464736 0.8227318627657471 468
1614886552746 0.8569091500957375 469
1614886640892 0.8552368522204202 470
1614886728964 0.8388699451056512 471
1614886816800 0.8471635635728123 472
1614886904911 0.8389378575460718 473
1614886992873 0.8583303564651446 474
1614887080911 0.8382574965556463 475
1614887168916 0.834281075446085 476
1614887256986 0.8400132545994388 477
1614887345091 0.86164463830463 478
1614887432987 0.831750245185362 479
1614887521032 0.858758898636142 480
1614887609103 0.8454108022121111 481
1614887697092 0.8367459975596931 482
1614887785110 0.8488823936685271 483
1614887873065 0.8437060134654696 484
1614887961215 0.865706828787275 485
1614888049190 0.8593196632821908 486
1614888137338 0.8707710474729538 487
1614888225396 0.8549241080880166 488
1614888313288 0.8400680376933172 489
1614888401285 0.8649866144633156 490
1614888489632 0.8580545295070816 491
1614888577663 0.8397127052303404 492
1614888665511 0.8590440669480492 493
1614888753622 0.8684292731703156 494
1614888841516 0.8694473866905484 495
1614888929574 0.8473630127507251 496
1614889017488 0.87491272542287 497
1614889105482 0.8389440636344991 498
1614889193314 0.8072841805829243 499
