1614845268301 0.5619696977924793 0
1614845356263 0.5156397987553414 1
1614845444286 0.4821283741200224 2
1614845532140 0.47445880700933174 3
1614845620103 0.5030155305532699 4
1614845708069 0.4861257329900214 5
1614845796142 0.4752297360212245 6
1614845884197 0.4479568125085628 7
1614845972396 0.45087404961281635 8
1614846060521 0.43486035948104046 9
1614846148936 0.4843023362311911 10
1614846237118 0.43804544083615565 11
1614846325333 0.42443763765882936 12
1614846413779 0.45809019214295327 13
1614846501945 0.4781897036319083 14
1614846590215 0.45776106987861875 15
1614846678494 0.4229247566867382 16
1614846766936 0.4432933343217728 17
1614846854809 0.413622573652166 18
1614846942833 0.46164385784179607 19
1614847031098 0.42387130539467993 20
1614847119126 0.42379437608921783 21
1614847207480 0.4421054869890213 22
1614847295837 0.4159640866391202 23
1614847383758 0.43563502234347323 24
1614847471726 0.45354243732513266 25
1614847559691 0.4538495459772171 26
1614847647790 0.47054828101016105 27
1614847736122 0.4501600943981333 28
1614847824696 0.44415837098309335 29
1614847912911 0.46686407733470836 30
1614848000957 0.429931695791001 31
1614848088902 0.4275995030048046 32
1614848177091 0.39046889099668947 33
1614848265252 0.4575194649873896 34
1614848353436 0.4763873685547646 35
1614848441419 0.4658839799305226 36
1614848529942 0.4465776185723061 37
1614848617981 0.4084646911063093 38
1614848705931 0.4084528148808378 39
1614848794282 0.3994503157570007 40
1614848882752 0.4151652753353119 41
1614848970722 0.4211134572929524 42
1614849058740 0.4187108915536962 43
1614849147026 0.42569939697042425 44
1614849235356 0.42172980720692493 45
1614849323387 0.4584347212568243 46
1614849411440 0.40885880494371374 47
1614849499471 0.42081199824175936 48
1614849587565 0.4072664185090268 49
1614849676030 0.4403129048804019 50
1614849764275 0.4004110082032833 51
1614849852326 0.42006035656371016 52
1614849940512 0.40564698995427884 53
1614850028775 0.42578366271992946 54
1614850117301 0.4207348620637934 55
1614850205165 0.4170793632560588 56
1614850293234 0.4154427801357939 57
1614850381225 0.42813268145348166 58
1614850469160 0.4078168193710611 59
1614850557054 0.44528644500260656 60
1614850644919 0.4359292942792811 61
1614850732723 0.4040905314874142 62
1614850820761 0.3961433539999292 63
1614850908592 0.44788947210032887 64
1614850996263 0.4154898806455288 65
1614851084167 0.4116880107433238 66
1614851172133 0.4327367046412001 67
1614851260139 0.4064546328909854 68
1614851348038 0.4133402486430838 69
1614851436031 0.4164226575100676 70
1614851523907 0.4209781209839151 71
1614851611967 0.3835536758316324 72
1614851700287 0.4222072255104146 73
1614851788245 0.4135983881164104 74
1614851876054 0.42440757948033353 75
1614851964019 0.44150692811037634 76
1614852052281 0.46657898831874767 77
1614852140533 0.4326848512951364 78
1614852228594 0.42845525862054623 79
1614852316744 0.40707829879953505 80
1614852404925 0.4297333191683952 81
1614852492907 0.39131407344594915 82
1614852580683 0.42046394484474303 83
1614852668661 0.4209215744061673 84
1614852756595 0.4063981088235023 85
1614852844504 0.41514068096876144 86
1614852932344 0.4265463586817396 87
1614853019475 0.4320554447934983 88
1614853107366 0.4238676011879393 89
1614853195222 0.42271498115138806 90
1614853283622 0.41633367364076856 91
1614853371809 0.4013078941943798 92
1614853459876 0.44030860637096647 93
1614853548080 0.4124462363567758 94
1614853635977 0.4005839024135407 95
1614853723725 0.43198666293570337 96
1614853811615 0.42753008420163013 97
1614853899675 0.4186921370156268 98
1614853987665 0.3974156733205978 99
1614854075984 0.4383275163300494 100
1614854163958 0.41114946930332386 101
1614854251905 0.4153973220827732 102
1614854339787 0.41378696310393354 103
1614854428092 0.42088963455976325 104
1614854516089 0.4154183622053329 105
1614854604125 0.4131493278323336 106
1614854692148 0.39521232786330773 107
1614854779896 0.401362067841469 108
1614854868142 0.39003196517203714 109
1614854957312 0.4164914415871843 110
1614855046933 0.4245467052814808 111
1614855134830 0.4522095403455673 112
1614855222627 0.39651650729331567 113
1614855310564 0.3939731799541636 114
1614855398431 0.42588144841980424 115
1614855486480 0.42932593172534983 116
1614855574353 0.3961518481373787 117
1614855662347 0.40966763886365487 118
1614855750145 0.411080667947201 119
1614855838110 0.39650207884768224 120
1614855926132 0.3908559878138786 121
1614856014009 0.397838035320982 122
1614856101873 0.40002491119060113 123
1614856189672 0.40467355891745144 124
1614856277399 0.41274059611432096 125
1614856365348 0.4174216459406183 126
1614856453429 0.3931337363542394 127
1614856541244 0.386487234146037 128
1614856629019 0.38044780270850403 129
1614856717261 0.40685648788163004 130
1614856805239 0.41720471229959044 131
1614856893171 0.3802603982547496 132
1614856981193 0.39576593707216545 133
1614857069096 0.3917491461368317 134
1614857157020 0.4136431416932573 135
1614857244859 0.39778412735842644 136
1614857332712 0.424102377384267 137
1614857420815 0.43194908601172427 138
1614857508531 0.42564217175575014 139
1614857596698 0.41296608238778215 140
1614857684593 0.38364841234176716 141
1614857772531 0.38497217395838274 142
1614857860570 0.39305340704765723 143
1614857948268 0.3921246701415549 144
1614858036166 0.3959959155701576 145
1614858123944 0.40937219465032537 146
1614858211889 0.411246102858097 147
1614858299734 0.4063632434352915 148
1614858387641 0.40341949764084306 149
1614858475885 0.4009716160436894 150
1614858563892 0.4162275047695383 151
1614858651783 0.389397531747818 152
1614858739915 0.39316154968865374 153
1614858827861 0.3927831568933548 154
1614858915589 0.396005446606494 155
1614859003590 0.4071580085982668 156
1614859091529 0.4016038710449604 157
1614859179426 0.41768818332793867 158
1614859267372 0.4178751741952084 159
1614859355460 0.390044167796348 160
1614859443381 0.4298724800031236 161
1614859531240 0.39053430011931883 162
1614859619198 0.40572190443251993 163
1614859707112 0.40794703538747545 164
1614859795194 0.36551120338287757 165
1614859883130 0.3904249094268109 166
1614859971185 0.4269036319344602 167
1614860058986 0.4107292573502723 168
1614860147020 0.4077199115715128 169
1614860235005 0.377173605434438 170
1614860322922 0.4214424148518988 171
1614860410707 0.3839546007678864 172
1614860498384 0.41139396723914656 173
1614860586227 0.40945176859485344 174
1614860674050 0.39503205868792024 175
1614860762090 0.3925632897843706 176
1614860849956 0.4143821582832235 177
1614860938051 0.3829211416713735 178
1614861025948 0.414848711103835 179
1614861113907 0.40237880450613955 180
1614861201804 0.39385168888467426 181
1614861289605 0.41550216332395024 182
1614861377412 0.4401747864928651 183
1614861465399 0.4033796558988855 184
1614861553235 0.3873568793877642 185
1614861641302 0.3925944999494451 186
1614861729113 0.39860227719900454 187
1614861817043 0.407593790045444 188
1614861905042 0.4106986367322029 189
1614861993270 0.3882819685213109 190
1614862081434 0.4244394175549771 191
1614862169440 0.38817557819346166 192
1614862257478 0.3997778130021501 193
1614862345684 0.3934314767730997 194
1614862433642 0.3799805777504089 195
1614862521684 0.38549150431409795 196
1614862609669 0.38501468649569975 197
1614862697597 0.3908621605406416 198
1614862785490 0.39821211090113257 199
1614862873645 0.3816436396000233 200
1614862961441 0.4113372103013891 201
1614863049197 0.3987759440503222 202
1614863136942 0.40644471997276266 203
1614863224802 0.38022393780819913 204
1614863312545 0.37426219436716524 205
1614863400812 0.3795909241158911 206
1614863488882 0.3841901586410847 207
1614863576825 0.42128799078946416 208
1614863664645 0.4038892429559789 209
1614863752986 0.38997798143549167 210
1614863840952 0.37551843755422754 211
1614863928851 0.39261104816451986 212
1614864016933 0.3743490408709709 213
1614864104948 0.3808640233696775 214
1614864192875 0.3881502557308116 215
1614864280937 0.3903708526111664 216
1614864369226 0.3896410121245587 217
1614864457257 0.38468098291691316 218
1614864545502 0.3659925389480084 219
1614864633542 0.38362212463262235 220
1614864721571 0.39394016040766494 221
1614864809606 0.38993137773681197 222
1614864897557 0.38927256220832784 223
1614864985388 0.3898103191180432 224
1614865073283 0.41609101742506027 225
1614865161230 0.38745547609126313 226
1614865249423 0.3906436963601315 227
1614865337909 0.40396237167272164 228
1614865425749 0.36692204009345236 229
1614865513735 0.4017494666449567 230
1614865601590 0.3957143035974908 231
1614865689470 0.4305746130486752 232
1614865777348 0.3650680269966734 233
1614865865322 0.37216196779875044 234
1614865953323 0.3855600637641359 235
1614866041268 0.39087489643629564 236
1614866129496 0.3851898808745628 237
1614866217454 0.4083301039769294 238
1614866305445 0.3861412314024377 239
1614866393488 0.40814444945847733 240
1614866481330 0.39590407432393826 241
1614866569779 0.3688463256397146 242
1614866657667 0.42527686836237605 243
1614866745698 0.4154338337322499 244
1614866833631 0.3797569306606942 245
1614866921754 0.39877765815942845 246
1614867009792 0.3862775129840729 247
1614867097678 0.3956990395771696 248
1614867185679 0.37998869317643186 249
1614867273910 0.3926759268692199 250
1614867361802 0.3872882945740477 251
1614867449719 0.3649832496934749 252
1614867537685 0.3689177023603561 253
1614867625614 0.40277870284750106 254
1614867713477 0.37305184834180993 255
1614867801440 0.38752979816908534 256
1614867892744 0.3822644516191584 257
1614867980963 0.4030680732524141 258
1614868069000 0.3717838081907719 259
1614868157274 0.3870312049984932 260
1614868245561 0.3829055997602483 261
1614868333553 0.3926088003085015 262
1614868421423 0.38893997050980306 263
1614868509402 0.36921280352993213 264
1614868597491 0.37997945461501464 265
1614868685899 0.3843554454915067 266
1614868773908 0.3793820107870914 267
1614868861843 0.38270923273360474 268
1614868949608 0.3769927960126958 269
1614869037610 0.36923273351598296 270
1614869125489 0.39589428109057406 271
1614869213584 0.3946705021439715 272
1614869301380 0.37344217427233434 273
1614869389188 0.39202664142593424 274
1614869477240 0.36858789131362385 275
1614869565587 0.4251593291125399 276
1614869653471 0.37755887479858197 277
1614869741292 0.3963099792599678 278
1614869829235 0.39493450617536585 279
1614869917407 0.3717676225177785 280
1614870005625 0.3722091063540033 281
1614870094193 0.3700436556592901 282
1614870181857 0.35745000855085696 283
1614870269753 0.3965041386954328 284
1614870357885 0.39600122593184733 285
1614870445913 0.3905065176968879 286
1614870533931 0.381374457890683 287
1614870622323 0.3921076820251789 288
1614870710317 0.3787691629630454 289
1614870798382 0.3692242614132293 290
1614870886370 0.40326832393382456 291
1614870974208 0.40122221441979106 292
1614871062140 0.37242603555638737 293
1614871150187 0.3928051472027251 294
1614871238457 0.3813628373627967 295
1614871326284 0.4006172103133607 296
1614871414187 0.37663530368120113 297
1614871502126 0.3694970192427331 298
1614871590097 0.38154644883693534 299
1614871678225 0.38989947577740286 300
1614871766395 0.38603131758405806 301
1614871854175 0.41167714113884785 302
1614871942009 0.3633100520423118 303
1614872029813 0.3875199939976347 304
1614872117651 0.3951682058420587 305
1614872205300 0.38347921837517557 306
1614872293422 0.39935381758086225 307
1614872381354 0.38588024390504716 308
1614872469212 0.4054991533147528 309
1614872557111 0.37837438538987583 310
1614872645317 0.3947910060907932 311
1614872734204 0.372715396132875 312
1614872821902 0.38430887904572997 313
1614872910178 0.3748381768769406 314
1614872998104 0.38709833171773467 315
1614873086170 0.38760174367022004 316
1614873173923 0.3620918310703115 317
1614873261978 0.38717971599482476 318
1614873350169 0.3938104805160076 319
1614873438104 0.3822651017219462 320
1614873525991 0.37962036659108833 321
1614873613968 0.3813315404856459 322
1614873702212 0.39139289852786574 323
1614873790151 0.3763499307505628 324
1614873878391 0.40048886867279704 325
1614873966368 0.39531024244237456 326
1614874054090 0.3638716864776104 327
1614874142138 0.3789537206609198 328
1614874230021 0.3870928054477306 329
1614874317961 0.3788271960108838 330
1614874405876 0.37700865275048195 331
1614874493847 0.3881423516159362 332
1614874581752 0.3614920120924077 333
1614874669588 0.38380254567303557 334
1614874757329 0.3947261383241795 335
1614874845168 0.36178631652542886 336
1614874933018 0.36981361311800937 337
1614875021085 0.3696476923341447 338
1614875110027 0.3752056705824872 339
1614875198491 0.3634552316779786 340
1614875286783 0.35932671389681226 341
1614875374702 0.350941556248259 342
1614875463060 0.3944863461433573 343
1614875551043 0.36700094554652557 344
1614875639181 0.38841394826452785 345
1614875727278 0.3859933429258935 346
1614875815264 0.3944368310114171 347
1614875903473 0.3695625049319673 348
1614875991714 0.3877749875821966 349
1614876079684 0.3518061728236523 350
1614876167688 0.3819760172925097 351
1614876255645 0.40814484877789275 352
1614876343740 0.3630807975188215 353
1614876431677 0.3925941927318877 354
1614876519874 0.3948126105552024 355
1614876607751 0.3833807404053972 356
1614876695740 0.3776856819365887 357
1614876783706 0.3553631659200851 358
1614876871671 0.3613333152012622 359
1614876959678 0.38692693000144146 360
1614877047610 0.3705548093991077 361
1614877135409 0.3780868980795779 362
1614877223498 0.3631318081566628 363
1614877311600 0.37967978069122804 364
1614877399586 0.38067199892186104 365
1614877487699 0.3813827332664043 366
1614877575736 0.38956677152755415 367
1614877663845 0.4071692825948938 368
1614877751705 0.3702026453424007 369
1614877839658 0.3811546403993952 370
1614877927573 0.3674903603944373 371
1614878015556 0.35846400371891385 372
1614878103508 0.3819582696924818 373
1614878191492 0.3813091334193311 374
1614878279282 0.3629159117315678 375
1614878367317 0.36876042837158163 376
1614878455534 0.3939294028789439 377
1614878543502 0.3813240537618069 378
1614878631239 0.3626529117848011 379
1614878719528 0.3741088271775144 380
1614878807377 0.3742803377991027 381
1614878895208 0.37096856391810357 382
1614878983164 0.37493259634109255 383
1614879071064 0.3696184456348419 384
1614879159145 0.3916243706294831 385
1614879247023 0.38101490967451257 386
1614879335018 0.40446482424406294 387
1614879423054 0.36074620517010386 388
1614879511110 0.37282447358395193 389
1614879599173 0.39435411419006106 390
1614879687301 0.38220125928204113 391
1614879775217 0.3789337271071495 392
1614879863260 0.37059256957566483 393
1614879951192 0.39225399050306764 394
1614880039042 0.4064367595822253 395
1614880127308 0.377673735802478 396
1614880215358 0.38039559538060047 397
1614880303306 0.3551806311341042 398
1614880391178 0.3854997880915378 399
1614880479216 0.36296085648714227 400
1614880567227 0.3928236221062376 401
1614880655246 0.3557088481301957 402
1614880743294 0.36058810939814184 403
1614880831374 0.3819163608107161 404
1614880919226 0.37589490286847377 405
1614881007016 0.36729118846198344 406
1614881095001 0.39699346080739445 407
1614881183004 0.38877882285321014 408
1614881271044 0.398002379593697 409
1614881358902 0.368146206470246 410
1614881446884 0.3764340714254278 411
1614881534869 0.40707019019000074 412
1614881622940 0.36552930940338907 413
1614881710860 0.3824882546954967 414
1614881798702 0.37279215455055237 415
1614881886719 0.3578109252960124 416
1614881974684 0.3609218759105561 417
1614882062265 0.3739840129905559 418
1614882150432 0.3774102009991382 419
1614882238643 0.3893490137254938 420
1614882326600 0.36575017489017325 421
1614882414662 0.3817603416899417 422
1614882502684 0.3682653859574744 423
1614882590758 0.37373986887805005 424
1614882678459 0.36364912352663403 425
1614882766270 0.3595472260358486 426
1614882854288 0.359446608798301 427
1614882942519 0.3609276509031336 428
1614883030758 0.3867101460061175 429
1614883119005 0.36473524950920266 430
1614883206895 0.37585364393097287 431
1614883294739 0.3573886991498318 432
1614883382700 0.3995471769507895 433
1614883470861 0.38072235596940873 434
1614883558953 0.38563057526629024 435
1614883647073 0.3893343205464647 436
1614883735339 0.36839406731280877 437
1614883823315 0.35675056770126873 438
1614883911339 0.3494863908024544 439
1614883999742 0.3724775899280893 440
1614884087793 0.36208907356287573 441
1614884175958 0.3606356715268277 442
1614884264018 0.38142986262732365 443
1614884351855 0.35921539825961946 444
1614884439929 0.37686492090529583 445
1614884527773 0.37933953597824627 446
1614884615961 0.3627965778429457 447
1614884703894 0.3681142269930941 448
1614884791804 0.39893270093709865 449
1614884879851 0.3781894012651545 450
1614884968108 0.3714129480909794 451
1614885056031 0.3577265620548674 452
1614885144197 0.38998586811283803 453
1614885232091 0.370337427296537 454
1614885320264 0.38049821476352974 455
1614885408247 0.3790104801350452 456
1614885496267 0.3699433023625232 457
1614885584348 0.3550657389011789 458
1614885672480 0.36835622454577305 459
1614885760801 0.3469319647931038 460
1614885848742 0.368942417838472 461
1614885936618 0.371104248502153 462
1614886024659 0.3650563912505799 463
1614886112681 0.3680914204488409 464
1614886200443 0.35739713891389524 465
1614886288682 0.38044959544501405 466
1614886376668 0.3736086644707842 467
1614886464733 0.3867628461820014 468
1614886552743 0.360983817501271 469
1614886640889 0.3583611438566066 470
1614886728961 0.37540160167090436 471
1614886816797 0.3609674661717516 472
1614886904908 0.37311574674033104 473
1614886992870 0.35952099539498067 474
1614887080909 0.37683349039326325 475
1614887168914 0.3739174067022953 476
1614887256983 0.37498128937279923 477
1614887345088 0.357077272014415 478
1614887432985 0.3784019276499748 479
1614887521029 0.3596630052049109 480
1614887609100 0.36828464935434624 481
1614887697090 0.3764987751207453 482
1614887785108 0.3679575893156072 483
1614887873063 0.3691627375305967 484
1614887961213 0.35462903500871457 485
1614888049187 0.3608686562548292 486
1614888137335 0.3498339068065298 487
1614888225393 0.3641397559896429 488
1614888313285 0.3749252473737331 489
1614888401282 0.35729539568753954 490
1614888489630 0.3585441464439352 491
1614888577660 0.37186766082936146 492
1614888665509 0.355056143028939 493
1614888753619 0.35167224943003755 494
1614888841514 0.3512242338124742 495
1614888929571 0.37103225037138515 496
1614889017484 0.34628617034313525 497
1614889105480 0.375363660461091 498
1614889193311 0.3952869641336989 499
