1615413217571 0.6275185706480494 0
1615413217573 0.6275185706480494 0
1615413280538 0.6792802099924451 1
1615413280540 0.6792802099924451 1
1615413343252 0.7050805183508211 2
1615413343254 0.7050805183508211 2
1615413406605 0.7282598120075289 3
1615413406607 0.7282598120075289 3
1615413469506 0.7501126256978259 4
1615413469508 0.7501126256978259 4
1615413531808 0.7561598449841146 5
1615413531810 0.7561598449841146 5
1615413594388 0.7641112282516705 6
1615413594389 0.7641112282516705 6
1615413656560 0.7711593608574033 7
1615413656562 0.7711593608574033 7
