1614956138178 0.4669350234288014 0
1614956226737 0.5422832930855512 1
1614956315080 0.5792970405209398 2
1614956403292 0.5922084495586803 3
1614956491461 0.6095767252146704 4
1614956579751 0.6262993325732914 5
1614956667911 0.6358904896913117 6
1614956756172 0.6425394563997886 7
1614956844428 0.6417309228289626 8
1614956932791 0.6458488586606195 9
1614957021281 0.6473188083639242 10
1614957109699 0.6493251632752257 11
1614957197879 0.6556681078251609 12
1614957286192 0.6589051421799603 13
1614957374434 0.6621030908375878 14
1614957462881 0.6632044522539902 15
1614957551264 0.665286195572203 16
1614957639567 0.6689788901037267 17
1614957727321 0.672636753056885 18
1614957815337 0.6728154201045636 19
1614957903623 0.6760504585840054 20
1614957991689 0.679114028284312 21
1614958079670 0.6801616283161401 22
1614958167584 0.6830930369850824 23
1614958255615 0.684597776176441 24
1614958343936 0.6859640506002715 25
1614958432056 0.6869858833127657 26
1614958520034 0.6891127896805661 27
1614958608001 0.6910940673954591 28
1614958695843 0.692233457008775 29
1614958784022 0.6930419988767931 30
1614958872217 0.6949474562446535 31
1614958960301 0.696843016281752 32
1614959048570 0.6986736753469337 33
1614959136553 0.7009237513975815 34
1614959224775 0.701466027512774 35
1614959312704 0.7022408910191186 36
1614959400860 0.7042802414319006 37
1614959488941 0.7056035850824572 38
1614959576989 0.7058337909204359 39
1614959665204 0.7062813835232193 40
1614959753255 0.7082620392170126 41
1614959841453 0.7088543336447833 42
1614959929541 0.7102752120983742 43
1614960017518 0.7117580576987979 44
1614960105534 0.71187812334962 45
1614960193784 0.7127628106536159 46
1614960282206 0.7129274352195186 47
1614960370376 0.7131206384351441 48
1614960458693 0.7140700680838195 49
1614960546811 0.7153859926545154 50
1614960634662 0.7163565300382745 51
1614960722649 0.7173213236594108 52
1614960810715 0.7178601400910521 53
1614960898765 0.7181869032469873 54
1614960986677 0.7183509098780734 55
1614961074816 0.7190269782490569 56
1614961163495 0.7198362859464174 57
1614961251777 0.7213017943859729 58
1614961340234 0.7216029437551988 59
1614961428584 0.721654605288051 60
1614961516588 0.7226199719488574 61
1614961604897 0.7231529202680437 62
1614961692965 0.7240426545232279 63
1614961781301 0.7242502613022742 64
1614961869390 0.7249527434098497 65
1614961957445 0.7253259940747334 66
1614962045361 0.7262879987584612 67
1614962133156 0.7262593255735355 68
1614962221139 0.726999455215589 69
1614962309237 0.7275595959499249 70
1614962397242 0.7285196718346063 71
1614962485466 0.7296285363359641 72
1614962573449 0.7303393468504542 73
1614962661471 0.7307635772642889 74
1614962749448 0.7312407606532588 75
1614962837422 0.7318151153492697 76
1614962925366 0.7322424550476935 77
1614963013348 0.7323126216011541 78
1614963101550 0.7327983356730513 79
1614963189708 0.7333457866318839 80
1614963277642 0.734086599249378 81
1614963365730 0.734105508620124 82
1614963453616 0.7350877364734769 83
1614963541870 0.7359120910449489 84
1614963629961 0.7362513917943605 85
1614963717931 0.7364864764506478 86
1614963805703 0.7369792424776858 87
1614963893768 0.7371592151349415 88
1614963981752 0.7373621961170923 89
1614964069896 0.7377559671565334 90
1614964158306 0.7384600314119895 91
1614964246311 0.7388347502341069 92
1614964334225 0.7390864994827876 93
1614964422089 0.739901641027976 94
1614964510108 0.7400793846897004 95
1614964598199 0.7403820937076846 96
1614964686067 0.7401244201347006 97
1614964773954 0.7404153133120744 98
1614964861772 0.7406016476767278 99
1614964950159 0.7409495582228041 100
1614965038017 0.7410869531463274 101
1614965125685 0.7413128937951218 102
1614965213623 0.7417050502574546 103
1614965301752 0.7420689241906541 104
1614965389806 0.7422618501290684 105
1614965477927 0.7429497930871665 106
1614965566143 0.743363182418799 107
1614965654157 0.7437134162484226 108
1614965742048 0.744194055246204 109
1614965830116 0.7449657935189701 110
1614965918152 0.7455218949666528 111
1614966006055 0.7460602128871763 112
1614966094138 0.7464704920889195 113
1614966182072 0.7469130885735253 114
1614966269923 0.7472806392476051 115
1614966357830 0.7478454077349591 116
1614966445981 0.7482258734535981 117
1614966533973 0.7487670620148811 118
1614966621985 0.7493422855528936 119
1614966710032 0.7495116308066241 120
1614966797960 0.749931526136826 121
1614966885962 0.7500624165565585 122
1614966974156 0.7502417513377031 123
1614967062229 0.7504423850818529 124
1614967150272 0.7508395497460454 125
1614967238076 0.7511301642001198 126
1614967325880 0.7512202170236388 127
1614967413829 0.7515667328312082 128
1614967501865 0.7516705618960288 129
1614967589914 0.752085890877548 130
1614967677940 0.7524714651025636 131
1614967765811 0.7528515857202613 132
1614967853849 0.7531202774986968 133
1614967941878 0.7533402358965322 134
1614968029783 0.7537121193226115 135
1614968117625 0.7536939285593663 136
1614968205582 0.7541160878266598 137
1614968293776 0.7542641113342521 138
1614968381656 0.7544279983629678 139
1614968469852 0.7547114924369266 140
1614968558059 0.7551361779514879 141
1614968646203 0.755290869335563 142
1614968734606 0.7557318966491309 143
1614968822341 0.7561598429092595 144
1614968910423 0.7563653894132125 145
1614968998430 0.7564652254488977 146
1614969086410 0.7565549807125922 147
1614969174473 0.7567538856612241 148
1614969262584 0.756860457110763 149
1614969350617 0.7569775349957587 150
1614969438695 0.7570022674084625 151
1614969526887 0.7571273077678446 152
1614969615101 0.7575410601454222 153
1614969703068 0.7577918549178609 154
1614969791060 0.75790631849578 155
1614969878911 0.7580411919891139 156
1614969966875 0.7583847049923479 157
1614970054952 0.7588229934289675 158
1614970142933 0.7592164711884606 159
1614970231114 0.7594529687754311 160
1614970318997 0.7595675239608759 161
1614970406838 0.7595362594698799 162
1614970494733 0.7599128531573909 163
1614970582801 0.7600593790457415 164
1614970671039 0.7604099997191175 165
1614970759147 0.7603663437780176 166
1614970847233 0.760562682497504 167
1614970935619 0.7605964884324578 168
1614971023656 0.7609322148677107 169
1614971111750 0.7610888737778181 170
1614971199772 0.7613677687920362 171
1614971287775 0.7618195476303817 172
1614971375629 0.762112475247615 173
1614971463544 0.7624747027750566 174
1614971551632 0.7626795729504543 175
1614971639661 0.7630925409943211 176
1614971727825 0.7634430348223394 177
1614971815705 0.7638517955422145 178
1614971903560 0.7641861176307805 179
1614971991807 0.7646121711658358 180
1614972079819 0.7649200840412608 181
1614972167977 0.7650350022034677 182
1614972255935 0.7652077695090627 183
1614972343927 0.7651851406315849 184
1614972431851 0.7654477651775607 185
1614972519835 0.7656574065837363 186
1614972607915 0.7658710698579743 187
1614972696065 0.7661824039690517 188
1614972784112 0.7663161344588177 189
1614972872357 0.7666166573426408 190
1614972960376 0.7668939742709675 191
1614973048494 0.7670864799733087 192
1614973136356 0.7671552291004292 193
1614973224273 0.7674065588892087 194
1614973312153 0.7677154066581261 195
1614973399934 0.7678282918373509 196
1614973487812 0.7680502448514933 197
1614973575913 0.7682815804143799 198
1614973663924 0.7685571750093101 199
1614973752184 0.7688028962074301 200
1614973840001 0.7689889939659048 201
1614973928010 0.7691397553204016 202
1614974015933 0.7693565084539552 203
1614974103830 0.7696356920424923 204
1614974191802 0.7697298349510144 205
1614974279602 0.7698724145684067 206
1614974367726 0.7701327224411115 207
1614974455797 0.7704163526463169 208
1614974543927 0.7706948587839736 209
1614974631864 0.7708839681758689 210
1614974720082 0.7709796076908971 211
1614974807873 0.7711690414715414 212
1614974896057 0.7713678278513506 213
1614974984161 0.7714140788004837 214
1614975072477 0.7716571917712547 215
1614975160553 0.7719003788219926 216
1614975248788 0.7720709384249929 217
1614975336708 0.7723742360964436 218
1614975424827 0.7726374735134849 219
1614975512876 0.7727964309655527 220
1614975600762 0.7730382303550726 221
1614975688800 0.7732074362308665 222
1614975776826 0.7733965570443548 223
1614975864683 0.7736530046220826 224
1614975952580 0.7738503588217116 225
1614976040460 0.7740086678758131 226
1614976128516 0.774168952780024 227
1614976216601 0.774380943407466 228
1614976304559 0.7745439556781393 229
1614976392640 0.7748257024103166 230
1614976480558 0.7751438326132446 231
1614976568422 0.7753474146765155 232
1614976656647 0.7755847451021108 233
1614976744615 0.7757300980339694 234
1614976832575 0.7760188202517398 235
1614976920566 0.7761642692806672 236
1614977008479 0.7762883049114481 237
1614977096486 0.7764909191427372 238
1614977184408 0.776730889588493 239
1614977272172 0.7770072759333474 240
1614977360139 0.7770449672767891 241
1614977448257 0.7771522685537656 242
1614977536369 0.7772789954493636 243
1614977624338 0.777466534929452 244
1614977712329 0.7776107080187264 245
1614977800373 0.7777928648210705 246
1614977888315 0.7780547162299191 247
1614977976319 0.7782623102401582 248
1614978064338 0.7784223523224527 249
1614978152420 0.77862317119589 250
1614978240367 0.7787482121115203 251
1614978328344 0.778879645991664 252
1614978416238 0.7791672684941083 253
1614978504260 0.7793314422670582 254
1614978592277 0.779524751188195 255
1614978680516 0.7796744815121589 256
1614978768765 0.779758435689682 257
1614978856728 0.7798880484339085 258
1614978947887 0.779929716642491 259
1614979036085 0.7800963874508239 260
1614979124122 0.7802916711499635 261
1614979212154 0.7804566270899992 262
1614979300202 0.7806468685142701 263
1614979388062 0.7808388689835124 264
1614979475987 0.7809974882119158 265
1614979564223 0.7812010756107717 266
1614979652086 0.7813945507509016 267
1614979739966 0.7815972656001133 268
1614979827867 0.7817824127977661 269
1614979916138 0.7819150113615146 270
1614980004006 0.7820259849262954 271
1614980091631 0.7822503112829019 272
1614980179586 0.7823505457492805 273
1614980267606 0.7825061682022287 274
1614980355609 0.7827173017350698 275
1614980443421 0.7829374969016566 276
1614980531386 0.7831365121460534 277
1614980619678 0.7832601859604839 278
1614980707611 0.783445105543364 279
1614980795540 0.7836780292177578 280
1614980883356 0.7836290937377385 281
1614980971379 0.783835458613744 282
1614981059112 0.7840345110844987 283
1614981146986 0.7842638499043338 284
1614981234831 0.7845159116917633 285
1614981322940 0.784620335887801 286
1614981410989 0.7849035059300298 287
1614981499009 0.784996347023275 288
1614981586949 0.7851794604432885 289
1614981675014 0.7853747516307469 290
1614981762966 0.785574595328193 291
1614981850893 0.7858268782240359 292
1614981938638 0.7859557921409501 293
1614982026541 0.7861682726100954 294
1614982114510 0.7863454789401318 295
1614982202336 0.7864294497234894 296
1614982290204 0.7865626111660251 297
1614982378007 0.7867057738889641 298
1614982465911 0.7868440070545099 299
1614982553853 0.7869398488028775 300
1614982641558 0.7870830607517819 301
1614982729475 0.787212898418544 302
1614982817607 0.7873519022291118 303
1614982905389 0.7874918342419438 304
1614982993398 0.7876174852550213 305
1614983081240 0.7877212579972883 306
1614983169248 0.7878640550466915 307
1614983257316 0.7879206297038814 308
1614983345319 0.7880930251485659 309
1614983433339 0.7883535540850403 310
1614983521107 0.7885569009788971 311
1614983609018 0.788634310463294 312
1614983696902 0.7888310453862775 313
1614983784805 0.7889145456035626 314
1614983872848 0.7890357229237507 315
1614983960784 0.789219236250049 316
1614984048699 0.7892105550521618 317
1614984136576 0.7893442137111979 318
1614984224723 0.7894057083895296 319
1614984312612 0.7896424268234445 320
1614984400523 0.7897948623256366 321
1614984488406 0.7898998384568046 322
1614984576281 0.7899659641543884 323
1614984665248 0.7901148735239101 324
1614984755103 0.7902040109159301 325
1614984843410 0.790395845731451 326
1614984931296 0.7904356003637811 327
1614985019173 0.7906325098657881 328
1614985106960 0.7908036498796739 329
1614985194963 0.7908842498107161 330
1614985282884 0.7910558364885278 331
1614985370791 0.7911404980735817 332
1614985458813 0.7912828964826177 333
1614985546571 0.791515722353105 334
1614985634793 0.7915785649074626 335
1614985722814 0.7916180039533056 336
1614985810611 0.7916823242832478 337
1614985898842 0.7918776321078497 338
1614985986691 0.7920631420624883 339
1614986074938 0.7922479734475617 340
1614986162804 0.7923695682234484 341
1614986251492 0.7924786799745278 342
1614986339364 0.7926300288717208 343
1614986427380 0.7926632666371802 344
1614986515469 0.7928639042898422 345
1614986603489 0.7930278705185188 346
1614986691619 0.7931159195903202 347
1614986779739 0.7932630939728565 348
1614986867713 0.7933387802393143 349
1614986956022 0.7934485023889799 350
1614987044068 0.7936324510014354 351
1614987132266 0.7937467881534996 352
1614987220085 0.7939053994069162 353
1614987308128 0.794022240077089 354
1614987396013 0.7940673555604316 355
1614987483879 0.7941973039772817 356
1614987571971 0.7943103643320056 357
1614987660014 0.7944338643967463 358
1614987748208 0.7945473604421321 359
1614987836182 0.7946618986722455 360
1614987923875 0.794864920330853 361
1614988011939 0.7950229137640374 362
1614988099772 0.7951540232955501 363
1614988187866 0.795267110249783 364
1614988275970 0.7953985764473632 365
1614988363755 0.7956164153081465 366
1614988451773 0.7956649337938045 367
1614988539659 0.7958414920024467 368
1614988627743 0.7959781063263909 369
1614988715905 0.7961559941227924 370
1614988803900 0.7963287444300184 371
1614988892322 0.7964549941759134 372
1614988980257 0.7965303144437017 373
1614989068197 0.7966888268033877 374
1614989156209 0.7967821316804443 375
1614989244078 0.7968677182484928 376
1614989332064 0.7969695038658309 377
1614989419896 0.7971483286004417 378
1614989507860 0.7971760965481575 379
1614989596099 0.7973389047507398 380
1614989683897 0.7974633309625333 381
1614989771801 0.7976499750465516 382
1614989859631 0.7977490978383398 383
1614989947520 0.7978290822973 384
1614990035353 0.7979054152221525 385
1614990123096 0.7980424948857459 386
1614990211338 0.7981485267089128 387
1614990299081 0.7981410048673325 388
1614990386999 0.7981783393892573 389
1614990475177 0.798373046542285 390
1614990563363 0.7984892659549596 391
1614990651328 0.7986101133603923 392
1614990739640 0.7988102385899126 393
1614990827538 0.7988765091458475 394
1614990915588 0.7989836369806756 395
1614991003839 0.7990745166890829 396
1614991096347 0.7992117960395722 397
1614991184404 0.7993435563254241 398
1614991272260 0.7994044720434449 399
1614991360516 0.7994854338829266 400
1614991448359 0.799603480592402 401
1614991536277 0.7996483668010334 402
1614991624054 0.799755230568863 403
1614991711911 0.7998433945527077 404
1614991800063 0.7999408096877743 405
1614991888194 0.8000159517893383 406
1614991976550 0.8001447676042553 407
1614992064689 0.8002840136181333 408
1614992152705 0.8003823268362846 409
1614992240615 0.8004283265808065 410
1614992328791 0.8005188069006398 411
1614992416909 0.8006086980699211 412
1614992504720 0.8008248747116451 413
1614992592776 0.8009244841466594 414
1614992680804 0.8010101435872907 415
1614992768822 0.8011484142732325 416
1614992856679 0.8013017282999457 417
1614992944634 0.8013928400715341 418
1614993032624 0.8014721902805174 419
1614993120860 0.8015598528756084 420
1614993208620 0.8016260800982783 421
1614993296506 0.8018119642419836 422
1614993384774 0.8018633527859844 423
1614993472821 0.80200283254677 424
1614993560671 0.8020603464429439 425
1614993648515 0.8021722064378983 426
1614993736536 0.8022976356633947 427
1614993824480 0.8024326084997501 428
1614993912352 0.8025127828145304 429
1614994000352 0.8025755445689516 430
1614994088186 0.8026738827748984 431
1614994176218 0.8027176214849469 432
1614994264105 0.802869186291125 433
1614994352286 0.8029820841728744 434
1614994440247 0.8031369585316218 435
1614994528271 0.8032724626349421 436
1614994616380 0.8034131612620411 437
1614994704257 0.8035185846257921 438
1614994792402 0.803660039048077 439
1614994880350 0.8037674550471541 440
1614994968488 0.8038994111268168 441
1614995056613 0.8040544982427378 442
1614995144707 0.8041721545017609 443
1614995232267 0.8043563435569362 444
1614995320164 0.8045375501797101 445
1614995407976 0.804581021157009 446
1614995495835 0.8047063913110669 447
1614995583598 0.8048152040663162 448
1614995671333 0.8048814411734647 449
1614995759312 0.8050243496145133 450
1614995847225 0.8051143085614713 451
1614995935137 0.8051683905920359 452
1614996023008 0.805224088597375 453
1614996111012 0.8052440756722014 454
1614996199062 0.805249926245868 455
1614996287031 0.8053812593766971 456
1614996374834 0.8054997087325747 457
1614996462744 0.8056020269899349 458
1614996550737 0.8056900761351191 459
1614996638879 0.8057872291561504 460
1614996726788 0.805959405342857 461
1614996814739 0.806070909950899 462
1614996902942 0.8062127312474785 463
1614996990801 0.8062973339731572 464
1614997078704 0.8064175394570396 465
1614997166752 0.8064970178219851 466
1614997254616 0.8066100559127805 467
1614997342827 0.8067184064807957 468
1614997430786 0.8068227181385922 469
1614997518789 0.806963749356735 470
1614997606836 0.8070652303620496 471
1614997694835 0.8072039107467665 472
1614997782725 0.8072837571720702 473
1614997870950 0.8074085971450137 474
1614997958720 0.8075388292709829 475
1614998046663 0.8076337257479628 476
1614998134285 0.8077516045658509 477
1614998222220 0.8079050481715659 478
1614998310034 0.8079819927187043 479
1614998398383 0.8081093944575102 480
1614998486382 0.8082529481425175 481
1614998574424 0.8083308010166728 482
1614998662634 0.8084792016666966 483
1614998750665 0.8085507927801401 484
1614998838587 0.8086485150593412 485
1614998926491 0.8088113680594486 486
1614999014430 0.8089599801649845 487
1614999102325 0.8090659648632011 488
1614999190378 0.8091527677444279 489
1614999278369 0.8092490096059631 490
1614999366250 0.8093816367965876 491
1614999454280 0.809485658833135 492
1614999541964 0.8096422256394323 493
1614999630189 0.8096709465109304 494
1614999717940 0.8098042497713733 495
1614999806194 0.809930229320251 496
1614999894180 0.8099930394724513 497
1614999981774 0.8100357793990374 498
1615000069666 0.8101249949740522 499
