1614956138176 0.5399202092530879 0
1614956226735 0.465815775017155 1
1614956315079 0.4307989249573954 2
1614956403289 0.4209299773136352 3
1614956491459 0.4053357769517188 4
1614956579750 0.3910772833074872 5
1614956667909 0.38258941888265696 6
1614956756170 0.37777238541302527 7
1614956844426 0.3785481861843144 8
1614956932789 0.3751990896827997 9
1614957021279 0.37327517641121 10
1614957109697 0.3721954448293921 11
1614957197878 0.36699947420928364 12
1614957286190 0.364406960503988 13
1614957374433 0.36221561177719575 14
1614957462880 0.3619637991935808 15
1614957551262 0.36088171105211764 16
1614957639565 0.35774761362630997 17
1614957727319 0.3543103793416953 18
1614957815335 0.35420494833762983 19
1614957903621 0.3518568168695273 20
1614957991687 0.34963202017145073 21
1614958079668 0.3487204138833985 22
1614958167582 0.34654433384260286 23
1614958255613 0.34564393452190345 24
1614958343935 0.3450199518102769 25
1614958432054 0.3443714972435724 26
1614958520031 0.3424645518674586 27
1614958607999 0.34098149200058214 28
1614958695841 0.34007903544086937 29
1614958784020 0.3398238274594162 30
1614958872215 0.3382652289397579 31
1614958960299 0.33704164701794365 32
1614959048568 0.33568658588573025 33
1614959136551 0.33397310612140096 34
1614959224773 0.3337095892453131 35
1614959312702 0.33341395696212744 36
1614959400858 0.3319204682160966 37
1614959488940 0.33103261624025443 38
1614959576987 0.3312455721952497 39
1614959665202 0.3311282240268042 40
1614959753253 0.3297064578747556 41
1614959841451 0.32960007402756497 42
1614959929539 0.3285356505289385 43
1614960017517 0.3274467244497709 44
1614960105532 0.3275681574528246 45
1614960193782 0.3270278566745866 46
1614960282204 0.32722680351089234 47
1614960370374 0.32731844895510015 48
1614960458691 0.3266618053504127 49
1614960546810 0.32572001770362535 50
1614960634660 0.3251569561626756 51
1614960722647 0.32453596100378634 52
1614960810713 0.32424199924172376 53
1614960898763 0.32434835662377176 54
1614960986675 0.32435952275170515 55
1614961074814 0.3239089740080791 56
1614961163493 0.3235128783960488 57
1614961251776 0.32238626780624513 58
1614961340231 0.3224276754648444 59
1614961428583 0.3225976161107831 60
1614961516586 0.3219434812744246 61
1614961604895 0.32164193294396354 62
1614961692963 0.32106124184545165 63
1614961781299 0.3211023569558236 64
1614961869388 0.32077601012190754 65
1614961957443 0.32057401622007026 66
1614962045359 0.3200480822131075 67
1614962133154 0.320147923554282 68
1614962221137 0.3196954045761773 69
1614962309235 0.31942010021514256 70
1614962397240 0.3189103091586971 71
1614962485465 0.31828418194366 72
1614962573447 0.31782169782627817 73
1614962661469 0.3177642107147274 74
1614962749446 0.3176071210341968 75
1614962837420 0.31733280882799314 76
1614962925364 0.3172242035129017 77
1614963013346 0.3173804031893181 78
1614963101548 0.3171872397468603 79
1614963189706 0.31698941069503195 80
1614963277640 0.31664320988726535 81
1614963365728 0.316909884503486 82
1614963453614 0.3163459890757016 83
1614963541868 0.31591755335635324 84
1614963629959 0.3158736903034242 85
1614963717929 0.315979662316007 86
1614963805701 0.31576403481003107 87
1614963893766 0.3158765305924609 88
1614963981750 0.3159877942351021 89
1614964069894 0.3159496533465157 90
1614964158304 0.3156121984024245 91
1614964246309 0.3155006492159727 92
1614964334223 0.31556334956677695 93
1614964422087 0.31509970761293254 94
1614964510106 0.3152154607447326 95
1614964598197 0.31516721663433983 96
1614964686065 0.3156158718297883 97
1614964773952 0.31563001991522427 98
1614964861770 0.31569164722999354 99
1614964950158 0.31562999873405406 100
1614965038015 0.3157220272519064 101
1614965125684 0.3157937309634116 102
1614965213621 0.3157347517374616 103
1614965301751 0.31566839441430605 104
1614965389804 0.3158105439713972 105
1614965477925 0.3154622514603104 106
1614965566141 0.3153208508996559 107
1614965654155 0.31529466691931407 108
1614965742046 0.3151853793464615 109
1614965830114 0.31478781195402783 110
1614965918150 0.3145375111363941 111
1614966006053 0.3143058499849868 112
1614966094136 0.3142205165304902 113
1614966182070 0.3141155323739078 114
1614966269921 0.3140584504749743 115
1614966357828 0.31386814056705137 116
1614966445979 0.3138279057018193 117
1614966533971 0.3136419450783269 118
1614966621983 0.3134425747928255 119
1614966710030 0.3135486281733531 120
1614966797958 0.3134169349135693 121
1614966885960 0.31357428273116805 122
1614966974154 0.313673240046337 123
1614967062227 0.31377651667721723 124
1614967150269 0.31369588874615106 125
1614967238074 0.313705557948242 126
1614967325879 0.3139438776514849 127
1614967413827 0.313949800154055 128
1614967501863 0.31415126194442733 129
1614967589912 0.31405270448027434 130
1614967677938 0.3140266627003633 131
1614967765809 0.3139553517115113 132
1614967853847 0.31399756340175694 133
1614967941876 0.31408001569850497 134
1614968029781 0.3140066491034305 135
1614968117623 0.31429922719224107 136
1614968205579 0.3141747251821545 137
1614968293774 0.3142946865823026 138
1614968381654 0.3143927911358763 139
1614968469850 0.3144440941632881 140
1614968558057 0.31435636686848273 141
1614968646201 0.314506698349343 142
1614968734604 0.3144357810886774 143
1614968822339 0.31434036655541464 144
1614968910421 0.31444458606351877 145
1614968998428 0.314645326137327 146
1614969086407 0.31485172559610547 147
1614969174471 0.31498079965489256 148
1614969262582 0.315191919541528 149
1614969350615 0.3154010806603802 150
1614969438693 0.31565578829826657 151
1614969526885 0.3157922612911652 152
1614969615099 0.3157599976357833 153
1614969703066 0.3158455732593654 154
1614969791058 0.3160034935866557 155
1614969878909 0.3161560521034597 156
1614969966873 0.31612950010105284 157
1614970054950 0.3160653854132688 158
1614970142931 0.3160418798007626 159
1614970231112 0.31616341425355776 160
1614970318995 0.31632336641930675 161
1614970406836 0.3166092907492742 162
1614970494731 0.31658479244340465 163
1614970582799 0.31676456773188866 164
1614970671037 0.31678701837596546 165
1614970759145 0.3170837672366308 166
1614970847231 0.31720809634820213 167
1614970935617 0.31748032494657186 168
1614971023654 0.31749924117132783 169
1614971111748 0.3176368703641331 170
1614971199770 0.31771346566694497 171
1614971287773 0.3176518583120697 172
1614971375627 0.31767816824565664 173
1614971463542 0.3177058266624129 174
1614971551630 0.3178527358328524 175
1614971639659 0.317844900072753 176
1614971727823 0.3178675410048531 177
1614971815702 0.3178370222458159 178
1614971903558 0.31786884253681696 179
1614971991805 0.3178222779593149 180
1614972079817 0.31787552679493686 181
1614972167975 0.3181037583343235 182
1614972255933 0.3182811859510943 183
1614972343925 0.31862719638841874 184
1614972431849 0.31872522990253177 185
1614972519833 0.31887340563456346 186
1614972607913 0.31902433755934484 187
1614972696063 0.3190982553969092 188
1614972784110 0.31930963671187407 189
1614972872356 0.31939370940652395 190
1614972960374 0.31948385454948786 191
1614973048492 0.31964009703142016 192
1614973136354 0.31990433774641747 193
1614973224270 0.32000861416910753 194
1614973312151 0.3200915046198002 195
1614973399932 0.3203144825464681 196
1614973487810 0.3204576186867791 197
1614973575911 0.32059438953128944 198
1614973663922 0.3207062942312753 199
1614973752182 0.32082798687509095 200
1614973839999 0.3210098203699326 201
1614973928007 0.3212032308806889 202
1614974015931 0.32135883116963315 203
1614974103828 0.3214743751500887 204
1614974191800 0.3217345357289051 205
1614974279600 0.3219346359421152 206
1614974367724 0.32207957336011483 207
1614974455795 0.3221924175253945 208
1614974543925 0.32231634193399167 209
1614974631862 0.32249288259584424 210
1614974720080 0.3227701452876649 211
1614974807871 0.32295014359962704 212
1614974896055 0.3231277592601669 213
1614974984159 0.32344847670187177 214
1614975072475 0.3235980747678591 215
1614975160551 0.32373778568694905 216
1614975248785 0.32397138279439686 217
1614975336706 0.3240777745214634 218
1614975424825 0.3242131794855087 219
1614975512873 0.32441765182792637 220
1614975600760 0.324566785373238 221
1614975688798 0.3247825445200514 222
1614975776824 0.3249937069084282 223
1614975864681 0.32513748734414455 224
1614975952578 0.3253407815137764 225
1614976040457 0.32558262619549666 226
1614976128514 0.32583070413660403 227
1614976216599 0.32602219372949 228
1614976304558 0.3262748145800737 229
1614976392638 0.3264012771523153 230
1614976480556 0.32651959880243564 231
1614976568420 0.32672096827799596 232
1614976656645 0.32688886084097446 233
1614976744613 0.32711920948617335 234
1614976832573 0.32725944316764954 235
1614976920564 0.3275062895335398 236
1614977008477 0.3277865614533564 237
1614977096484 0.32799378571389975 238
1614977184406 0.3281817460710065 239
1614977272170 0.32833470812690146 240
1614977360137 0.32865598369720583 241
1614977448255 0.32894441841853383 242
1614977536367 0.3292082458095224 243
1614977624335 0.32943906038934867 244
1614977712327 0.32969397093789476 245
1614977800370 0.32992915811978407 246
1614977888312 0.3301039892341495 247
1614977976317 0.3303031957757878 248
1614978064336 0.33057918666778735 249
1614978152417 0.33080726614001044 250
1614978240365 0.3311070526350254 251
1614978328342 0.33139331986373116 252
1614978416236 0.3315659530178739 253
1614978504258 0.33182369562726155 254
1614978592274 0.33206629755094336 255
1614978680513 0.33236131012212744 256
1614978768763 0.332691559711517 257
1614978856725 0.33300181960808384 258
1614978947884 0.33337320201708626 259
1614979036083 0.33365884556694625 260
1614979124120 0.333911625277242 261
1614979212152 0.334173090601033 262
1614979300199 0.3344225005842962 263
1614979388060 0.3346849492602634 264
1614979475985 0.33495058040869863 265
1614979564221 0.33520507134829053 266
1614979652084 0.33544982266817897 267
1614979739964 0.33570107061925364 268
1614979827865 0.33597723094671605 269
1614979916136 0.33628945094565066 270
1614980004004 0.33659550624821466 271
1614980091629 0.33683263206368586 272
1614980179583 0.3371613921077193 273
1614980267604 0.3374474843206673 274
1614980355607 0.33769850800577184 275
1614980443418 0.3379501473639031 276
1614980531384 0.33821694174267947 277
1614980619675 0.33855892768520185 278
1614980707609 0.33884604605633795 279
1614980795538 0.3390971598263141 280
1614980883354 0.3395392534166903 281
1614980971376 0.3398141866210538 282
1614981059110 0.3400944908531056 283
1614981146984 0.34035032077450145 284
1614981234829 0.34060599337035546 285
1614981322937 0.340959212778165 286
1614981410987 0.34118456899157634 287
1614981499007 0.34155212544979335 288
1614981586947 0.34184831579872466 289
1614981675011 0.34212495419884875 290
1614981762963 0.34241263749019824 291
1614981850890 0.34266741880631013 292
1614981938636 0.3430028514453179 293
1614982026538 0.3432877634568331 294
1614982114508 0.34360863818332354 295
1614982202334 0.3439690861099727 296
1614982290201 0.3443132355643241 297
1614982378004 0.34465452457518964 298
1614982465909 0.34501614174151674 299
1614982553851 0.34538344259810905 300
1614982641555 0.34571968375160456 301
1614982729473 0.3460777853233335 302
1614982817605 0.34643058713331554 303
1614982905387 0.3467999289660118 304
1614982993395 0.3471774410753261 305
1614983081238 0.3475627552995985 306
1614983169246 0.3479137444324662 307
1614983257314 0.3483323975556163 308
1614983345317 0.34868114218729446 309
1614983433338 0.3489609289930426 310
1614983521105 0.34929441842994874 311
1614983609016 0.34971303889547795 312
1614983696899 0.3500529985669417 313
1614983784803 0.3504734150529391 314
1614983872846 0.35086567215260284 315
1614983960782 0.3512244421651927 316
1614984048697 0.3516855462892068 317
1614984136574 0.3520705742284558 318
1614984224721 0.3525025329904314 319
1614984312610 0.352827001102044 320
1614984400521 0.35320900884094225 321
1614984488404 0.3536096375837297 322
1614984576278 0.35405066222811593 323
1614984665245 0.3544476000420786 324
1614984755101 0.35488496270264636 325
1614984843403 0.3552537402924063 326
1614984931294 0.35570081019920036 327
1614985019172 0.3560617705507751 328
1614985106957 0.3564366583393551 329
1614985194961 0.356880340365274 330
1614985282881 0.3572590441773203 331
1614985370789 0.35768987108780076 332
1614985458811 0.35810406239942266 333
1614985546569 0.3584523121448084 334
1614985634791 0.35891327556749203 335
1614985722812 0.35939603658942565 336
1614985810609 0.3598500070370003 337
1614985898840 0.3602185964136371 338
1614985986689 0.3606157290570914 339
1614986074936 0.3610282389510665 340
1614986162801 0.36146265417253987 341
1614986251490 0.361915794402873 342
1614986339362 0.3623399152565621 343
1614986427378 0.3628210412469905 344
1614986515466 0.3632269815951055 345
1614986603487 0.36364358019096765 346
1614986691616 0.364119230946091 347
1614986779736 0.36455868700788224 348
1614986867710 0.36503752510643667 349
1614986956020 0.3654953203496951 350
1614987044066 0.3659149714447451 351
1614987132264 0.3663829405011849 352
1614987220083 0.3668128602226411 353
1614987308126 0.3672838344196557 354
1614987396011 0.3677942015648338 355
1614987483877 0.36825329633385806 356
1614987571969 0.3687358836444249 357
1614987660012 0.36919149169719895 358
1614987748206 0.3696635476474257 359
1614987836179 0.3701374233713125 360
1614987923873 0.37056776128408914 361
1614988011937 0.3710154799258546 362
1614988099770 0.3714990831266149 363
1614988187864 0.37198938853198327 364
1614988275968 0.3724795062982396 365
1614988363753 0.37291112152669625 366
1614988451771 0.3734511328558718 367
1614988539656 0.3739003747180109 368
1614988627740 0.3744026479033337 369
1614988715902 0.37486585501388936 370
1614988803898 0.3753499149849195 371
1614988892320 0.3758583747916802 372
1614988980254 0.37639327229403613 373
1614989068195 0.3768922838594051 374
1614989156207 0.37743258902287863 375
1614989244076 0.377950791170937 376
1614989332062 0.37847101043347414 377
1614989419894 0.37895482531060926 378
1614989507858 0.37953725247899406 379
1614989596097 0.3800327512796297 380
1614989683895 0.3805264240182448 381
1614989771799 0.3810224539964182 382
1614989859629 0.38154581628933043 383
1614989947518 0.3820915007527839 384
1614990035351 0.3826327939611124 385
1614990123093 0.3831601634464326 386
1614990211336 0.3836975954665044 387
1614990299078 0.38430094698190637 388
1614990386997 0.3848837019935599 389
1614990475175 0.3853844350724139 390
1614990563361 0.3859299712212246 391
1614990651326 0.38647346116715764 392
1614990739638 0.3869743454299737 393
1614990827536 0.3875350582380517 394
1614990915586 0.3880928797491636 395
1614991003837 0.3886797044980634 396
1614991096345 0.3892381824640639 397
1614991184401 0.3897979413647623 398
1614991272257 0.3903981799961246 399
1614991360513 0.39098620981186744 400
1614991448357 0.3915476244815641 401
1614991536275 0.39214021635286206 402
1614991624052 0.39272322990502495 403
1614991711909 0.3933155030736248 404
1614991800061 0.393903061441828 405
1614991888191 0.39449857672380134 406
1614991976548 0.3950791746804558 407
1614992064687 0.3956355400023404 408
1614992152703 0.39623425004275953 409
1614992240613 0.3968677447218113 410
1614992328788 0.39745884380104973 411
1614992416906 0.39804228379025863 412
1614992504718 0.39860245508286074 413
1614992592774 0.39920459635951094 414
1614992680801 0.39981187435679455 415
1614992768820 0.40039299126889144 416
1614992856677 0.4009839134181024 417
1614992944632 0.4016022029215201 418
1614993032621 0.40222119567415693 419
1614993120857 0.4028426603035554 420
1614993208618 0.4034782786576289 421
1614993296504 0.40408323168279375 422
1614993384772 0.40473467348661646 423
1614993472818 0.4053388078852051 424
1614993560669 0.4059923152975055 425
1614993648512 0.40662806237361376 426
1614993736534 0.40726141102069774 427
1614993824478 0.4078777755167177 428
1614993912349 0.40853299189806863 429
1614994000350 0.4091974449648657 430
1614994088183 0.40985890079936965 431
1614994176216 0.41052667034127166 432
1614994264103 0.4111717894906382 433
1614994352284 0.41183307226442056 434
1614994440245 0.41246289392471847 435
1614994528269 0.4131118778899863 436
1614994616378 0.41376184451524156 437
1614994704254 0.4144379886017365 438
1614994792399 0.41509697598727624 439
1614994880347 0.41578538505877294 440
1614994968486 0.41646008008250524 441
1614995056611 0.41712456225316863 442
1614995144705 0.4178078308232372 443
1614995232265 0.418455819601067 444
1614995320161 0.4191232883684104 445
1614995407974 0.4198397050836736 446
1614995495833 0.4205326424465064 447
1614995583595 0.42122616022909964 448
1614995671331 0.42195081387463745 449
1614995759310 0.42262677199730475 450
1614995847223 0.4233350202667776 451
1614995935135 0.4240643012139975 452
1614996023006 0.4247833522771149 453
1614996111009 0.42552099155542134 454
1614996199060 0.42627296201952874 455
1614996287029 0.42698576809234234 456
1614996374832 0.4276992813071846 457
1614996462742 0.42843082415499745 458
1614996550735 0.42917841187644673 459
1614996638877 0.4299042594552083 460
1614996726786 0.43061006768571686 461
1614996814737 0.43135025589305087 462
1614996902939 0.43207196682597276 463
1614996990799 0.43283722843404654 464
1614997078702 0.4335826624594081 465
1614997166750 0.4343356620487257 466
1614997254614 0.4350656929613379 467
1614997342825 0.43582715402448835 468
1614997430784 0.4365895935576687 469
1614997518787 0.43735262754170845 470
1614997606834 0.4381346053897587 471
1614997694833 0.4388980001079119 472
1614997782722 0.43969445551970243 473
1614997870948 0.4404578429443838 474
1614997958718 0.4412383754685555 475
1614998046660 0.442018293967582 476
1614998134283 0.44281325531168486 477
1614998222218 0.44358757702481577 478
1614998310032 0.44438572220722244 479
1614998398381 0.44517450233777295 480
1614998486380 0.4459540630151626 481
1614998574422 0.4467611767800939 482
1614998662632 0.4475482448215604 483
1614998750663 0.4483727984053572 484
1614998838584 0.4492043167063681 485
1614998926488 0.4500305777929693 486
1614999014428 0.4508480647387828 487
1614999102323 0.4516706597840423 488
1614999190376 0.45250897825547154 489
1614999278367 0.45334405345082635 490
1614999366247 0.4541758103300993 491
1614999454278 0.45500401030819315 492
1614999541962 0.4558261073124568 493
1614999630186 0.45669832325080323 494
1614999717938 0.457535261559628 495
1614999806192 0.45839304333380715 496
1614999894178 0.4592667965505389 497
1614999981771 0.4601493914013721 498
1615000069664 0.46102434143899595 499
