1614956138172 0.5399202092530879 0
1614956226732 0.391711340781222 1
1614956315075 0.3607652248378764 2
1614956403286 0.39132313438235444 3
1614956491455 0.3429589755040534 4
1614956579746 0.3197848150863292 5
1614956667905 0.33166223233367537 6
1614956756166 0.34405315112560353 7
1614956844423 0.3847545923546274 8
1614956932784 0.34505722116916737 9
1614957021276 0.3540360436953129 10
1614957109694 0.36031839742939525 11
1614957197874 0.3046478267679823 12
1614957286187 0.33070428233514443 13
1614957374429 0.33153672960210356 14
1614957462876 0.35818661043935635 15
1614957551258 0.3435683007887069 16
1614957639560 0.30446795738757926 17
1614957727315 0.29244016221863156 18
1614957815330 0.3522017592603856 19
1614957903616 0.3048941875074772 20
1614957991683 0.30291128951184293 21
1614958079664 0.3286650755462494 22
1614958167578 0.2964944929043029 23
1614958255609 0.324034350825117 24
1614958343931 0.32942038401961327 25
1614958432050 0.32751167850925567 26
1614958520027 0.2909770267123872 27
1614958607995 0.2994558157280405 28
1614958695837 0.3139077952091998 29
1614958784016 0.33216758801582014 30
1614958872211 0.2899486748303505 31
1614958960295 0.29788702551988844 32
1614959048563 0.29096956852268663 33
1614959136547 0.27571479413420596 34
1614959224769 0.3244864985822363 35
1614959312697 0.3227711947674447 36
1614959400854 0.2766613846129559 37
1614959488935 0.2972942411582521 38
1614959576983 0.33955085444006516 39
1614959665198 0.326434297288986 40
1614959753249 0.2714140456407628 41
1614959841447 0.32513195244555776 42
1614959929534 0.28276544008800325 43
1614960017513 0.2795339769663963 44
1614960105528 0.3330326425902387 45
1614960193777 0.30217402087564166 46
1614960282200 0.33657730481726056 47
1614960370369 0.3317174302770736 48
1614960458687 0.2944862687207283 49
1614960546806 0.2786306353642585 50
1614960634657 0.29644081757423724 51
1614960722642 0.29224421274154744 52
1614960810709 0.30866202585240626 53
1614960898760 0.330091655254364 54
1614960986670 0.3249736597880404 55
1614961074810 0.29867824436502255 56
1614961163489 0.30093542851032096 57
1614961251772 0.25704285359763085 58
1614961340227 0.32487072732220307 59
1614961428578 0.3327940548671053 60
1614961516582 0.28204125625656007 61
1614961604891 0.30294593645537155 62
1614961692959 0.2844777026392044 63
1614961781295 0.3237337240196289 64
1614961869384 0.2995634659173641 65
1614961957440 0.307242418698808 66
1614962045354 0.2848105037466009 67
1614962133150 0.3269371347541505 68
1614962221133 0.2884715950869499 69
1614962309230 0.3001487949427138 70
1614962397236 0.28271514415106874 71
1614962485461 0.2732030224609882 72
1614962573443 0.28406035725740675 73
1614962661465 0.31351016445996915 74
1614962749442 0.3058253949944009 75
1614962837416 0.2964850811565176 76
1614962925360 0.3088615942508616 77
1614963013341 0.32956397794979686 78
1614963101544 0.3019273277926952 79
1614963189703 0.30116308654876467 80
1614963277636 0.28860094445817014 81
1614963365724 0.33877720303357917 82
1614963453610 0.26954266856959525 83
1614963541863 0.2799289529310896 84
1614963629955 0.3121453308044596 85
1614963717925 0.3250932553981213 86
1614963805697 0.2970044417901242 87
1614963893763 0.3257761594462902 88
1614963981746 0.32589025843016645 89
1614964069889 0.31251697337373774 90
1614964158299 0.28490379849012865 91
1614964246305 0.30523812406240625 92
1614964334219 0.3213944821915728 93
1614964422082 0.2715173639515613 94
1614964510102 0.3262120082657388 95
1614964598193 0.3105357820366291 96
1614964686061 0.35913542578829094 97
1614964773948 0.31701653228795273 98
1614964861765 0.32179275139215147 99
1614964950154 0.3094651491401043 100
1614965038011 0.3250169075549917 101
1614965125680 0.32310750953694606 102
1614965213617 0.30965989146460876 103
1614965301746 0.30876723280612456 104
1614965389799 0.3307362474659656 105
1614965477921 0.27854324528511537 106
1614965566137 0.300190990909617 107
1614965654151 0.31246679704240027 108
1614965742042 0.30327303390553656 109
1614965830110 0.2710553987863216 110
1614965918145 0.2867541203790523 111
1614966006049 0.28835980102736897 112
1614966094132 0.3045778361723778 113
1614966182066 0.30214733852350967 114
1614966269916 0.3074940320976237 115
1614966357823 0.2917921912479908 116
1614966445975 0.3091204264696608 117
1614966533966 0.2916985915062275 118
1614966621978 0.28971751081816693 119
1614966710026 0.3262750338366691 120
1614966797953 0.2974820504797266 121
1614966885955 0.3327707164782159 122
1614966974149 0.32584498981212046 123
1614967062223 0.32658281890635793 124
1614967150264 0.3036173973628815 125
1614967238069 0.3149238774117003 126
1614967325874 0.34421047996333304 127
1614967413822 0.3147078804830287 128
1614967501858 0.3401398329024619 129
1614967589908 0.301240234140386 130
1614967677933 0.31061518953201617 131
1614967765804 0.30454230118305126 132
1614967853842 0.3196117182044273 133
1614967941871 0.32512862346273785 134
1614968029776 0.3041021587683799 135
1614968117618 0.3540898472704786 136
1614968205575 0.29711794980028844 137
1614968293770 0.3308493598027432 138
1614968381650 0.3280293240826181 139
1614968469846 0.32162651800094766 140
1614968558052 0.3019868183009168 141
1614968646197 0.33585376863149885 142
1614968734599 0.3042946128135032 143
1614968822334 0.30060067376557814 144
1614968910417 0.3295564147386145 145
1614968998423 0.34395337691332434 146
1614969086403 0.3451924460365417 147
1614969174467 0.33408376035538123 148
1614969262578 0.34664878265020693 149
1614969350610 0.3467752484882132 150
1614969438688 0.354116641619104 151
1614969526880 0.3365361562117617 152
1614969615094 0.31082365836234804 153
1614969703062 0.3290242192910073 154
1614969791054 0.340481144316653 155
1614969878904 0.3399551807248846 156
1614969966868 0.3119608357231668 157
1614970054945 0.30593526474338895 158
1614970142926 0.31230448741228023 159
1614970231108 0.3356089267007848 160
1614970318991 0.34207566510489645 161
1614970406832 0.36292903220399897 162
1614970494726 0.31259156858667414 163
1614970582794 0.3462477150432607 164
1614970671032 0.32049137464863187 165
1614970759141 0.3663440781070831 166
1614970847226 0.3379710579806186 167
1614970935612 0.36321472947267774 168
1614971023649 0.3206960831550842 169
1614971111743 0.34103383314102254 170
1614971199766 0.3308112624477833 171
1614971287769 0.30705539327352604 172
1614971375622 0.32222978675619085 173
1614971463537 0.32251839117800934 174
1614971551626 0.3435618406597604 175
1614971639655 0.316465806295263 176
1614971727818 0.32187498598656755 177
1614971815698 0.31240468313719366 178
1614971903553 0.32356467462600547 179
1614971991800 0.30944065400894655 180
1614972079813 0.3275135660425146 181
1614972167971 0.3596418985026948 182
1614972255929 0.3507504398201374 183
1614972343920 0.3822931168561286 184
1614972431844 0.33686143001343344 185
1614972519828 0.3464340917924617 186
1614972607908 0.3472486074934614 187
1614972696058 0.3329948088590135 188
1614972784107 0.35926070524022935 189
1614972872351 0.3353675213900018 190
1614972960369 0.3367015768555885 191
1614973048487 0.349638653562424 192
1614973136349 0.3709027957408986 193
1614973224266 0.3402382401709861 194
1614973312146 0.33625514250486455 195
1614973399927 0.3640181561733814 196
1614973487805 0.34865543832804297 197
1614973575906 0.3476750167443397 198
1614973663918 0.34297532952846366 199
1614973752177 0.34516651563821954 200
1614973839995 0.35755835283309856 201
1614973928003 0.360272154053475 202
1614974015926 0.3529456898253015 203
1614974103823 0.34504534716301777 204
1614974191795 0.3750674543862647 205
1614974279595 0.36315527986338797 206
1614974367719 0.35208161888604467 207
1614974455791 0.34566400390356145 208
1614974543921 0.34821654333079116 209
1614974631857 0.3595664215848801 210
1614974720076 0.381272573261819 211
1614974807866 0.36110978573560715 212
1614974896050 0.36095989495515823 213
1614974984154 0.3920820092267178 214
1614975072470 0.3557616589551276 215
1614975160547 0.3539153442103812 216
1614975248781 0.3746619551105702 217
1614975336701 0.34727117102196875 218
1614975424820 0.35386686661141986 219
1614975512868 0.36940156715981504 220
1614975600755 0.35752529888711077 221
1614975688792 0.3726810751126168 222
1614975776820 0.37208291951646194 223
1614975864676 0.35734430494460656 224
1614975952572 0.3710819696809383 225
1614976040452 0.3802395242642849 226
1614976128510 0.38214439676797135 227
1614976216593 0.3696818209074913 228
1614976304552 0.38412498936374134 229
1614976392633 0.3554876687678885 230
1614976480550 0.35385189998023053 231
1614976568415 0.373438686608 232
1614976656639 0.36600782801496223 233
1614976744609 0.3810207924627243 234
1614976832568 0.36021435831455473 235
1614976920559 0.3857620318836354 236
1614977008472 0.39421100644989215 237
1614977096480 0.37731315972323115 238
1614977184400 0.37310427141950486 239
1614977272166 0.36504560154169163 240
1614977360131 0.40608339614056527 241
1614977448250 0.3987456209799077 242
1614977536362 0.3933183018197405 243
1614977624331 0.3857578178669544 244
1614977712322 0.39214705533169686 245
1614977800365 0.3877852048645628 246
1614977888307 0.3732872744824024 247
1614977976312 0.37970641810209194 248
1614978064331 0.3993009187756701 249
1614978152412 0.38782713419579445 250
1614978240360 0.40635346288376667 251
1614978328337 0.4035326614975929 252
1614978416231 0.3752421410159862 253
1614978504253 0.39729031841171547 254
1614978592270 0.39392978808981305 255
1614978680509 0.4078845283452501 256
1614978768759 0.4175657041846438 257
1614978856689 0.41304887292232917 258
1614978947880 0.4295612459487103 259
1614979036077 0.40792616853054536 260
1614979124115 0.3998871296644211 261
1614979212147 0.4026770054342899 262
1614979300194 0.40001732618250746 263
1614979388055 0.4039713997156062 264
1614979475980 0.4053428347440476 265
1614979564216 0.4028996612797392 266
1614979652078 0.40079842507839203 267
1614979739959 0.4030355215072632 268
1614979827860 0.4102643590341223 269
1614979916130 0.4205888506579906 270
1614980003999 0.41953649324305514 271
1614980091624 0.40133085387184264 272
1614980179578 0.42691288412885464 273
1614980267599 0.4158367506684141 274
1614980355601 0.40673002140953185 275
1614980443414 0.40740261020812585 276
1614980531379 0.41211898466374014 277
1614980619670 0.4336310197064217 278
1614980707604 0.41895207160330833 279
1614980795532 0.40940901541963537 280
1614980883348 0.46376755231238426 281
1614980971371 0.4173453502515529 282
1614981059105 0.41942058852378356 283
1614981146979 0.4130060184509196 284
1614981234824 0.41347268318876307 285
1614981322932 0.4419799634116761 286
1614981410982 0.4058618022406355 287
1614981499001 0.4474083854162947 288
1614981586942 0.4274473266398653 289
1614981675007 0.42235009023483766 290
1614981762958 0.42612847527290915 291
1614981850886 0.4170635631109806 292
1614981938631 0.44128461467458846 293
1614982026533 0.42705189484231015 294
1614982114503 0.4382666824979985 295
1614982202329 0.45066167239813093 296
1614982290196 0.44652562350668806 297
1614982378000 0.44635864981311435 298
1614982465905 0.4531396744733161 299
1614982553846 0.4555736995757894 300
1614982641550 0.44692827095376686 301
1614982729468 0.45422445998546923 302
1614982817601 0.45332953555786865 303
1614982905383 0.45907984610567704 304
1614982993390 0.4623186344161947 305
1614983081232 0.46546890792694495 306
1614983169241 0.4556674082228478 307
1614983257309 0.47727755948584133 308
1614983345312 0.4564432333758537 309
1614983433332 0.4356948387749652 310
1614983521101 0.45300963330776134 311
1614983609011 0.4803226241405974 312
1614983696894 0.4564603757351003 313
1614983784798 0.48248419165611267 314
1614983872841 0.47442665854667093 315
1614983960778 0.46459576614359593 316
1614984048692 0.49785555360165046 317
1614984136569 0.47450945890964347 318
1614984224716 0.49029737806066553 319
1614984312605 0.4566567968180839 320
1614984400516 0.47583349302728123 321
1614984488399 0.48261209276128325 322
1614984576273 0.4965016223648761 323
1614984665240 0.48305545176597353 324
1614984755084 0.49702782738716045 325
1614984843388 0.475475234554169 326
1614984931289 0.5018926697208527 327
1614985019166 0.47445676586729413 328
1614985106953 0.4797747407821899 329
1614985194955 0.5032954089185024 330
1614985282878 0.4826100059646241 331
1614985370784 0.5007244053673237 332
1614985458806 0.49602976916952335 333
1614985546564 0.4747677271036392 334
1614985634787 0.5133360221664957 335
1614985722807 0.5216037399591283 336
1614985810605 0.512838047869662 337
1614985898835 0.4848018057168798 338
1614985986684 0.4952436951880759 339
1614986074932 0.5012816029026154 340
1614986162796 0.5095982446949533 341
1614986251486 0.5168897531768109 342
1614986339357 0.507813368071901 343
1614986427373 0.5283283819543555 344
1614986515461 0.5032764016947848 345
1614986603482 0.507786694359272 346
1614986691612 0.5291700429738836 347
1614986779731 0.5174893965112403 348
1614986867705 0.5321520215019266 349
1614986956015 0.5257236554901651 350
1614987044062 0.5132125058072678 351
1614987132259 0.5311080483680076 352
1614987220078 0.518574521896687 353
1614987308121 0.5340087001628064 354
1614987396006 0.5489745381030631 355
1614987483871 0.5316910341064981 356
1614987571964 0.5410195535167734 357
1614987660007 0.5322991745903137 358
1614987748201 0.5391316337788359 359
1614987836175 0.5407326839705731 360
1614987923868 0.5259197477964644 361
1614988011932 0.5330896282449682 362
1614988099765 0.5470470450025924 363
1614988187859 0.5504605560860736 364
1614988275964 0.5513724909817919 365
1614988363749 0.5308822951418288 366
1614988451766 0.5716352906632931 367
1614988539651 0.5392213799852006 368
1614988627735 0.5597414532874493 369
1614988715898 0.546252485919506 370
1614988803893 0.5549361642370833 371
1614988892315 0.5650054229066727 372
1614988980249 0.5759100406727893 373
1614989068190 0.5635226093074108 374
1614989156201 0.5800470253254505 375
1614989244071 0.5727947988408677 376
1614989332057 0.5745936724099707 377
1614989419889 0.5618368488677005 378
1614989507853 0.6002771492968214 379
1614989596091 0.568322295521168 380
1614989683890 0.5686157374305928 381
1614989771794 0.5705059056586408 382
1614989859624 0.5819935744747202 383
1614989947513 0.5916343347189275 384
1614990035346 0.5910306791675851 385
1614990123088 0.586724784780056 386
1614990211332 0.591683787234286 387
1614990299074 0.6184013349578735 388
1614990386992 0.6115754015268163 389
1614990475170 0.5806703358254535 390
1614990563357 0.599234605406193 391
1614990651321 0.5995215199729229 392
1614990739633 0.5838218607166981 393
1614990827531 0.608455904620759 394
1614990915581 0.6084323766383719 395
1614991003832 0.6210623050623751 396
1614991096327 0.6109539349662497 397
1614991184396 0.6125819838427483 398
1614991272252 0.6298933939096776 399
1614991360508 0.6261981361089869 400
1614991448352 0.6166749070299432 401
1614991536270 0.6303621486146399 402
1614991624047 0.627677691426683 403
1614991711902 0.6325938631879523 404
1614991800056 0.6318642005641409 405
1614991888186 0.6362777812049744 406
1614991976542 0.6313825430388146 407
1614992064681 0.6226325913312587 408
1614992152699 0.6411066565741884 409
1614992240608 0.6566005631330165 410
1614992328784 0.6404005653680639 411
1614992416902 0.6384195593443323 412
1614992504713 0.6299531989275141 413
1614992592769 0.648491084892699 414
1614992680796 0.6518322432294805 415
1614992768814 0.642137626701213 416
1614992856672 0.6473984496390566 417
1614992944627 0.6600472153501308 418
1614993032616 0.6615791590289867 419
1614993120853 0.663857804650956 420
1614993208613 0.6710736057225694 421
1614993296499 0.6593734083023477 422
1614993384767 0.6802945565036003 423
1614993472814 0.6614917928868151 424
1614993560665 0.6837329655251605 425
1614993648507 0.6774563167957549 426
1614993736529 0.6777012833255402 427
1614993824472 0.6716817798132592 428
1614993912344 0.6896208194976158 429
1614994000344 0.6949122636876208 430
1614994088178 0.6949463654705819 431
1614994176210 0.69900311244295 432
1614994264098 0.6905083811663567 433
1614994352279 0.6988297960859664 434
1614994440241 0.6864353161542973 435
1614994528264 0.6960688867467515 436
1614994616373 0.6977972597517865 437
1614994704249 0.7105890984864945 438
1614994792394 0.7043924382392396 439
1614994880342 0.7186853765173161 440
1614994968482 0.7140005855484212 441
1614995056606 0.7108256816864014 442
1614995144700 0.7204958073636318 443
1614995232260 0.7061628369574852 444
1614995320157 0.7161468898362302 445
1614995407969 0.7393615600910592 446
1614995495828 0.7302756436327671 447
1614995583591 0.7319221268308923 448
1614995671326 0.7473203007211077 449
1614995759304 0.7268079271975983 450
1614995847218 0.7427549897990329 451
1614995935130 0.7536992893574086 452
1614996023001 0.7505134838692685 453
1614996111005 0.7604092239065373 454
1614996199055 0.7684195231884083 455
1614996287024 0.7520253372953293 456
1614996374827 0.7537748204900864 457
1614996462737 0.7634774484532945 458
1614996550730 0.7723211760216571 459
1614996638872 0.7637941456855611 460
1614996726781 0.7559876619501317 461
1614996814732 0.7733172076813718 462
1614996902934 0.7662241287687992 463
1614996990794 0.7879186145802761 464
1614997078697 0.7802094842525239 465
1614997166744 0.7852334706707204 466
1614997254609 0.7759901291512429 467
1614997342820 0.7921909315789 468
1614997430778 0.7941737346192623 469
1614997518782 0.7959786000403952 470
1614997606829 0.8064461718214319 471
1614997694828 0.7992203070762309 472
1614997782717 0.8164178652966276 473
1614997870944 0.8023034822433552 474
1614997958713 0.8119913244501074 475
1614998046656 0.8132594995042111 476
1614998134278 0.8220098164487393 477
1614998222213 0.8137133559013935 478
1614998310026 0.8266972645800165 479
1614998398376 0.8237889650020194 480
1614998486375 0.8209227488396016 481
1614998574417 0.8357900114769631 482
1614998662627 0.8277021088498704 483
1614998750658 0.8474567329629938 484
1614998838579 0.8524906926966728 485
1614998926484 0.8515934658811447 486
1614999014423 0.8489642073499396 487
1614999102318 0.8530970418706854 488
1614999190371 0.8624467107843845 489
1614999278362 0.86253089917467 490
1614999366242 0.8625684380531311 491
1614999454273 0.8624783995303702 492
1614999541956 0.8611199304144433 493
1614999630181 0.8875729967939093 494
1614999717932 0.8718197244278928 495
1614999806187 0.8838528033266676 496
1614999894173 0.8935221452662285 497
1614999981766 0.8996816271163047 498
1615000069659 0.8976244102133081 499
