1614956138174 0.4669350234288014 0
1614956226733 0.6176315627423011 1
1614956315077 0.6533245353917168 2
1614956403288 0.6309426766719021 3
1614956491457 0.6790498278386304 4
1614956579748 0.7099123693663966 5
1614956667907 0.6934374323994336 6
1614956756168 0.6890822233591269 7
1614956844424 0.6352626542623542 8
1614956932786 0.6829102811455313 9
1614957021278 0.6620183053969716 10
1614957109696 0.6713950672995422 11
1614957197876 0.7317834424243851 12
1614957286189 0.7009865887923522 13
1614957374431 0.7068743720443712 14
1614957462878 0.6797248735000262 15
1614957551260 0.6985940886636103 16
1614957639563 0.7317546971396289 17
1614957727317 0.7384782862137346 18
1614957815333 0.6762100940104574 19
1614957903619 0.7407512281728408 20
1614957991685 0.7434489919907517 21
1614958079665 0.7032088290163597 22
1614958167580 0.7505154363707536 23
1614958255611 0.7207115167690502 24
1614958343933 0.7201209111960345 25
1614958432052 0.7135535338376131 26
1614958520030 0.7465392616111786 27
1614958607997 0.7465698434124616 28
1614958695839 0.7252757557949354 29
1614958784018 0.7172982549173352 30
1614958872214 0.7540166346483271 31
1614958960297 0.757500937468903 32
1614959048566 0.7590854244979306 33
1614959136549 0.7774263371196058 34
1614959224771 0.7204456915445109 35
1614959312699 0.7301359772475229 36
1614959400857 0.7797362067048317 37
1614959488938 0.7558906438036097 38
1614959576985 0.7148118186016036 39
1614959665200 0.7241850876345542 40
1614959753251 0.7894689226625385 41
1614959841449 0.7337306996111522 42
1614959929537 0.7713729856027798 43
1614960017515 0.7770032641174418 44
1614960105530 0.7172810776366128 45
1614960193780 0.7534584266374286 46
1614960282202 0.7206647898169405 47
1614960370372 0.7223943927851708 48
1614960458689 0.7605921208689158 49
1614960546808 0.7811822211893087 50
1614960634658 0.765853936609986 51
1614960722645 0.7674905919585 52
1614960810711 0.7464174109680409 53
1614960898761 0.7358321136674814 54
1614960986673 0.7273712745878134 55
1614961074812 0.7568868070241364 56
1614961163491 0.7659668246959592 57
1614961251774 0.8063012838801917 58
1614961340230 0.7393707565395263 59
1614961428580 0.7247542972591791 60
1614961516584 0.7815073382580418 61
1614961604893 0.7561957160576006 62
1614961692961 0.7800959125998315 63
1614961781297 0.7375370951612359 64
1614961869386 0.7706140804022632 65
1614961957442 0.749960537957049 66
1614962045356 0.7907423125682297 67
1614962133152 0.7243095489985802 68
1614962221135 0.7780684005172754 69
1614962309233 0.7667694473534488 70
1614962397238 0.7966850596469838 71
1614962485463 0.8094667804337317 72
1614962573445 0.7822285144082323 73
1614962661467 0.7621566278880442 74
1614962749444 0.7670295148260063 75
1614962837418 0.7754660722460937 76
1614962925362 0.7651476118263307 77
1614963013344 0.7377856127710806 78
1614963101547 0.7711697473529388 79
1614963189705 0.7771418633384873 80
1614963277638 0.7940924212664038 81
1614963365726 0.7356560770212934 82
1614963453612 0.816612648301768 83
1614963541865 0.8051578750485903 84
1614963629957 0.7650919554943449 85
1614963717927 0.7567037568913529 86
1614963805699 0.7798498868299969 87
1614963893765 0.7529968089734514 88
1614963981748 0.7554275035285033 89
1614964069892 0.7731953607062283 90
1614964158302 0.8025298786584983 91
1614964246307 0.7733088818689188 92
1614964334221 0.7624991796100917 93
1614964422085 0.8165249462756846 94
1614964510104 0.7569650325535254 95
1614964598195 0.7694421594341596 96
1614964686063 0.7151300835552522 97
1614964773950 0.7689228446947204 98
1614964861768 0.7590487497774038 99
1614964950156 0.7757406128304345 100
1614965038013 0.7549638404221884 101
1614965125682 0.7643588399721517 102
1614965213619 0.7820971658777284 103
1614965301749 0.7799118132433958 104
1614965389802 0.7625190736625784 105
1614965477923 0.8158717466455497 106
1614965566139 0.7875958409034804 107
1614965654153 0.7815386698477798 108
1614965742044 0.7965837060043629 109
1614965830112 0.8298570035232438 110
1614965918148 0.8072491556594379 111
1614966006051 0.8063518199858002 112
1614966094134 0.7928320418859085 113
1614966182068 0.7973690878185961 114
1614966269919 0.789548966766785 115
1614966357826 0.8133585522680179 116
1614966445977 0.7927403625343805 117
1614966533969 0.8126273122462597 118
1614966621981 0.8177938865763801 119
1614966710028 0.7698330612542729 120
1614966797956 0.8007388610912617 121
1614966885958 0.7660310477639238 122
1614966974151 0.7722999294184976 123
1614967062225 0.7753209693564309 124
1614967150267 0.8004851327701048 125
1614967238072 0.7877475854134961 126
1614967325876 0.7626569256105501 127
1614967413825 0.7959207562000855 128
1614967501860 0.7650645112578747 129
1614967589909 0.8060786584750391 130
1614967677936 0.8029816885796058 131
1614967765807 0.8030275072563778 132
1614967853845 0.7888562840306097 133
1614967941874 0.7828146612064706 134
1614968029779 0.8039163818433025 135
1614968117620 0.7512199847580312 136
1614968205577 0.811951907445854 137
1614968293773 0.7746913553819876 138
1614968381652 0.7772082953544502 139
1614968469848 0.7944006627911459 140
1614968558055 0.8150168355046348 141
1614968646199 0.7772570458742288 142
1614968734602 0.8187988024893338 143
1614968822337 0.8177841043677824 144
1614968910419 0.7861696324863849 145
1614968998426 0.771041286658946 146
1614969086405 0.7697490044756905 147
1614969174469 0.7861918180587364 148
1614969262580 0.7727396030920547 149
1614969350612 0.7745392177451361 150
1614969438690 0.7607368617267399 151
1614969526883 0.7761334423939216 152
1614969615097 0.8208451739147954 153
1614969703064 0.7964142498734234 154
1614969791056 0.7756481730732424 155
1614969878907 0.7790814569492018 156
1614969966871 0.8123162465000694 157
1614970054947 0.8280725664148728 158
1614970142929 0.8217794349478497 159
1614970231109 0.7972925826907158 160
1614970318993 0.7780109088174826 161
1614970406834 0.7544714119285345 162
1614970494729 0.8212976242216785 163
1614970582797 0.7840896247352442 164
1614970671035 0.8182624108261533 165
1614970759143 0.7531194575554268 166
1614970847228 0.7933512486517429 167
1614970935614 0.7662758855046806 168
1614971023652 0.81766998242545 169
1614971111746 0.7877208884960661 170
1614971199768 0.8090588162233542 171
1614971287771 0.8395255078258139 172
1614971375625 0.812788953028974 173
1614971463540 0.8255022925498722 174
1614971551628 0.7985318536450575 175
1614971639657 0.8357749167148785 176
1614971727820 0.8254804423815765 177
1614971815700 0.8366112036799843 178
1614971903556 0.824029771484096 179
1614971991803 0.8413018074757785 180
1614972079815 0.8206523144931606 181
1614972167973 0.785950107725112 182
1614972255931 0.7968241864329447 183
1614972343923 0.7610214271756647 184
1614972431847 0.8140333061830864 185
1614972519831 0.8046507081323928 186
1614972607911 0.805826102140481 187
1614972696061 0.8247132168515868 188
1614972784108 0.7915911970246169 189
1614972872353 0.8237160052690241 190
1614972960371 0.8198615075813399 191
1614973048490 0.8040475748228223 192
1614973136352 0.780423810634681 193
1614973224268 0.8161645379124416 194
1614973312149 0.8279407215969903 195
1614973399930 0.7899537869654167 196
1614973487808 0.8117749886375598 197
1614973575908 0.8140860218659378 198
1614973663920 0.8234004994003993 199
1614973752180 0.8179471358314327 200
1614973839997 0.8063946434193188 201
1614973928005 0.7995935489287537 202
1614974015929 0.8133573945653573 203
1614974103826 0.8265891441040569 204
1614974191798 0.789029131198059 205
1614974279598 0.7992438157512383 206
1614974367721 0.8240164520909949 207
1614974455793 0.8294114353290448 208
1614974543923 0.8289026415542416 209
1614974631860 0.8105969404738941 210
1614974720078 0.7911595453618354 211
1614974807869 0.8113290029681391 212
1614974896053 0.8137093267507023 213
1614974984157 0.7813117819149857 214
1614975072473 0.823926480486989 215
1614975160549 0.8244287817813885 216
1614975248783 0.8090823722760314 217
1614975336704 0.8384931284727322 218
1614975424823 0.8302864678455203 219
1614975512871 0.8077670704204958 220
1614975600758 0.8264758954389712 221
1614975688795 0.8107711406571142 222
1614975776822 0.8155704984522384 223
1614975864679 0.831097262033092 224
1614975952575 0.8182550537382233 225
1614976040455 0.8097865141027576 226
1614976128512 0.8105536260358666 227
1614976216596 0.8227148064642503 228
1614976304555 0.8118737656623125 229
1614976392636 0.8396274508110879 230
1614976480554 0.8486319094896316 231
1614976568417 0.8225784533553653 232
1614976656642 0.8308827342658207 233
1614976744611 0.8097426840888985 234
1614976832571 0.8438685414277844 235
1614976920561 0.8104902401075258 236
1614977008475 0.8056847494065195 237
1614977096483 0.824713106189544 238
1614977184403 0.8340838261241659 239
1614977272168 0.8433399986983701 240
1614977360134 0.7861285810462303 241
1614977448253 0.8031191775820904 242
1614977536365 0.8080736310796791 243
1614977624333 0.8232261680710103 244
1614977712325 0.8129331148909719 245
1614977800367 0.8226034381977197 246
1614977888310 0.8427320142155108 247
1614977976315 0.8297456247794829 248
1614978064334 0.8182728308137883 249
1614978152415 0.8288278895551744 250
1614978240363 0.8101334819347477 251
1614978328340 0.8120009837879075 252
1614978416234 0.8519357616125152 253
1614978504256 0.8210315805963344 254
1614978592272 0.8288185260780565 255
1614978680511 0.8180054444469191 256
1614978768761 0.8013346593131075 257
1614978856718 0.8133281364443374 258
1614978947882 0.7907217826653757 259
1614979036080 0.8234307976173503 260
1614979124117 0.8312607166253858 261
1614979212150 0.8236750833793647 262
1614979300197 0.8306803630975386 263
1614979388058 0.8315269928634836 264
1614979475982 0.8230315837388237 265
1614979564219 0.8353553237064498 266
1614979652081 0.8330524131655693 267
1614979739962 0.8359248451888561 268
1614979827863 0.83158700896634 269
1614979916133 0.8177166235736675 270
1614980004001 0.8120998209818605 271
1614980091627 0.8432670802798834 272
1614980179581 0.8097145550706414 273
1614980267602 0.8251467203100522 274
1614980355605 0.8407790232663868 275
1614980443416 0.8437113628795977 276
1614980531382 0.8382637348439959 277
1614980619673 0.8176415063721197 278
1614980707606 0.8350376691669226 279
1614980795535 0.8488966580480337 280
1614980883352 0.7698782238523277 281
1614980971374 0.8420303536473062 282
1614981059107 0.8403663603080944 283
1614981146982 0.8493960747374955 284
1614981234827 0.8563535211091537 285
1614981322935 0.8144856559545992 286
1614981410984 0.8661733080496948 287
1614981499004 0.811734581877897 288
1614981586945 0.8380992388271767 289
1614981675009 0.8420091959936865 290
1614981762961 0.8437291112849894 291
1614981850888 0.8594934838101937 292
1614981938634 0.8237275697968223 293
1614982026536 0.8486375305387709 294
1614982114506 0.8386213463009073 295
1614982202332 0.8112848015973367 296
1614982290199 0.8261115595991357 297
1614982378002 0.829368265324764 298
1614982465907 0.8281757235527039 299
1614982553848 0.815692373313183 300
1614982641553 0.8301898573720178 301
1614982729471 0.8264238737807001 302
1614982817603 0.829470056831167 303
1614982905385 0.8300311661428875 304
1614982993393 0.8259410442436462 305
1614983081235 0.8194757171310065 306
1614983169244 0.8317027492134759 307
1614983257312 0.8053456241183955 308
1614983345314 0.8413632175560748 309
1614983433335 0.869117524392075 310
1614983521103 0.8517977849683828 311
1614983609014 0.8127860695951514 312
1614983696897 0.850409076280064 313
1614983784801 0.8151336138310669 314
1614983872843 0.8272065787830136 315
1614983960780 0.8472094473603008 316
1614984048694 0.786458615321926 317
1614984136572 0.8318476672847193 318
1614984224719 0.8090225107773401 319
1614984312608 0.8653923256762242 320
1614984400519 0.8387266585292915 321
1614984488401 0.8237021526928698 322
1614984576276 0.8113245644739696 323
1614984665243 0.8383615092489491 324
1614984755093 0.8191736633224147 325
1614984843395 0.8529339955912696 326
1614984931292 0.8034353651357501 327
1614985019169 0.8552188265240854 328
1614985106955 0.8471087144480811 329
1614985194958 0.817482227054627 330
1614985282880 0.8478510268441923 331
1614985370787 0.8192481443114664 332
1614985458808 0.8387015666916139 333
1614985546567 0.8692795630958345 334
1614985634789 0.8126308206172491 335
1614985722809 0.804869523356584 336
1614985810607 0.8133582754737951 337
1614985898837 0.8578916768232981 338
1614985986687 0.8549510166850142 339
1614986074934 0.8550906443725461 340
1614986162799 0.8338333868007693 341
1614986251488 0.8297948988437066 342
1614986339359 0.8445427006089621 343
1614986427376 0.8040970579551702 344
1614986515464 0.8620838944582229 345
1614986603485 0.8497601856405919 346
1614986691614 0.8236689475054543 347
1614986779734 0.8444797790954622 348
1614986867708 0.8197532872330736 349
1614986956018 0.8318512547719344 350
1614987044064 0.8581984139733262 351
1614987132262 0.8339934656801431 352
1614987220081 0.8498951718629746 353
1614987308123 0.8353838373182548 354
1614987396009 0.8100833521470182 355
1614987483874 0.8404589403759349 356
1614987571967 0.8346729109684626 357
1614987660010 0.8386468875739309 358
1614987748203 0.8352924407356315 359
1614987836178 0.8358956615130106 360
1614987923871 0.8681557390881681 361
1614988011935 0.8522165365768283 362
1614988099768 0.8427467832346368 363
1614988187862 0.8364307615906 364
1614988275966 0.8433837385641204 365
1614988363751 0.8753454383548306 366
1614988451768 0.8134712180302989 367
1614988539654 0.860814912782775 368
1614988627738 0.84638879186177 369
1614988715900 0.8619744787913758 370
1614988803896 0.8604191084108923 371
1614988892318 0.8434198996488084 372
1614988980252 0.8246247743287783 373
1614989068193 0.8559724493259258 374
1614989156205 0.8317714605766994 375
1614989244074 0.8290482678347164 376
1614989332060 0.8353426816022914 377
1614989419891 0.8647440782832828 378
1614989507856 0.8077001487324525 379
1614989596094 0.8592060217319915 380
1614989683892 0.8448697176558533 381
1614989771797 0.8689480151415312 382
1614989859627 0.8357131270932259 383
1614989947516 0.8285431145379941 384
1614990035349 0.8272935912903884 385
1614990123091 0.8509552450327391 386
1614990211334 0.8391828422745069 387
1614990299076 0.7952225303341602 388
1614990386995 0.8127014684180419 389
1614990475173 0.8743088362230496 390
1614990563359 0.8439310563107332 391
1614990651323 0.8459822962899785 392
1614990739636 0.8774594537913799 393
1614990827534 0.8249871081841941 394
1614990915584 0.8412991317377968 395
1614991003834 0.8350628812183091 396
1614991096337 0.8537116981838103 397
1614991184399 0.8517841500944869 398
1614991272255 0.8237098435337624 399
1614991360511 0.8318701696756122 400
1614991448355 0.8469402110920503 401
1614991536273 0.8176926226708395 402
1614991624050 0.8428213290042348 403
1614991711905 0.8354616440259494 404
1614991800059 0.8393939393897389 405
1614991888189 0.8305236450242963 406
1614991976545 0.8525728042754862 407
1614992064684 0.8570963872803582 408
1614992152701 0.8405924330601532 409
1614992240610 0.8192882218347883 410
1614992328787 0.8377062183521364 411
1614992416904 0.8376438598138061 412
1614992504715 0.8901058277436371 413
1614992592772 0.8421627902425826 414
1614992680799 0.8365588114493423 415
1614992768817 0.8586690196250047 416
1614992856675 0.8652336774393916 417
1614992944630 0.8394775605954967 418
1614993032619 0.8347199278444789 419
1614993120856 0.8383781428138415 420
1614993208616 0.8295077408423249 421
1614993296502 0.8802550728856162 422
1614993384769 0.8236007068983533 423
1614993472816 0.8611422511198188 424
1614993560667 0.8265037523168657 425
1614993648510 0.8498245642884917 426
1614993736532 0.8558559149503708 427
1614993824475 0.8602009824598613 428
1614993912347 0.8369075638552507 429
1614994000347 0.8295630989700891 430
1614994088181 0.845057649537921 431
1614994176213 0.8216127442258797 432
1614994264101 0.8684967473663133 433
1614994352282 0.851979764852118 434
1614994440243 0.8705073045867104 435
1614994528267 0.8623522516825924 436
1614994616376 0.8648984613043539 437
1614994704252 0.8496940179487292 438
1614994792397 0.8657585304311436 439
1614994880345 0.8510304946410522 440
1614994968484 0.862092042258114 441
1614995056608 0.8726030034797915 442
1614995144702 0.85629387724899 443
1614995232263 0.8861362840547118 444
1614995320159 0.8851744973141215 445
1614995407972 0.823969077032346 446
1614995495831 0.8607468501749364 447
1614995583593 0.85356331841795 448
1614995671328 0.8346219022831555 449
1614995759307 0.8693331480863389 450
1614995847221 0.8456857936395393 451
1614995935133 0.8296134684072889 452
1614996023004 0.830455285015997 453
1614996111007 0.8143182076433654 454
1614996199058 0.8079119372641903 455
1614996287027 0.8652691670348135 456
1614996374830 0.8596310643686189 457
1614996462740 0.8524637888609008 458
1614996550733 0.8461046337746503 459
1614996638875 0.8504776188305446 460
1614996726783 0.8853326274146294 461
1614996814735 0.8575860388662623 462
1614996902937 0.8718759915637937 463
1614996990797 0.845552998688072 464
1614997078700 0.862313089462427 465
1614997166747 0.8435339358865573 466
1614997254611 0.8593988443141455 467
1614997342823 0.8574264723119205 468
1614997430781 0.8557448856451589 469
1614997518785 0.8732484218838451 470
1614997606832 0.8548627838652622 471
1614997694830 0.8726610523331296 472
1614997782720 0.845051116340763 473
1614997870946 0.8665827443202336 474
1614997958715 0.8693990891062936 475
1614998046659 0.8528044487904297 476
1614998134281 0.8639798006984625 477
1614998222216 0.881251091703361 478
1614998310030 0.8448384307979883 479
1614998398379 0.8692622290843207 480
1614998486377 0.8773022706309954 481
1614998574420 0.8458558863595776 482
1614998662630 0.8801567156281737 483
1614998750661 0.8432008916867918 484
1614998838582 0.8560438204718672 485
1614998926486 0.8879579261116598 486
1614999014426 0.8813340755609366 487
1614999102321 0.860786497592926 488
1614999190374 0.8515993766643609 489
1614999278364 0.8564075217582285 490
1614999366245 0.8745015873931922 491
1614999454276 0.8606645008144171 492
1614999541959 0.8868296611440051 493
1614999630184 0.8238590570309987 494
1614999717935 0.8757893636906415 495
1614999806189 0.8724160855636001 496
1614999894176 0.8412096851160017 497
1614999981769 0.8313202628389348 498
1615000069662 0.8546435669064522 499
