1611752761740 0.4920079325562093 0
1611752831221 0.20999644496547643 1
1611752900158 0.16062363670833074 2
1611752968474 0.17417164347065028 3
1611753038721 0.16311064940779957 4
1611753107622 0.19600242198403203 5
1611753176064 0.18733334897169426 6
1611753244515 0.18770146725782708 7
1611753313526 0.14287128555240916 8
1611753381866 0.1573466267158736 9
1611753450361 0.15230018968012796 10
1611753519098 0.13384037320293599 11
1611753588025 0.12238471899459612 12
1611753658399 0.1222448678159002 13
1611753726543 0.16128367541441277 14
1611753795167 0.14904872872936192 15
1611753863805 0.13161612535590556 16
