1616775772969 0.5635024146698576 0
1616775772971 0.5635024146698576 0
1616775951520 0.6446907562117787 1
1616775951526 0.6446907562117787 1
1616776129480 0.6823471015103427 2
1616776129485 0.6823471015103427 2
1616776308039 0.7081743264478335 3
1616776308044 0.7081743264478335 3
1616776486862 0.7310862944882792 4
1616776486864 0.7310862944882792 4
1616776664088 0.7498810602594194 5
1616776664093 0.7498810602594194 5
1616776840078 0.7611258089104549 6
1616776840080 0.7611258089104549 6
1616777015983 0.7714201628005926 7
1616777015985 0.7714201628005926 7
1616777192100 0.780202217448804 8
1616777192102 0.780202217448804 8
1616777367271 0.7871492185810874 9
1616777367274 0.7871492185810874 9
