1615612841065 0.6889192559825841 0
1615612841065 0.6889192559825841 0
1615612934633 0.7318404074480285 1
1615612934633 0.7318404074480285 1
1615613028242 0.7477772504980885 2
1615613028242 0.7477772504980885 2
1615613121711 0.7627005439752074 3
1615613121711 0.7627005439752074 3
1615613215714 0.7734327292486803 4
1615613215714 0.7734327292486803 4
1615613309246 0.7773271838471812 5
1615613309246 0.7773271838471812 5
1615613402501 0.785525844764036 6
1615613402501 0.785525844764036 6
1615613496122 0.7922924351600458 7
1615613496122 0.7922924351600458 7
1615613589552 0.7948286944867466 8
1615613589568 0.7948286944867466 8
1615613683309 0.7987596560547601 9
1615613683309 0.7987596560547601 9
1615613777131 0.8029843408973278 10
1615613777131 0.8029843408973278 10
1615613870735 0.8073532559181475 11
1615613870735 0.8073532559181475 11
1615613964392 0.8106116128082459 12
1615613964392 0.8106116128082459 12
1615614058141 0.8141821499056082 13
1615614058141 0.8141821499056082 13
1615614151568 0.816620786276771 14
1615614151568 0.816620786276771 14
1615614245666 0.8187337245430742 15
1615614245666 0.8187337245430742 15
1615614339408 0.8207601467973313 16
1615614339408 0.8207601467973313 16
1615614433158 0.8229820646568021 17
1615614433174 0.8229820646568021 17
1615614526627 0.8254177423906627 18
1615614526627 0.8254177423906627 18
1615614621093 0.8277253857855478 19
1615614621093 0.8277253857855478 19
1615614714924 0.8285655353771683 20
1615614714924 0.8285655353771683 20
1615614808618 0.8300783533698991 21
1615614808618 0.8300783533698991 21
1615614902031 0.8315215602149676 22
1615614902031 0.8315215602149676 22
1615614995354 0.8330001729582229 23
1615614995354 0.8330001729582229 23
1615615088794 0.8338263140307434 24
1615615088794 0.8338263140307434 24
1615615182447 0.8347645464784175 25
1615615182447 0.8347645464784175 25
1615615276258 0.8360415999486739 26
1615615276258 0.8360415999486739 26
1615615370032 0.8374796931796683 27
1615615370032 0.8374796931796683 27
1615615463773 0.8387989304189025 28
1615615463789 0.8387989304189025 28
1615615557479 0.8400968844506576 29
1615615557479 0.8400968844506576 29
1615615650916 0.841271105260518 30
1615615650916 0.841271105260518 30
1615615744179 0.8424178332093855 31
1615615744179 0.8424178332093855 31
1615615837747 0.8435669172688316 32
1615615837747 0.8435669172688316 32
1615615931126 0.8445829354942866 33
1615615931126 0.8445829354942866 33
1615616024497 0.8456319840684502 34
1615616024513 0.8456319840684502 34
1615616118037 0.8466586191963967 35
1615616118037 0.8466586191963967 35
1615616211653 0.8476234553678592 36
1615616211653 0.8476234553678592 36
1615616305329 0.8485986651561553 37
1615616305329 0.8485986651561553 37
1615616398863 0.8495460025954764 38
1615616398863 0.8495460025954764 38
1615616492463 0.8503021357455918 39
1615616492478 0.8503021357455918 39
1615616585898 0.8509891759095668 40
1615616585898 0.8509891759095668 40
1615616678962 0.8516669792123802 41
1615616678962 0.8516669792123802 41
1615616772071 0.8524104405526838 42
1615616772071 0.8524104405526838 42
1615616865463 0.853160341298069 43
1615616865463 0.853160341298069 43
1615616959126 0.8536208949093501 44
1615616959126 0.8536208949093501 44
1615617052455 0.8543317890064257 45
1615617052471 0.8543317890064257 45
1615617145820 0.8547917773604643 46
1615617145820 0.8547917773604643 46
1615617239363 0.8550993343409785 47
1615617239363 0.8550993343409785 47
1615617332662 0.8554241196163049 48
1615617332662 0.8554241196163049 48
1615617426210 0.8558654381590551 49
1615617426210 0.8558654381590551 49
1615617519621 0.8564551529082898 50
1615617519621 0.8564551529082898 50
1615617613132 0.8570873839652382 51
1615617613132 0.8570873839652382 51
1615617706644 0.8577016253203738 52
1615617706644 0.8577016253203738 52
1615617799602 0.8583419900243379 53
1615617799602 0.8583419900243379 53
1615617892693 0.8588960253086395 54
1615617892693 0.8588960253086395 54
1615617985799 0.8594636713603402 55
1615617985799 0.8594636713603402 55
1615618079259 0.8600374686127643 56
1615618079259 0.8600374686127643 56
1615618172441 0.8604549320747318 57
1615618172456 0.8604549320747318 57
1615618265585 0.8607948052249487 58
1615618265585 0.8607948052249487 58
1615618358824 0.8610734780416343 59
1615618358824 0.8610734780416343 59
1615618451116 0.861491116973797 60
1615618451116 0.861491116973797 60
1615618544534 0.8619896996942106 61
1615618544534 0.8619896996942106 61
1615618637437 0.8624821940463 62
1615618637437 0.8624821940463 62
1615618730395 0.8629741114069045 63
1615618730395 0.8629741114069045 63
1615618823490 0.8634537984382892 64
1615618823490 0.8634537984382892 64
1615618916408 0.8639414607846716 65
1615618916408 0.8639414607846716 65
1615619009417 0.8644067879669135 66
1615619009417 0.8644067879669135 66
1615619102497 0.864889068721162 67
1615619102497 0.864889068721162 67
1615619195674 0.8653261988022272 68
1615619195681 0.8653261988022272 68
1615619288860 0.8657946515733059 69
1615619288867 0.8657946515733059 69
1615619382358 0.8662847195870808 70
1615619382373 0.8662847195870808 70
1615619475493 0.8667172029341079 71
1615619475493 0.8667172029341079 71
1615619568698 0.8671649018993011 72
1615619568705 0.8671649018993011 72
1615619660972 0.8676553648671483 73
1615619660972 0.8676553648671483 73
1615619754139 0.8680747936250858 74
1615619754154 0.8680747936250858 74
1615619847690 0.8684755598230748 75
1615619847690 0.8684755598230748 75
1615619940636 0.868932653332599 76
1615619940636 0.868932653332599 76
1615620034101 0.8693554968424527 77
1615620034101 0.8693554968424527 77
1615620127401 0.869803578599699 78
1615620127401 0.869803578599699 78
1615620220922 0.8701904226824253 79
1615620220922 0.8701904226824253 79
1615620314309 0.8706241855289707 80
1615620314309 0.8706241855289707 80
1615620407925 0.8710325994784123 81
1615620407925 0.8710325994784123 81
1615620501094 0.8714270914149969 82
1615620501094 0.8714270914149969 82
1615620594455 0.8718496323745187 83
1615620594455 0.8718496323745187 83
1615620687999 0.8722549129862918 84
1615620687999 0.8722549129862918 84
1615620781370 0.8726818759708107 85
1615620781370 0.8726818759708107 85
1615620873689 0.8730846122539939 86
1615620873689 0.8730846122539939 86
1615620966999 0.8734671862996872 87
1615620966999 0.8734671862996872 87
1615621060454 0.8738207684665213 88
1615621060470 0.8738207684665213 88
1615621153737 0.8742029017087684 89
1615621153737 0.8742029017087684 89
1615621247679 0.8744198091680082 90
1615621247679 0.8744198091680082 90
1615621341435 0.8742532468516329 91
1615621341435 0.8742532468516329 91
1615621434764 0.8744373494752327 92
1615621434770 0.8744373494752327 92
1615621528141 0.8747041587439529 93
1615621528141 0.8747041587439529 93
1615621621692 0.8749756621880178 94
1615621621692 0.8749756621880178 94
1615621715652 0.8752102106328897 95
1615621715652 0.8752102106328897 95
1615621809380 0.8754281702758506 96
1615621809380 0.8754281702758506 96
1615621902629 0.875680786805716 97
1615621902629 0.875680786805716 97
1615621996086 0.8760027659734856 98
1615621996086 0.8760027659734856 98
1615622089545 0.8763053265842263 99
1615622089545 0.8763053265842263 99
1615622182831 0.8764955756504015 100
1615622182831 0.8764955756504015 100
1615622275826 0.8767967554463967 101
1615622275826 0.8767967554463967 101
1615622368887 0.8770825330412549 102
1615622368887 0.8770825330412549 102
1615622462664 0.8773951882354267 103
1615622462680 0.8773951882354267 103
1615622555995 0.8777214922487485 104
1615622555995 0.8777214922487485 104
1615622649455 0.8780451843720137 105
1615622649455 0.8780451843720137 105
1615622742859 0.8783653923468183 106
1615622742859 0.8783653923468183 106
1615622836232 0.8787002488028627 107
1615622836232 0.8787002488028627 107
1615622929672 0.879029468385962 108
1615622929672 0.879029468385962 108
1615623023366 0.8793355469166064 109
1615623023366 0.8793355469166064 109
1615623116806 0.8796490763322963 110
1615623116806 0.8796490763322963 110
1615623210231 0.8799486779384438 111
1615623210231 0.8799486779384438 111
1615623303802 0.880277275520014 112
1615623303802 0.880277275520014 112
1615623397098 0.8805410134688737 113
1615623397098 0.8805410134688737 113
1615623490639 0.880817935004647 114
1615623490639 0.880817935004647 114
1615623584276 0.8810996925611698 115
1615623584276 0.8810996925611698 115
1615623677748 0.8813710994742855 116
1615623677748 0.8813710994742855 116
1615623770942 0.8816851153145171 117
1615623770942 0.8816851153145171 117
1615623864310 0.881967732292447 118
1615623864326 0.881967732292447 118
1615623957836 0.8822633833939499 119
1615623957836 0.8822633833939499 119
1615624051502 0.882543514336896 120
1615624051518 0.882543514336896 120
1615624144763 0.8828290155914449 121
1615624144763 0.8828290155914449 121
1615624238230 0.8830806013138396 122
1615624238230 0.8830806013138396 122
1615624331875 0.8833510037569882 123
1615624331875 0.8833510037569882 123
1615624425313 0.8836131777847884 124
1615624425313 0.8836131777847884 124
1615624518497 0.8838615854449698 125
1615624518497 0.8838615854449698 125
1615624611824 0.8841369825182513 126
1615624611824 0.8841369825182513 126
1615624705192 0.884388322807734 127
1615624705192 0.884388322807734 127
1615624798346 0.8846648807538154 128
1615624798346 0.8846648807538154 128
1615624891689 0.8849112218727032 129
1615624891689 0.8849112218727032 129
1615624984850 0.8851718609602746 130
1615624984850 0.8851718609602746 130
1615625078225 0.8854515810658435 131
1615625078225 0.8854515810658435 131
1615625171611 0.8857297314097454 132
1615625171611 0.8857297314097454 132
1615625265000 0.8859862643390511 133
1615625265000 0.8859862643390511 133
1615625358139 0.8862327066305234 134
1615625358139 0.8862327066305234 134
1615625451441 0.8865105804064926 135
1615625451441 0.8865105804064926 135
1615625544732 0.8867526928918473 136
1615625544747 0.8867526928918473 136
1615625638347 0.8870098212338613 137
1615625638347 0.8870098212338613 137
1615625731434 0.8872828823569786 138
1615625731434 0.8872828823569786 138
1615625825019 0.8875461935325824 139
1615625825019 0.8875461935325824 139
1615625919164 0.8877915320909093 140
1615625919164 0.8877915320909093 140
1615626012728 0.8880193102799416 141
1615626012744 0.8880193102799416 141
1615626106296 0.88822988917521 142
1615626106296 0.88822988917521 142
1615626199779 0.8884076282569668 143
1615626199779 0.8884076282569668 143
1615626293333 0.888619661390613 144
1615626293349 0.888619661390613 144
1615626386866 0.8888388791376132 145
1615626386866 0.8888388791376132 145
1615626480285 0.8890744597729648 146
1615626480285 0.8890744597729648 146
1615626574169 0.8892986210402722 147
1615626574169 0.8892986210402722 147
1615626667697 0.8895039309641263 148
1615626667697 0.8895039309641263 148
1615626761473 0.8897026905932685 149
1615626761473 0.8897026905932685 149
1615626855484 0.889921311298646 150
1615626855484 0.889921311298646 150
1615626949134 0.8901227709876766 151
1615626949149 0.8901227709876766 151
1615627043434 0.8903383782151449 152
1615627043434 0.8903383782151449 152
1615627136911 0.8905645462428531 153
1615627136911 0.8905645462428531 153
1615627230642 0.8907882511353888 154
1615627230642 0.8907882511353888 154
1615627323810 0.8909884660768151 155
1615627323810 0.8909884660768151 155
1615627417488 0.8911967266388878 156
1615627417488 0.8911967266388878 156
1615627510785 0.8913937338057608 157
1615627510785 0.8913937338057608 157
1615627604454 0.8915725730759604 158
1615627604454 0.8915725730759604 158
1615627696997 0.8917870074368096 159
1615627696997 0.8917870074368096 159
1615627789471 0.891979253116577 160
1615627789471 0.891979253116577 160
1615627881734 0.8921732220040907 161
1615627881734 0.8921732220040907 161
1615627973528 0.8923452031179457 162
1615627973528 0.8923452031179457 162
1615628065576 0.892546366269266 163
1615628065576 0.892546366269266 163
1615628157595 0.8927706693801635 164
1615628157595 0.8927706693801635 164
1615628249674 0.8929925582652508 165
1615628249674 0.8929925582652508 165
1615628341767 0.8931580309102121 166
1615628341767 0.8931580309102121 166
1615628433662 0.8932727896356883 167
1615628433662 0.8932727896356883 167
1615628525548 0.8934135001278105 168
1615628525548 0.8934135001278105 168
1615628617957 0.8935500471511755 169
1615628617957 0.8935500471511755 169
1615628710252 0.8937249018980503 170
1615628710252 0.8937249018980503 170
1615628802423 0.8939100328205088 171
1615628802423 0.8939100328205088 171
1615628894449 0.8941280313977767 172
1615628894449 0.8941280313977767 172
1615628986755 0.8943316866534283 173
1615628986755 0.8943316866534283 173
1615629079038 0.894510825143885 174
1615629079038 0.894510825143885 174
1615629171124 0.8947030332990201 175
1615629171124 0.8947030332990201 175
1615629263356 0.8949085609100429 176
1615629263356 0.8949085609100429 176
1615629355732 0.8951350728082049 177
1615629355732 0.8951350728082049 177
1615629447765 0.895316043005287 178
1615629447765 0.895316043005287 178
1615629539620 0.8954951415345025 179
1615629539620 0.8954951415345025 179
1615629631916 0.8956983700714723 180
1615629631916 0.8956983700714723 180
1615629724058 0.8958524364241206 181
1615629724058 0.8958524364241206 181
1615629816179 0.8960143075917906 182
1615629816179 0.8960143075917906 182
1615629908448 0.8962233993913774 183
1615629908448 0.8962233993913774 183
1615630001213 0.8964298677374132 184
1615630001213 0.8964298677374132 184
1615630093655 0.8965964672306491 185
1615630093655 0.8965964672306491 185
1615630185932 0.8967890588178493 186
1615630185932 0.8967890588178493 186
1615630278069 0.8969639441100175 187
1615630278069 0.8969639441100175 187
1615630370336 0.8971188958026167 188
1615630370336 0.8971188958026167 188
1615630463002 0.8972895445444059 189
1615630463002 0.8972895445444059 189
1615630555534 0.8974766299204803 190
1615630555534 0.8974766299204803 190
1615630647694 0.8976138664113558 191
1615630647694 0.8976138664113558 191
1615630739614 0.8977848925981328 192
1615630739614 0.8977848925981328 192
1615630831847 0.8979614567422015 193
1615630831847 0.8979614567422015 193
1615630923736 0.8981271254439785 194
1615630923736 0.8981271254439785 194
1615631015896 0.8983189372273186 195
1615631015896 0.8983189372273186 195
1615631108058 0.8984953999020914 196
1615631108058 0.8984953999020914 196
1615631200097 0.8986672521107599 197
1615631200097 0.8986672521107599 197
1615631291962 0.8988079872502869 198
1615631291962 0.8988079872502869 198
1615631384176 0.8989665047360116 199
1615631384176 0.8989665047360116 199
1615631476584 0.8991471626359112 200
1615631476584 0.8991471626359112 200
1615631569496 0.8992760452764336 201
1615631569496 0.8992760452764336 201
1615631661795 0.899446179828325 202
1615631661795 0.899446179828325 202
1615631753961 0.8996318068433278 203
1615631753961 0.8996318068433278 203
1615631846137 0.8998121956741008 204
1615631846137 0.8998121956741008 204
1615631938670 0.8999841326547807 205
1615631938670 0.8999841326547807 205
1615632030755 0.900142293276756 206
1615632030755 0.900142293276756 206
1615632123047 0.9002422705588355 207
1615632123063 0.9002422705588355 207
1615632215242 0.9003886681190799 208
1615632215242 0.9003886681190799 208
1615632307548 0.9005372317247071 209
1615632307548 0.9005372317247071 209
1615632400182 0.9006663345263207 210
1615632400182 0.9006663345263207 210
1615632492273 0.9007915735794999 211
1615632492273 0.9007915735794999 211
1615632584490 0.9009646573061224 212
1615632584500 0.9009646573061224 212
1615632676685 0.9010972837808517 213
1615632676685 0.9010972837808517 213
1615632768880 0.9012691126326255 214
1615632768880 0.9012691126326255 214
1615632860992 0.9014115479101383 215
1615632860992 0.9014115479101383 215
1615632953253 0.9015816366499207 216
1615632953253 0.9015816366499207 216
1615633045423 0.9017523479983715 217
1615633045423 0.9017523479983715 217
1615633137960 0.9018946581572889 218
1615633137960 0.9018946581572889 218
1615633230239 0.9020484177815242 219
1615633230239 0.9020484177815242 219
1615633322537 0.902228979864942 220
1615633322537 0.902228979864942 220
1615633414860 0.9024067402892323 221
1615633414860 0.9024067402892323 221
1615633506906 0.9025971301779633 222
1615633506906 0.9025971301779633 222
1615633599267 0.9027491797643928 223
1615633599267 0.9027491797643928 223
1615633691970 0.902909416580329 224
1615633691970 0.902909416580329 224
1615633784116 0.9030801554835017 225
1615633784116 0.9030801554835017 225
1615633876319 0.9032088138302218 226
1615633876319 0.9032088138302218 226
1615633968665 0.9033556226209299 227
1615633968681 0.9033556226209299 227
1615634060823 0.9034457711491621 228
1615634060823 0.9034457711491621 228
1615634152789 0.9035559927709862 229
1615634152789 0.9035559927709862 229
1615634245140 0.9036770266033467 230
1615634245140 0.9036770266033467 230
1615634337474 0.9038198857598883 231
1615634337481 0.9038198857598883 231
1615634429550 0.9039305318098025 232
1615634429550 0.9039305318098025 232
1615634521704 0.9040657758101155 233
1615634521704 0.9040657758101155 233
1615634614444 0.9042356934643296 234
1615634614444 0.9042356934643296 234
1615634706661 0.9043795848821305 235
1615634706671 0.9043795848821305 235
1615634798951 0.904541390826883 236
1615634798951 0.904541390826883 236
1615634891275 0.9046633025493709 237
1615634891275 0.9046633025493709 237
1615634983706 0.9048496435234049 238
1615634983706 0.9048496435234049 238
1615635076481 0.9049256447556695 239
1615635076496 0.9049256447556695 239
1615635168966 0.9050371574200223 240
1615635168976 0.9050371574200223 240
1615635261178 0.9051673944149891 241
1615635261178 0.9051673944149891 241
1615635353366 0.9052897687500526 242
1615635353366 0.9052897687500526 242
1615635445680 0.9054031097529545 243
1615635445680 0.9054031097529545 243
1615635538217 0.9055201244853981 244
1615635538217 0.9055201244853981 244
1615635630346 0.9056594554152254 245
1615635630346 0.9056594554152254 245
1615635722601 0.9057952667521733 246
1615635722601 0.9057952667521733 246
1615635814806 0.9059333627849377 247
1615635814806 0.9059333627849377 247
1615635907247 0.9060382225947569 248
1615635907247 0.9060382225947569 248
1615635999526 0.9061466644719911 249
1615635999526 0.9061466644719911 249
