1615612841065 0.30208599923261953 0
1615612934633 0.2484994855389666 1
1615613028242 0.22904629671751564 2
1615613121711 0.21354665885220714 3
1615613215714 0.20275548981196848 4
1615613309246 0.19843960594181995 5
1615613402494 0.1905047829979773 6
1615613496122 0.1838840142782055 7
1615613589552 0.18123370616590206 8
1615613683302 0.177323709495032 9
1615613777127 0.1734717967875777 10
1615613870735 0.1693450002676219 11
1615613964377 0.16634282822176455 12
1615614058141 0.16298266762355243 13
1615614151568 0.16076572546318396 14
1615614245666 0.15883346352337013 15
1615614339408 0.1569323880406615 16
1615614433158 0.1548583537191894 17
1615614526627 0.15264522078836987 18
1615614621093 0.1505515968176856 19
1615614714924 0.14962423106161685 20
1615614808618 0.1483071926410033 21
1615614902031 0.1470026594721443 22
1615614995354 0.1456637818792566 23
1615615088794 0.1448496386542249 24
1615615182447 0.14395477101805562 25
1615615276258 0.1427720740659913 26
1615615370032 0.1415020007250914 27
1615615463773 0.14033318019931731 28
1615615557473 0.13918072664322542 29
1615615650916 0.13811603557277194 30
1615615744179 0.13704412983758235 31
1615615837747 0.1360335661134586 32
1615615931126 0.13509733144184075 33
1615616024497 0.13416491220754853 34
1615616118037 0.13325996163176063 35
1615616211653 0.1323600816072692 36
1615616305322 0.13147454566592223 37
1615616398847 0.13060800437492925 38
1615616492463 0.12992250861516635 39
1615616585898 0.1293230907978645 40
1615616678962 0.1287024763982687 41
1615616772071 0.12806368412056218 42
1615616865448 0.127421647613537 43
1615616959126 0.1269968240019891 44
1615617052455 0.12636136500035527 45
1615617145804 0.12595756661895718 46
1615617239363 0.1256841084739165 47
1615617332646 0.12537285041925275 48
1615617426210 0.12497210550664073 49
1615617519621 0.12443532588225828 50
1615617613132 0.12388562884109025 51
1615617706644 0.12333628571359109 52
1615617799586 0.12276965066699967 53
1615617892693 0.12227489228487982 54
1615617985799 0.12176807553592772 55
1615618079259 0.12125953873529204 56
1615618172441 0.12088665205120608 57
1615618265570 0.12059333125096826 58
1615618358824 0.12032320222154776 59
1615618451116 0.1199600896801492 60
1615618544518 0.11951447896332938 61
1615618637437 0.119066203891652 62
1615618730388 0.11862557019982761 63
1615618823474 0.11818832713345022 64
1615618916408 0.11775144511410034 65
1615619009402 0.1173432091876323 66
1615619102482 0.1169250629861905 67
1615619195674 0.11654521222241426 68
1615619288860 0.1161372129215614 69
1615619382358 0.11571338471430094 70
1615619475477 0.1153299897217236 71
1615619568698 0.11492456008602661 72
1615619660972 0.1144901751967003 73
1615619754139 0.11412958973082733 74
1615619847690 0.11376490068782148 75
1615619940636 0.11336115828131628 76
1615620034101 0.1129925735964886 77
1615620127401 0.11260064826578309 78
1615620220922 0.11226547873064649 79
1615620314293 0.11188519491946383 80
1615620407925 0.11153127458644942 81
1615620501094 0.1111950260918467 82
1615620594455 0.11082405423813023 83
1615620687999 0.11047399166490651 84
1615620781370 0.11009596141830406 85
1615620873689 0.10974672138639814 86
1615620966997 0.10941136704209371 87
1615621060454 0.10910204327308383 88
1615621153737 0.1087688868615164 89
1615621247663 0.1085682467337375 90
1615621341435 0.10870672506144254 91
1615621434764 0.1085463350570291 92
1615621528141 0.10831851468422397 93
1615621621692 0.10808067710401492 94
1615621715652 0.10788234807921575 95
1615621809380 0.10769894962623341 96
1615621902629 0.10748984224179724 97
1615621996084 0.10720832332952976 98
1615622089545 0.10694587425509486 99
1615622182831 0.1067751796749047 100
1615622275826 0.10650939595326009 101
1615622368872 0.10626203837454819 102
1615622462664 0.10598832363718266 103
1615622555995 0.10570397273648599 104
1615622649455 0.10543031197002449 105
1615622742852 0.10514756346666783 106
1615622836232 0.10485101251097387 107
1615622929672 0.10456663942265206 108
1615623023366 0.10429637218589206 109
1615623116806 0.10401711191271228 110
1615623210231 0.10375346407802621 111
1615623303802 0.103464475058766 112
1615623397098 0.10323521949820999 113
1615623490639 0.10299227358380508 114
1615623584276 0.10274636000011358 115
1615623677748 0.1025186457763537 116
1615623770942 0.1022500150827344 117
1615623864310 0.10200052222926861 118
1615623957836 0.10174325710505389 119
1615624051502 0.10149836940919477 120
1615624144747 0.10124608444094156 121
1615624238214 0.1010218145936716 122
1615624331875 0.10078606995958855 123
1615624425313 0.10055268768766026 124
1615624518490 0.10033510323526502 125
1615624611824 0.10009515854289347 126
1615624705192 0.09987810478587421 127
1615624798346 0.0996362724735079 128
1615624891689 0.0994274576824376 129
1615624984850 0.09919557033427766 130
1615625078209 0.09895004578733373 131
1615625171611 0.09870482036232903 132
1615625265000 0.09848846387268301 133
1615625358139 0.09827524849299629 134
1615625451441 0.09803593139097912 135
1615625544732 0.09782588064365358 136
1615625638347 0.09760095518490923 137
1615625731434 0.09736100623549515 138
1615625825019 0.09713168965219683 139
1615625919164 0.09691647434910977 140
1615626012728 0.0967185402370085 141
1615626106296 0.0965406668670191 142
1615626199779 0.09639544746719579 143
1615626293333 0.09621012937267963 144
1615626386866 0.09602195168292192 145
1615626480285 0.09581429594143326 146
1615626574169 0.09562004069952094 147
1615626667697 0.09544693421806415 148
1615626761473 0.09527117341312004 149
1615626855484 0.09507975167550382 150
1615626949134 0.09490262672527508 151
1615627043434 0.09472209862320259 152
1615627136911 0.09452379120137942 153
1615627230642 0.09432609996143643 154
1615627323810 0.09415515043751012 155
1615627417488 0.09397176811592874 156
1615627510785 0.09380072921700314 157
1615627604454 0.09364623962115154 158
1615627696997 0.09345945525747622 159
1615627789455 0.09329488339985087 160
1615627881734 0.0931342377207084 161
1615627973528 0.09298704757368197 162
1615628065576 0.09281238155187929 163
1615628157579 0.09261727152987871 164
1615628249674 0.09242062072620137 165
1615628341767 0.09227790663331617 166
1615628433662 0.09218655364070276 167
1615628525548 0.09206983010423354 168
1615628617957 0.09194866757417998 169
1615628710252 0.09179688952528303 170
1615628802407 0.09164155118169982 171
1615628894449 0.09145064922580742 172
1615628986755 0.09127354624443586 173
1615629079038 0.09112523169914029 174
1615629171109 0.09096109775606452 175
1615629263340 0.09078104423224112 176
1615629355732 0.09058660242294833 177
1615629447765 0.09043373713588368 178
1615629539620 0.09028215812114534 179
1615629631916 0.09010472756831141 180
1615629724058 0.08997318759616793 181
1615629816169 0.08982928597842502 182
1615629908440 0.08964614641697351 183
1615630001213 0.08946369816190339 184
1615630093655 0.08932175237492328 185
1615630185916 0.08915501183585862 186
1615630278069 0.0890087106703727 187
1615630370336 0.08887195278850195 188
1615630463002 0.08872263884787841 189
1615630555534 0.08856365130060745 190
1615630647694 0.0884473870475938 191
1615630739599 0.08829959515545849 192
1615630831847 0.08814773298736932 193
1615630923734 0.0880035237019608 194
1615631015896 0.08783597212047639 195
1615631108043 0.08768315929943464 196
1615631200097 0.08753289084852893 197
1615631291962 0.08740847291176054 198
1615631384176 0.08727051312354066 199
1615631476569 0.08711207271498589 200
1615631569496 0.08700132632037105 201
1615631661795 0.08685435185878727 202
1615631753961 0.08668971581088537 203
1615631846137 0.08653156994297838 204
1615631938670 0.08638524139399038 205
1615632030755 0.08625093415541754 206
1615632123047 0.0861660854508148 207
1615632215242 0.08603673017698375 208
1615632307548 0.0859085813217664 209
1615632400182 0.08579711772144664 210
1615632492273 0.08569040472777378 211
1615632584490 0.08553952603924536 212
1615632676669 0.08542632326236373 213
1615632768880 0.08527687466504542 214
1615632860984 0.08515580093633274 215
1615632953245 0.08500720317544609 216
1615633045407 0.08485793114916418 217
1615633137960 0.08473555097093788 218
1615633230239 0.08460653111682329 219
1615633322537 0.08445026450744231 220
1615633414860 0.08429345458092763 221
1615633506906 0.08412804807671004 222
1615633599257 0.08399821819463515 223
1615633691970 0.08385806417386131 224
1615633784100 0.083710705567943 225
1615633876319 0.0836023671699625 226
1615633968665 0.08347511611845704 227
1615634060823 0.08339891474584023 228
1615634152789 0.08330169315465 229
1615634245140 0.08320074813298307 230
1615634337474 0.08307912159275896 231
1615634429550 0.0829854004777575 232
1615634521688 0.0828663440615353 233
1615634614444 0.08271794853304332 234
1615634706661 0.08259327731915372 235
1615634798951 0.08245109649560066 236
1615634891259 0.08235171748631034 237
1615634983706 0.0821880050380873 238
1615635076481 0.0821228704679368 239
1615635168966 0.08203059803290048 240
1615635261178 0.08191762486500526 241
1615635353350 0.08181167371544977 242
1615635445680 0.08171657075618279 243
1615635538217 0.0816171935408572 244
1615635630346 0.08149724258133657 245
1615635722601 0.08138030398265853 246
1615635814806 0.08126095941735964 247
1615635907247 0.08117412046327767 248
1615635999526 0.08108265862180224 249
