1615612841049 0.6889192559825841 0
1615612934617 0.7747615589134729 1
1615613028235 0.7796509365982084 2
1615613121695 0.807470424406564 3
1615613215699 0.816361470342572 4
1615613309231 0.796799456839686 5
1615613402494 0.8347178102651639 6
1615613496116 0.8396585679321147 7
1615613589552 0.8151187691003529 8
1615613683302 0.834138310166882 9
1615613777111 0.8452311893230053 10
1615613870719 0.8554113211471643 11
1615613964377 0.8497118954894258 12
1615614058141 0.8605991321713177 13
1615614151568 0.8507616954730518 14
1615614245666 0.8504277985376208 15
1615614339408 0.8531829028654454 16
1615614433158 0.8607546682678052 17
1615614526621 0.869259941600152 18
1615614621089 0.8715706102883638 19
1615614714909 0.8453685272095809 20
1615614808602 0.8618475312172477 21
1615614902031 0.8632721108064723 22
1615614995348 0.867008266053093 23
1615615088778 0.8536536997712371 24
1615615182431 0.858220357670268 25
1615615276258 0.8692449901753397 26
1615615370016 0.8763082104165163 27
1615615463773 0.8757375731174626 28
1615615557473 0.8777375513715531 29
1615615650901 0.8764977295563292 30
1615615744164 0.8779663996242765 31
1615615837732 0.8803376071711084 32
1615615931110 0.8781115369343045 33
1615616024497 0.8812996355900123 34
1615616118030 0.8825908486745251 35
1615616211637 0.8823575575405093 36
1615616305322 0.8846814273231065 37
1615616398847 0.8855448252896765 38
1615616492463 0.8797913286000935 39
1615616585891 0.878470782468568 40
1615616678962 0.8794569146277299 41
1615616772071 0.8836358168454312 42
1615616865448 0.8854060733496253 43
1615616959110 0.8738852538057228 44
1615617052455 0.8863220233748208 45
1615617145804 0.87595124164624 46
1615617239347 0.8695545124251451 47
1615617332646 0.8710138128319783 48
1615617426194 0.8774900467538121 49
1615617519606 0.8859408903700202 50
1615617613132 0.8893311678696034 51
1615617706628 0.8896421757874204 52
1615617799586 0.8922813193344358 53
1615617892678 0.8888139306609311 54
1615617985784 0.890684204203869 55
1615618079259 0.8921701147485135 56
1615618172441 0.8842503494068757 57
1615618265570 0.8805074479375312 58
1615618358809 0.8775151742260847 59
1615618451100 0.8865494529035554 60
1615618544518 0.8924032456394452 61
1615618637422 0.8930168438758423 62
1615618730388 0.8939649051249917 63
1615618823474 0.8941537684469081 64
1615618916408 0.8956395132995364 65
1615619009402 0.8951183819948737 66
1615619102482 0.8972018792558072 67
1615619195659 0.8950510443146549 68
1615619288845 0.8981178927777419 69
1615619382358 0.9005894805513212 70
1615619475477 0.8974235205730395 71
1615619568682 0.8993992273932072 72
1615619660956 0.9034591615200043 73
1615619754139 0.8991125217124597 74
1615619847674 0.898533024672252 75
1615619940630 0.9036717600564459 76
1615620034101 0.9019144471011945 77
1615620127401 0.9047539556649193 78
1615620220922 0.9007511052177913 79
1615620314293 0.9053252132526085 80
1615620407925 0.9041141293831726 81
1615620501079 0.9037754302149388 82
1615620594455 0.9069205320148326 83
1615620687992 0.9062984843752278 84
1615620781354 0.9089737296549242 85
1615620873673 0.9077199326077504 86
1615620966989 0.906751128275003 87
1615621060454 0.9049359991479276 88
1615621153737 0.9082127602687523 89
1615621247663 0.893941480499595 90
1615621341435 0.8590960760614765 91
1615621434748 0.8913747908464119 92
1615621528126 0.8995174207349321 93
1615621621685 0.9004969859301154 94
1615621715636 0.897492312895718 95
1615621809380 0.8963522960000964 96
1615621902614 0.900184590202659 97
1615621996065 0.9075567244148967 98
1615622089529 0.9062588270475616 99
1615622182825 0.8955204822679064 100
1615622275810 0.9072159148419081 101
1615622368872 0.9062318477168012 102
1615622462664 0.9095986732351247 103
1615622555979 0.9116571096342001 104
1615622649455 0.9120328573148642 105
1615622742852 0.9123074376761023 106
1615622836225 0.9145298895996008 107
1615622929672 0.9145851833606834 108
1615623023360 0.9126981067568508 109
1615623116790 0.9141373120581926 110
1615623210215 0.9132044562208119 111
1615623303796 0.917080204655875 112
1615623397098 0.9103434016900276 113
1615623490623 0.9123869900827977 114
1615623584260 0.9135018115612998 115
1615623677748 0.9128543013957009 116
1615623770942 0.918424968621624 117
1615623864310 0.9153165356881583 118
1615623957836 0.9174458644728163 119
1615624051502 0.9161592274904251 120
1615624144747 0.9173746673918483 121
1615624238214 0.9137740594460003 122
1615624331868 0.9166105042642622 123
1615624425313 0.9161227572320113 124
1615624518490 0.914912542967654 125
1615624611824 0.9188370137517132 126
1615624705192 0.9163085395720467 127
1615624798330 0.9200642978522315 128
1615624891674 0.9166892262092278 129
1615624984850 0.9190549423445517 130
1615625078209 0.9220949148953851 131
1615625171595 0.9224455768047873 132
1615625264984 0.9201051439367124 133
1615625358124 0.9192559736878124 134
1615625451426 0.9240235401623285 135
1615625544732 0.9196799909000966 136
1615625638331 0.9222364040897854 137
1615625731434 0.9249653173471565 138
1615625825012 0.9241464469415038 139
1615625919148 0.922138930256687 140
1615626012728 0.9201360349334887 141
1615626106296 0.9181320923033045 142
1615626199779 0.9138243169482074 143
1615626293333 0.9191524326356489 144
1615626386866 0.9206254524526312 145
1615626480279 0.9234692325342947 146
1615626574154 0.9222503273344752 147
1615626667697 0.9198897996945168 148
1615626761457 0.9193178753354656 149
1615626855484 0.9227144171052905 150
1615626949134 0.9205431840313014 151
1615627043418 0.9231106767903513 152
1615627136896 0.9251682544822124 153
1615627230642 0.9252388045858981 154
1615627323810 0.9220217819978942 155
1615627417472 0.9236853743222222 156
1615627510778 0.922323859004832 157
1615627604439 0.9198291777674832 158
1615627696981 0.9258820708118268 159
1615627789455 0.9227385618793431 160
1615627881718 0.923402212893785 161
1615627973512 0.9202061435624734 162
1615628065561 0.9253359599344766 163
1615628157579 0.9295563795673314 164
1615628249674 0.9296042243046547 165
1615628341751 0.9206264899737799 166
1615628433662 0.9124374967902454 167
1615628525532 0.9170528628043274 168
1615628617951 0.9166264940998448 169
1615628710236 0.9234502088667741 170
1615628802407 0.9255674205609222 171
1615628894449 0.931623786687851 172
1615628986755 0.9295640458811575 173
1615629079023 0.9256809224833303 174
1615629171109 0.928339460447653 175
1615629263340 0.9310814204500683 176
1615629355716 0.9352276787829044 177
1615629447750 0.9275287380859033 178
1615629539610 0.9275537782640599 179
1615629631901 0.9322795067260514 180
1615629724058 0.9237384462534491 181
1615629816169 0.9254748601077208 182
1615629908440 0.9344871987157793 183
1615630001213 0.9344200434079811 184
1615630093655 0.9274173734793022 185
1615630185916 0.9326110940370986 186
1615630278069 0.9296674937454622 187
1615630370336 0.9262498140112677 188
1615630463002 0.9295421567425799 189
1615630555519 0.9330228513746119 190
1615630647678 0.9238260361685682 191
1615630739599 0.930621920459306 192
1615630831831 0.932038336547453 193
1615630923726 0.9302668535887305 194
1615631015881 0.9357222349786046 195
1615631108043 0.9330820841575737 196
1615631200087 0.9325221372184469 197
1615631291962 0.926673544876611 198
1615631384160 0.9305114843952123 199
1615631476569 0.9352787426158563 200
1615631569480 0.9251814560214086 201
1615631661795 0.9338133593103779 202
1615631753946 0.9373140908888916 203
1615631846121 0.9366115171517899 204
1615631938670 0.9352312136941882 205
1615632030755 0.9327233814036668 206
1615632123047 0.920937567949295 207
1615632215226 0.930839360649906 208
1615632307548 0.9315870253007803 209
1615632400172 0.9277779228651701 210
1615632492257 0.9272170138003221 211
1615632584490 0.9376584073500847 212
1615632676669 0.9293467228981986 213
1615632768864 0.9380404869122292 214
1615632860984 0.932035132575391 215
1615632953245 0.9383208044429323 216
1615633045407 0.938796710612169 217
1615633137944 0.9329182728012996 218
1615633230223 0.935721775489067 219
1615633322537 0.9419526382168727 220
1615633414845 0.9416917940573906 221
1615633506890 0.9448636854762462 222
1615633599257 0.9366562375381812 223
1615633691955 0.9388024633500114 224
1615633784100 0.9414964086973845 225
1615633876304 0.9322856001889528 226
1615633968665 0.9366812181116929 227
1615634060823 0.9239996355860981 228
1615634152789 0.9287967441686943 229
1615634245125 0.9315148080462841 230
1615634337459 0.9368203509209762 231
1615634429550 0.9296004153899292 232
1615634521688 0.9355776278830287 233
1615634614428 0.9439964245504407 234
1615634706661 0.9381940680653301 235
1615634798935 0.9427275937884602 236
1615634891259 0.9335563807789959 237
1615634983690 0.9491987953435129 238
1615635076481 0.9230899392668881 239
1615635168966 0.9318001968647117 240
1615635261178 0.9365545102019808 241
1615635353350 0.934904357835428 242
1615635445664 0.932944973458105 243
1615635538202 0.9340717192016431 244
1615635630330 0.9397955332229386 245
1615635722585 0.9392048556413224 246
1615635814806 0.9400430828777712 247
1615635907231 0.9320434554299312 248
1615635999526 0.9331486919032994 249
