1615612841049 19.215674156361704 0
1615612934617 14.69960262726212 1
1615613028235 15.078371513193225 2
1615613121711 13.577043145015255 3
1615613215699 13.942501484078308 4
1615613309246 14.325869388620891 5
1615613402494 12.376029519874882 6
1615613496116 12.840135101750652 7
1615613589552 13.485027537051037 8
1615613683302 12.971861695997458 9
1615613777127 12.980681364582114 10
1615613870735 11.884878667546742 11
1615613964377 13.47161577129436 12
1615614058141 11.335344585633935 13
1615614151568 11.831120511015442 14
1615614245666 13.262163679318505 15
1615614339408 12.170378493110706 16
1615614433158 11.999598300705095 17
1615614526621 11.165168127682085 18
1615614621093 11.51506028045008 19
1615614714909 13.215885321480702 20
1615614808602 11.412792180092076 21
1615614902031 11.74286546866566 22
1615614995348 11.250165421205113 23
1615615088778 11.826127011830414 24
1615615182431 12.307189251051433 25
1615615276258 11.28716761494269 26
1615615370016 10.602861931054257 27
1615615463773 10.781780962389492 28
1615615557473 10.25168624895008 29
1615615650916 10.652526492520812 30
1615615744164 10.441318023780278 31
1615615837732 10.324502879745742 32
1615615931126 10.044535294251377 33
1615616024497 9.569391645554031 34
1615616118030 10.505908202455457 35
1615616211637 10.047801191195274 36
1615616305322 10.447164426667326 37
1615616398847 8.969440170778826 38
1615616492463 10.192881627698274 39
1615616585898 9.780917715365357 40
1615616678962 9.88130481406108 41
1615616772071 9.785266283417998 42
1615616865448 9.177083617932894 43
1615616959126 9.97216358640652 44
1615617052455 9.293292118883842 45
1615617145804 11.774816950629955 46
1615617239347 10.627179662578104 47
1615617332646 10.434407563810346 48
1615617426194 10.016843724260458 49
1615617519621 8.968652499850934 50
1615617613132 9.555239383087248 51
1615617706644 9.522541207984041 52
1615617799586 8.733961859951386 53
1615617892693 9.266292129902455 54
1615617985784 8.891924851712377 55
1615618079259 8.734865421830273 56
1615618172441 9.807604136298545 57
1615618265570 10.541477839977969 58
1615618358824 10.769710026530522 59
1615618451116 9.179456714429334 60
1615618544518 8.906365646005309 61
1615618637422 8.676310349591695 62
1615618730388 8.654583095545675 63
1615618823474 8.850222769336447 64
1615618916408 8.685244579409853 65
1615619009402 8.594205386219693 66
1615619102482 8.540354086165337 67
1615619195674 9.141359676965916 68
1615619288860 8.523822710766357 69
1615619382358 8.377809941687376 70
1615619475477 8.787376802037944 71
1615619568698 8.52647924773611 72
1615619660956 8.48638049789132 73
1615619754139 8.609706821667773 74
1615619847674 8.685836140642802 75
1615619940630 7.863326190512684 76
1615620034101 8.385403547219994 77
1615620127401 8.17891851761456 78
1615620220922 9.357773758239754 79
1615620314293 7.773941402531203 80
1615620407925 8.653213013740405 81
1615620501079 8.387825052463116 82
1615620594455 8.027705660065461 83
1615620687992 8.613562866237631 84
1615620781354 7.6509629139494475 85
1615620873689 8.401501894307023 86
1615620966989 7.7057951366339426 87
1615621060454 8.717918684874943 88
1615621153737 8.16945138315021 89
1615621247663 9.518793358695032 90
1615621341435 12.81930249593259 91
1615621434764 9.137441660907845 92
1615621528126 9.431453835874402 93
1615621621692 9.209878798118204 94
1615621715636 9.050956493939179 95
1615621809380 8.975850948147514 96
1615621902614 8.748507806987824 97
1615621996082 7.826027760501159 98
1615622089529 8.32105956174175 99
1615622182825 8.833870297353862 100
1615622275826 8.258540305974725 101
1615622368872 8.134973456186552 102
1615622462664 8.59132913055367 103
1615622555995 8.156164297534659 104
1615622649455 7.6319763379969725 105
1615622742852 7.829994156623505 106
1615622836225 8.17175430594544 107
1615622929672 7.353309081842864 108
1615623023366 8.111840986135215 109
1615623116790 7.758691831411767 110
1615623210231 7.783122218962931 111
1615623303802 7.224659694458769 112
1615623397098 7.983277969540882 113
1615623490639 9.784609439121207 114
1615623584276 8.460629958455034 115
1615623677748 7.604070255032644 116
1615623770942 7.358266096773449 117
1615623864310 7.776182868515563 118
1615623957836 7.083224288641194 119
1615624051502 8.934210583755526 120
1615624144747 8.000577108639833 121
1615624238214 7.521197374888184 122
1615624331868 7.034461858671385 123
1615624425313 9.260765789673698 124
1615624518490 7.266809225239011 125
1615624611824 7.490859053789229 126
1615624705192 7.58990956376815 127
1615624798330 8.315176774090656 128
1615624891689 7.393140435875847 129
1615624984850 7.1298840376681065 130
1615625078209 7.924581046091004 131
1615625171595 7.191699155338785 132
1615625264984 7.555824230588786 133
1615625358124 7.126696296484287 134
1615625451426 7.488082949857121 135
1615625544732 7.1208115263823615 136
1615625638331 8.09727268583229 137
1615625731434 6.5732710777032475 138
1615625825012 8.7625873355926 139
1615625919148 7.143635972712602 140
1615626012728 8.012786285211895 141
1615626106296 8.557810358258648 142
1615626199779 7.266340857125155 143
1615626293333 7.660041652594115 144
1615626386866 7.115529465792132 145
1615626480279 8.143252843118967 146
1615626574154 8.264580254390761 147
1615626667697 7.341257296013583 148
1615626761457 8.132722381564749 149
1615626855484 7.11485101044763 150
1615626949134 7.848990614859945 151
1615627043418 7.5090425599105375 152
1615627136896 7.0822846554793575 153
1615627230642 7.032461647020173 154
1615627323810 6.959136320489376 155
1615627417472 6.952426890818023 156
1615627510785 6.998336962245445 157
1615627604454 8.675421397893823 158
1615627696981 9.146728459506308 159
1615627789455 6.962605707763812 160
1615627881734 7.914247952356122 161
1615627973528 6.886230435438406 162
1615628065561 7.4753525356047925 163
1615628157579 6.509426204326476 164
1615628249674 7.837841317855676 165
1615628341751 6.641967545732882 166
1615628433662 7.716025264857627 167
1615628525548 9.750145282313682 168
1615628617957 8.107888692677268 169
1615628710252 7.086852908621361 170
1615628802407 6.650523871434673 171
1615628894449 8.19400868571665 172
1615628986755 6.346415078769516 173
1615629079023 6.230670005761157 174
1615629171109 6.553062950008411 175
1615629263340 6.605591818936958 176
1615629355732 7.943997979595078 177
1615629447750 6.658219516618034 178
1615629539610 6.536023240941022 179
1615629631901 7.219371178150642 180
1615629724058 8.489169153356986 181
1615629816169 6.5626919112353255 182
1615629908440 8.678459183511748 183
1615630001213 6.500854644489891 184
1615630093655 6.384590294832257 185
1615630185916 8.136885167867808 186
1615630278069 6.711110026008096 187
1615630370336 7.854004105271797 188
1615630463002 9.802512579263869 189
1615630555534 7.273604764658354 190
1615630647694 8.70951627564974 191
1615630739599 6.910821726584674 192
1615630831847 8.133594057341034 193
1615630923726 6.63540711413911 194
1615631015896 7.522927230524001 195
1615631108043 7.490453315740603 196
1615631200095 7.478451612584901 197
1615631291962 7.404311159486141 198
1615631384176 7.934355175103499 199
1615631476569 8.919780930025494 200
1615631569496 8.722179664417146 201
1615631661795 6.455402531593857 202
1615631753946 7.011160692285843 203
1615631846121 6.908019414580742 204
1615631938670 6.482849312068348 205
1615632030755 5.954364012777044 206
1615632123047 9.95761571823635 207
1615632215226 6.803811426461546 208
1615632307548 7.462806196680516 209
1615632400182 7.875490627954877 210
1615632492257 7.2636027912594345 211
1615632584490 6.485232211180255 212
1615632676669 7.479820981061664 213
1615632768880 6.504170462785689 214
1615632860984 7.707711375188542 215
1615632953245 6.126633825483921 216
1615633045407 6.133672235747058 217
1615633137944 7.753476762856331 218
1615633230239 6.555816619347732 219
1615633322537 6.771259115507627 220
1615633414845 6.295837940619979 221
1615633506890 5.51407650120974 222
1615633599257 5.909843642222839 223
1615633691970 6.522980917419601 224
1615633784100 6.802655406611192 225
1615633876319 7.0541021576869385 226
1615633968665 6.641136621593927 227
1615634060823 8.164563053635959 228
1615634152789 7.503500054303755 229
1615634245125 7.874558169413069 230
1615634337459 7.745150214505817 231
1615634429550 6.39907068773214 232
1615634521688 7.22426506586651 233
1615634614428 8.005874852751585 234
1615634706661 6.98018983353635 235
1615634798935 6.7461877159691 236
1615634891259 6.413768985133489 237
1615634983706 6.240566692367802 238
1615635076481 9.505092676937831 239
1615635168966 8.183337885715632 240
1615635261178 7.476568053331636 241
1615635353350 7.618013592422804 242
1615635445664 6.575566170756449 243
1615635538202 8.079810119663923 244
1615635630330 6.346069018224846 245
1615635722601 7.127050121876079 246
1615635814806 6.2760496350330905 247
1615635907231 7.1096917512208915 248
1615635999526 6.77409682895858 249
