1615612841049 0.30208599923261953 0
1615612934617 0.19491297184531367 1
1615613028235 0.19013991907461367 2
1615613121695 0.1670477452562816 3
1615613215699 0.15959081365101374 4
1615613309231 0.17686018659107722 5
1615613402479 0.1428958453349213 6
1615613496116 0.13753863323980303 7
1615613589552 0.16003124126747473 8
1615613683286 0.1421337394572016 9
1615613777111 0.13495266971303455 10
1615613870719 0.12395023854810801 11
1615613964377 0.13031676367147646 12
1615614058141 0.11930057984679493 13
1615614151568 0.12972853521802533 14
1615614245666 0.12984953442616248 15
1615614339393 0.1265151803173236 16
1615614433158 0.1195997702541636 17
1615614526621 0.11280882803361807 18
1615614621088 0.1107727413746848 19
1615614714909 0.13107691594024204 20
1615614808602 0.12064938580811914 21
1615614902031 0.11830292975724634 22
1615614995348 0.1148695972428393 23
1615615088778 0.12531020125346398 24
1615615182431 0.12158308011382374 25
1615615276242 0.11202195331231872 26
1615615370016 0.10721002052079386 27
1615615463773 0.10760620547764337 28
1615615557457 0.10575957351656103 29
1615615650901 0.10617530345916748 30
1615615744164 0.10381505204670465 31
1615615837732 0.10369552694149871 32
1615615931110 0.1042015872784515 33
1615616024497 0.10246265824161359 34
1615616118030 0.10158669147918474 35
1615616211637 0.09996440072557819 36
1615616305307 0.0987097158360837 37
1615616398847 0.09767943531719607 38
1615616492463 0.10318817398441371 39
1615616585891 0.10534637810578987 40
1615616678946 0.10325728601484156 41
1615616772071 0.10123440845688778 42
1615616865448 0.09981407781145465 43
1615616959110 0.10830458509388255 44
1615617052455 0.09776570992683296 45
1615617145804 0.10738284107464463 46
1615617239347 0.11283157565700475 47
1615617332646 0.11043246379539148 48
1615617426194 0.1053356047886521 49
1615617519606 0.09759634466313605 50
1615617613132 0.09585107974152067 51
1615617706628 0.09477044308363501 52
1615617799586 0.0927379931976546 53
1615617892678 0.09555793965040747 54
1615617985784 0.09389315434356234 55
1615618079259 0.09278147789969374 56
1615618172441 0.09963211105830634 57
1615618265570 0.10358072483717505 58
1615618358809 0.10438558948573781 59
1615618451100 0.09817333719623622 60
1615618544518 0.09233222523731972 61
1615618637422 0.0912731494476546 62
1615618730373 0.09086564761489185 63
1615618823474 0.09020477088529673 64
1615618916392 0.08935411385635832 65
1615619009402 0.09039963804074187 66
1615619102482 0.08890926748958987 67
1615619195659 0.09071536028563086 68
1615619288845 0.08798526116271517 69
1615619382358 0.0860454102060688 70
1615619475477 0.08810894524873193 71
1615619568682 0.08573362631584282 72
1615619660956 0.08278007827587981 73
1615619754139 0.08744626525622695 74
1615619847674 0.08641322246238367 75
1615619940630 0.08267673538691962 76
1615620034101 0.08461155286475794 77
1615620127385 0.08203047247075324 78
1615620220922 0.08578708545485539 79
1615620314293 0.08146249002485133 80
1615620407910 0.08286372761228192 81
1615620501079 0.08362264953442473 82
1615620594455 0.08003339037966373 83
1615620687992 0.08106873551411416 84
1615620781354 0.07796339045709638 85
1615620873673 0.0797120786424893 86
1615620966989 0.08023553908760868 87
1615621060454 0.08188155160021426 88
1615621153737 0.07911796623201513 89
1615621247663 0.09051063523363712 90
1615621341420 0.12130825288260161 91
1615621434748 0.09379045465099278 92
1615621528126 0.08713122001334803 93
1615621621685 0.08572394456436384 94
1615621715636 0.08904109072329393 95
1615621809364 0.09009269813993084 96
1615621902614 0.08720642595148798 97
1615621996065 0.07961946992731805 98
1615622089529 0.08096341588603917 99
1615622182825 0.08970572165588835 100
1615622275810 0.07966524006715461 101
1615622368872 0.08103156534593496 102
1615622462664 0.0777957056885335 103
1615622555979 0.07613147906403044 104
1615622649455 0.07669593149156713 105
1615622742836 0.07517622211086217 106
1615622836225 0.07312006025171991 107
1615622929657 0.0738543458838961 108
1615623023360 0.07483724337905201 109
1615623116790 0.07329848186293644 110
1615623210215 0.07448855442787285 111
1615623303796 0.07109770490162408 112
1615623397098 0.07732934115537957 113
1615623490623 0.07529643934164475 114
1615623584260 0.0744662978755894 115
1615623677733 0.07610379582020774 116
1615623770927 0.0708202239292771 117
1615623864310 0.0725603655203065 118
1615623957820 0.07112870732350136 119
1615624051502 0.07211184590610105 120
1615624144747 0.07071960328230217 121
1615624238214 0.07366089322673741 122
1615624331868 0.07178947996737352 123
1615624425313 0.07161328596855278 124
1615624518474 0.07313704668585934 125
1615624611809 0.06986212730407715 126
1615624705176 0.07231227764442785 127
1615624798330 0.06868173649061972 128
1615624891674 0.0724903496343698 129
1615624984834 0.06905021507348587 130
1615625078209 0.06678633013767983 131
1615625171595 0.0663350642617069 132
1615625264984 0.06971305074976451 133
1615625358124 0.06970438761497612 134
1615625451426 0.065728122618661 135
1615625544732 0.06925897900737933 136
1615625638331 0.06678616733693366 137
1615625731419 0.06424805121635323 138
1615625825012 0.06525668457372864 139
1615625919148 0.06678633191692296 140
1615626012728 0.06880983043072829 141
1615626106280 0.07128264832852492 142
1615626199763 0.0756290732924618 143
1615626293333 0.06952432376235279 144
1615626386854 0.06873618666805438 145
1615626480263 0.06549655768408705 146
1615626574154 0.06706452013841316 147
1615626667681 0.06982717496245655 148
1615626761457 0.06908281347644862 149
1615626855469 0.06636649103307013 150
1615626949134 0.06815675924073404 151
1615627043418 0.06728182710818391 152
1615627136896 0.06418275566243414 153
1615627230642 0.063881649010217 154
1615627323795 0.06765797422893012 155
1615627417472 0.06536412594923333 156
1615627510778 0.06694762208568517 157
1615627604439 0.06923688347659894 158
1615627696981 0.06376074143310091 159
1615627789455 0.0669633861797959 160
1615627881718 0.06727028337877188 161
1615627973512 0.06914224375539751 162
1615628065561 0.06434181999804368 163
1615628157579 0.06061922792178481 164
1615628249674 0.05997323811943851 165
1615628341751 0.06858736721437368 166
1615628433646 0.07693060387426348 167
1615628525532 0.07246027597740515 168
1615628617951 0.0714721999951263 169
1615628710236 0.06599462121280271 170
1615628802407 0.06507869442897056 171
1615628894449 0.05861551281231553 172
1615628986755 0.0606347304671558 173
1615629079023 0.06531850081771168 174
1615629171109 0.06223765771780441 175
1615629263340 0.05909162403932258 176
1615629355716 0.056170402178123816 177
1615629447750 0.06322371603837654 178
1615629539610 0.06314951448298212 179
1615629631901 0.058167228058202944 180
1615629724042 0.06616445263819908 181
1615629816169 0.06363919154921574 182
1615629908440 0.05613160667134755 183
1615630001205 0.055893219229000715 184
1615630093639 0.06306178178360212 185
1615630185916 0.058141271569835604 186
1615630278054 0.06165039272450689 187
1615630370320 0.06316147099679975 188
1615630462986 0.06050230407003147 189
1615630555519 0.05835601731912413 190
1615630647678 0.06624091472198713 191
1615630739599 0.05992355186547806 192
1615630831831 0.058838334546160345 193
1615630923726 0.060026922332706734 194
1615631015881 0.055163413731019885 195
1615631108043 0.05773184637525188 196
1615631200087 0.05793000602010471 197
1615631291962 0.0627737214316183 198
1615631384160 0.05981651526778491 199
1615631476569 0.05542399100403288 200
1615631569480 0.06474130100278712 201
1615631661779 0.0571655106188646 202
1615631753946 0.05326859808679837 203
1615631846121 0.05426981288995316 204
1615631938655 0.05638788885145045 205
1615632030739 0.05858364300941354 206
1615632123047 0.06860240359804523 207
1615632215226 0.05913083322012602 208
1615632307548 0.059125470581339365 209
1615632400172 0.062389761654298694 210
1615632492257 0.0631739630627988 211
1615632584479 0.053553244071220286 212
1615632676669 0.06131413178657418 213
1615632768864 0.053294874838928676 214
1615632860984 0.05912494926310297 215
1615632953243 0.05291008682393316 216
1615633045407 0.05246590144598662 217
1615633137944 0.05805667211760336 218
1615633230223 0.056351183065727575 219
1615633322530 0.05007161044362766 220
1615633414845 0.0496384608211802 221
1615633506890 0.04740780414040409 222
1615633599249 0.055046154491936984 223
1615633691955 0.05246356352051692 224
1615633784100 0.05055501923632266 225
1615633876304 0.05911788922637256 226
1615633968665 0.054589127426716816 227
1615634060808 0.0660250017892069 228
1615634152773 0.061037948772088804 229
1615634245125 0.05998339314958943 230
1615634337459 0.0549833908009885 231
1615634429534 0.06124210179741703 232
1615634521688 0.055126199081762514 233
1615634614428 0.04799339486591851 234
1615634706653 0.053295542055101536 235
1615634798935 0.048896422137075395 236
1615634891259 0.05879889228450718 237
1615634983690 0.043224442361006095 238
1615635076481 0.0665557082019635 239
1615635168958 0.05988521362418559 240
1615635261178 0.05469109140225311 241
1615635353350 0.05617149552302574 242
1615635445664 0.05860655165430325 243
1615635538202 0.057369153001415193 244
1615635630330 0.052109257498783854 245
1615635722585 0.05261340870786069 246
1615635814797 0.05178285178853505 247
1615635907231 0.05963805985094896 248
1615635999511 0.05830866009441774 249
