1617892893818 0.5483383985259865 0
1617892893820 0.5483383985259865 0
1617893034758 0.6072275011411197 1
1617893034761 0.6072275011411197 1
1617893175528 0.6455977400018194 2
1617893175530 0.6455977400018194 2
1617893314641 0.6752543262194229 3
1617893314643 0.6752543262194229 3
1617893453089 0.6757112587177301 4
1617893453091 0.6757112587177301 4
1617893591668 0.6627061451914944 5
1617893591671 0.6627061451914944 5
1617893729735 0.6697663347393437 6
1617893729738 0.6697663347393437 6
1617893866927 0.6830209406399275 7
1617893866930 0.6830209406399275 7
1617894005034 0.6953434093256708 8
1617894005037 0.6953434093256708 8
1617894145348 0.7035718912188011 9
1617894145350 0.7035718912188011 9
1617894284412 0.7125162607352533 10
1617894284415 0.7125162607352533 10
1617894423696 0.7202208591114242 11
1617894423699 0.7202208591114242 11
1617894561935 0.727019724683671 12
1617894561937 0.727019724683671 12
1617894703721 0.7328250765207663 13
1617894703723 0.7328250765207663 13
1617894843877 0.7383372062117741 14
1617894843879 0.7383372062117741 14
1617894984253 0.7425355180697162 15
1617894984256 0.7425355180697162 15
1617895124128 0.7453398349142217 16
1617895124131 0.7453398349142217 16
1617895264391 0.7489437605300198 17
1617895264393 0.7489437605300198 17
1617895406501 0.7534311093504155 18
1617895406504 0.7534311093504155 18
1617895549768 0.7572344139595575 19
1617895549770 0.7572344139595575 19
1617895691607 0.7612093920769499 20
1617895691609 0.7612093920769499 20
1617895834659 0.7640014602250761 21
1617895834662 0.7640014602250761 21
1617895978808 0.7679527795447645 22
1617895978811 0.7679527795447645 22
1617896120425 0.771960488964611 23
1617896120428 0.771960488964611 23
1617896262480 0.7757307350786427 24
1617896262483 0.7757307350786427 24
1617896403998 0.7792624676311724 25
1617896404001 0.7792624676311724 25
1617896545327 0.7822488194495917 26
1617896545329 0.7822488194495917 26
1617896686267 0.7855908681814742 27
1617896686270 0.7855908681814742 27
1617896827778 0.7885746789763026 28
1617896827780 0.7885746789763026 28
1617896969605 0.791475843554186 29
1617896969607 0.791475843554186 29
1617897112723 0.7940453789762586 30
1617897112725 0.7940453789762586 30
1617897254690 0.7964767102702689 31
1617897254692 0.7964767102702689 31
1617897396099 0.7987183040886937 32
1617897396102 0.7987183040886937 32
1617897536895 0.8003212102014977 33
1617897536898 0.8003212102014977 33
1617897678370 0.8022711560487998 34
1617897678372 0.8022711560487998 34
1617897820313 0.8035557861506198 35
1617897820316 0.8035557861506198 35
1617897961236 0.8051215291522372 36
1617897961239 0.8051215291522372 36
1617898102030 0.8069630354155958 37
1617898102033 0.8069630354155958 37
1617898242260 0.8088366248407147 38
1617898242263 0.8088366248407147 38
1617898382561 0.8100869650911994 39
1617898382564 0.8100869650911994 39
1617898521829 0.8113463805473314 40
1617898521831 0.8113463805473314 40
1617898660474 0.8126313435880024 41
1617898660476 0.8126313435880024 41
1617898799563 0.8136794162552402 42
1617898799565 0.8136794162552402 42
1617898938852 0.8150846191041704 43
1617898938854 0.8150846191041704 43
1617899078573 0.8164146473781243 44
1617899078575 0.8164146473781243 44
1617899217595 0.8174890616476709 45
1617899217597 0.8174890616476709 45
1617899356740 0.818714741292933 46
1617899356742 0.818714741292933 46
1617899495777 0.819760047663202 47
1617899495779 0.819760047663202 47
1617899635139 0.8209025970249583 48
1617899635142 0.8209025970249583 48
1617899773785 0.8221776794232544 49
1617899773787 0.8221776794232544 49
1617899912571 0.8233982258559877 50
1617899912574 0.8233982258559877 50
1617900051039 0.8245248076571816 51
1617900051042 0.8245248076571816 51
1617900189482 0.8257182509482554 52
1617900189484 0.8257182509482554 52
1617900328676 0.8269037425818104 53
1617900328678 0.8269037425818104 53
1617900467328 0.8280163439473518 54
1617900467330 0.8280163439473518 54
1617900606204 0.829156576544284 55
1617900606206 0.829156576544284 55
1617900745295 0.8302344432353079 56
1617900745298 0.8302344432353079 56
1617900885033 0.8310381236508187 57
1617900885036 0.8310381236508187 57
1617901026894 0.8318294255825517 58
1617901026897 0.8318294255825517 58
1617901169777 0.8323812910662627 59
1617901169780 0.8323812910662627 59
1617901311885 0.8329833219681376 60
1617901311887 0.8329833219681376 60
1617901451651 0.833448812948559 61
1617901451653 0.833448812948559 61
1617901591078 0.8342128255514839 62
1617901591080 0.8342128255514839 62
1617901730408 0.8350183528253847 63
1617901730410 0.8350183528253847 63
1617901869620 0.8359216194005431 64
1617901869623 0.8359216194005431 64
1617902009431 0.8367398307774563 65
1617902009434 0.8367398307774563 65
1617902151157 0.83759597722736 66
1617902151159 0.83759597722736 66
1617902292864 0.8384278138905045 67
1617902292866 0.8384278138905045 67
1617902435293 0.8392772530924411 68
1617902435295 0.8392772530924411 68
1617902577533 0.8400593399425971 69
1617902577536 0.8400593399425971 69
1617902720381 0.8406759447467215 70
1617902720383 0.8406759447467215 70
1617902862099 0.8414394250981595 71
1617902862101 0.8414394250981595 71
1617903003870 0.8421929552663825 72
1617903003872 0.8421929552663825 72
1617903145600 0.8429481442670821 73
1617903145603 0.8429481442670821 73
1617903286238 0.8436625847123355 74
1617903286241 0.8436625847123355 74
1617903425824 0.8442357898315428 75
1617903425827 0.8442357898315428 75
1617903565424 0.8445985569569571 76
1617903565426 0.8445985569569571 76
1617903705195 0.8448103556132662 77
1617903705197 0.8448103556132662 77
1617903843849 0.8453240780744572 78
1617903843851 0.8453240780744572 78
1617903983603 0.8458447483971291 79
1617903983606 0.8458447483971291 79
1617904122583 0.8463104274809771 80
1617904122586 0.8463104274809771 80
1617904261212 0.8467460208979377 81
1617904261214 0.8467460208979377 81
1617904400443 0.8472948511855413 82
1617904400445 0.8472948511855413 82
1617904539435 0.8478095850910702 83
1617904539438 0.8478095850910702 83
1617904678533 0.8484384653313473 84
1617904678535 0.8484384653313473 84
1617904817882 0.8489651761123906 85
1617904817885 0.8489651761123906 85
1617904956560 0.8495303668190772 86
1617904956563 0.8495303668190772 86
1617905095803 0.8500849817880098 87
1617905095806 0.8500849817880098 87
1617905234506 0.8506347267693968 88
1617905234509 0.8506347267693968 88
1617905372951 0.8512026390279857 89
1617905372953 0.8512026390279857 89
1617905511875 0.8517332475829404 90
1617905511878 0.8517332475829404 90
1617905650773 0.8522949218628584 91
1617905650775 0.8522949218628584 91
1617905789766 0.8526519486451247 92
1617905789768 0.8526519486451247 92
1617905928439 0.8530295623336002 93
1617905928442 0.8530295623336002 93
1617906067321 0.8533901446904404 94
1617906067324 0.8533901446904404 94
1617906205769 0.8538551555951931 95
1617906205772 0.8538551555951931 95
1617906344230 0.8543183092395483 96
1617906344232 0.8543183092395483 96
1617906483110 0.8547683380443677 97
1617906483112 0.8547683380443677 97
1617906621597 0.8552163898233767 98
1617906621599 0.8552163898233767 98
1617906760599 0.8557041403916779 99
1617906760601 0.8557041403916779 99
1617906899458 0.8558790187913943 100
1617906899460 0.8558790187913943 100
1617907037881 0.8562598707353241 101
1617907037883 0.8562598707353241 101
1617907176494 0.8566573080918932 102
1617907176496 0.8566573080918932 102
1617907315519 0.8571035225079979 103
1617907315522 0.8571035225079979 103
1617907454426 0.8573747426793796 104
1617907454428 0.8573747426793796 104
1617907593322 0.8575940704379832 105
1617907593324 0.8575940704379832 105
1617907732460 0.8579355409449795 106
1617907732462 0.8579355409449795 106
1617907871735 0.8583252680918496 107
1617907871738 0.8583252680918496 107
1617908010885 0.8587095304873295 108
1617908010888 0.8587095304873295 108
1617908150449 0.859096179482574 109
1617908150451 0.859096179482574 109
1617908289643 0.8593813234282806 110
1617908289646 0.8593813234282806 110
1617908428574 0.8597553970721293 111
1617908428577 0.8597553970721293 111
1617908568346 0.8599100631644341 112
1617908568349 0.8599100631644341 112
1617908707448 0.8601416332121925 113
1617908707451 0.8601416332121925 113
1617908846199 0.8603763024560259 114
1617908846201 0.8603763024560259 114
1617908985373 0.8605419899013459 115
1617908985376 0.8605419899013459 115
1617909124468 0.8608775807485995 116
1617909124472 0.8608775807485995 116
1617909263512 0.861193467485984 117
1617909263515 0.861193467485984 117
1617909403103 0.8615430721315143 118
1617909403106 0.8615430721315143 118
1617909542657 0.861821907902267 119
1617909542659 0.861821907902267 119
1617909682473 0.8620684111235045 120
1617909682475 0.8620684111235045 120
1617909821435 0.8623868137507252 121
1617909821438 0.8623868137507252 121
1617909960340 0.8627275542783875 122
1617909960342 0.8627275542783875 122
1617910099557 0.8629807100387958 123
1617910099559 0.8629807100387958 123
1617910239167 0.8631512101780432 124
1617910239170 0.8631512101780432 124
1617910378316 0.8634057579769447 125
1617910378319 0.8634057579769447 125
1617910517311 0.8637415630222198 126
1617910517314 0.8637415630222198 126
1617910656050 0.8640766060154095 127
1617910656053 0.8640766060154095 127
1617910795045 0.864307718028271 128
1617910795048 0.864307718028271 128
1617910934086 0.8645940291249357 129
1617910934089 0.8645940291249357 129
1617911073228 0.8648325776876269 130
1617911073231 0.8648325776876269 130
1617911212369 0.8651170445111379 131
1617911212371 0.8651170445111379 131
1617911351210 0.8653312157899145 132
1617911351213 0.8653312157899145 132
1617911490339 0.8656402134823086 133
1617911490341 0.8656402134823086 133
1617911629624 0.8659340261125196 134
1617911629627 0.8659340261125196 134
1617911769280 0.8662171824552003 135
1617911769282 0.8662171824552003 135
1617911908305 0.8664992996288197 136
1617911908307 0.8664992996288197 136
1617912046568 0.8667135764873973 137
1617912046570 0.8667135764873973 137
1617912185908 0.8669952738004276 138
1617912185911 0.8669952738004276 138
1617912324736 0.8673051680040135 139
1617912324738 0.8673051680040135 139
1617912463729 0.8675683591332265 140
1617912463731 0.8675683591332265 140
1617912602627 0.8677969703773624 141
1617912602631 0.8677969703773624 141
1617912741543 0.8680810557864532 142
1617912741545 0.8680810557864532 142
1617912880417 0.8682640223000593 143
1617912880419 0.8682640223000593 143
1617913019201 0.8682543859839649 144
1617913019203 0.8682543859839649 144
1617913157900 0.8683907257783852 145
1617913157903 0.8683907257783852 145
1617913297358 0.86862212043783 146
1617913297360 0.86862212043783 146
1617913436248 0.8688665307977054 147
1617913436250 0.8688665307977054 147
1617913575116 0.8691384335150838 148
1617913575118 0.8691384335150838 148
1617913714272 0.8694389364485852 149
1617913714275 0.8694389364485852 149
1617913853733 0.8696926717199807 150
1617913853736 0.8696926717199807 150
1617913993002 0.8697920620134031 151
1617913993006 0.8697920620134031 151
1617914131821 0.8699823630212001 152
1617914131824 0.8699823630212001 152
1617914270811 0.8702351961851698 153
1617914270813 0.8702351961851698 153
1617914409583 0.8704578633766799 154
1617914409586 0.8704578633766799 154
1617914548559 0.8707095769627 155
1617914548562 0.8707095769627 155
1617914687496 0.8709102488603407 156
1617914687499 0.8709102488603407 156
1617914825908 0.8711772745742026 157
1617914825911 0.8711772745742026 157
1617914964480 0.8714217947453329 158
1617914964482 0.8714217947453329 158
1617915103366 0.8716816858598655 159
1617915103368 0.8716816858598655 159
1617915241973 0.8719037371683451 160
1617915241976 0.8719037371683451 160
1617915380517 0.8721490321056855 161
1617915380520 0.8721490321056855 161
1617915519492 0.8723677980159069 162
1617915519495 0.8723677980159069 162
1617915658671 0.8725985484187131 163
1617915658673 0.8725985484187131 163
1617915797703 0.8728497578462926 164
1617915797706 0.8728497578462926 164
1617915936265 0.8730305326870207 165
1617915936268 0.8730305326870207 165
1617916074706 0.8732912691286504 166
1617916074709 0.8732912691286504 166
1617916213198 0.8734955813233045 167
1617916213200 0.8734955813233045 167
1617916351818 0.8737477166634151 168
1617916351821 0.8737477166634151 168
1617916490440 0.8739824015914327 169
1617916490443 0.8739824015914327 169
1617916629060 0.8742076360226179 170
1617916629063 0.8742076360226179 170
1617916767645 0.8744442257726711 171
1617916767647 0.8744442257726711 171
1617916905915 0.8745693559702995 172
1617916905917 0.8745693559702995 172
1617917044908 0.8746854699848129 173
1617917044911 0.8746854699848129 173
1617917183415 0.8748603720160848 174
1617917183418 0.8748603720160848 174
1617917322080 0.8750701241559884 175
1617917322083 0.8750701241559884 175
1617917460653 0.8752683231974631 176
1617917460655 0.8752683231974631 176
1617917598924 0.8754406767415849 177
1617917598927 0.8754406767415849 177
1617917737148 0.8756394192841195 178
1617917737151 0.8756394192841195 178
1617917875504 0.8758514096924566 179
1617917875506 0.8758514096924566 179
1617918014615 0.87601539159947 180
1617918014617 0.87601539159947 180
1617918153430 0.8761741016345928 181
1617918153433 0.8761741016345928 181
1617918292067 0.8763969216576178 182
1617918292070 0.8763969216576178 182
1617918430876 0.8766074113261054 183
1617918430879 0.8766074113261054 183
1617918569317 0.8767988789938305 184
1617918569320 0.8767988789938305 184
1617918708345 0.8769849218934452 185
1617918708348 0.8769849218934452 185
1617918846738 0.87718411806694 186
1617918846740 0.87718411806694 186
1617918985491 0.8773527174379676 187
1617918985494 0.8773527174379676 187
1617919124235 0.8775226368008425 188
1617919124237 0.8775226368008425 188
1617919262948 0.8777311523412838 189
1617919262951 0.8777311523412838 189
1617919401547 0.8779390281725887 190
1617919401550 0.8779390281725887 190
1617919539790 0.8781343478951404 191
1617919539793 0.8781343478951404 191
1617919678556 0.8783322409582369 192
1617919678559 0.8783322409582369 192
1617919817171 0.8785203650288732 193
1617919817174 0.8785203650288732 193
1617919955752 0.8787305842557418 194
1617919955755 0.8787305842557418 194
1617920094413 0.8789301740364357 195
1617920094416 0.8789301740364357 195
1617920232842 0.8791182324636189 196
1617920232844 0.8791182324636189 196
1617920371653 0.8793158044922861 197
1617920371655 0.8793158044922861 197
1617920510313 0.879492696161462 198
1617920510316 0.879492696161462 198
1617920649346 0.8796650216594787 199
1617920649349 0.8796650216594787 199
1617920788142 0.8797876789936248 200
1617920788144 0.8797876789936248 200
1617920926957 0.8799683208739019 201
1617920926960 0.8799683208739019 201
1617921065636 0.8801463454985501 202
1617921065638 0.8801463454985501 202
1617921204200 0.8803082958281303 203
1617921204203 0.8803082958281303 203
1617921342820 0.8804702132603102 204
1617921342823 0.8804702132603102 204
1617921481453 0.8806322556602536 205
1617921481456 0.8806322556602536 205
1617921619976 0.8807229436014603 206
1617921619979 0.8807229436014603 206
1617921758093 0.8808567714241308 207
1617921758095 0.8808567714241308 207
1617921896596 0.8809541433666523 208
1617921896600 0.8809541433666523 208
1617922035242 0.881110114481049 209
1617922035245 0.881110114481049 209
1617922174227 0.8812743597876892 210
1617922174230 0.8812743597876892 210
1617922312530 0.8814434220380031 211
1617922312532 0.8814434220380031 211
1617922451309 0.881564634808091 212
1617922451312 0.881564634808091 212
1617922590259 0.8817278715487171 213
1617922590261 0.8817278715487171 213
1617922729029 0.8818838067494045 214
1617922729032 0.8818838067494045 214
1617922867820 0.8820312433559132 215
1617922867823 0.8820312433559132 215
1617923006050 0.8822017905648161 216
1617923006053 0.8822017905648161 216
1617923144651 0.882373462536024 217
1617923144653 0.882373462536024 217
1617923283196 0.8825209454634344 218
1617923283198 0.8825209454634344 218
1617923421695 0.882674754824539 219
1617923421698 0.882674754824539 219
1617923560504 0.8828641712366433 220
1617923560507 0.8828641712366433 220
1617923699307 0.882873724801822 221
1617923699310 0.882873724801822 221
1617923838112 0.8828818780872246 222
1617923838115 0.8828818780872246 222
1617923977500 0.8829941029198557 223
1617923977503 0.8829941029198557 223
1617924116032 0.883105537135518 224
1617924116036 0.883105537135518 224
1617924254542 0.8832049628335998 225
1617924254546 0.8832049628335998 225
1617924393619 0.8833312201737528 226
1617924393622 0.8833312201737528 226
1617924532001 0.8834406042794195 227
1617924532005 0.8834406042794195 227
1617924670538 0.8835854887780744 228
1617924670540 0.8835854887780744 228
1617924809072 0.8837334813970233 229
1617924809075 0.8837334813970233 229
1617924947962 0.8838248955530404 230
1617924947964 0.8838248955530404 230
1617925086471 0.883858770575858 231
1617925086473 0.883858770575858 231
1617925225425 0.883865959705432 232
1617925225428 0.883865959705432 232
1617925364196 0.8839183590872159 233
1617925364199 0.8839183590872159 233
1617925502435 0.8840370816186217 234
1617925502438 0.8840370816186217 234
1617925640960 0.8841706322701909 235
1617925640963 0.8841706322701909 235
1617925779254 0.8843084715557482 236
1617925779257 0.8843084715557482 236
1617925917645 0.8844232120604589 237
1617925917648 0.8844232120604589 237
1617926056059 0.8845622709646151 238
1617926056062 0.8845622709646151 238
1617926194346 0.8846929641741936 239
1617926194348 0.8846929641741936 239
1617926333079 0.8848085319746937 240
1617926333081 0.8848085319746937 240
1617926471395 0.8849499353173084 241
1617926471398 0.8849499353173084 241
1617926609681 0.8850817324797059 242
1617926609684 0.8850817324797059 242
1617926747922 0.8852299030476456 243
1617926747925 0.8852299030476456 243
1617926886357 0.8853572090233535 244
1617926886360 0.8853572090233535 244
1617927024805 0.8854963605705065 245
1617927024808 0.8854963605705065 245
1617927163219 0.8856442765993391 246
1617927163222 0.8856442765993391 246
1617927301674 0.885761489104735 247
1617927301676 0.885761489104735 247
1617927440203 0.8858521910939395 248
1617927440206 0.8858521910939395 248
1617927578533 0.8859670104364549 249
1617927578536 0.8859670104364549 249
