1617892893816 0.4471701726411717 0
1617893034756 0.35418151498218126 1
1617893175526 0.30316248272038715 2
1617893314639 0.26794175912119167 3
1617893453087 0.2656799364976491 4
1617893591666 0.2736835004958297 5
1617893729733 0.26482894025729536 6
1617893866925 0.2512409143279531 7
1617894005032 0.23732241950981564 8
1617894145346 0.22869847693680967 9
1617894284410 0.2192524162402979 10
1617894423694 0.2118334311300315 11
1617894561933 0.20484691827096402 12
1617894703719 0.19894452498144527 13
1617894843874 0.19295528885055696 14
1617894984251 0.18877280991276893 15
1617895124126 0.18586766840203522 16
1617895264389 0.1826066828572549 17
1617895406499 0.17793263825305616 18
1617895549765 0.17392052687657408 19
1617895691604 0.16991432912248025 20
1617895834657 0.1674299703801632 21
1617895978806 0.1634567649917135 22
1617896120423 0.15945815131213628 23
1617896262478 0.15545821446689626 24
1617896403996 0.15173158264776082 25
1617896545324 0.14868110210049254 26
1617896686265 0.14528890424214344 27
1617896827775 0.14197852333014915 28
1617896969602 0.1388492328354515 29
1617897112720 0.13617557670317193 30
1617897254687 0.13369099753673036 31
1617897396097 0.13127016367860164 32
1617897536893 0.12958338318291387 33
1617897678367 0.12745964016906822 34
1617897820311 0.12595169607984782 35
1617897961233 0.12414776786443023 36
1617898102028 0.12212042025737788 37
1617898242258 0.12001632334085902 38
1617898382559 0.11868486350131091 39
1617898521826 0.11725899774676656 40
1617898660471 0.11588390179667812 41
1617898799561 0.11469709549306471 42
1617898938849 0.1131144516256834 43
1617899078570 0.1116141643537583 44
1617899217592 0.11038398688088079 45
1617899356737 0.1088909339651349 46
1617899495775 0.10775666493177806 47
1617899635137 0.10665242066806567 48
1617899773782 0.10525189742445944 49
1617899912569 0.10384252688970685 50
1617900051037 0.10260364968518289 51
1617900189479 0.10127210541616509 52
1617900328674 0.0998056668668559 53
1617900467325 0.09840736266427057 54
1617900606202 0.09699650407536374 55
1617900745293 0.09573283579176513 56
1617900885031 0.09463031679295922 57
1617901026892 0.09369257226629499 58
1617901169775 0.09304974077913891 59
1617901311882 0.09215427305828448 60
1617901451649 0.09147606805733581 61
1617901591075 0.09056026684275607 62
1617901730405 0.08958624253127591 63
1617901869618 0.08855791176762699 64
1617902009429 0.08758846365128281 65
1617902151154 0.08651697254464683 66
1617902292861 0.08543197969453196 67
1617902435290 0.08429208333658536 68
1617902577531 0.08330334096028724 69
1617902720378 0.08241165721419393 70
1617902862096 0.08142305696880868 71
1617903003867 0.08038673430515858 72
1617903145598 0.07940538010833666 73
1617903286235 0.07844341963623895 74
1617903425822 0.07769175191787749 75
1617903565421 0.07697375870037092 76
1617903705192 0.0764386935687948 77
1617903843847 0.07571087243353883 78
1617903983601 0.07497767170248668 79
1617904122581 0.07430883890021066 80
1617904261209 0.07356996863951612 81
1617904400440 0.07270886478935668 82
1617904539433 0.07187695311710253 83
1617904678530 0.07083114754056315 84
1617904817880 0.06998501451423376 85
1617904956557 0.06912258223363676 86
1617905095801 0.06822032850826215 87
1617905234504 0.06732766081801161 88
1617905372948 0.06642000899033201 89
1617905511873 0.06561362291409649 90
1617905650770 0.06473693091742154 91
1617905789763 0.06411969954305372 92
1617905928437 0.06347400701958197 93
1617906067319 0.06288118158888409 94
1617906205767 0.06215797760450173 95
1617906344227 0.061380422451588895 96
1617906483108 0.06063494927824134 97
1617906621594 0.05997393088311187 98
1617906760597 0.05924065106795934 99
1617906899456 0.05871785710785064 100
1617907037878 0.05796107249281287 101
1617907176492 0.05727310458360028 102
1617907315517 0.05646489732336531 103
1617907454424 0.056016367344009416 104
1617907593320 0.055499998261164016 105
1617907732458 0.0547810794778347 106
1617907871733 0.05406574526320543 107
1617908010883 0.05336712597446557 108
1617908150446 0.05258786487119792 109
1617908289641 0.05198350476184093 110
1617908428572 0.051225890253904595 111
1617908568344 0.05074268254464284 112
1617908707446 0.05020157344554089 113
1617908846196 0.04959878570507302 114
1617908985371 0.04906986327597968 115
1617909124466 0.048333293377964576 116
1617909263509 0.0477079275107929 117
1617909403101 0.04693891169675111 118
1617909542654 0.04638883825470122 119
1617909682470 0.045769863632283615 120
1617909821432 0.045110378933490285 121
1617909960337 0.04435580939720033 122
1617910099554 0.043806578529136914 123
1617910239164 0.043324458800539166 124
1617910378314 0.042703884046712624 125
1617910517309 0.04189822085548537 126
1617910656048 0.04121203353677144 127
1617910795043 0.04055894152632803 128
1617910934084 0.039837777208330094 129
1617911073225 0.039185720356302745 130
1617911212366 0.03849675032332693 131
1617911351207 0.03777510165335721 132
1617911490337 0.03705359479609856 133
1617911629622 0.036330566979312466 134
1617911769277 0.0355752747674415 135
1617911908302 0.03490676968920795 136
1617912046565 0.034334380886122964 137
1617912185906 0.03368639530047982 138
1617912324733 0.032967624982404665 139
1617912463727 0.032320757065008816 140
1617912602625 0.03157695337869646 141
1617912741540 0.030843567710564058 142
1617912880414 0.030115149976127638 143
1617913019199 0.029754207110571477 144
1617913157898 0.029135941149731826 145
1617913297355 0.028393117135297134 146
1617913436245 0.027717964325273518 147
1617913575113 0.026966857125348263 148
1617913714270 0.026117245876525027 149
1617913853731 0.025424835752511244 150
1617913993000 0.024966783270452035 151
1617914131819 0.02433805148119325 152
1617914270809 0.023617580202479335 153
1617914409581 0.02282331593413775 154
1617914548556 0.022066497037484062 155
1617914687494 0.021504191758783466 156
1617914825906 0.020751413615398676 157
1617914964477 0.019965032033575407 158
1617915103363 0.019188455712415658 159
1617915241970 0.018502405917046303 160
1617915380515 0.017708760249010896 161
1617915519490 0.016908664091000506 162
1617915658668 0.016146680651282636 163
1617915797700 0.015292965231937017 164
1617915936262 0.014609692244557137 165
1617916074704 0.013752574755056353 166
1617916213195 0.013055289717842486 167
1617916351815 0.01228156345527759 168
1617916490438 0.011439041194748015 169
1617916629058 0.010554699516765631 170
1617916767642 0.009663030105317551 171
1617916905912 0.009036449016883934 172
1617917044906 0.008348355702698132 173
1617917183413 0.007635659896254977 174
1617917322078 0.0068410420679124034 175
1617917460650 0.006049753584408343 176
1617917598922 0.005354308618476074 177
1617917737146 0.004549993492004841 178
1617917875502 0.0036951692892780836 179
1617918014612 0.0029667159513132014 180
1617918153428 0.0022296964438726233 181
1617918292064 0.0013393247996741644 182
1617918430873 0.0005159858072429829 183
1617918569315 -0.0003725219407066873 184
1617918708343 -0.001176395062197462 185
1617918846735 -0.001974436184843387 186
1617918985489 -0.002706308815921252 187
1617919124232 -0.0035753763627552047 188
1617919262945 -0.004546369529446505 189
1617919401544 -0.005470678034968128 190
1617919539788 -0.006305007103885586 191
1617919678553 -0.007256773981598191 192
1617919817169 -0.008159023965304803 193
1617919955750 -0.009147893116410113 194
1617920094411 -0.010030498865292191 195
1617920232839 -0.010947596078303753 196
1617920371650 -0.011889528477436557 197
1617920510311 -0.012858348551261558 198
1617920649344 -0.013687966985368649 199
1617920788139 -0.014475671757347854 200
1617920926954 -0.015487582753932416 201
1617921065634 -0.01656371982458182 202
1617921204198 -0.017447220069788747 203
1617921342818 -0.018359143952182057 204
1617921481451 -0.01932978516274483 205
1617921619974 -0.01995627816734835 206
1617921758090 -0.020851204821299447 207
1617921896594 -0.021663304534522164 208
1617922035240 -0.02257059011338901 209
1617922174225 -0.023474638069441743 210
1617922312528 -0.02441970456837771 211
1617922451306 -0.025231691717383313 212
1617922590256 -0.026209082741452946 213
1617922729027 -0.027172218057309693 214
1617922867817 -0.028199532414418436 215
1617923006048 -0.029146979075899363 216
1617923144648 -0.030265196354700877 217
1617923283193 -0.031287036868768624 218
1617923421692 -0.03229873533938315 219
1617923560501 -0.033397346446412755 220
1617923699305 -0.03408322072261747 221
1617923838109 -0.034888299135007524 222
1617923977497 -0.03589322868752281 223
1617924116030 -0.03685328584683092 224
1617924254540 -0.03784211934505023 225
1617924393616 -0.038784532280279324 226
1617924531999 -0.039701064225938144 227
1617924670536 -0.04071698167837662 228
1617924809070 -0.04175659681921009 229
1617924947959 -0.04277599587943859 230
1617925086469 -0.0436872538137085 231
1617925225423 -0.04455278768069718 232
1617925364193 -0.04524921572419677 233
1617925502433 -0.046210004455805496 234
1617925640958 -0.04734709215180809 235
1617925779252 -0.04851831835321793 236
1617925917643 -0.049612173578191615 237
1617926056056 -0.050581607853573615 238
1617926194343 -0.051577399712731814 239
1617926333075 -0.05267398320191284 240
1617926471393 -0.053742273553807604 241
1617926609678 -0.05486104829412388 242
1617926747920 -0.055944336366533 243
1617926886355 -0.05700557710955584 244
1617927024803 -0.0581422699082463 245
1617927163216 -0.05934168575328228 246
1617927301671 -0.060566435230054685 247
1617927440201 -0.061666280058948364 248
1617927578530 -0.06273001554042477 249
