1617892893794 0.4471701726411717 0
1617893034743 0.2611928573231908 1
1617893175518 0.20112441819679888 2
1617893314631 0.1622795883236052 3
1617893453080 0.2566326460034787 4
1617893591659 0.31370132048673266 5
1617893729726 0.21170157882608945 6
1617893866918 0.15612473282255704 7
1617894005025 0.12597446096471593 8
1617894145328 0.15108299377975584 9
1617894284403 0.12479180927518048 10
1617894423687 0.1302245949171012 11
1617894561925 0.12100876396215415 12
1617894703711 0.12221341221770153 13
1617894843866 0.10910598301812063 14
1617894984245 0.12603562584594835 15
1617895124119 0.13938540423029586 16
1617895264377 0.12716992859598958 17
1617895406491 0.09379983537747891 18
1617895549758 0.0976904107234146 19
1617895691596 0.08979037404060364 20
1617895834651 0.11525843679150448 21
1617895978797 0.0760462464458203 22
1617896120414 0.06749003668186031 23
1617896262469 0.059459730181135706 24
1617896403987 0.058565787169374994 25
1617896545315 0.06936860787151736 26
1617896686256 0.05369956206671799 27
1617896827766 0.04928785779430896 28
1617896969593 0.048099808489220054 29
1617897112712 0.05596589273478411 30
1617897254680 0.05666904337704182 31
1617897396089 0.05380348021848292 32
1617897536885 0.07391962682521797 33
1617897678360 0.05525237769831585 34
1617897820302 0.07317365295713461 35
1617897961226 0.059206352109396 36
1617898102021 0.0471085587964405 37
1617898242249 0.040060640513142454 38
1617898382552 0.06675792975893503 39
1617898521818 0.06022436756499206 40
1617898660465 0.05950496784305271 41
1617898799553 0.06485123074130167 42
1617898938841 0.04506076532828657 43
1617899078563 0.0456015243890542 44
1617899217584 0.05502600060139276 45
1617899356730 0.04021049984082391 46
1617899495767 0.054446020364006864 47
1617899635130 0.05364869600987133 48
1617899773775 0.03662625848775423 49
1617899912562 0.03337400015207786 50
1617900051029 0.03942091225446025 51
1617900189472 0.03203180342724052 52
1617900328666 0.022084423753468297 53
1617900467317 0.02289893572466283 54
1617900606195 0.019399281685488132 55
1617900745285 0.02496741191024267 56
1617900885024 0.031786733861022355 57
1617901026883 0.039303389719769925 58
1617901169764 0.05512268303693095 59
1617901311873 0.03842620980701869 60
1617901451639 0.05010556299946731 61
1617901591066 0.03378059153881254 62
1617901730396 0.028222710908025125 63
1617901869609 0.022744742894097218 64
1617902009416 0.024574336088910888 65
1617902151145 0.015798559506671337 66
1617902292851 0.012737458736836156 67
1617902435279 0.0067791309962167015 68
1617902577521 0.015080116995716398 69
1617902720368 0.01999379498766193 70
1617902862085 0.01123243954645682 71
1617903003857 0.005771502522350867 72
1617903145587 0.007766523740336865 73
1617903286225 0.007258344701007951 74
1617903425813 0.02131667304076726 75
1617903565412 0.02240627416987208 76
1617903705183 0.03523867843743367 77
1617903843838 0.01894082388357271 78
1617903983591 0.017054813949367666 79
1617904122572 0.020802214718129063 80
1617904261201 0.013721477523257461 81
1617904400432 0.002098349076283129 82
1617904539424 0.0028282843200089056 83
1617904678522 -0.01701652088874503 84
1617904817871 -0.0019362927237643471 85
1617904956549 -0.005046593897704837 86
1617905095791 -0.010275745599330225 87
1617905234494 -0.011227095924034904 88
1617905372940 -0.014361003673152078 89
1617905511863 -0.006961123947101303 90
1617905650762 -0.015042040779998031 91
1617905789755 0.007334413101212888 92
1617905928427 0.0034246023367100124 93
1617906067309 0.007155591103283665 94
1617906205758 -0.006546400911823104 95
1617906344218 -0.01326487222804299 96
1617906483098 -0.011675948536471475 97
1617906621585 -0.00480587183957613 98
1617906760588 -0.013354050632141814 99
1617906899446 0.006438461096980904 100
1617907037869 -0.01847417362600188 101
1617907176483 -0.012899622156084338 102
1617907315507 -0.026780450480836857 103
1617907454414 0.00936924949099746 104
1617907593311 0.0012812445623965204 105
1617907732449 -0.021424311555073232 106
1617907871724 -0.022475015702126903 107
1617908010874 -0.022083757209438313 108
1617908150438 -0.032351595384976534 109
1617908289631 -0.014496107267428048 110
1617908428563 -0.03286932012702845 111
1617908568335 -0.0033765808926730216 112
1617908707437 -0.010943754752980003 113
1617908846187 -0.019119016708263867 114
1617908985362 -0.011756216069754166 115
1617909124457 -0.03710881479178803 116
1617909263499 -0.025459878948293154 117
1617909403092 -0.04380495436018026 118
1617909542645 -0.019069901349235186 119
1617909682461 -0.02850709105782871 120
1617909821421 -0.03468726962050305 121
1617909960328 -0.04770167403017418 122
1617910099544 -0.023748818242663068 123
1617910239155 -0.016458387545581106 124
1617910378304 -0.03486796018160597 125
1617910517299 -0.05961534123914906 126
1617910656038 -0.045933755939897104 127
1617910795033 -0.043036835810428935 128
1617910934075 -0.0531924198134036 129
1617911073215 -0.04558167040725298 130
1617911212357 -0.05175832399650465 131
1617911351198 -0.05748252278264565 132
1617911490327 -0.058906817219302625 133
1617911629612 -0.06055516047002394 134
1617911769267 -0.06638917383513873 135
1617911908292 -0.05600992095055459 136
1617912046556 -0.04408288513652132 137
1617912185896 -0.05573561551827419 138
1617912324724 -0.06694144923004168 139
1617912463717 -0.058240751370410376 140
1617912602615 -0.07329936639134642 141
1617912741530 -0.07329719716423674 142
1617912880405 -0.07404858604828014 143
1617913019189 -0.022221565529515472 144
1617913157888 -0.06051262317201759 145
1617913297345 -0.08005918897216834 146
1617913436236 -0.07152949874819833 147
1617913575104 -0.08419700846358945 148
1617913714260 -0.10047483019813706 149
1617913853721 -0.07843668284955659 150
1617913992990 -0.04419914152048811 151
1617914131810 -0.07122918048614188 152
1617914270799 -0.08661452544075024 153
1617914409572 -0.09949338139046597 154
1617914548547 -0.0952404319438376 155
1617914687485 -0.06621543171850941 156
1617914825897 -0.09743475489601304 157
1617914964467 -0.10428325789450091 158
1617915103354 -0.1042871793519847 159
1617915241961 -0.09126556134205076 160
1617915380506 -0.11006819230468967 161
1617915519481 -0.11270691350668291 162
1617915658659 -0.10805662002272998 163
1617915797690 -0.12471636354074447 164
1617915936253 -0.09813035067312326 165
1617916074695 -0.12852892850207376 166
1617916213185 -0.10339131149687344 167
1617916351806 -0.11770444865562493 168
1617916490428 -0.13094722083475016 169
1617916629049 -0.1397833857402394 170
1617916767632 -0.14281243925230414 171
1617916905902 -0.09873549819369859 172
1617917044895 -0.11069178765144529 173
1617917183404 -0.11637341042485418 174
1617917322069 -0.13221707789203788 175
1617917460640 -0.13321701951230627 176
1617917598913 -0.11773945035153552 177
1617917737136 -0.1386180990198745 178
1617917875492 -0.14931836299881152 179
1617918014602 -0.1281548848823656 180
1617918153418 -0.13117083440287203 181
1617918292055 -0.16070831444444536 182
1617918430864 -0.1501550498076632 183
1617918569306 -0.16385794756344602 184
1617918708334 -0.14989292253799077 185
1617918846726 -0.1504100849969855 186
1617918985479 -0.13956649082748196 187
1617919124223 -0.16696007516753825 188
1617919262935 -0.18806407803410216 189
1617919401535 -0.18108929408407665 190
1617919539779 -0.16566185926712013 191
1617919678544 -0.18999601450241818 192
1617919817159 -0.18229327082068106 193
1617919955740 -0.2009885084308401 194
1617920094402 -0.18213861989729765 195
1617920232828 -0.1906986498285698 196
1617920371640 -0.19745021110659913 197
1617920510302 -0.20468472316861153 198
1617920649334 -0.17878203537267975 199
1617920788130 -0.1720166261531884 200
1617920926945 -0.21888169306742994 201
1617921065624 -0.2339434080957612 202
1617921204188 -0.19679776984679548 203
1617921342809 -0.2043916159604169 204
1617921481442 -0.21831123332811309 205
1617921619965 -0.1490138371156741 206
1617921758081 -0.20610102218917653 207
1617921896584 -0.1905800448848477 208
1617922035231 -0.21219327609655977 209
1617922174215 -0.21332470884051505 210
1617922312519 -0.2238287358438667 211
1617922451297 -0.19737296730657167 212
1617922590247 -0.2343933708682845 213
1617922729018 -0.23328317565065396 214
1617922867807 -0.24907211919279793 215
1617923006038 -0.2337954579557799 216
1617923144638 -0.27291834585462943 217
1617923283184 -0.25404826893553706 218
1617923421683 -0.25386070040396497 219
1617923560491 -0.275091789992927 220
1617923699295 -0.18566143576385855 221
1617923838099 -0.2136157066856004 222
1617923977487 -0.2599925188984297 223
1617924116020 -0.2519060895318472 224
1617924254530 -0.26032965644439565 225
1617924393606 -0.2517698556420547 226
1617924531989 -0.24775381589049025 227
1617924670526 -0.27234616083434865 228
1617924809060 -0.27982846407007567 229
1617924947949 -0.27723777973199193 230
1617925086459 -0.2541878366300577 231
1617925225414 -0.24535664482207237 232
1617925364184 -0.20751694985960104 233
1617925502423 -0.2710345676522466 234
1617925640948 -0.31456270071241677 235
1617925779241 -0.32492770188594167 236
1617925917633 -0.3088558618969555 237
1617926056047 -0.28130696539448785 238
1617926194334 -0.2895716540515423 239
1617926333066 -0.3158540206053589 240
1617926471383 -0.31120024836044524 241
1617926609668 -0.32560453545066376 242
1617926747910 -0.31918333796194837 243
1617926886345 -0.3159483184071281 244
1617927024793 -0.3366320055874088 245
1617927163206 -0.354397983632133 246
1617927301661 -0.3630795559928387 247
1617927440190 -0.33442779762458197 248
1617927578520 -0.3276001504280522 249
