1617892893811 0.5483383985259865 0
1617893034748 0.6661166037562527 1
1617893175521 0.7223382177232187 2
1617893314634 0.7642240848722337 3
1617893453082 0.6775389887109587 4
1617893591662 0.5976805775603161 5
1617893729729 0.7121274720264387 6
1617893866920 0.7758031819440141 7
1617894005027 0.7939231588116175 8
1617894145335 0.7776282282569741 9
1617894284405 0.8019599558997758 10
1617894423689 0.8049714412493042 11
1617894561928 0.8086061115506329 12
1617894703714 0.8082946504030046 13
1617894843870 0.815507021885884 14
1617894984247 0.8055101959388468 15
1617895124121 0.7902089044263091 16
1617895264384 0.8102104959985877 17
1617895406494 0.8342033881175367 18
1617895549761 0.8294972015332572 19
1617895691599 0.8407089544247978 20
1617895834653 0.8226348913357228 21
1617895978801 0.854881804577912 22
1617896120419 0.8641378056210808 23
1617896262473 0.8662166418154028 24
1617896403991 0.8675557814444168 25
1617896545320 0.8598939667284913 26
1617896686260 0.8758261839422998 27
1617896827771 0.8721213812315012 28
1617896969597 0.8756096163127995 29
1617897112715 0.8711314416384395 30
1617897254682 0.8718479803845852 31
1617897396092 0.8704493062782891 32
1617897536888 0.8532171119240266 33
1617897678363 0.8685693148570724 34
1617897820306 0.8485178397143189 35
1617897961228 0.861488277210465 36
1617898102023 0.8750987671598603 37
1617898242252 0.8800330229952366 38
1617898382555 0.8588502348601064 39
1617898521821 0.861722998792612 40
1617898660467 0.8653148282555085 41
1617898799556 0.857698468279235 42
1617898938845 0.8755083416081682 43
1617899078566 0.8749358914320982 44
1617899217587 0.865837703777265 45
1617899356732 0.875096004974993 46
1617899495770 0.8688894470658484 47
1617899635131 0.8757449663892577 48
1617899773777 0.8846567169397692 49
1617899912564 0.884425547492655 50
1617900051031 0.8819804795180695 51
1617900189475 0.8877773020840898 52
1617900328669 0.889734799160233 53
1617900467320 0.888096817686588 54
1617900606197 0.8918693693755548 55
1617900745288 0.8905949779326403 56
1617900885026 0.8768479073349433 57
1617901026886 0.8777249376230603 58
1617901169769 0.864941354605216 59
1617901311878 0.8691051760806313 60
1617901451644 0.8618437627542622 61
1617901591071 0.8815816069328333 62
1617901730401 0.8857665710811373 63
1617901869613 0.8937306802106809 64
1617902009424 0.8899235702768157 65
1617902151149 0.8941016429210011 66
1617902292856 0.8941608703211893 67
1617902435285 0.8970391188241258 68
1617902577526 0.8940233326033701 69
1617902720374 0.8838382810354233 70
1617902862091 0.8956465300502656 71
1617903003861 0.8964471273784396 72
1617903145592 0.8980769413181499 73
1617903286230 0.8965311776610869 74
1617903425818 0.8872261737720876 75
1617903565416 0.8721688584884322 76
1617903705188 0.8611188521490821 77
1617903843842 0.8853944300473491 78
1617903983595 0.8869777038882051 79
1617904122576 0.8835647541888153 80
1617904261205 0.8820290876717507 81
1617904400436 0.8922989347690269 82
1617904539428 0.8905324992499773 83
1617904678526 0.9012644055146205 84
1617904817875 0.8937355925010729 85
1617904956553 0.8981367675941202 86
1617905095796 0.8983364840851554 87
1617905234499 0.8990122851314424 88
1617905372944 0.9017468300424044 89
1617905511868 0.899488017528872 90
1617905650766 0.903407281335396 91
1617905789759 0.8854984126136273 92
1617905928432 0.8881476353618163 93
1617906067314 0.8872848862334143 94
1617906205762 0.8980311915467057 95
1617906344223 0.8987810590976402 96
1617906483103 0.8984211321118512 97
1617906621590 0.899125464166267 98
1617906760592 0.9039914466534988 99
1617906899451 0.8733668587630308 100
1617907037873 0.8947259170722358 101
1617907176487 0.8971959184619445 102
1617907315512 0.9030636073667792 103
1617907454419 0.8855816405030745 104
1617907593315 0.8806234850913663 105
1617907732453 0.8941314146865772 106
1617907871728 0.9000260728069499 107
1617908010878 0.9002098691991612 108
1617908150442 0.901240919964223 109
1617908289636 0.8907471574559996 110
1617908428567 0.9012775715393356 111
1617908568339 0.8772326655025724 112
1617908707441 0.8863090486088886 113
1617908846191 0.887128596253033 114
1617908985366 0.8795960461131379 115
1617909124461 0.899806119030035 116
1617909263503 0.8981522157599654 117
1617909403096 0.9027964203040811 118
1617909542649 0.8950033646218384 119
1617909682465 0.8916487976720061 120
1617909821426 0.9009135316444349 121
1617909960332 0.9042978986531873 122
1617910099549 0.89411886856903 123
1617910239159 0.8842932274447212 124
1617910378309 0.8952242328396326 125
1617910517304 0.906052998726881 126
1617910656043 0.9066270661504963 127
1617910795037 0.8938900556745408 128
1617910934079 0.9015281605946867 129
1617911073220 0.8958438908374762 130
1617911212361 0.9023821983910814 131
1617911351202 0.8936018245884135 132
1617911490332 0.9067369065707243 133
1617911629617 0.9053049185608006 134
1617911769272 0.9044432887170888 135
1617911908297 0.9048672352410569 136
1617912046560 0.8960695061125333 137
1617912185901 0.9058695029986056 138
1617912324728 0.9103804623024373 139
1617912463722 0.9044151172230516 140
1617912602620 0.9000311558005176 141
1617912741535 0.9084211838773534 142
1617912880409 0.8944282337457319 143
1617913019194 0.8668667564663706 144
1617913157892 0.8881599959693377 145
1617913297350 0.9024057407167894 146
1617913436240 0.9047948536993582 147
1617913575108 0.9093800356870965 148
1617913714265 0.9142138735402988 149
1617913853726 0.9077529624293122 150
1617913992996 0.8847999963202055 151
1617914131814 0.8989081162063381 152
1617914270804 0.9089186702725254 153
1617914409576 0.9047486108692386 154
1617914548551 0.9097251827958264 155
1617914687489 0.902215064892286 156
1617914825901 0.9131003116505055 157
1617914964472 0.9100559817839272 158
1617915103358 0.9130043730705599 159
1617915241966 0.9074319465250908 160
1617915380510 0.9116415170174611 161
1617915519485 0.9078078754717791 162
1617915658663 0.9102108640761315 163
1617915797695 0.9140481039693084 164
1617915936257 0.9028583814071703 165
1617916074699 0.9165735184391842 166
1617916213190 0.9076157178305373 167
1617916351810 0.9161064538020122 168
1617916490432 0.9136441544264178 169
1617916629052 0.9124974893240989 170
1617916767637 0.9149010730317876 171
1617916905907 0.8960917499623721 172
1617917044900 0.8947731944956357 173
1617917183408 0.9052933254573918 174
1617917322073 0.9117767486391188 175
1617917460645 0.9101513544969921 176
1617917598917 0.9059472540511361 177
1617917737140 0.9110155918552906 178
1617917875496 0.9137976927847802 179
1617918014607 0.9055321348618858 180
1617918153423 0.9049006179918216 181
1617918292059 0.9169501658481888 182
1617918430868 0.915127020659326 183
1617918569310 0.9120289298552501 184
1617918708338 0.9114028583221798 185
1617918846730 0.9142346063369438 186
1617918985483 0.9088807998201515 187
1617919124227 0.909467477021338 188
1617919262940 0.9171405894846856 189
1617919401539 0.9174354361205161 190
1617919539783 0.9154404149025301 191
1617919678548 0.9163277090727528 192
1617919817164 0.914828310661678 193
1617919955745 0.9195131142682667 194
1617920094406 0.9178501812717582 195
1617920232833 0.9159776841915106 196
1617920371645 0.9182374941397317 197
1617920510306 0.9145172466582889 198
1617920649339 0.9139577957648265 199
1617920788134 0.9043191458228268 200
1617920926949 0.9162773388096049 201
1617921065629 0.9161073196774874 202
1617921204193 0.9131842127329186 203
1617921342813 0.9135013694250131 204
1617921481446 0.913850947648664 205
1617921619969 0.8994046594900421 206
1617921758085 0.9085591307169274 207
1617921896589 0.9012075074111359 208
1617922035235 0.9137080773899827 209
1617922174220 0.9157658741821216 210
1617922312523 0.917115556854236 211
1617922451301 0.9072617420667335 212
1617922590251 0.9164972973020771 213
1617922729022 0.9152539396965051 214
1617922867812 0.9137301137552986 215
1617923006042 0.9190399876878231 216
1617923144643 0.9196262802881531 217
1617923283188 0.9146722236388847 218
1617923421687 0.9163590049064612 219
1617923560496 0.924535781899585 220
1617923699299 0.8849850627063196 221
1617923838104 0.8846919074465956 222
1617923977491 0.908020240596578 223
1617924116025 0.9080668014438846 224
1617924254535 0.9055757449020313 225
1617924393611 0.9118653790482992 226
1617924531994 0.9082707962657832 227
1617924670530 0.9166191544713853 228
1617924809065 0.9176237911363191 229
1617924947954 0.9048501514369929 230
1617925086463 0.8916839008467107 231
1617925225418 0.885533837766587 232
1617925364188 0.8961274150428893 233
1617925502428 0.9118181539675857 234
1617925640952 0.9155550353889224 235
1617925779246 0.9168385429472863 236
1617925917637 0.9116167116768753 237
1617926056051 0.9176582901538173 238
1617926194338 0.9159286412634428 239
1617926333071 0.912544804094713 240
1617926471388 0.9190281408874295 241
1617926609673 0.9169766457799153 242
1617926747915 0.9212353510569923 243
1617926886349 0.9164198670960679 244
1617927024797 0.9195884896230094 245
1617927163211 0.9220316196921505 246
1617927301666 0.9147129779375052 247
1617927440195 0.9083462844166574 248
1617927578525 0.9145570267227632 249
