1617892893813 inf 0
1617893034754 23.675891862437002 1
1617893175524 21.39025222864651 2
1617893314636 21.57892772418619 3
1617893453084 25.61933682265225 4
1617893591664 26.621035596594353 5
1617893729731 23.181491159930808 6
1617893866923 18.937761327138915 7
1617894005029 18.08575901322643 8
1617894145340 19.341224533514517 9
1617894284407 19.751549225148754 10
1617894423692 18.589619888071958 11
1617894561930 20.72834789584451 12
1617894703716 17.49898968253732 13
1617894843872 17.106073978535353 14
1617894984249 17.214322473220818 15
1617895124124 19.03606984213084 16
1617895264386 18.600187854183655 17
1617895406496 16.756524960842412 18
1617895549763 16.338437885708423 19
1617895691601 15.50250965453905 20
1617895834655 16.05135441296792 21
1617895978803 14.657472894592358 22
1617896120421 13.229361389508187 23
1617896262476 14.693988081869074 24
1617896403994 13.188174834814022 25
1617896545322 13.823443792751032 26
1617896686262 13.224769119024623 27
1617896827773 12.027008076570377 28
1617896969600 11.923268603093291 29
1617897112717 12.429635106260076 30
1617897254684 12.996403833934538 31
1617897396094 13.800304051425316 32
1617897536890 15.177602878250545 33
1617897678365 13.024295314784617 34
1617897820308 14.89270747298834 35
1617897961231 14.378522111847166 36
1617898102026 12.822728975825221 37
1617898242255 12.734414017133831 38
1617898382557 13.841505339181788 39
1617898521824 13.994187733038157 40
1617898660469 13.28427614788884 41
1617898799558 12.750575273546842 42
1617898938847 12.365146723099636 43
1617899078568 13.209056244093846 44
1617899217590 15.004901914515424 45
1617899356735 13.020169176475312 46
1617899495772 14.792897421976106 47
1617899635134 12.194211369282026 48
1617899773780 11.801179274162202 49
1617899912566 11.247534111475874 50
1617900051034 11.630219917005087 51
1617900189477 10.82905148667039 52
1617900328671 10.630297537203022 53
1617900467323 11.035675553934933 54
1617900606200 11.145321236163237 55
1617900745291 10.922049534739658 56
1617900885028 14.311698571831602 57
1617901026889 13.999856023428285 58
1617901169771 13.269624857010175 59
1617901311880 12.317380752470694 60
1617901451646 14.906353227152275 61
1617901591073 11.494885904043725 62
1617901730403 10.68394951871392 63
1617901869615 10.051660498558032 64
1617902009426 12.268743539368177 65
1617902151152 11.28650803218693 66
1617902292858 11.334715925704204 67
1617902435288 10.610447742135172 68
1617902577529 10.777701650327614 69
1617902720376 inf 70
1617902862093 9.960583685941398 71
1617903003865 9.645599476108462 72
1617903145595 9.742754690615078 73
1617903286233 9.66199924206525 74
1617903425820 11.028069667670245 75
1617903565419 13.10362138134131 76
1617903705190 13.380792571082686 77
1617903843844 10.661589480628546 78
1617903983598 11.53356087433485 79
1617904122579 11.470711786245468 80
1617904261207 11.17885759648542 81
1617904400438 10.297235721208349 82
1617904539431 11.610937599919305 83
1617904678528 10.01509926115403 84
1617904817877 11.208469650982869 85
1617904956555 10.16810453011904 86
1617905095798 10.002098582146314 87
1617905234502 9.390318092106266 88
1617905372946 9.613283764701237 89
1617905511870 9.994049455525234 90
1617905650768 9.348666760845452 91
1617905789761 13.731090326437721 92
1617905928434 11.129177575049694 93
1617906067316 10.980298902381175 94
1617906205764 10.451776271590981 95
1617906344225 10.183643783564492 96
1617906483105 10.282998854450076 97
1617906621592 9.71461578467093 98
1617906760595 9.530231806036456 99
1617906899453 11.870938870057987 100
1617907037875 10.430041770938216 101
1617907176490 10.303261708834098 102
1617907315514 10.229611617067178 103
1617907454421 13.250125203385114 104
1617907593317 13.004184269435234 105
1617907732456 11.106400400603878 106
1617907871730 10.339050892469107 107
1617908010880 9.987429092076848 108
1617908150444 10.732566174076789 109
1617908289639 11.87276982625727 110
1617908428569 10.899873169546842 111
1617908568342 12.949880576935156 112
1617908707444 11.532781538506397 113
1617908846194 10.825525992687567 114
1617908985368 12.33806476288928 115
1617909124464 10.75189245678215 116
1617909263506 10.671080878940737 117
1617909403098 11.124837104138138 118
1617909542652 10.281800595089939 119
1617909682468 11.468639442179441 120
1617909821429 10.773641588592026 121
1617909960335 9.598800611511107 122
1617910099552 14.150207568586035 123
1617910239162 inf 124
1617910378311 9.5546351958757 125
1617910517306 9.850705389745105 126
1617910656045 9.643522949988943 127
1617910795040 10.647857210029978 128
1617910934081 11.620473809487313 129
1617911073223 10.01385110886768 130
1617911212363 9.511978405849131 131
1617911351205 inf 132
1617911490334 8.785924096746575 133
1617911629620 10.064826924131232 134
1617911769275 9.9195734931414 135
1617911908300 9.701317328433307 136
1617912046562 10.391000247303198 137
1617912185903 8.574263518047495 138
1617912324730 8.559540514573987 139
1617912463724 8.664157430605998 140
1617912602623 inf 141
1617912741538 8.54299473995343 142
1617912880412 9.511913420199852 143
1617913019196 12.977403115024865 144
1617913157895 12.092004850104766 145
1617913297353 9.683542737323696 146
1617913436243 10.320695759909302 147
1617913575111 8.66345713093868 148
1617913714268 7.902576986281605 149
1617913853728 8.52639594354734 150
1617913992998 10.668310748914829 151
1617914131816 9.580856922127634 152
1617914270806 8.796531650316346 153
1617914409579 9.577538248539215 154
1617914548554 9.434443680300383 155
1617914687491 8.418660691122726 156
1617914825903 8.91363197245571 157
1617914964475 8.651203435377159 158
1617915103360 8.284572269731655 159
1617915241968 9.024593727150046 160
1617915380512 7.85642963311924 161
1617915519487 9.985773922638934 162
1617915658666 8.449150701002363 163
1617915797697 7.902418260666323 164
1617915936259 10.150303462887013 165
1617916074701 9.556060310066886 166
1617916213193 8.348879971422637 167
1617916351813 8.709061052698678 168
1617916490435 8.701453083322397 169
1617916629055 8.171067290799613 170
1617916767640 7.819153079923319 171
1617916905910 10.211839203973154 172
1617917044902 9.527281205666279 173
1617917183410 8.848697962176487 174
1617917322076 7.777560945374347 175
1617917460647 8.898049279897156 176
1617917598920 9.652253055502703 177
1617917737143 9.11213630082596 178
1617917875499 7.95623252593414 179
1617918014609 9.935805964079316 180
1617918153425 10.255431055626987 181
1617918292062 7.823759871215473 182
1617918430871 8.428414113703257 183
1617918569313 9.86765356750305 184
1617918708340 8.431980822864759 185
1617918846733 8.714323109494917 186
1617918985486 9.926055693970728 187
1617919124230 8.498725024942626 188
1617919262943 7.94500191181906 189
1617919401542 7.9990248842711535 190
1617919539786 7.948402484839249 191
1617919678550 8.071825137088474 192
1617919817167 8.597041045798326 193
1617919955747 7.738965517057745 194
1617920094409 8.142265566186309 195
1617920232836 9.379910402992738 196
1617920371647 7.57687702827649 197
1617920510308 8.275759476441971 198
1617920649342 7.867635722015717 199
1617920788136 9.729137790104415 200
1617920926952 7.77836013627163 201
1617921065631 7.903435262406695 202
1617921204195 9.160827676377293 203
1617921342816 9.60810282446893 204
1617921481449 9.102527062451854 205
1617921619972 9.585388319243156 206
1617921758088 9.093679389451285 207
1617921896592 9.897816657906827 208
1617922035237 9.138875805960831 209
1617922174223 8.350520126145515 210
1617922312525 7.521697827144345 211
1617922451304 8.385889392444799 212
1617922590254 8.022939793090282 213
1617922729024 9.922844239194117 214
1617922867815 7.9949404519255864 215
1617923006045 7.2632904984291775 216
1617923144646 8.066699307621976 217
1617923283190 8.079811550314597 218
1617923421690 9.029227616185437 219
1617923560499 7.796001773308715 220
1617923699302 11.33274985833045 221
1617923838106 11.775093542699155 222
1617923977495 10.483593963621326 223
1617924116028 9.35263905622955 224
1617924254538 9.689128253474141 225
1617924393614 8.740938440106326 226
1617924531997 8.50629531896978 227
1617924670533 8.37081085549594 228
1617924809067 8.246082666562328 229
1617924947956 9.995527024851185 230
1617925086466 9.478602503370503 231
1617925225421 11.261490367558315 232
1617925364191 9.554746760844612 233
1617925502430 8.649751304670186 234
1617925640955 7.857584230766311 235
1617925779249 7.472711816700434 236
1617925917640 7.6439324090851475 237
1617926056054 8.759041497206603 238
1617926194340 8.238899038105222 239
1617926333073 8.304089579968164 240
1617926471391 7.702834157072673 241
1617926609676 8.053823718554229 242
1617926747917 7.301467464458397 243
1617926886352 7.8180431218837745 244
1617927024800 7.900075972545249 245
1617927163213 8.366627539554857 246
1617927301668 9.10936027170304 247
1617927440198 9.5126996712433 248
1617927578528 8.318939843950549 249
