1616998514505 0.6207917151883482 0
1616998514507 0.6207917151883482 0
1616998641310 0.6585521394005441 1
1616998641313 0.6585521394005441 1
1616998768788 0.685126162276121 2
1616998768790 0.685126162276121 2
1616998896254 0.692594052610691 3
1616998896256 0.692594052610691 3
1616999022833 0.7045638876877962 4
1616999022835 0.7045638876877962 4
1616999149376 0.7191726710483867 5
1616999149378 0.7191726710483867 5
1616999275655 0.7339693572447212 6
1616999275657 0.7339693572447212 6
1616999402109 0.744921799120617 7
1616999402112 0.744921799120617 7
1616999528900 0.7555565845015421 8
1616999528902 0.7555565845015421 8
1616999655844 0.7618932344698088 9
1616999655847 0.7618932344698088 9
1616999782445 0.7675707553134153 10
1616999782448 0.7675707553134153 10
1616999908789 0.7733941659474158 11
1616999908791 0.7733941659474158 11
1617000035518 0.7727449145903521 12
1617000035520 0.7727449145903521 12
1617000162380 0.7761520648061646 13
1617000162383 0.7761520648061646 13
1617000289165 0.7781862751735995 14
1617000289167 0.7781862751735995 14
1617000415925 0.7788291378767215 15
1617000415927 0.7788291378767215 15
1617000542081 0.7819493881293289 16
1617000542083 0.7819493881293289 16
1617000669041 0.7853286149661138 17
1617000669043 0.7853286149661138 17
1617000795569 0.7876988378984902 18
1617000795571 0.7876988378984902 18
1617000922127 0.7892650732119132 19
1617000922129 0.7892650732119132 19
1617001049065 0.791964949809983 20
1617001049067 0.791964949809983 20
1617001175875 0.7940952727731905 21
1617001175878 0.7940952727731905 21
1617001302047 0.7963660553075755 22
1617001302049 0.7963660553075755 22
1617001428320 0.7989592824004514 23
1617001428322 0.7989592824004514 23
1617001555656 0.8009863054706774 24
1617001555659 0.8009863054706774 24
1617001684889 0.8033264116408858 25
1617001684892 0.8033264116408858 25
1617001812147 0.8056747632908838 26
1617001812149 0.8056747632908838 26
1617001938860 0.8071908501012599 27
1617001938863 0.8071908501012599 27
1617002065941 0.8088772427675027 28
1617002065943 0.8088772427675027 28
1617002193459 0.8105677738853446 29
1617002193461 0.8105677738853446 29
1617002323125 0.8123821528283618 30
1617002323127 0.8123821528283618 30
1617002451091 0.8142248795956356 31
1617002451093 0.8142248795956356 31
1617002577314 0.8158989017452507 32
1617002577316 0.8158989017452507 32
1617002703371 0.8173052571932184 33
1617002703373 0.8173052571932184 33
1617002829202 0.8187844993780143 34
1617002829204 0.8187844993780143 34
1617002955480 0.8202234564128059 35
1617002955482 0.8202234564128059 35
1617003081434 0.82157465301536 36
1617003081436 0.82157465301536 36
1617003207672 0.8226683575876134 37
1617003207674 0.8226683575876134 37
1617003333760 0.8239634797736378 38
1617003333763 0.8239634797736378 38
1617003459848 0.8252793432482113 39
1617003459850 0.8252793432482113 39
1617003585963 0.8264416584095734 40
1617003585966 0.8264416584095734 40
1617003711950 0.8274866254159732 41
1617003711952 0.8274866254159732 41
1617003838103 0.8286349810025103 42
1617003838105 0.8286349810025103 42
1617003964056 0.8292311792969173 43
1617003964058 0.8292311792969173 43
1617004090190 0.8290635010462043 44
1617004090192 0.8290635010462043 44
1617004216058 0.8296412808363344 45
1617004216061 0.8296412808363344 45
1617004341963 0.8304805493522133 46
1617004341966 0.8304805493522133 46
1617004467969 0.831160951961523 47
1617004467972 0.831160951961523 47
1617004593788 0.8317667609668056 48
1617004593790 0.8317667609668056 48
1617004719875 0.8326468694377492 49
1617004719877 0.8326468694377492 49
1617004845675 0.8333545339597418 50
1617004845677 0.8333545339597418 50
1617004971544 0.8341433373966738 51
1617004971547 0.8341433373966738 51
1617005097731 0.8347689434842982 52
1617005097733 0.8347689434842982 52
1617005223694 0.8354911132078245 53
1617005223696 0.8354911132078245 53
1617005349333 0.8362412124311971 54
1617005349335 0.8362412124311971 54
1617005475376 0.83697971833695 55
1617005475378 0.83697971833695 55
1617005601535 0.8374755235488645 56
1617005601537 0.8374755235488645 56
1617005727225 0.8380038985397981 57
1617005727228 0.8380038985397981 57
1617005853411 0.8385944779086727 58
1617005853414 0.8385944779086727 58
1617005981211 0.8390628446648158 59
1617005981213 0.8390628446648158 59
1617006107097 0.8397256938939086 60
1617006107099 0.8397256938939086 60
1617006233037 0.840152319591184 61
1617006233039 0.840152319591184 61
1617006358765 0.8408267712036546 62
1617006358768 0.8408267712036546 62
1617006484616 0.8413988821138191 63
1617006484619 0.8413988821138191 63
1617006610712 0.8417881772862577 64
1617006610714 0.8417881772862577 64
1617006736833 0.842186517030064 65
1617006736836 0.842186517030064 65
1617006862696 0.8422713915698544 66
1617006862698 0.8422713915698544 66
1617006988795 0.8427544975099914 67
1617006988797 0.8427544975099914 67
1617007114872 0.8432898838390346 68
1617007114874 0.8432898838390346 68
