1616998514502 0.37956017802687403 0
1616998641308 0.3075474459638304 1
1616998768786 0.26931387891477726 2
1616998896251 0.25556447796840615 3
1616999022830 0.24150509333356895 4
1616999149373 0.22535218285885472 5
1616999275653 0.21004784272525084 6
1616999402107 0.19843411718079068 7
1616999528898 0.18768190283847896 8
1616999655842 0.18138272279992382 9
1616999782443 0.17528382924383568 10
1616999908786 0.1694653234593174 11
1617000035515 0.1693234321464664 12
1617000162378 0.1655099711403545 13
1617000289163 0.1631806071940149 14
1617000415923 0.1622440603380884 15
1617000542079 0.15906263685182614 16
1617000669039 0.15556147342424478 17
1617000795567 0.15298435665366697 18
1617000922124 0.15108680721828122 19
1617001049062 0.14817986484492443 20
1617001175873 0.1459492109400694 21
1617001302045 0.1435167406229897 22
1617001428317 0.14093123685819567 23
1617001555654 0.13892145581860493 24
1617001684887 0.13654055161121167 25
1617001812144 0.13418857158375266 26
1617001938858 0.13254183940348813 27
1617002065938 0.13077959282937313 28
1617002193457 0.12899891555190404 29
1617002323122 0.12710446374671114 30
1617002451089 0.12524368441316916 31
1617002577311 0.12354174175021691 32
1617002703369 0.12206380784707391 33
1617002829200 0.12049962680639649 34
1617002955478 0.11894647097578341 35
1617003081431 0.11749282994593027 36
1617003207670 0.11627531297398526 37
1617003333758 0.1149245840621796 38
1617003459846 0.11352953026863806 39
1617003585961 0.1122690841244349 40
1617003711948 0.11119708590296294 41
1617003838101 0.10996489044332317 42
1617003964054 0.1092127490508581 43
1617004090187 0.10905123706334591 44
1617004216056 0.1082627418839565 45
1617004341961 0.10722657215464045 46
1617004467967 0.10636427265580362 47
1617004593786 0.10554637624330164 48
1617004719873 0.10453800755255718 49
1617004845672 0.10363384632880945 50
1617004971542 0.10270551248734024 51
1617005097729 0.10188938839273587 52
1617005223692 0.10100022825897563 53
1617005349331 0.10008794476946446 54
1617005475373 0.09920186210511463 55
1617005601533 0.09849732877257635 56
1617005727223 0.09778269288121223 57
1617005853409 0.09704160812491229 58
1617005981208 0.09636030203187244 59
1617006107094 0.09549101146297315 60
1617006233034 0.09490257645711078 61
1617006358763 0.09401697935004949 62
1617006484614 0.09326139920511273 63
1617006610710 0.09265497196069422 64
1617006736831 0.09199805176672167 65
1617006862694 0.09163341981442523 66
1617006988793 0.09091348793049889 67
1617007114869 0.09014061973046832 68
