1616998514498 0.6207917151883482 0
1616998641304 0.6963125636127401 1
1616998768781 0.738274208027275 2
1616998896247 0.7149977236144007 3
1616999022826 0.7524432279962174 4
1616999149369 0.7922165878513392 5
1616999275648 0.8227494744227287 6
1616999402103 0.8215888922518872 7
1616999528893 0.8406348675489426 8
1616999655838 0.8189230841842103 9
1616999782439 0.8243459637494798 10
1616999908782 0.8374516829214198 11
1617000035511 0.7649538983055886 12
1617000162374 0.8204450176117268 13
1617000289158 0.8066652203176884 14
1617000415919 0.7884720784235508 15
1617000542074 0.831873392171048 16
1617000669034 0.842775471191457 17
1617000795562 0.8303628506812644 18
1617000922120 0.8190235441669504 19
1617001049058 0.8459624817713778 20
1617001175868 0.8388320550005487 21
1617001302040 0.8463232710640481 22
1617001428313 0.8586035055365968 23
1617001555649 0.8496348591561013 24
1617001684876 0.8618290658960951 25
1617001812134 0.8667319061908316 26
1617001938847 0.8481251939814142 27
1617002065934 0.8560962374223039 28
1617002193452 0.8595931763027577 29
1617002323112 0.8668135211188742 30
1617002451085 0.8713494093811258 31
1617002577307 0.8694676105329331 32
1617002703364 0.8637149869761569 33
1617002829195 0.8690787336610734 34
1617002955473 0.8705869526305097 35
1617003081427 0.8702177307073106 36
1617003207665 0.863135426760988 37
1617003333753 0.8731781228425655 38
1617003459841 0.8765980187565723 39
1617003585957 0.8729342648640592 40
1617003711943 0.870330272678365 41
1617003838096 0.8768659156370671 42
1617003964049 0.8548677059564185 43
1617004090183 0.8216856580148352 44
1617004216052 0.8556413713921892 45
1617004341957 0.8690869010826374 46
1617004467963 0.8631398745990814 47
1617004593781 0.8608455932203759 48
1617004719868 0.8757721845139849 49
1617004845667 0.868737760059377 50
1617004971537 0.8743723126802039 51
1617005097724 0.8673004600407674 52
1617005223688 0.8737661085547285 53
1617005349326 0.8767465704933126 54
1617005475369 0.877597543153357 55
1617005601528 0.8652406154160804 56
1617005727219 0.8681212730230169 57
1617005853404 0.8728480813034037 58
1617005981203 0.86669648327726 59
1617006107090 0.8794966476394775 60
1617006233030 0.8661764871249807 61
1617006358758 0.8826427711768353 62
1617006484609 0.8774418694541809 63
1617006610704 0.8667030683223237 64
1617006736826 0.8680786003774785 65
1617006862689 0.8478731111960208 66
1617006988788 0.8751225954991706 67
1617007114865 0.8796961542139662 68
