1616998514500 23.869390589511124 0
1616998641306 19.900784349030783 1
1616998768784 18.82373553789753 2
1616998896249 21.434480162412342 3
1616999022828 19.563290221092334 4
1616999149371 17.975233201877725 5
1616999275650 16.03718194747046 6
1616999402105 15.454512444682411 7
1616999528894 14.230244252385605 8
1616999655840 15.976256098499055 9
1616999782441 14.987172514757555 10
1616999908784 14.038807141672269 11
1617000035513 18.147889370089793 12
1617000162376 15.066499570575944 13
1617000289161 16.37766694156223 14
1617000415921 15.890991506002631 15
1617000542076 16.434596929072985 16
1617000669036 14.288620278850436 17
1617000795564 15.186511302507991 18
1617000922122 14.764202364448973 19
1617001049060 15.43494760397481 20
1617001175870 15.296479173383172 21
1617001302042 13.808243360569612 22
1617001428315 13.778514525327214 23
1617001555652 14.227103471755612 24
1617001684881 12.887980971221351 25
1617001812139 12.350191325499086 26
1617001938853 13.944553654034298 27
1617002065936 13.921217796920232 28
1617002193455 13.420139386251888 29
1617002323117 12.533315427690209 30
1617002451087 12.48993580132374 31
1617002577309 12.553818616822891 32
1617002703367 12.867388489903194 33
1617002829197 12.329798288496399 34
1617002955476 12.021602787975725 35
1617003081429 13.024805257884243 36
1617003207667 12.961090270344078 37
1617003333756 12.282725193015997 38
1617003459844 11.914001670310224 39
1617003585959 12.063645681980232 40
1617003711946 11.679572711513517 41
1617003838099 11.40142238022547 42
1617003964052 13.050446491327941 43
1617004090185 15.897559742420066 44
1617004216054 12.028061744989555 45
1617004341958 12.173421182332627 46
1617004467965 13.501729604640678 47
1617004593783 13.190418834336484 48
1617004719870 11.953978336904282 49
1617004845670 13.31991139283467 50
1617004971540 11.69105213618882 51
1617005097726 12.280322787710624 52
1617005223690 11.162365722756958 53
1617005349329 11.768768599114036 54
1617005475371 11.005799032023019 55
1617005601530 12.31452142180287 56
1617005727221 12.689956074191473 57
1617005853407 12.451937866190967 58
1617005981206 12.439971925272367 59
1617006107092 11.426048896796997 60
1617006233032 11.33252791518658 61
1617006358760 11.395632621703905 62
1617006484612 11.598602848474947 63
1617006610707 12.98407896143208 64
1617006736829 12.128284573278792 65
1617006862691 13.054882127043523 66
1617006988790 11.473047378442384 67
1617007114867 10.485856395730623 68
