1616998514492 0.37956017802687403 0
1616998641301 0.23553471390078676 1
1616998768779 0.19284674481667102 2
1616998896244 0.21431627512929288 3
1616999022824 0.18526755479422022 4
1616999149366 0.14458763048528356 5
1616999275645 0.11822180192362755 6
1616999402100 0.11713803836956937 7
1616999528890 0.10166418809998543 8
1616999655836 0.12469010245292744 9
1616999782436 0.11429489368295416 10
1616999908779 0.1054617598296163 11
1617000035508 0.16762073639225453 12
1617000162371 0.11593497806089989 13
1617000289155 0.13056951194526034 14
1617000415916 0.1481958574991911 15
1617000542071 0.10815986107162973 16
1617000669031 0.09604169515536186 17
1617000795560 0.1065962547832664 18
1617000922117 0.11503336794595136 19
1617001049055 0.09004101737778872 20
1617001175865 0.09910547893811414 21
1617001302037 0.09000239364723576 22
1617001428311 0.08146465026793327 23
1617001555647 0.0906867108684271 24
1617001684868 0.07701794642638018 25
1617001812128 0.07303709086981859 26
1617001938841 0.08808007053634588 27
1617002065931 0.08143668875415275 28
1617002193449 0.07735927450530072 29
1617002323106 0.07027090959092404 30
1617002451082 0.06755952507336722 31
1617002577305 0.06907957653574487 32
1617002703361 0.07329198904335499 33
1617002829193 0.0673174714233647 34
1617002955470 0.06458601690432493 35
1617003081425 0.06516175287121788 36
1617003207662 0.07122718501201969 37
1617003333751 0.06359688541356553 38
1617003459839 0.05912243232051743 39
1617003585954 0.061851238356308735 40
1617003711941 0.06724515882261256 41
1617003838094 0.058212681138452065 42
1617003964047 0.07687066917486013 43
1617004090180 0.1019447096128096 44
1617004216049 0.07278045881143276 45
1617004341954 0.059562764606101715 46
1617004467960 0.06583619621047314 47
1617004593779 0.06628734844320631 48
1617004719866 0.05512794170607912 49
1617004845664 0.058425785141422396 50
1617004971535 0.055360486572410196 51
1617005097721 0.059450935473308916 52
1617005223685 0.05387474116968348 53
1617005349323 0.05082463633586118 54
1617005475367 0.050467315565873964 55
1617005601525 0.05904346215043296 56
1617005727216 0.05704844707345709 57
1617005853402 0.05405869225951585 58
1617005981200 0.05616324254252175 59
1617006107087 0.04333357732901548 60
1617006233027 0.05900804109950649 61
1617006358756 0.03910995871224936 62
1617006484606 0.045659850074097195 63
1617006610702 0.05384362831791031 64
1617006736824 0.04929823915850609 65
1617006862687 0.06756771096285988 66
1617006988786 0.04267805170743389 67
1617007114863 0.03758558212838908 68
