1617177046854 0.2725432105918429 0
1617177111854 0.22209298210357553 1
1617177175843 0.20613186306028222 2
1617177239095 0.18842251554353912 3
1617177301580 0.18364228277064082 4
1617177365472 0.17228600946231862 5
1617177428395 0.16507729322417203 6
1617177490864 0.15998547057162468 7
1617177553839 0.15565310396365264 8
1617177616431 0.1568012692145447 9
1617177679794 0.15335835676180298 10
1617177743089 0.14894770130292692 11
1617177805617 0.14716227799140763 12
1617177868730 0.14616322892306965 13
1617177931840 0.1430632133388994 14
1617177995423 0.1410754637153291 15
1617178058008 0.14154068344616913 16
1617178120943 0.1414217510033603 17
1617178184237 0.14052775930627912 18
1617178247325 0.13986395330571416 19
1617178310679 0.13921094237275383 20
1617178373488 0.1384534473496829 21
1617178436521 0.1376266835340813 22
1617178499393 0.13609477940631742 23
1617178562213 0.1362592277598025 24
1617178625129 0.13538457598669795 25
1617178687847 0.13460207980531827 26
1617178751035 0.13389761799942457 27
1617178813939 0.13284140990925278 28
1617178877209 0.13241800431588396 29
1617178940375 0.13167273625193393 30
1617179003322 0.13092531483453604 31
1617179066562 0.12974483022750208 32
1617179129361 0.12965093222074703 33
1617179192475 0.12883036182379165 34
1617179254831 0.12850395653081773 35
1617179317240 0.1276877236106599 36
1617179379544 0.1267971159525959 37
1617179442215 0.12592587017529414 38
1617179504549 0.12591288817017826 39
1617179567296 0.1250536582623563 40
1617179630181 0.12440652714270434 41
1617179693492 0.12369814284432891 42
1617179756336 0.12357496076959769 43
1617179819101 0.12386674293831214 44
1617179880814 0.12346797454364884 45
1617179942770 0.12322766480274752 46
1617180004154 0.12235696521119693 47
1617180065703 0.12175015598181506 48
1617180127122 0.12125108256268857 49
1617180188857 0.12143104487006903 50
1617180250584 0.1207566048808815 51
1617180312087 0.12066481906372002 52
1617180374055 0.12016613116707177 53
1617180435845 0.12075005472110764 54
1617180497547 0.12040470381662535 55
1617180559339 0.1196899101290287 56
1617180621797 0.11949569868845113 57
1617180683510 0.1190967584995267 58
1617180745262 0.11886575825475343 59
1617180806746 0.11870450904382772 60
1617180868389 0.11796544508745767 61
1617180930463 0.11786471574517174 62
1617180992167 0.1181576413922568 63
1617181053878 0.11741406638367717 64
1617181115671 0.11722361151851828 65
1617181177778 0.11759926066363569 66
1617181239377 0.11748982984261937 67
1617181301050 0.11748121085425825 68
1617181363073 0.11734920531701941 69
1617181424953 0.11750930625399497 70
1617181486488 0.11706059108523786 71
1617181548048 0.11678035193195474 72
1617181609406 0.1166879771192404 73
1617181672351 0.11652140817832 74
1617181734342 0.11685443371651406 75
1617181796379 0.11666801298605103 76
1617181858212 0.11629480318552321 77
1617181920126 0.11593633429575755 78
1617181982080 0.11563519064837431 79
1617182044056 0.11514223042565949 80
1617182105839 0.11511659830494021 81
1617182167487 0.11449711231892973 82
1617182229120 0.11440636389164024 83
1617182290930 0.1141436021614745 84
1617182352246 0.114000306335103 85
1617182413692 0.11370381274749333 86
1617182475726 0.11356517574478203 87
1617182537883 0.11326497507319247 88
1617182599911 0.11333824012607686 89
1617182661905 0.1134379080559204 90
1617182723712 0.1131110318212986 91
1617182786081 0.11287861363192546 92
1617182847595 0.11262813589996142 93
1617182909268 0.11251648732834883 94
1617182971297 0.11231765940563006 95
1617183033743 0.11212273801651569 96
1617183096601 0.1118751954295234 97
1617183158415 0.11160725072985521 98
1617183219941 0.11140168237152387 99
1617183281851 0.1112404124536313 100
1617183344390 0.11098593310337164 101
1617183405754 0.1107099454932551 102
1617183467351 0.11075422475723942 103
1617183529120 0.11078432213777165 104
1617183590785 0.11097477960170272 105
1617183652512 0.11108101217429797 106
1617183714097 0.11108871536600189 107
1617183775877 0.1109343156836775 108
1617183837401 0.11091348968011554 109
1617183899622 0.11089414613003594 110
1617183961621 0.11089682730752777 111
1617184023266 0.11079643922412023 112
1617184084938 0.11094226067557514 113
1617184146691 0.1109300325784801 114
1617184208468 0.11088936468006347 115
1617184270193 0.11083934237601457 116
1617184331548 0.11083330191029135 117
1617184393444 0.11079747742935539 118
1617184455206 0.1107834471250648 119
1617184517247 0.1105800888402197 120
1617184578796 0.11058605046122938 121
1617184640237 0.11026068500285731 122
1617184702037 0.11022032107879866 123
1617184763477 0.10997946301502969 124
1617184824900 0.10975975089800695 125
1617184886543 0.10979872433415507 126
1617184948171 0.1097033129754796 127
1617185009625 0.10942744825306444 128
1617185071353 0.10947643740853268 129
1617185132784 0.109221713104511 130
1617185194237 0.10909889585181418 131
1617185255784 0.10902960307669551 132
1617185317507 0.10898678152458682 133
1617185379103 0.1087687186011298 134
1617185440980 0.1087912513013468 135
1617185502501 0.10850963005898552 136
1617185563858 0.10843264785855718 137
1617185625257 0.10838768116887396 138
1617185686912 0.10816782272573727 139
1617185748672 0.10805652424735696 140
1617185810371 0.1078137543200444 141
1617185871956 0.10769256225596288 142
1617185933448 0.10751168709093856 143
1617185994907 0.10734668245526606 144
1617186056633 0.10727328319804015 145
1617186118243 0.10717091471764724 146
1617186180029 0.10695384439800765 147
1617186241657 0.1068073667732876 148
1617186303015 0.10665024588950237 149
1617186364511 0.10631958515945482 150
1617186426045 0.10636303265990932 151
1617186488053 0.10638308821625966 152
1617186549561 0.10618116702421568 153
1617186611171 0.10600157151959176 154
1617186673084 0.10600098225630607 155
1617186734521 0.10603525013238688 156
1617186795787 0.10603811621846125 157
1617186857403 0.10600174773100848 158
1617186919094 0.10589711443701781 159
1617186980469 0.10587150073973117 160
1617187041914 0.1057264080347662 161
1617187103282 0.10561039054058655 162
1617187164842 0.10540142659712233 163
1617187226547 0.10525442139156688 164
1617187288083 0.10501122586676977 165
1617187349121 0.10490211997064976 166
1617187410780 0.10491797745270173 167
1617187472408 0.1049128994391725 168
1617187534140 0.10471411717890436 169
1617187595883 0.10490352885099025 170
1617187657349 0.10479766641462564 171
1617187718812 0.10480298063463156 172
1617187780673 0.10472231517935886 173
1617187842215 0.1046937913376131 174
1617187904101 0.10464209193310711 175
1617187965760 0.10468750070265025 176
1617188027535 0.10456396364214113 177
1617188088907 0.10445419211587623 178
1617188150527 0.10431968407152499 179
1617188211988 0.10435060892689399 180
1617188273328 0.10432621489612119 181
1617188334815 0.10421687634867638 182
1617188396459 0.10417386480425177 183
1617188458347 0.10409348809271869 184
1617188520003 0.10397334138322765 185
1617188581668 0.10395772850649515 186
1617188643559 0.10387786945565307 187
1617188705621 0.10370196718500467 188
1617188767591 0.10361555654611157 189
1617188830101 0.10356924973903914 190
1617188891920 0.10350399681214073 191
1617188953509 0.10343180668159513 192
1617189015015 0.10338542438100015 193
1617189076669 0.10350725728800318 194
1617189138366 0.1035674354841605 195
1617189199689 0.10357241359964733 196
1617189261333 0.10342215790785256 197
1617189322852 0.10335579181230672 198
1617189384282 0.10315118727399339 199
1617189446002 0.10320209336190529 200
1617189507322 0.10296484151090177 201
1617189568512 0.10283547888327305 202
1617189629841 0.10279266325604819 203
1617189691189 0.10282971646337019 204
1617189752891 0.1028025306155588 205
1617189814227 0.1027005657309779 206
1617189875656 0.10267395989800429 207
1617189937060 0.10250689589125099 208
1617189998486 0.10244618667383606 209
1617190060153 0.10233487580818747 210
1617190121513 0.10220632241565185 211
1617190182922 0.1021283225909269 212
1617190244272 0.1022282257116993 213
1617190305630 0.10211959476067098 214
1617190366900 0.10194720072911678 215
1617190428059 0.10185045461000686 216
1617190489656 0.10176583294523717 217
1617190551382 0.10182428667087587 218
1617190612973 0.10168476637700516 219
1617190674528 0.10170400020698935 220
1617190736719 0.10172025173105052 221
1617190798875 0.10170555060890075 222
1617190860047 0.10160699837418122 223
1617190921555 0.10160949999222506 224
1617190983049 0.10159867231588571 225
1617191044294 0.10154179850621008 226
1617191105707 0.10146674050277174 227
1617191167223 0.10147002060239474 228
1617191228451 0.10153564167517797 229
1617191289762 0.1014971738870025 230
1617191351092 0.1013717895131165 231
1617191412609 0.1014234390037949 232
1617191474633 0.10127988620396852 233
1617191536290 0.10129351160873794 234
1617191597643 0.10119399029922699 235
1617191659148 0.10116203365867055 236
1617191720386 0.1010698604528419 237
1617191781947 0.10107228102767694 238
1617191843942 0.10098474078732934 239
1617191905741 0.1008712734062472 240
1617191967572 0.1007481276569905 241
1617192029483 0.10070313439601453 242
1617192091295 0.10064015371425533 243
1617192152947 0.10060428087935734 244
1617192214657 0.1004755934267538 245
1617192276345 0.10033785878686328 246
1617192337999 0.10023538782281488 247
1617192399578 0.10018122872524263 248
1617192461115 0.1000800920244473 249
1617192522853 0.10002681748892694 250
1617192584409 0.09993406519156103 251
1617192645952 0.09986061590567821 252
1617192707181 0.09977886356734712 253
1617192768922 0.09970373604986307 254
1617192830751 0.09961457819149673 255
1617192892360 0.09954087042186832 256
1617192953762 0.0994626597599286 257
1617193015089 0.0993428426208478 258
1617193076421 0.09930880440636422 259
1617193138542 0.09918088759785346 260
1617193200115 0.09916676481247923 261
1617193261438 0.09909053014833505 262
1617193323216 0.09897542184817738 263
1617193384766 0.09894713890179883 264
1617193446444 0.09882531279386352 265
1617193507418 0.09872248214542233 266
1617193569305 0.09867938639632201 267
1617193630895 0.09861714881737593 268
1617193692251 0.09849636777452897 269
1617193754087 0.09844715564584601 270
1617193815513 0.09840718252850897 271
1617193877208 0.09840326882472325 272
1617193938708 0.09837422570328733 273
1617194000340 0.09831328161697697 274
1617194061969 0.09821392723731655 275
1617194123489 0.09822022011133737 276
1617194184947 0.09822986089273154 277
1617194246769 0.09815578583964933 278
1617194308255 0.09816414676368362 279
1617194370247 0.09812626194357459 280
1617194432213 0.09811727967138098 281
1617194493756 0.09807850542051379 282
1617194555441 0.09796755437793814 283
1617194616995 0.09798287237211807 284
1617194678636 0.09789482117408427 285
1617194740721 0.0978583933392183 286
1617194802609 0.09789551880402153 287
1617194864220 0.09779830446963848 288
1617194925776 0.09783020302369554 289
1617194987500 0.09783482676305152 290
1617195049000 0.09771554533980956 291
1617195110623 0.09763718722556565 292
1617195172062 0.09756216172313119 293
1617195233768 0.09755980967269075 294
1617195295350 0.09756643770201738 295
1617195356963 0.09752934237174445 296
1617195418516 0.09744949504952505 297
1617195479725 0.09736213621659755 298
1617195541153 0.0973098432661882 299
1617195602666 0.09726443926213534 300
1617195664098 0.09715676037551409 301
1617195725868 0.09713571943395166 302
1617195787783 0.09700859312585555 303
1617195849566 0.09703644143359597 304
1617195911276 0.09699967297132207 305
1617195972625 0.09706945397346274 306
1617196034737 0.09698917886722824 307
1617196096692 0.09690385960452377 308
1617196158546 0.09690368589037131 309
1617196220599 0.09686126334027478 310
1617196282472 0.09676405044976112 311
1617196344033 0.09676116932320108 312
1617196406001 0.09673585299530321 313
1617196467747 0.0966226743030706 314
1617196529429 0.09656903396003212 315
1617196591106 0.0964991890461949 316
1617196652994 0.09646879275740562 317
1617196714501 0.09648190285155217 318
1617196776272 0.09641280339391371 319
1617196838007 0.09636305824296987 320
1617196899775 0.09627101118719099 321
1617196961636 0.09626036262695085 322
1617197023472 0.09620732713441985 323
1617197085301 0.09618502570895729 324
1617197147168 0.09612691524417152 325
1617197208995 0.09607605658768462 326
1617197270682 0.09610747025745928 327
1617197332224 0.09601993971909743 328
1617197393757 0.0960492133258533 329
1617197455596 0.09600888725418712 330
1617197517449 0.09599613462489533 331
1617197579429 0.09591677720402135 332
1617197641076 0.09599726048974631 333
1617197702756 0.09592879760979699 334
1617197764393 0.09597755808650639 335
1617197825926 0.09601366027072349 336
1617197887745 0.09610090154246745 337
1617197949110 0.09603868082755514 338
1617198010698 0.09596944175811055 339
1617198072207 0.09593165944263006 340
1617198133531 0.09593952612549339 341
1617198194958 0.09587363254037845 342
1617198256620 0.09575986073160694 343
1617198318055 0.09573153917494974 344
1617198379447 0.09562050101672914 345
1617198441264 0.09565013033061119 346
1617198502679 0.09564794631453431 347
1617198564039 0.09565040346177515 348
1617198625834 0.09572304502733217 349
1617198687754 0.09559713478989042 350
1617198749477 0.09554670584543498 351
1617198810807 0.0955159032371531 352
1617198872403 0.09552636515160348 353
1617198933979 0.095467039394559 354
1617198995432 0.09544273451752808 355
1617199056616 0.09537930246170771 356
1617199118062 0.09537961076857152 357
1617199179373 0.09536739029428565 358
1617199240779 0.09534523880007245 359
1617199301951 0.09530442153682486 360
1617199362992 0.09529323540575725 361
1617199424120 0.09523057962374618 362
1617199485773 0.095253781535126 363
1617199547400 0.09526407076424788 364
1617199608781 0.09519158560293796 365
1617199670314 0.09509979397939615 366
1617199731855 0.0950527938347524 367
1617199793380 0.09497751292733743 368
1617199854841 0.09490332508962342 369
1617199915889 0.09485306402470293 370
1617199977165 0.09480904906514626 371
1617200038458 0.09472349876735645 372
1617200099758 0.09465796176648318 373
1617200161738 0.09467708859514826 374
1617200223264 0.09464793282724546 375
1617200285187 0.09460449263821004 376
1617200346577 0.0945867140513596 377
1617200407901 0.09455503447473719 378
1617200469106 0.09447460941742082 379
1617200530821 0.09445723700608362 380
1617200591803 0.09444918932789527 381
1617200652856 0.09450671279668697 382
1617200714387 0.09449776900533707 383
1617200776008 0.09443184232083271 384
1617200837569 0.09439793773477725 385
1617200898962 0.09436730766522576 386
1617200960300 0.0943637920477918 387
1617201021651 0.09430273177091977 388
1617201082996 0.09422616378311163 389
1617201144212 0.0941897600749277 390
1617201205145 0.09417131616008585 391
1617201266528 0.09413579257657073 392
1617201327779 0.09414855248820221 393
1617201389280 0.09408028000765468 394
1617201450653 0.09406580288144548 395
1617201512105 0.09403615451144993 396
1617201573996 0.09403087858238902 397
1617201635670 0.0940193217691559 398
1617201697138 0.09397002133415697 399
1617201759132 0.09394791173106093 400
1617201820238 0.09393900778030344 401
1617201881610 0.09385467276282314 402
1617201943242 0.09378081971694956 403
1617202004718 0.09373292580743899 404
1617202066054 0.09375872011439212 405
1617202127429 0.09371071499808394 406
1617202188612 0.09372460597268588 407
1617202249796 0.0936840296474611 408
1617202311019 0.09362123502485521 409
1617202372898 0.09357939050638898 410
1617202434612 0.09345433713646657 411
1617202496149 0.09342307121381208 412
1617202557552 0.09339451756333977 413
1617202618846 0.09339579833194812 414
1617202680686 0.09337591820628505 415
1617202742132 0.09333069758466586 416
1617202803550 0.09331100758574541 417
1617202865284 0.09328209833879185 418
1617202926577 0.09324332300915132 419
1617202988362 0.09320111332534067 420
1617203050201 0.09313419034147623 421
1617203111713 0.09309931910116645 422
1617203173157 0.09305545636899899 423
1617203234617 0.09298530203925605 424
1617203296288 0.09292826348426632 425
1617203357411 0.0929023263388517 426
1617203418412 0.09289161354814678 427
1617203479521 0.09288443970919949 428
1617203540652 0.0928996777149671 429
1617203602109 0.09297233251718347 430
1617203664061 0.09293429452602602 431
1617203725880 0.09293007816335926 432
1617203793924 0.09292624106850902 433
1617203856559 0.09286938115895595 434
1617203918893 0.092814822962443 435
1617203981171 0.09282334293879911 436
1617204043392 0.0928133862548945 437
1617204105175 0.092765284981645 438
1617204166812 0.0927056765277317 439
1617204228257 0.09265080478125444 440
1617204290126 0.09264852347191684 441
1617204351836 0.09256420992065043 442
1617204413334 0.09255430602259537 443
1617204474642 0.09258156073047426 444
1617204536158 0.0925425557509043 445
1617204597749 0.09253562522884227 446
1617204659218 0.09247094568516456 447
1617204720894 0.09239189410722419 448
1617204782353 0.09235072043404643 449
1617204843796 0.09230709307505493 450
1617204905473 0.09225573790953563 451
1617204966740 0.09220446749560843 452
1617205028226 0.09219431889481193 453
1617205089364 0.09223255097562995 454
1617205150989 0.09219344908629572 455
1617205212224 0.09216185625274007 456
1617205273603 0.09210002952026645 457
1617205334967 0.09208752156908756 458
1617205396384 0.09202551781589681 459
1617205457825 0.09206603853369154 460
1617205519077 0.09202420833984713 461
1617205580481 0.09199710524576755 462
1617205642002 0.09192162300438467 463
1617205703535 0.09189457692297973 464
1617205765317 0.09185241568929277 465
1617205826830 0.09178774819140455 466
1617205888155 0.09169224899731232 467
1617205949277 0.09165190290540516 468
1617206010867 0.0915882962398886 469
1617206072294 0.09153797834300377 470
1617206133429 0.09143443268415383 471
1617206194742 0.09137473085958712 472
1617206256257 0.09130851254294126 473
1617206317590 0.09129310280529415 474
1617206379045 0.09123736837308553 475
1617206440415 0.09120357417244158 476
1617206501357 0.09118555091921214 477
1617206562742 0.09118529806458607 478
1617206624398 0.09114407142485252 479
1617206686009 0.09112215248521253 480
1617206747689 0.0910877936959244 481
1617206809113 0.09105660379686273 482
1617206870425 0.09097825795084885 483
1617206932137 0.09092258299327037 484
1617206993505 0.0908981694445022 485
1617207054945 0.09082115150995178 486
1617207116434 0.09075378987902614 487
1617207177787 0.09069433969422812 488
1617207239587 0.09062358053072607 489
1617207301265 0.09058676751061374 490
1617207362966 0.09053669426535504 491
1617207424516 0.09052882755792653 492
1617207486384 0.09052848628449131 493
1617207547998 0.0904864506413813 494
1617207609546 0.09049961230231982 495
1617207671112 0.09051531500642929 496
1617207732639 0.09048698936042926 497
1617207793705 0.090473546060242 498
1617207855141 0.09048678828353308 499
