1617177046857 0.6594557256366198 0
1617177046859 0.6594557256366198 0
1617177111856 0.7030125943644838 1
1617177111919 0.7030125943644838 1
1617177175846 0.718656398216449 2
1617177175848 0.718656398216449 2
1617177239097 0.7318924873176188 3
1617177239099 0.7318924873176188 3
1617177301582 0.7361896761763882 4
1617177301584 0.7361896761763882 4
1617177365475 0.7484719899386824 5
1617177365477 0.7484719899386824 5
1617177428397 0.7592464643253637 6
1617177428399 0.7592464643253637 6
1617177490867 0.7625277612351572 7
1617177490869 0.7625277612351572 7
1617177553841 0.7672898310783253 8
1617177553843 0.7672898310783253 8
1617177616433 0.7650735306127483 9
1617177616436 0.7650735306127483 9
1617177679796 0.7701071489315215 10
1617177679798 0.7701071489315215 10
1617177743092 0.7767485569321076 11
1617177743094 0.7767485569321076 11
1617177805619 0.7777046516558322 12
1617177805621 0.7777046516558322 12
1617177868732 0.7798809551049252 13
1617177868734 0.7798809551049252 13
1617177931842 0.7831727855727786 14
1617177931845 0.7831727855727786 14
1617177995425 0.7857934997158069 15
1617177995428 0.7857934997158069 15
1617178058010 0.7845547357834385 16
1617178058012 0.7845547357834385 16
1617178120945 0.7840378791641087 17
1617178120948 0.7840378791641087 17
1617178184239 0.7858299991684328 18
1617178184242 0.7858299991684328 18
1617178247327 0.7865123108678 19
1617178247329 0.7865123108678 19
1617178310681 0.7871079389895169 20
1617178310683 0.7871079389895169 20
1617178373490 0.7877780332401554 21
1617178373493 0.7877780332401554 21
1617178436523 0.7889465788057469 22
1617178436525 0.7889465788057469 22
1617178499396 0.7911542541497064 23
1617178499398 0.7911542541497064 23
1617178562215 0.7910882329859393 24
1617178562218 0.7910882329859393 24
1617178625132 0.7921558378487522 25
1617178625134 0.7921558378487522 25
1617178687849 0.7927546299304445 26
1617178687851 0.7927546299304445 26
1617178751038 0.7938790757905306 27
1617178751040 0.7938790757905306 27
1617178813941 0.7957186944284572 28
1617178813944 0.7957186944284572 28
1617178877212 0.797144864898908 29
1617178877214 0.797144864898908 29
1617178940378 0.7984002369613812 30
1617178940380 0.7984002369613812 30
1617179003324 0.7994171055658171 31
1617179003326 0.7994171055658171 31
1617179066564 0.8003141664143627 32
1617179066566 0.8003141664143627 32
1617179129364 0.800781120098588 33
1617179129365 0.800781120098588 33
1617179192477 0.8015353294489841 34
1617179192480 0.8015353294489841 34
1617179254833 0.8021157975966724 35
1617179254836 0.8021157975966724 35
1617179317242 0.8034457281597315 36
1617179317244 0.8034457281597315 36
1617179379547 0.804485721580752 37
1617179379553 0.804485721580752 37
1617179442217 0.8056776598008254 38
1617179442219 0.8056776598008254 38
1617179504551 0.8053656931722571 39
1617179504554 0.8053656931722571 39
1617179567299 0.8064828815089324 40
1617179567301 0.8064828815089324 40
1617179630183 0.8070758462033816 41
1617179630185 0.8070758462033816 41
1617179693495 0.8078374929382285 42
1617179693497 0.8078374929382285 42
1617179756338 0.8079860740528158 43
1617179756341 0.8079860740528158 43
1617179819103 0.8075317794828941 44
1617179819105 0.8075317794828941 44
1617179880816 0.807740312263524 45
1617179880818 0.807740312263524 45
1617179942772 0.8083835293511175 46
1617179942774 0.8083835293511175 46
1617180004156 0.8095284865465597 47
1617180004159 0.8095284865465597 47
1617180065705 0.8100082338597829 48
1617180065708 0.8100082338597829 48
1617180127124 0.8107252796983191 49
1617180127126 0.8107252796983191 49
1617180188859 0.8107478546702961 50
1617180188861 0.8107478546702961 50
1617180250585 0.8114768708629972 51
1617180250588 0.8114768708629972 51
1617180312089 0.811635189581115 52
1617180312091 0.811635189581115 52
1617180374057 0.812049998996926 53
1617180374059 0.812049998996926 53
1617180435848 0.8118113709168956 54
1617180435850 0.8118113709168956 54
1617180497549 0.812212969908895 55
1617180497552 0.812212969908895 55
1617180559341 0.8127608013592605 56
1617180559344 0.8127608013592605 56
1617180621800 0.813185044370588 57
1617180621802 0.813185044370588 57
1617180683512 0.8138094701167481 58
1617180683514 0.8138094701167481 58
1617180745263 0.8134178743568679 59
1617180745265 0.8134178743568679 59
1617180806749 0.8138867084366439 60
1617180806751 0.8138867084366439 60
1617180868391 0.8151170472029701 61
1617180868393 0.8151170472029701 61
1617180930465 0.8152159208462454 62
1617180930467 0.8152159208462454 62
1617180992169 0.8152023267721227 63
1617180992172 0.8152023267721227 63
1617181053880 0.8159257047715219 64
1617181053882 0.8159257047715219 64
1617181115674 0.8162618296615382 65
1617181115676 0.8162618296615382 65
1617181177780 0.8157521213812889 66
1617181177782 0.8157521213812889 66
1617181239379 0.81596621948819 67
1617181239381 0.81596621948819 67
1617181301052 0.8157487190948854 68
1617181301054 0.8157487190948854 68
1617181363075 0.8160161072844526 69
1617181363077 0.8160161072844526 69
1617181424955 0.8159749163983129 70
1617181424958 0.8159749163983129 70
1617181486490 0.8166632114548303 71
1617181486492 0.8166632114548303 71
1617181548051 0.816879485721029 72
1617181548053 0.816879485721029 72
1617181609408 0.8166750328960133 73
1617181609410 0.8166750328960133 73
1617181672353 0.816788342083989 74
1617181672355 0.816788342083989 74
1617181734344 0.816633297938933 75
1617181734346 0.816633297938933 75
1617181796382 0.8169575133123191 76
1617181796384 0.8169575133123191 76
1617181858214 0.817417529049243 77
1617181858217 0.817417529049243 77
1617181920128 0.8181021268493295 78
1617181920130 0.8181021268493295 78
1617181982083 0.8183977174195723 79
1617181982086 0.8183977174195723 79
1617182044059 0.8191127297259482 80
1617182044061 0.8191127297259482 80
1617182105841 0.8191894475709357 81
1617182105843 0.8191894475709357 81
1617182167489 0.8200097295280345 82
1617182167492 0.8200097295280345 82
1617182229122 0.8201499790640948 83
1617182229125 0.8201499790640948 83
1617182290933 0.8205197356704658 84
1617182290935 0.8205197356704658 84
1617182352248 0.8205740057955834 85
1617182352251 0.8205740057955834 85
1617182413694 0.8210663008845585 86
1617182413696 0.8210663008845585 86
1617182475728 0.8211997168772576 87
1617182475731 0.8211997168772576 87
1617182537886 0.8215703637808043 88
1617182537888 0.8215703637808043 88
1617182599914 0.821324879006628 89
1617182599916 0.821324879006628 89
1617182661908 0.8212642480633837 90
1617182661911 0.8212642480633837 90
1617182723714 0.8217474299898013 91
1617182723716 0.8217474299898013 91
1617182786083 0.822149684728566 92
1617182786085 0.822149684728566 92
1617182847598 0.8224854057827025 93
1617182847600 0.8224854057827025 93
1617182909271 0.8225975209718562 94
1617182909273 0.8225975209718562 94
1617182971299 0.8228261497910435 95
1617182971302 0.8228261497910435 95
1617183033745 0.8229859206296362 96
1617183033747 0.8229859206296362 96
1617183096604 0.8232131884948751 97
1617183096606 0.8232131884948751 97
1617183158417 0.8234783159236554 98
1617183158419 0.8234783159236554 98
1617183219943 0.8235910245824113 99
1617183219945 0.8235910245824113 99
1617183281854 0.8238496860740359 100
1617183281856 0.8238496860740359 100
1617183344392 0.8242284116755357 101
1617183344395 0.8242284116755357 101
1617183405756 0.8243135040385262 102
1617183405758 0.8243135040385262 102
1617183467353 0.8244258914363835 103
1617183467355 0.8244258914363835 103
1617183529122 0.8245149616905163 104
1617183529124 0.8245149616905163 104
1617183590787 0.824332026576666 105
1617183590789 0.824332026576666 105
1617183652515 0.8243224361569165 106
1617183652517 0.8243224361569165 106
1617183714100 0.8243698935993644 107
1617183714102 0.8243698935993644 107
1617183775879 0.8245857819096442 108
1617183775881 0.8245857819096442 108
1617183837404 0.8246881829448909 109
1617183837406 0.8246881829448909 109
1617183899625 0.824763910326077 110
1617183899627 0.824763910326077 110
1617183961623 0.8248481047565456 111
1617183961626 0.8248481047565456 111
1617184023269 0.8250283089283034 112
1617184023271 0.8250283089283034 112
1617184084941 0.8249147671818359 113
1617184084943 0.8249147671818359 113
1617184146693 0.8249872480168234 114
1617184146696 0.8249872480168234 114
1617184208470 0.8249027469735178 115
1617184208473 0.8249027469735178 115
1617184270195 0.8248912020528107 116
1617184270197 0.8248912020528107 116
1617184331550 0.8248699727778683 117
1617184331552 0.8248699727778683 117
1617184393447 0.8249025288085975 118
1617184393449 0.8249025288085975 118
1617184455208 0.8250927126539201 119
1617184455211 0.8250927126539201 119
1617184517249 0.825496087684631 120
1617184517252 0.825496087684631 120
1617184578798 0.8253922465130188 121
1617184578806 0.8253922465130188 121
1617184640240 0.8258754603336561 122
1617184640242 0.8258754603336561 122
1617184702041 0.825985464035914 123
1617184702043 0.825985464035914 123
1617184763479 0.8261155659571418 124
1617184763481 0.8261155659571418 124
1617184824902 0.8263915237731786 125
1617184824905 0.8263915237731786 125
1617184886546 0.8263614834382219 126
1617184886548 0.8263614834382219 126
1617184948173 0.8263287456771795 127
1617184948175 0.8263287456771795 127
1617185009627 0.8267140978287204 128
1617185009630 0.8267140978287204 128
1617185071356 0.8267575097209272 129
1617185071358 0.8267575097209272 129
1617185132787 0.8271455128223235 130
1617185132789 0.8271455128223235 130
1617185194239 0.827349461309687 131
1617185194241 0.827349461309687 131
1617185255786 0.8274471185718281 132
1617185255789 0.8274471185718281 132
1617185317509 0.8275290208211797 133
1617185317512 0.8275290208211797 133
1617185379106 0.8276164554000099 134
1617185379108 0.8276164554000099 134
1617185440982 0.8276483260713965 135
1617185440985 0.8276483260713965 135
1617185502503 0.8281323902629596 136
1617185502505 0.8281323902629596 136
1617185563860 0.8283028783723632 137
1617185563863 0.8283028783723632 137
1617185625259 0.8282946545128115 138
1617185625262 0.8282946545128115 138
1617185686915 0.828622660309735 139
1617185686917 0.828622660309735 139
1617185748674 0.828774340371459 140
1617185748676 0.828774340371459 140
1617185810373 0.8291968978751713 141
1617185810376 0.8291968978751713 141
1617185871959 0.8293465861815847 142
1617185871961 0.8293465861815847 142
1617185933450 0.8296636540039347 143
1617185933452 0.8296636540039347 143
1617185994909 0.8299701937504625 144
1617185994912 0.8299701937504625 144
1617186056636 0.8301698122571082 145
1617186056638 0.8301698122571082 145
1617186118245 0.8303651405857151 146
1617186118247 0.8303651405857151 146
1617186180032 0.830533421374749 147
1617186180034 0.830533421374749 147
1617186241659 0.830760380235978 148
1617186241661 0.830760380235978 148
1617186303017 0.830830045510478 149
1617186303020 0.830830045510478 149
1617186364513 0.8312683247084477 150
1617186364516 0.8312683247084477 150
1617186426047 0.8313083148554129 151
1617186426049 0.8313083148554129 151
1617186488055 0.8311425606025068 152
1617186488058 0.8311425606025068 152
1617186549563 0.8313216891258284 153
1617186549565 0.8313216891258284 153
1617186611174 0.8316084495424749 154
1617186611176 0.8316084495424749 154
1617186673086 0.8316418448124685 155
1617186673089 0.8316418448124685 155
1617186734524 0.8315707921346597 156
1617186734526 0.8315707921346597 156
1617186795790 0.8315944628030766 157
1617186795792 0.8315944628030766 157
1617186857405 0.831698630268549 158
1617186857408 0.831698630268549 158
1617186919097 0.8319068558598186 159
1617186919099 0.8319068558598186 159
1617186980471 0.8319163391758995 160
1617186980473 0.8319163391758995 160
1617187041916 0.8321676485124773 161
1617187041918 0.8321676485124773 161
1617187103284 0.8323391343862759 162
1617187103287 0.8323391343862759 162
1617187164844 0.8325903668803116 163
1617187164847 0.8325903668803116 163
1617187226549 0.8327273943636433 164
1617187226551 0.8327273943636433 164
1617187288085 0.8330354748866269 165
1617187288087 0.8330354748866269 165
1617187349123 0.8331921625028772 166
1617187349126 0.8331921625028772 166
1617187410782 0.8331112914906261 167
1617187410784 0.8331112914906261 167
1617187472410 0.8331473152998251 168
1617187472413 0.8331473152998251 168
1617187534142 0.8334345715806412 169
1617187534145 0.8334345715806412 169
1617187595885 0.8331293684292486 170
1617187595888 0.8331293684292486 170
1617187657351 0.8332833506480546 171
1617187657353 0.8332833506480546 171
1617187718814 0.8333486219810339 172
1617187718816 0.8333486219810339 172
1617187780675 0.83342992719942 173
1617187780677 0.83342992719942 173
1617187842217 0.8333704273136716 174
1617187842219 0.8333704273136716 174
1617187904104 0.8335035924567233 175
1617187904106 0.8335035924567233 175
1617187965762 0.8334206260083473 176
1617187965765 0.8334206260083473 176
1617188027537 0.833690467658917 177
1617188027540 0.833690467658917 177
1617188088909 0.8339108748649299 178
1617188088912 0.8339108748649299 178
1617188150529 0.8340311672706979 179
1617188150532 0.8340311672706979 179
1617188211990 0.8339610629330279 180
1617188211994 0.8339610629330279 180
1617188273330 0.8340603630362055 181
1617188273332 0.8340603630362055 181
1617188334817 0.8340858011006326 182
1617188334820 0.8340858011006326 182
1617188396461 0.8340835826308286 183
1617188396464 0.8340835826308286 183
1617188458349 0.8342381677347377 184
1617188458352 0.8342381677347377 184
1617188520005 0.8343982927264795 185
1617188520007 0.8343982927264795 185
1617188581671 0.8343995663515635 186
1617188581673 0.8343995663515635 186
1617188643561 0.8345507034413606 187
1617188643564 0.8345507034413606 187
1617188705623 0.8347440324472685 188
1617188705625 0.8347440324472685 188
1617188767593 0.8348499221208466 189
1617188767595 0.8348499221208466 189
1617188830104 0.834834187809565 190
1617188830106 0.834834187809565 190
1617188891922 0.8350337759270602 191
1617188891924 0.8350337759270602 191
1617188953512 0.835176669872359 192
1617188953514 0.835176669872359 192
1617189015018 0.8352400945610616 193
1617189015020 0.8352400945610616 193
1617189076671 0.8351670190477951 194
1617189076673 0.8351670190477951 194
1617189138368 0.8351296880157417 195
1617189138371 0.8351296880157417 195
1617189199692 0.8351457963053267 196
1617189199695 0.8351457963053267 196
1617189261335 0.8352452307791277 197
1617189261337 0.8352452307791277 197
1617189322854 0.8353673994234193 198
1617189322857 0.8353673994234193 198
1617189384285 0.8357179269425604 199
1617189384288 0.8357179269425604 199
1617189446005 0.8356759335454679 200
1617189446007 0.8356759335454679 200
1617189507324 0.8359778002387513 201
1617189507326 0.8359778002387513 201
1617189568514 0.8361546386466229 202
1617189568517 0.8361546386466229 202
1617189629843 0.8361611674302998 203
1617189629845 0.8361611674302998 203
1617189691191 0.83615628996154 204
1617189691193 0.83615628996154 204
1617189752893 0.8362078301433143 205
1617189752897 0.8362078301433143 205
1617189814230 0.836215044676508 206
1617189814232 0.836215044676508 206
1617189875659 0.8362564691824546 207
1617189875661 0.8362564691824546 207
1617189937063 0.8364723436835986 208
1617189937065 0.8364723436835986 208
1617189998488 0.8365188129615796 209
1617189998491 0.8365188129615796 209
1617190060156 0.8367016941686872 210
1617190060158 0.8367016941686872 210
1617190121515 0.8368213719084616 211
1617190121517 0.8368213719084616 211
1617190182924 0.8369836037899502 212
1617190182927 0.8369836037899502 212
1617190244274 0.8368881257868391 213
1617190244277 0.8368881257868391 213
1617190305632 0.8369954846304388 214
1617190305635 0.8369954846304388 214
1617190366903 0.83725171964016 215
1617190366906 0.83725171964016 215
1617190428062 0.8374724577333218 216
1617190428064 0.8374724577333218 216
1617190489658 0.8376713063163591 217
1617190489661 0.8376713063163591 217
1617190551384 0.8376134263926874 218
1617190551388 0.8376134263926874 218
1617190612975 0.8377028986634474 219
1617190612979 0.8377028986634474 219
1617190674530 0.8377232078249954 220
1617190674533 0.8377232078249954 220
1617190736722 0.8376331923839643 221
1617190736723 0.8376331923839643 221
1617190798878 0.8376497080584344 222
1617190798881 0.8376497080584344 222
1617190860050 0.8377783607735189 223
1617190860052 0.8377783607735189 223
1617190921558 0.8378323499718218 224
1617190921560 0.8378323499718218 224
1617190983051 0.8378965903125082 225
1617190983054 0.8378965903125082 225
1617191044296 0.8379691933288204 226
1617191044298 0.8379691933288204 226
1617191105709 0.8380716969025019 227
1617191105711 0.8380716969025019 227
1617191167225 0.8381391151190055 228
1617191167227 0.8381391151190055 228
1617191228454 0.8379862405471562 229
1617191228456 0.8379862405471562 229
1617191289765 0.8379188150700346 230
1617191289768 0.8379188150700346 230
1617191351094 0.8380824036504249 231
1617191351096 0.8380824036504249 231
1617191412612 0.8380752156109329 232
1617191412615 0.8380752156109329 232
1617191474636 0.838260454253379 233
1617191474638 0.838260454253379 233
1617191536292 0.8381456922672439 234
1617191536295 0.8381456922672439 234
1617191597645 0.8383205521216817 235
1617191597648 0.8383205521216817 235
1617191659150 0.8383766517852922 236
1617191659153 0.8383766517852922 236
1617191720388 0.8385156844338544 237
1617191720391 0.8385156844338544 237
1617191781949 0.8384966531295757 238
1617191781952 0.8384966531295757 238
1617191843944 0.8386510726559024 239
1617191843947 0.8386510726559024 239
1617191905743 0.8387474211218419 240
1617191905746 0.8387474211218419 240
1617191967574 0.8389503009334276 241
1617191967576 0.8389503009334276 241
1617192029485 0.8390592128427224 242
1617192029488 0.8390592128427224 242
1617192091299 0.8392035889420865 243
1617192091301 0.8392035889420865 243
1617192152950 0.8391979702141801 244
1617192152952 0.8391979702141801 244
1617192214659 0.8393404338431975 245
1617192214662 0.8393404338431975 245
1617192276348 0.8395218887357403 246
1617192276350 0.8395218887357403 246
1617192338002 0.8396405238732308 247
1617192338004 0.8396405238732308 247
1617192399581 0.839753230520422 248
1617192399584 0.839753230520422 248
1617192461117 0.8398698780235259 249
1617192461119 0.8398698780235259 249
1617192522856 0.8399398333122529 250
1617192522858 0.8399398333122529 250
1617192584411 0.8399707523231252 251
1617192584413 0.8399707523231252 251
1617192645954 0.8400555166200617 252
1617192645957 0.8400555166200617 252
1617192707184 0.8402335482797048 253
1617192707186 0.8402335482797048 253
1617192768925 0.8402873908975154 254
1617192768928 0.8402873908975154 254
1617192830753 0.8404235220910437 255
1617192830755 0.8404235220910437 255
1617192892362 0.8404937888167823 256
1617192892364 0.8404937888167823 256
1617192953764 0.8406540973225716 257
1617192953766 0.8406540973225716 257
1617193015092 0.8408126531252577 258
1617193015095 0.8408126531252577 258
1617193076423 0.8408750060346065 259
1617193076433 0.8408750060346065 259
1617193138544 0.8409843215985684 260
1617193138555 0.8409843215985684 260
1617193200117 0.8410226143151214 261
1617193200119 0.8410226143151214 261
1617193261441 0.8410719096590257 262
1617193261443 0.8410719096590257 262
1617193323219 0.8412654781056976 263
1617193323222 0.8412654781056976 263
1617193384768 0.841426479847304 264
1617193384771 0.841426479847304 264
1617193446447 0.8416159277774397 265
1617193446450 0.8416159277774397 265
1617193507420 0.8417373366796875 266
1617193507422 0.8417373366796875 266
1617193569308 0.8417770127373093 267
1617193569310 0.8417770127373093 267
1617193630897 0.841889400762059 268
1617193630900 0.841889400762059 268
1617193692253 0.8420935699224881 269
1617193692256 0.8420935699224881 269
1617193754090 0.8420857401183081 270
1617193754092 0.8420857401183081 270
1617193815515 0.8421299553690027 271
1617193815517 0.8421299553690027 271
1617193877210 0.8421676716030659 272
1617193877212 0.8421676716030659 272
1617193938709 0.8422194980647989 273
1617193938712 0.8422194980647989 273
1617194000343 0.8422483064406576 274
1617194000345 0.8422483064406576 274
1617194061973 0.84236046512414 275
1617194061975 0.84236046512414 275
1617194123492 0.8423798797546405 276
1617194123494 0.8423798797546405 276
1617194184949 0.842379177844475 277
1617194184951 0.842379177844475 277
1617194246771 0.8424603782665533 278
1617194246774 0.8424603782665533 278
1617194308257 0.8424695951638322 279
1617194308259 0.8424695951638322 279
1617194370250 0.8425263474387817 280
1617194370252 0.8425263474387817 280
1617194432215 0.8425399429422112 281
1617194432217 0.8425399429422112 281
1617194493758 0.8426477489803741 282
1617194493761 0.8426477489803741 282
1617194555443 0.8427660207730959 283
1617194555446 0.8427660207730959 283
1617194616998 0.8427431361692116 284
1617194617000 0.8427431361692116 284
1617194678638 0.8428822416775067 285
1617194678640 0.8428822416775067 285
1617194740724 0.8429424855494652 286
1617194740726 0.8429424855494652 286
1617194802612 0.8429755716973932 287
1617194802614 0.8429755716973932 287
1617194864224 0.8431258834068304 288
1617194864226 0.8431258834068304 288
1617194925778 0.8430635440740673 289
1617194925781 0.8430635440740673 289
1617194987502 0.8430224778801356 290
1617194987505 0.8430224778801356 290
1617195049002 0.8432139667045632 291
1617195049004 0.8432139667045632 291
1617195110625 0.843302367539879 292
1617195110628 0.843302367539879 292
1617195172064 0.8433741523831662 293
1617195172067 0.8433741523831662 293
1617195233770 0.8433454732452391 294
1617195233774 0.8433454732452391 294
1617195295353 0.8433418386300342 295
1617195295355 0.8433418386300342 295
1617195356965 0.8434361837589167 296
1617195356968 0.8434361837589167 296
1617195418518 0.843552356627138 297
1617195418521 0.843552356627138 297
1617195479727 0.8436678115246916 298
1617195479729 0.8436678115246916 298
1617195541155 0.8437280421997909 299
1617195541158 0.8437280421997909 299
1617195602669 0.8437511183579889 300
1617195602672 0.8437511183579889 300
1617195664100 0.8438794248610939 301
1617195664102 0.8438794248610939 301
1617195725870 0.8439202413085299 302
1617195725873 0.8439202413085299 302
1617195787786 0.8440900771875872 303
1617195787789 0.8440900771875872 303
1617195849569 0.8441181022684413 304
1617195849571 0.8441181022684413 304
1617195911278 0.8441557920279863 305
1617195911280 0.8441557920279863 305
1617195972627 0.8440546798984001 306
1617195972631 0.8440546798984001 306
1617196034740 0.844191973309718 307
1617196034742 0.844191973309718 307
1617196096695 0.8443359140590708 308
1617196096697 0.8443359140590708 308
1617196158549 0.8442859716921738 309
1617196158551 0.8442859716921738 309
1617196220602 0.8443975722556959 310
1617196220605 0.8443975722556959 310
1617196282474 0.8445103782575796 311
1617196282476 0.8445103782575796 311
1617196344035 0.8445254431820443 312
1617196344038 0.8445254431820443 312
1617196406004 0.8446174570891459 313
1617196406007 0.8446174570891459 313
1617196467750 0.8447725579470391 314
1617196467752 0.8447725579470391 314
1617196529432 0.8448676448578308 315
1617196529434 0.8448676448578308 315
1617196591109 0.8449257390628531 316
1617196591111 0.8449257390628531 316
1617196652996 0.8449529925685452 317
1617196652998 0.8449529925685452 317
1617196714504 0.8449029832668874 318
1617196714507 0.8449029832668874 318
1617196776274 0.8449717673258945 319
1617196776276 0.8449717673258945 319
1617196838009 0.8449981665598696 320
1617196838011 0.8449981665598696 320
1617196899778 0.8451427480686211 321
1617196899780 0.8451427480686211 321
1617196961638 0.8452021969120825 322
1617196961640 0.8452021969120825 322
1617197023475 0.8452887177179421 323
1617197023477 0.8452887177179421 323
1617197085303 0.8453462914585094 324
1617197085307 0.8453462914585094 324
1617197147170 0.8454411960858961 325
1617197147173 0.8454411960858961 325
1617197208997 0.8455461712986839 326
1617197208999 0.8455461712986839 326
1617197270685 0.845520551687416 327
1617197270688 0.845520551687416 327
1617197332226 0.8456509282333711 328
1617197332229 0.8456509282333711 328
1617197393759 0.8456039034697154 329
1617197393762 0.8456039034697154 329
1617197455599 0.845690283583518 330
1617197455601 0.845690283583518 330
1617197517451 0.8457223072069296 331
1617197517453 0.8457223072069296 331
1617197579431 0.8458557493373637 332
1617197579433 0.8458557493373637 332
1617197641079 0.845753089615855 333
1617197641081 0.845753089615855 333
1617197702758 0.8458272148880909 334
1617197702761 0.8458272148880909 334
1617197764396 0.8458261058186635 335
1617197764398 0.8458261058186635 335
1617197825928 0.8457532979495811 336
1617197825930 0.8457532979495811 336
1617197887747 0.8456661597619273 337
1617197887750 0.8456661597619273 337
1617197949113 0.8457479319130772 338
1617197949115 0.8457479319130772 338
1617198010700 0.8458384866457392 339
1617198010702 0.8458384866457392 339
1617198072210 0.8458900070682501 340
1617198072212 0.8458900070682501 340
1617198133533 0.8459155662139327 341
1617198133535 0.8459155662139327 341
1617198194961 0.8460302546676665 342
1617198194963 0.8460302546676665 342
1617198256622 0.8462081105622148 343
1617198256625 0.8462081105622148 343
1617198318057 0.846284157106739 344
1617198318059 0.846284157106739 344
1617198379449 0.8464166063237711 345
1617198379453 0.8464166063237711 345
1617198441266 0.8463665177879007 346
1617198441269 0.8463665177879007 346
1617198502681 0.846355121683674 347
1617198502684 0.846355121683674 347
1617198564041 0.8463414181976848 348
1617198564043 0.8463414181976848 348
1617198625837 0.8463007867896927 349
1617198625839 0.8463007867896927 349
1617198687758 0.8464933565847199 350
1617198687761 0.8464933565847199 350
1617198749480 0.8465280569108168 351
1617198749482 0.8465280569108168 351
1617198810810 0.8465904994552713 352
1617198810812 0.8465904994552713 352
1617198872405 0.8465975588737369 353
1617198872408 0.8465975588737369 353
1617198933982 0.8467068769168317 354
1617198933984 0.8467068769168317 354
1617198995435 0.8466918899002168 355
1617198995437 0.8466918899002168 355
1617199056619 0.8467752209501698 356
1617199056622 0.8467752209501698 356
1617199118065 0.846735668481675 357
1617199118068 0.846735668481675 357
1617199179376 0.8467429996220851 358
1617199179378 0.8467429996220851 358
1617199240781 0.8467704414128778 359
1617199240784 0.8467704414128778 359
1617199301954 0.8467950079626418 360
1617199301957 0.8467950079626418 360
1617199362994 0.8468260322892525 361
1617199362996 0.8468260322892525 361
1617199424122 0.8469534939733887 362
1617199424124 0.8469534939733887 362
1617199485775 0.8468900023188461 363
1617199485777 0.8468900023188461 363
1617199547402 0.8469286364775751 364
1617199547403 0.8469286364775751 364
1617199608784 0.8470168286275822 365
1617199608787 0.8470168286275822 365
1617199670317 0.8471471619457467 366
1617199670319 0.8471471619457467 366
1617199731858 0.8472214410182515 367
1617199731861 0.8472214410182515 367
1617199793382 0.8473499596963632 368
1617199793384 0.8473499596963632 368
1617199854843 0.8474445163916537 369
1617199854846 0.8474445163916537 369
1617199915891 0.8474888594834932 370
1617199915894 0.8474888594834932 370
1617199977167 0.8475632133773912 371
1617199977169 0.8475632133773912 371
1617200038460 0.8477128559145793 372
1617200038462 0.8477128559145793 372
1617200099761 0.847779846365376 373
1617200099763 0.847779846365376 373
1617200161741 0.8477494064302213 374
1617200161744 0.8477494064302213 374
1617200223267 0.8478074585391031 375
1617200223269 0.8478074585391031 375
1617200285190 0.8479069073915907 376
1617200285192 0.8479069073915907 376
1617200346580 0.8479547921121386 377
1617200346582 0.8479547921121386 377
1617200407903 0.8480233686940115 378
1617200407906 0.8480233686940115 378
1617200469109 0.8481617990204775 379
1617200469112 0.8481617990204775 379
1617200530823 0.8481629147366255 380
1617200530827 0.8481629147366255 380
1617200591805 0.8481922126859545 381
1617200591807 0.8481922126859545 381
1617200652859 0.8480962241337142 382
1617200652862 0.8480962241337142 382
1617200714390 0.8481265964789664 383
1617200714393 0.8481265964789664 383
1617200776010 0.8482343581837303 384
1617200776012 0.8482343581837303 384
1617200837572 0.8483118727739843 385
1617200837574 0.8483118727739843 385
1617200898965 0.8483676394407045 386
1617200898968 0.8483676394407045 386
1617200960303 0.8483897148259736 387
1617200960305 0.8483897148259736 387
1617201021653 0.8485024877636196 388
1617201021656 0.8485024877636196 388
1617201082999 0.8486330774949048 389
1617201083002 0.8486330774949048 389
1617201144214 0.8486014138875343 390
1617201144217 0.8486014138875343 390
1617201205147 0.8486141947212161 391
1617201205150 0.8486141947212161 391
1617201266530 0.8486692241530774 392
1617201266532 0.8486692241530774 392
1617201327781 0.8486543716884368 393
1617201327784 0.8486543716884368 393
1617201389283 0.8487449596842374 394
1617201389285 0.8487449596842374 394
1617201450656 0.8487894159165196 395
1617201450658 0.8487894159165196 395
1617201512107 0.8488238079379665 396
1617201512110 0.8488238079379665 396
1617201573999 0.8488636644464286 397
1617201574001 0.8488636644464286 397
1617201635672 0.8488972976632022 398
1617201635675 0.8488972976632022 398
1617201697140 0.8489823277987711 399
1617201697143 0.8489823277987711 399
1617201759134 0.8490177409384647 400
1617201759137 0.8490177409384647 400
1617201820240 0.8490079847269034 401
1617201820243 0.8490079847269034 401
1617201881614 0.8491400692245742 402
1617201881617 0.8491400692245742 402
1617201943245 0.8492596079735415 403
1617201943247 0.8492596079735415 403
1617202004720 0.8493274091391964 404
1617202004723 0.8493274091391964 404
1617202066056 0.8492967253084711 405
1617202066059 0.8492967253084711 405
1617202127431 0.8493724284934754 406
1617202127434 0.8493724284934754 406
1617202188615 0.8493887869618597 407
1617202188617 0.8493887869618597 407
1617202249798 0.8494455866458996 408
1617202249801 0.8494455866458996 408
1617202311022 0.8495215677383057 409
1617202311025 0.8495215677383057 409
1617202372901 0.849594677314103 410
1617202372903 0.849594677314103 410
1617202434614 0.8497638096003338 411
1617202434616 0.8497638096003338 411
1617202496151 0.8498111359849086 412
1617202496153 0.8498111359849086 412
1617202557554 0.849867091377374 413
1617202557556 0.849867091377374 413
1617202618849 0.8498785984677134 414
1617202618851 0.8498785984677134 414
1617202680688 0.8499073859606132 415
1617202680690 0.8499073859606132 415
1617202742134 0.8499728293332379 416
1617202742136 0.8499728293332379 416
1617202803554 0.8499815939810492 417
1617202803557 0.8499815939810492 417
1617202865287 0.8500552607137419 418
1617202865289 0.8500552607137419 418
1617202926580 0.8500896380413115 419
1617202926582 0.8500896380413115 419
1617202988364 0.8501639894327588 420
1617202988367 0.8501639894327588 420
1617203050203 0.8502646606101518 421
1617203050205 0.8502646606101518 421
1617203111716 0.8503470409456456 422
1617203111718 0.8503470409456456 422
1617203173159 0.8504244012478955 423
1617203173161 0.8504244012478955 423
1617203234620 0.8505335291377624 424
1617203234623 0.8505335291377624 424
1617203296290 0.85061903926047 425
1617203296292 0.85061903926047 425
1617203357413 0.8506520702054184 426
1617203357416 0.8506520702054184 426
1617203418415 0.8506966923949718 427
1617203418417 0.8506966923949718 427
1617203479523 0.8507426097181595 428
1617203479526 0.8507426097181595 428
1617203540655 0.8507231297429813 429
1617203540658 0.8507231297429813 429
1617203602111 0.8506378340294312 430
1617203602114 0.8506378340294312 430
1617203664063 0.8506868448685109 431
1617203664065 0.8506868448685109 431
1617203725882 0.8507036707810945 432
1617203725885 0.8507036707810945 432
1617203793927 0.8507250563940525 433
1617203793930 0.8507250563940525 433
1617203856561 0.850823602748371 434
1617203856563 0.850823602748371 434
1617203918895 0.8508959620178503 435
1617203918898 0.8508959620178503 435
1617203981173 0.8508868565960354 436
1617203981176 0.8508868565960354 436
1617204043395 0.850904029472702 437
1617204043398 0.850904029472702 437
1617204105177 0.8509953532679299 438
1617204105180 0.8509953532679299 438
1617204166814 0.8511105281386148 439
1617204166817 0.8511105281386148 439
1617204228259 0.8511752157334973 440
1617204228261 0.8511752157334973 440
1617204290128 0.8512062395619988 441
1617204290130 0.8512062395619988 441
1617204351839 0.8513141465908463 442
1617204351842 0.8513141465908463 442
1617204413336 0.8513358540694994 443
1617204413339 0.8513358540694994 443
1617204474644 0.8513290101757377 444
1617204474647 0.8513290101757377 444
1617204536160 0.8513593588098017 445
1617204536163 0.8513593588098017 445
1617204597751 0.8513464464234609 446
1617204597754 0.8513464464234609 446
1617204659222 0.8514353167774981 447
1617204659225 0.8514353167774981 447
1617204720898 0.851540406855405 448
1617204720901 0.851540406855405 448
1617204782356 0.8515949654374306 449
1617204782359 0.8515949654374306 449
1617204843799 0.8516796456652216 450
1617204843801 0.8516796456652216 450
1617204905476 0.8517564477757075 451
1617204905478 0.8517564477757075 451
1617204966742 0.8518580488811375 452
1617204966745 0.8518580488811375 452
1617205028228 0.8518928274210568 453
1617205028230 0.8518928274210568 453
1617205089367 0.8518441048737407 454
1617205089369 0.8518441048737407 454
1617205150992 0.8518999822660381 455
1617205150994 0.8518999822660381 455
1617205212226 0.8519330463399342 456
1617205212229 0.8519330463399342 456
1617205273606 0.8520352242007617 457
1617205273608 0.8520352242007617 457
1617205334970 0.8520831669133 458
1617205334973 0.8520831669133 458
1617205396387 0.8521689423077692 459
1617205396390 0.8521689423077692 459
1617205457828 0.8521465710733241 460
1617205457830 0.8521465710733241 460
1617205519079 0.8522150737685128 461
1617205519081 0.8522150737685128 461
1617205580484 0.8522764258545055 462
1617205580487 0.8522764258545055 462
1617205642005 0.8523988602755286 463
1617205642008 0.8523988602755286 463
1617205703544 0.852435676383267 464
1617205703547 0.852435676383267 464
1617205765319 0.8525074444438125 465
1617205765321 0.8525074444438125 465
1617205826832 0.8526150565655132 466
1617205826835 0.8526150565655132 466
1617205888158 0.8527310395135251 467
1617205888160 0.8527310395135251 467
1617205949280 0.8527321976019298 468
1617205949282 0.8527321976019298 468
1617206010869 0.8528113893581705 469
1617206010872 0.8528113893581705 469
1617206072297 0.8528902174432734 470
1617206072300 0.8528902174432734 470
1617206133431 0.8530424696642956 471
1617206133433 0.8530424696642956 471
1617206194745 0.8531515295452698 472
1617206194747 0.8531515295452698 472
1617206256259 0.8532515300919274 473
1617206256261 0.8532515300919274 473
1617206317593 0.8532537211426241 474
1617206317596 0.8532537211426241 474
1617206379048 0.8533363525569251 475
1617206379051 0.8533363525569251 475
1617206440417 0.8533863362594002 476
1617206440419 0.8533863362594002 476
1617206501360 0.8534121974063551 477
1617206501363 0.8534121974063551 477
1617206562744 0.8534361970579333 478
1617206562747 0.8534361970579333 478
1617206624400 0.853514332593363 479
1617206624402 0.853514332593363 479
1617206686011 0.8535467445486112 480
1617206686013 0.8535467445486112 480
1617206747691 0.8535870311681469 481
1617206747693 0.8535870311681469 481
1617206809116 0.853649743218113 482
1617206809118 0.853649743218113 482
1617206870428 0.8537341287046818 483
1617206870430 0.8537341287046818 483
1617206932139 0.8538005751336523 484
1617206932142 0.8538005751336523 484
1617206993507 0.8538587071184205 485
1617206993510 0.8538587071184205 485
1617207054947 0.8539493705135166 486
1617207054950 0.8539493705135166 486
1617207116436 0.8540595941687031 487
1617207116439 0.8540595941687031 487
1617207177791 0.8541561663546584 488
1617207177793 0.8541561663546584 488
1617207239590 0.8542596733253746 489
1617207239592 0.8542596733253746 489
1617207301267 0.854342430860342 490
1617207301270 0.854342430860342 490
1617207362968 0.8544149777615581 491
1617207362970 0.8544149777615581 491
1617207424518 0.8544074470044204 492
1617207424521 0.8544074470044204 492
1617207486387 0.8543656711265921 493
1617207486389 0.8543656711265921 493
1617207548000 0.8544305291167467 494
1617207548003 0.8544305291167467 494
1617207609548 0.8544047260906701 495
1617207609551 0.8544047260906701 495
1617207671114 0.85439943660787 496
1617207671117 0.85439943660787 496
1617207732642 0.8544007956973539 497
1617207732644 0.8544007956973539 497
1617207793707 0.8544038762929397 498
1617207793709 0.8544038762929397 498
1617207855143 0.8544038060316185 499
1617207855145 0.8544038060316185 499
