1617177046852 inf 0
1617177111853 12.495333358082561 1
1617177175842 inf 2
1617177239093 9.949472725155799 3
1617177301578 inf 4
1617177365470 9.213716234182984 5
1617177428392 9.059172906987882 6
1617177490862 9.812574899049821 7
1617177553837 inf 8
1617177616429 10.831815522428673 9
1617177679792 8.739862435189108 10
1617177743087 8.037022006119468 11
1617177805615 inf 12
1617177868728 8.949409944468218 13
1617177931838 8.839473455211026 14
1617177995421 inf 15
1617178058006 inf 16
1617178120941 9.902265275694024 17
1617178184235 8.397837005539264 18
1617178247322 9.353538124853442 19
1617178310676 9.591233298852524 20
1617178373485 8.174367944608687 21
1617178436518 9.147059887003092 22
1617178499391 9.062560076475842 23
1617178562211 8.904987314545009 24
1617178625127 8.038912231286355 25
1617178687845 inf 26
1617178751033 8.846791144796704 27
1617178813937 7.881280683024725 28
1617178877207 8.56065791080625 29
1617178940373 7.912876026759824 30
1617179003319 8.288208314441272 31
1617179066559 9.366719964824641 32
1617179129359 inf 33
1617179192473 8.03416056451686 34
1617179254829 8.104695979280379 35
1617179317237 7.181929746172073 36
1617179379542 7.587360487644181 37
1617179442213 7.750315358724729 38
1617179504547 10.273028818258057 39
1617179567294 7.838985626343853 40
1617179630178 8.755720528049332 41
1617179693490 7.896960399461701 42
1617179756334 8.557390241204455 43
1617179819099 inf 44
1617179880811 8.723378080660483 45
1617179942768 8.429548501112162 46
1617180004152 6.617889871414935 47
1617180065701 7.525122952287908 48
1617180127119 7.950421473834103 49
1617180188853 7.497356761671058 50
1617180250581 8.60715410423585 51
1617180312085 8.640316556279625 52
1617180374052 8.011578442852443 53
1617180435843 inf 54
1617180497545 8.454317907322688 55
1617180559337 7.6391577124578465 56
1617180621795 8.160663849381352 57
1617180683507 inf 58
1617180745259 inf 59
1617180806744 inf 60
1617180868387 6.881285456154487 61
1617180930460 inf 62
1617180992165 7.977166820860293 63
1617181053875 7.477324575701143 64
1617181115669 inf 65
1617181177776 inf 66
1617181239375 8.89057052172117 67
1617181301048 inf 68
1617181363071 inf 69
1617181424951 8.54367351728861 70
1617181486485 7.346815445124995 71
1617181548046 7.666116921971997 72
1617181609404 inf 73
1617181672349 9.063447993360398 74
1617181734340 inf 75
1617181796377 7.547803731823575 76
1617181858210 6.751785739117444 77
1617181920124 7.6450997452205876 78
1617181982078 7.707629083079899 79
1617182044054 7.372170824192916 80
1617182105838 inf 81
1617182167485 6.213783870339152 82
1617182229118 inf 83
1617182290928 7.712489917661635 84
1617182352243 8.318139958686467 85
1617182413690 8.919739820039895 86
1617182475724 8.136195144685438 87
1617182537881 7.746067704853168 88
1617182599909 inf 89
1617182661903 8.7051503450178 90
1617182723710 7.070149056562169 91
1617182786079 inf 92
1617182847593 7.4219761084399964 93
1617182909266 7.789902959099746 94
1617182971295 7.530553920546964 95
1617183033740 7.609066354269587 96
1617183096599 7.535481731292081 97
1617183158412 8.023548508239573 98
1617183219939 7.3589983095934866 99
1617183281849 inf 100
1617183344388 inf 101
1617183405752 8.073237281455777 102
1617183467349 7.179641098467278 103
1617183529118 7.340944381099924 104
1617183590783 8.319144944244508 105
1617183652510 7.989936845674565 106
1617183714095 7.761732642914008 107
1617183775874 8.580546762557626 108
1617183837399 8.14035469803877 109
1617183899620 8.40495533613092 110
1617183961619 7.71453081951911 111
1617184023264 7.39851760132596 112
1617184084936 8.309187117138377 113
1617184146689 7.642983802015962 114
1617184208465 8.3526771748867 115
1617184270191 6.925982848694577 116
1617184331546 8.963338072520875 117
1617184393441 inf 118
1617184455204 7.438742996480698 119
1617184517245 6.958797814186335 120
1617184578793 8.619259833936699 121
1617184640235 6.813772711623114 122
1617184702035 7.524220828662189 123
1617184763474 7.034799349610742 124
1617184824898 7.277114199199384 125
1617184886541 7.7330892011225565 126
1617184948169 8.390657236941804 127
1617185009623 5.914502791703242 128
1617185071351 7.799763611225653 129
1617185132782 6.991254383124676 130
1617185194235 7.3417296737281585 131
1617185255782 inf 132
1617185317504 7.464010807546804 133
1617185379101 7.675266514080361 134
1617185440978 7.688251900023281 135
1617185502499 6.68473896058379 136
1617185563855 7.010901941007643 137
1617185625255 7.956144535620002 138
1617185686910 6.62642668154483 139
1617185748670 inf 140
1617185810369 5.713051986794466 141
1617185871954 inf 142
1617185933445 6.361390442312775 143
1617185994904 7.223907081480281 144
1617186056631 7.317039244253056 145
1617186118241 7.531074180029653 146
1617186180027 inf 147
1617186241655 inf 148
1617186303013 7.252415673335039 149
1617186364508 6.28122552021273 150
1617186426043 7.974215618974051 151
1617186488051 inf 152
1617186549558 8.056839369251692 153
1617186611169 6.796820164901701 154
1617186673082 7.272172624419082 155
1617186734519 7.43937984112387 156
1617186795785 inf 157
1617186857400 7.442719454735534 158
1617186919092 7.176253331451955 159
1617186980466 7.490995987801555 160
1617187041912 6.21595377457676 161
1617187103280 6.93244147611581 162
1617187164840 inf 163
1617187226544 7.318120295960767 164
1617187288081 6.356618820376206 165
1617187349118 6.785999872117478 166
1617187410778 7.937501191191666 167
1617187472406 9.559297235664756 168
1617187534136 7.294253405732055 169
1617187595880 inf 170
1617187657347 7.685602564770914 171
1617187718810 inf 172
1617187780670 7.645392031219201 173
1617187842213 7.794415414226627 174
1617187904099 7.750791796194759 175
1617187965757 8.580201952154086 176
1617188027533 7.167078859813819 177
1617188088905 6.297987754451331 178
1617188150524 6.94368354624355 179
1617188211986 7.266459068615717 180
1617188273327 7.119304699780484 181
1617188334813 7.117663113397517 182
1617188396456 6.655581883069251 183
1617188458344 7.235966554551985 184
1617188520001 6.904898458091455 185
1617188581666 8.189122952171687 186
1617188643556 8.699035053363097 187
1617188705619 6.989292623625141 188
1617188767588 6.642596679822963 189
1617188830099 7.923237219044133 190
1617188891918 6.778528707692741 191
1617188953507 7.7506056035333835 192
1617189015013 6.778076412546146 193
1617189076667 8.076160783377786 194
1617189138364 8.465500205793957 195
1617189199687 8.324750336630544 196
1617189261330 7.957406139067428 197
1617189322849 6.878305617829881 198
1617189384280 5.843717404252807 199
1617189446000 7.464885986446669 200
1617189507320 5.98641896440372 201
1617189568510 6.542860481964783 202
1617189629839 7.739499982520147 203
1617189691187 inf 204
1617189752889 7.759444864052981 205
1617189814225 7.93354986842861 206
1617189875654 7.975157973439072 207
1617189937058 6.428295324093743 208
1617189998484 7.0421869342264705 209
1617190060151 inf 210
1617190121511 6.694965963923498 211
1617190182919 6.042026373386632 212
1617190244270 7.39857896920557 213
1617190305628 6.909751811356036 214
1617190366897 7.12292360202764 215
1617190428057 6.885554055987826 216
1617190489653 6.46228403904852 217
1617190551380 8.059725984503512 218
1617190612971 7.560100659615048 219
1617190674525 8.797227918009021 220
1617190736717 inf 221
1617190798872 6.980569106125184 222
1617190860045 inf 223
1617190921553 inf 224
1617190983047 inf 225
1617191044291 6.76301292920303 226
1617191105705 6.302231649650693 227
1617191167221 7.1177614894596895 228
1617191228449 8.50389299121239 229
1617191289760 8.383213261771344 230
1617191351090 inf 231
1617191412607 7.598455379386263 232
1617191474631 7.213507967184178 233
1617191536288 8.57609060031352 234
1617191597641 7.102420155468837 235
1617191659146 7.662648235762857 236
1617191720384 7.763138521981649 237
1617191781945 9.040977949361881 238
1617191843939 7.243194324144159 239
1617191905738 6.960659786925039 240
1617191967570 6.791110961135215 241
1617192029480 6.979781450290722 242
1617192091293 7.536619626182387 243
1617192152944 7.595217786654019 244
1617192214654 6.536867760628225 245
1617192276343 6.1612867273102445 246
1617192337997 7.238746499868766 247
1617192399576 7.05046524935556 248
1617192461113 6.644447647341485 249
1617192522851 6.472721473799816 250
1617192584407 6.723632448386121 251
1617192645949 7.284051867790788 252
1617192707179 6.606966044065078 253
1617192768920 5.962605239053155 254
1617192830748 6.399037929884693 255
1617192892356 6.812653823642321 256
1617192953760 5.954890613484063 257
1617193015087 6.340849208570401 258
1617193076418 7.202402413229019 259
1617193138540 6.839357006915795 260
1617193200113 7.1085352370741095 261
1617193261436 6.753583119252468 262
1617193323214 5.8736707163307935 263
1617193384763 6.5596039502486185 264
1617193446442 inf 265
1617193507417 6.102370096388618 266
1617193569302 7.760607033854412 267
1617193630892 6.67532984195626 268
1617193692248 6.119812299986895 269
1617193754085 7.656961116327824 270
1617193815511 5.933594001265881 271
1617193877206 7.164824674062148 272
1617193938706 7.082628206395287 273
1617194000338 7.486203475089317 274
1617194061967 6.408094144845029 275
1617194123487 7.015578743175921 276
1617194184944 8.235505231839744 277
1617194246766 7.209939663013242 278
1617194308253 6.397804421579346 279
1617194370246 7.18162098887558 280
1617194432211 7.125364817341804 281
1617194493753 6.520472601880226 282
1617194555438 5.874717188512346 283
1617194616993 7.201001663665806 284
1617194678633 5.9298047575977035 285
1617194740719 6.461383290804337 286
1617194802607 7.543972414913439 287
1617194864217 6.284524658806923 288
1617194925773 7.382082401536052 289
1617194987497 6.888010485015366 290
1617195048998 5.268351006574866 291
1617195110620 6.11344535936114 292
1617195172059 6.965070275743575 293
1617195233766 7.511087078467536 294
1617195295348 7.009179359889321 295
1617195356960 6.178231064975937 296
1617195418513 6.898236924498987 297
1617195479722 6.084550238540723 298
1617195541150 6.228556913276246 299
1617195602663 6.07924345784734 300
1617195664096 6.113605292650145 301
1617195725867 6.969638725088309 302
1617195787781 6.4651652586968344 303
1617195849564 6.2957385469898135 304
1617195911275 inf 305
1617195972623 7.545783477209585 306
1617196034735 6.778226990570792 307
1617196096690 6.743953726412542 308
1617196158542 7.776533346008341 309
1617196220597 5.792538996263294 310
1617196282470 6.642696774927607 311
1617196344030 inf 312
1617196405999 6.409285370549071 313
1617196467745 5.74522422007565 314
1617196529427 inf 315
1617196591104 6.626400593629888 316
1617196652992 7.059064869078654 317
1617196714497 inf 318
1617196776270 7.234884933371751 319
1617196838005 8.270887133186518 320
1617196899773 6.805848823589693 321
1617196961633 6.3208179222566585 322
1617197023470 7.114547169545814 323
1617197085299 6.469252702937124 324
1617197147165 6.537663018587897 325
1617197208993 6.437015455815275 326
1617197270680 6.9023342300109185 327
1617197332221 6.389193637082234 328
1617197393754 6.946125830462834 329
1617197455594 7.0662532411555015 330
1617197517447 6.630114020673127 331
1617197579428 5.950416712670529 332
1617197641074 7.1767787398427165 333
1617197702753 6.3235838237468025 334
1617197764390 7.429769237407227 335
1617197825924 7.853347597022667 336
1617197887742 7.0383531772400785 337
1617197949108 6.451684310619812 338
1617198010695 6.209788635016268 339
1617198072204 6.952584107498716 340
1617198133529 6.436782324852949 341
1617198194955 6.112798580216392 342
1617198256617 6.518631957270182 343
1617198318053 7.010483883702405 344
1617198379444 6.614199780315054 345
1617198441261 7.829319186962108 346
1617198502676 6.944481385318148 347
1617198564037 7.391104823283868 348
1617198625832 6.865856109142769 349
1617198687752 5.31453892505917 350
1617198749475 7.45305611632951 351
1617198810804 7.048418426837387 352
1617198872400 6.870299143861724 353
1617198933977 7.468141925817304 354
1617198995429 6.960799640257648 355
1617199056614 6.69494022246948 356
1617199118060 6.992729551268993 357
1617199179371 7.199952710352943 358
1617199240776 6.265465192273372 359
1617199301949 inf 360
1617199362990 7.118667473491537 361
1617199424117 5.836709841897534 362
1617199485771 7.645877779689884 363
1617199547397 6.263628665094448 364
1617199608779 6.667979691684698 365
1617199670312 5.714480448535173 366
1617199731853 6.773545303420021 367
1617199793377 5.8739065894114555 368
1617199854838 6.165691585154066 369
1617199915886 6.801076151198456 370
1617199977163 7.0050878249013095 371
1617200038456 5.603614659684131 372
1617200099755 6.49249601866565 373
1617200161736 7.572791238966328 374
1617200223262 6.923385251959612 375
1617200285185 6.948340466736598 376
1617200346575 6.58788859441015 377
1617200407899 5.856220294818172 378
1617200469104 5.987358320503161 379
1617200530818 6.658751522421516 380
1617200591801 inf 381
1617200652854 inf 382
1617200714385 6.837471701817408 383
1617200776005 6.318346094938245 384
1617200837567 6.115881593611029 385
1617200898960 6.878948794012099 386
1617200960298 6.369474455433229 387
1617201021648 5.629420513028759 388
1617201082994 5.6061911935803925 389
1617201144208 7.189798550368172 390
1617201205143 7.387457738125266 391
1617201266525 6.44709140340225 392
1617201327776 7.015231527413882 393
1617201389277 5.857477681961866 394
1617201450651 7.114029657906831 395
1617201512102 6.590723980403368 396
1617201573994 6.662477939082257 397
1617201635667 6.070585143803805 398
1617201697136 6.178394777755068 399
1617201759129 6.620511443148248 400
1617201820236 7.060394996367712 401
1617201881608 5.824987106970223 402
1617201943239 6.300733320874673 403
1617202004715 6.766891112475967 404
1617202066051 inf 405
1617202127427 5.515395973085476 406
1617202188610 7.219884304231565 407
1617202249793 6.307068759290355 408
1617202311017 6.33733386522628 409
1617202372895 5.9323641588844565 410
1617202434610 5.529812195926784 411
1617202496147 6.2817236170747295 412
1617202557550 6.471493986745431 413
1617202618843 7.246437593748716 414
1617202680683 6.3732407798634885 415
1617202742130 6.628297700482025 416
1617202803548 6.561537472527464 417
1617202865281 6.360013087049727 418
1617202926575 6.175035165705125 419
1617202988359 6.000005314952266 420
1617203050199 7.03224229760966 421
1617203111711 6.770725299958163 422
1617203173155 6.182497856497081 423
1617203234615 5.777227301536085 424
1617203296286 5.752181724309369 425
1617203357408 5.940430034349369 426
1617203418409 6.083294064144378 427
1617203479518 inf 428
1617203540650 6.869872286157813 429
1617203602106 7.1588313477206285 430
1617203664059 6.485446221634845 431
1617203725877 6.746807532102658 432
1617203793915 7.04421235847924 433
1617203856557 5.736438990266378 434
1617203918890 7.276718346631368 435
1617203981161 7.198548874048386 436
1617204043384 6.541331292743263 437
1617204105171 5.267026786496538 438
1617204166803 5.42515295429608 439
1617204228255 6.288696211426037 440
1617204290124 6.8206464906603825 441
1617204351834 5.862505425392384 442
1617204413331 6.803045312443739 443
1617204474639 6.539781030016314 444
1617204536155 6.261222906512546 445
1617204597746 6.437482899102961 446
1617204659217 6.366858561751843 447
1617204720892 5.455169441090217 448
1617204782350 5.951881391865066 449
1617204843794 5.540832603207852 450
1617204905471 6.642378468649693 451
1617204966738 6.133434469237159 452
1617205028224 6.18440796722248 453
1617205089361 6.926043543515201 454
1617205150985 6.27841105148949 455
1617205212222 5.976052581402803 456
1617205273601 inf 457
1617205334965 6.717322937491604 458
1617205396382 6.223029716763531 459
1617205457823 6.529344978347273 460
1617205519075 5.733318422598145 461
1617205580479 6.392027142130351 462
1617205641999 5.23460727351223 463
1617205703526 6.460958518830517 464
1617205765315 5.967479283164631 465
1617205826826 5.481738513948482 466
1617205888152 5.337700598005746 467
1617205949275 6.987450898736857 468
1617206010864 5.734073244694409 469
1617206072292 5.518825670728998 470
1617206133427 5.1813240888945025 471
1617206194739 5.789329168980784 472
1617206256255 5.768890357483254 473
1617206317587 6.5904692365220905 474
1617206379043 6.68825317911127 475
1617206440413 6.375466887270188 476
1617206501354 inf 477
1617206562739 6.481359962761177 478
1617206624395 inf 479
1617206686007 5.867732049629425 480
1617206747687 5.814612336957395 481
1617206809110 5.6762959281686864 482
1617206870423 5.9452305005424435 483
1617206932134 6.4782921344727145 484
1617206993502 6.165490000932209 485
1617207054943 6.000695858618013 486
1617207116431 5.652228148789447 487
1617207177785 5.32736562318872 488
1617207239585 4.993418037520351 489
1617207301262 5.829125663594295 490
1617207362964 6.074353852622711 491
1617207424512 7.133089929462477 492
1617207486381 8.634925682568491 493
1617207547995 5.874384740186034 494
1617207609544 8.116651389001458 495
1617207671109 6.460616806827939 496
1617207732636 6.622612392747419 497
1617207793702 6.811728250706021 498
1617207855139 6.051340814315852 499
