1617177046850 0.6594557256366198 0
1617177111850 0.7465694630923478 1
1617177175840 0.7499440059203792 2
1617177239091 0.7716007546211282 3
1617177301575 0.753378431611466 4
1617177365468 0.8098835587501526 5
1617177428390 0.8238933106454519 6
1617177490860 0.7854968396037124 7
1617177553835 0.8053863898236701 8
1617177616427 0.7451268264225551 9
1617177679790 0.8204433321192557 10
1617177743085 0.849804044938555 11
1617177805612 0.7891777883405271 12
1617177868726 0.8081728999431317 13
1617177931836 0.8292584121227264 14
1617177995419 0.8251042118612325 15
1617178058003 0.7647345128655434 16
1617178120939 0.7752513166355051 17
1617178184233 0.8180881592462648 18
1617178247320 0.7994762331557771 19
1617178310674 0.7990205014238552 20
1617178373483 0.8018500125035644 21
1617178436516 0.8146545812487602 22
1617178499389 0.841930787060775 23
1617178562208 0.7895037250555291 24
1617178625125 0.8188459594190741 25
1617178687843 0.8083232240544425 26
1617178751031 0.8242391140128558 27
1617178813934 0.8472280162903998 28
1617178877205 0.8385038085419823 29
1617178940371 0.8360613988355753 30
1617179003317 0.8309400323033332 31
1617179066557 0.8290201135678217 32
1617179129357 0.8161905916780233 33
1617179192470 0.8271784473624494 34
1617179254826 0.8224321827657667 35
1617179317235 0.8513232284298569 36
1617179379540 0.8429654781585154 37
1617179442210 0.8509713121636125 38
1617179504544 0.7931989946580947 39
1617179567292 0.8511704149759478 40
1617179630176 0.8313873986757937 41
1617179693488 0.8398266558017996 42
1617179756331 0.8143750619800652 43
1617179819097 0.7875428184063411 44
1617179880809 0.8171242873918695 45
1617179942766 0.8379715153804193 46
1617180004150 0.8633414747323408 47
1617180065699 0.8330361048944972 48
1617180127117 0.8458605257865901 49
1617180188850 0.8118766032691512 50
1617180250579 0.8486566966907545 51
1617180312083 0.8198677629232407 52
1617180374050 0.8340348980349043 53
1617180435841 0.7989254545952592 54
1617180497543 0.8343009144688646 55
1617180559335 0.8434393625797295 56
1617180621793 0.8373668960162571 57
1617180683505 0.8500261633940365 58
1617180745257 0.7903137245239356 59
1617180806742 0.8420167532232072 60
1617180868385 0.8901677119488619 61
1617180930458 0.8213460867293179 62
1617180992162 0.8143459001023855 63
1617181053873 0.8622218967330727 64
1617181115667 0.838109947512594 65
1617181177774 0.7821113748848438 66
1617181239373 0.8303107926505617 67
1617181301046 0.8009586923501708 68
1617181363069 0.8344658923645815 69
1617181424949 0.8130915543685356 70
1617181486483 0.8655321604675716 71
1617181548044 0.8324512328873289 72
1617181609401 0.8017499766698698 73
1617181672347 0.8251732219941914 74
1617181734337 0.8050049870597342 75
1617181796375 0.8415978816896676 76
1617181858208 0.8528387407923854 77
1617181920121 0.8715007552560771 78
1617181982076 0.8417493724687533 79
1617182044052 0.876313714236021 80
1617182105835 0.8254035930149257 81
1617182167483 0.8872728500101301 82
1617182229116 0.8317906905570999 83
1617182290926 0.8515792906056253 84
1617182352241 0.8251869664305732 85
1617182413688 0.8634036785364151 86
1617182475721 0.8328069082420805 87
1617182537879 0.8541872912929172 88
1617182599907 0.7994767341049428 89
1617182661901 0.8158074631713904 90
1617182723708 0.865716985293797 91
1617182786077 0.8591571206949196 92
1617182847591 0.8537074638173935 93
1617182909264 0.8331363487523049 94
1617182971293 0.8445458876138384 95
1617183033738 0.838323921134526 96
1617183096598 0.8452581714230533 97
1617183158410 0.8494608039441316 98
1617183219937 0.8347491817992359 99
1617183281847 0.8497158352364885 100
1617183344386 0.862479697427024 101
1617183405750 0.8329929250635599 102
1617183467347 0.8360017934156692 103
1617183529116 0.8337782681203232 104
1617183590781 0.8051238396224014 105
1617183652508 0.8233058516634628 106
1617183714093 0.8294478399412972 107
1617183775872 0.8479017194198526 108
1617183837397 0.8358498957867806 109
1617183899618 0.8330939222565469 110
1617183961617 0.8341936865385543 111
1617184023262 0.8452111761651787 112
1617184084934 0.8120845498310195 113
1617184146686 0.833250063205404 114
1617184208463 0.8151851269933913 115
1617184270189 0.8235519912507799 116
1617184331543 0.8223861476096014 117
1617184393439 0.8287441404346301 118
1617184455201 0.8477245902473276 119
1617184517242 0.8739010913699281 120
1617184578791 0.8128274647479362 121
1617184640233 0.8848275464514027 122
1617184702033 0.8395159194136367 123
1617184763472 0.8422482041893778 124
1617184824895 0.8608862507777909 125
1617184886539 0.8225764012336731 126
1617184948167 0.8221710500247935 127
1617185009620 0.8760391732259672 128
1617185071348 0.8323576438156042 129
1617185132779 0.8775859160038332 130
1617185194233 0.8540667131543159 131
1617185255779 0.8403378771744547 132
1617185317502 0.8384220199849532 133
1617185379099 0.8393326889632678 134
1617185440976 0.8319508667085685 135
1617185502497 0.8939651203155518 136
1617185563853 0.8516597493606455 137
1617185625252 0.8271597618946717 138
1617185686908 0.8742154660820961 139
1617185748668 0.8500095490128436 140
1617185810368 0.8887775058985925 141
1617185871952 0.8506023256923072 142
1617185933443 0.8750043525999668 143
1617185994902 0.8741119172504673 144
1617186056629 0.8591144957207143 145
1617186118238 0.8588830765623313 146
1617186180025 0.855270697362721 147
1617186241653 0.8643502916978754 148
1617186303010 0.8412101714109833 149
1617186364506 0.8970102044038994 150
1617186426040 0.8373468270471606 151
1617186488049 0.805947914160788 152
1617186549556 0.8587283531940261 153
1617186611166 0.8757695537060499 154
1617186673079 0.8368181116614627 155
1617186734516 0.8204865743964911 156
1617186795784 0.835310757744546 157
1617186857398 0.848157089813189 158
1617186919090 0.8650147248716915 159
1617186980464 0.8334336697488375 160
1617187041909 0.8726284517014914 161
1617187103278 0.8601198459416628 162
1617187164838 0.8735412634081311 163
1617187226542 0.8551999016300492 164
1617187288079 0.8838687611789238 165
1617187349116 0.8592023068004184 166
1617187410775 0.8196058324446865 167
1617187472403 0.839199315245245 168
1617187534135 0.8819808830385623 169
1617187595878 0.7812448326925127 170
1617187657345 0.8596143100638779 171
1617187718807 0.8445752912534857 172
1617187780668 0.8474957299802233 173
1617187842211 0.8230174471934636 174
1617187904096 0.8568074924907848 175
1617187965755 0.8188185310941569 176
1617188027530 0.8814524398097452 177
1617188088903 0.8731433575352033 178
1617188150522 0.8555635079031899 179
1617188211984 0.8213422821524242 180
1617188273325 0.8520336817113721 181
1617188334810 0.8387155288263507 182
1617188396454 0.8336776026566937 183
1617188458342 0.8626818268540057 184
1617188519999 0.8640214161987 185
1617188581664 0.8346364606171847 186
1617188643554 0.8628133392333984 187
1617188705617 0.8710898855579612 188
1617188767586 0.8548630704271033 189
1617188830097 0.8318446686660702 190
1617188891916 0.8731551063686328 191
1617188953505 0.8626123073697091 192
1617189015011 0.8474810594806865 193
1617189076665 0.8209903694741014 194
1617189138361 0.8278501367653316 195
1617189199685 0.8383030210639916 196
1617189261328 0.8548338221179115 197
1617189322847 0.8595567909931695 198
1617189384278 0.905472903251648 199
1617189445998 0.827277254126966 200
1617189507317 0.8966530055887151 201
1617189568508 0.8718759970366955 202
1617189629837 0.837486510516707 203
1617189691185 0.8351612863345788 204
1617189752886 0.8467735674070276 205
1617189814222 0.837701238514412 206
1617189875652 0.8448313419133998 207
1617189937055 0.8813742399215698 208
1617189998482 0.8462308920595957 209
1617190060149 0.8751067476613181 210
1617190121509 0.8620733750008401 211
1617190182917 0.8713767626655421 212
1617190244267 0.8165513111241892 213
1617190305625 0.8599702771607554 214
1617190366895 0.8923422467302192 215
1617190428054 0.8851518858562816 216
1617190489651 0.8808214488354597 217
1617190551377 0.824995603032258 218
1617190612969 0.8572973259598822 219
1617190674523 0.8421912233655652 220
1617190736715 0.8177397799160745 221
1617190798870 0.8413161877907959 222
1617190860042 0.8664679162373597 223
1617190921551 0.8499259303916584 224
1617190983044 0.8523506669669735 225
1617191044289 0.8543774750153534 226
1617191105702 0.8613400081282153 227
1617191167219 0.853510468481825 228
1617191228446 0.802977963593667 229
1617191289758 0.8224109553320463 230
1617191351088 0.8758713657205756 231
1617191412605 0.8364075904488036 232
1617191474628 0.8814210579433339 233
1617191536285 0.8112913875116242 234
1617191597638 0.8794126179145307 235
1617191659144 0.8516161723973903 236
1617191720382 0.8714664221430818 237
1617191781942 0.8339672027112439 238
1617191843937 0.8755573394479982 239
1617191905735 0.8618710529473093 240
1617191967568 0.8878443355255938 241
1617192029478 0.8654158948920667 242
1617192091291 0.8742869810875558 243
1617192152942 0.8378270006050235 244
1617192214651 0.8742440229524737 245
1617192276340 0.8841597923012667 246
1617192337994 0.8689434028334088 247
1617192399572 0.8677044790238142 248
1617192461110 0.8689151062964179 249
1617192522849 0.8574286554940045 250
1617192584405 0.8477314240520909 251
1617192645946 0.861416119448048 252
1617192707176 0.885275558169399 253
1617192768917 0.8539634158213933 254
1617192830746 0.8751369764407476 255
1617192892353 0.8584820706058632 256
1617192953758 0.8818533833104151 257
1617193015084 0.8817200502182575 258
1617193076415 0.8570244095559852 259
1617193138538 0.8694063682286512 260
1617193200111 0.8510170133354572 261
1617193261433 0.853987289761955 262
1617193323211 0.8921739795804023 263
1617193384761 0.8839309396313839 264
1617193446439 0.8918196292633706 265
1617193507415 0.8740321046776242 266
1617193569299 0.8523705201223493 267
1617193630890 0.8720093913949453 268
1617193692245 0.8970150740779176 269
1617193754082 0.8399716929897018 270
1617193815508 0.8541122883072366 271
1617193877204 0.8524264872682338 272
1617193938704 0.8563681221179044 273
1617194000335 0.8501418014259442 274
1617194061965 0.8732041030818102 275
1617194123484 0.8477383177727461 276
1617194184941 0.8421847487286646 277
1617194246763 0.8650340956043113 278
1617194308250 0.8450411095046529 279
1617194370243 0.8584169844246429 280
1617194432209 0.8463602794059129 281
1617194493750 0.8730490517423108 282
1617194555436 0.87623693811339 283
1617194616991 0.8362439086660742 284
1617194678631 0.8825273115415962 285
1617194740716 0.8601722329296172 286
1617194802604 0.8524712961527325 287
1617194864215 0.8864156557247043 288
1617194925770 0.8250474769055195 289
1617194987494 0.8311132816399666 290
1617195048996 0.8989372146129608 291
1617195110617 0.8691154114521024 292
1617195172056 0.8644071114663449 293
1617195233763 0.8349138066946897 294
1617195295345 0.8422696271445602 295
1617195356958 0.8713623419081649 296
1617195418510 0.8780556984888592 297
1617195479719 0.8780733709956737 298
1617195541148 0.861737014054476 299
1617195602661 0.8506739658173607 300
1617195664094 0.8824996822957127 301
1617195725864 0.856246808434234 302
1617195787778 0.8955503485419534 303
1617195849561 0.8526377268480482 304
1617195911273 0.8556511686892128 305
1617195972620 0.8131143682450056 306
1617196034732 0.8863410505842655 307
1617196096687 0.8886696648597717 308
1617196158540 0.828853780320949 309
1617196220594 0.8789937469475674 310
1617196282468 0.8795930448433628 311
1617196344027 0.84922569961502 312
1617196405997 0.8734178100119937 313
1617196467742 0.8934742273254828 314
1617196529424 0.8748200217572352 315
1617196591101 0.8632835078498592 316
1617196652989 0.8535923538729548 317
1617196714495 0.8290000253397486 318
1617196776268 0.8669138821491669 319
1617196838003 0.8534459214318882 320
1617196899771 0.8915534123778344 321
1617196961630 0.8643447245067021 322
1617197023467 0.8732349380105734 323
1617197085296 0.8640001834023232 324
1617197147163 0.8762851999865637 325
1617197208991 0.879768090667548 326
1617197270677 0.8371429388027858 327
1617197332218 0.8884144353066036 328
1617197393751 0.8301327562270066 329
1617197455592 0.8741957211384067 330
1617197517445 0.8563221265561879 331
1617197579425 0.8901585366414941 332
1617197641071 0.8115674023534737 333
1617197702750 0.870585055814849 334
1617197764388 0.8454545675604431 335
1617197825922 0.8212898539379239 336
1617197887740 0.8163005905225873 337
1617197949105 0.8733869190017383 338
1617198010693 0.8765365410182211 339
1617198072202 0.8634069507219353 340
1617198133527 0.8546312348917127 341
1617198194953 0.8852537058445872 342
1617198256615 0.9072126823922863 343
1617198318050 0.872444168423061 344
1617198379442 0.8921115861998664 345
1617198441258 0.8290358843767772 346
1617198502673 0.842400673516961 347
1617198564035 0.841572605073452 348
1617198625829 0.8321204254004572 349
1617198687750 0.913892784844274 350
1617198749473 0.8587078713708454 351
1617198810801 0.8685702751032435 352
1617198872398 0.8490895335920728 353
1617198933975 0.8854054641723633 354
1617198995426 0.8413714990019798 355
1617199056611 0.8764410747334044 356
1617199118057 0.8326154372290425 357
1617199179368 0.8493675478889297 358
1617199240774 0.8566220443074902 359
1617199301946 0.8556389658776826 360
1617199362988 0.8580258141957083 361
1617199424115 0.893094623630697 362
1617199485769 0.8238425317198731 363
1617199547395 0.8609914702549577 364
1617199608776 0.8792069633801778 365
1617199670309 0.894849156393953 366
1617199731850 0.8744818606275193 367
1617199793374 0.8946448332415178 368
1617199854836 0.8823359369538551 369
1617199915884 0.863895803464111 370
1617199977161 0.8751485080135112 371
1617200038453 0.903379879748592 372
1617200099752 0.8727672845125198 373
1617200161733 0.8363648706823975 374
1617200223259 0.8695769993697896 375
1617200285182 0.8852996759268702 376
1617200346572 0.8660073317587376 377
1617200407897 0.8739453166419145 378
1617200469101 0.900626892751118 379
1617200530816 0.8485868868728479 380
1617200591799 0.8593547313802821 381
1617200652851 0.81142859717793 382
1617200714383 0.8597592047105233 383
1617200776003 0.889614852813055 384
1617200837564 0.8781549900218293 385
1617200898957 0.8698935727947034 386
1617200960295 0.8569328889250756 387
1617201021646 0.8922583875702876 388
1617201082991 0.8994324829648522 389
1617201144205 0.8362526070130499 390
1617201205141 0.8536115006908126 391
1617201266523 0.8702407614427045 392
1617201327773 0.8428173530846834 393
1617201389274 0.8844366300296276 394
1617201450648 0.8663496276680028 395
1617201512100 0.8624430484309489 396
1617201573991 0.8646866983058406 397
1617201635665 0.8622833179390949 398
1617201697133 0.8829093518908377 399
1617201759126 0.8631829968158234 400
1617201820234 0.8450957438908517 401
1617201881606 0.902238037288189 402
1617201943237 0.8974337238073349 403
1617202004712 0.8767190800637615 404
1617202066049 0.8368697738647461 405
1617202127424 0.8801079216052075 406
1617202188607 0.8560466835943034 407
1617202249790 0.8726198577341882 408
1617202311014 0.8805978345323582 409
1617202372893 0.8795696033909917 410
1617202434608 0.9192771792411805 411
1617202496145 0.8693096064297217 412
1617202557548 0.872976668465596 413
1617202618841 0.8546425338682472 414
1617202680680 0.8618541955140097 415
1617202742128 0.8771972723451316 416
1617202803544 0.8536364521183397 417
1617202865278 0.8808479549793097 418
1617202926572 0.8644937382929999 419
1617202988356 0.881391573840609 420
1617203050197 0.8926472262925623 421
1617203111708 0.8851115425240319 422
1617203173153 0.8831478090996437 423
1617203234612 0.8968037544412816 424
1617203296284 0.8869608414112305 425
1617203357405 0.8647232527534167 426
1617203418406 0.8697503673342558 427
1617203479516 0.8703952240425029 428
1617203540647 0.8423662203915265 429
1617203602104 0.813960677202867 430
1617203664057 0.871810516511852 431
1617203725868 0.8579724650172627 432
1617203793906 0.8599850268048399 433
1617203856554 0.8935927205226001 434
1617203918887 0.8823722442413898 435
1617203981152 0.8469168926846791 436
1617204043374 0.8584085765760392 437
1617204105169 0.8909951755777001 438
1617204166794 0.901672296369305 439
1617204228252 0.8796377574818002 440
1617204290122 0.8648877479311712 441
1617204351832 0.899009053341367 442
1617204413330 0.8609522671128312 443
1617204474636 0.8482903213455126 444
1617204536152 0.8648645009683527 445
1617204597744 0.8455875221153965 446
1617204659214 0.8911603650321132 447
1617204720890 0.8986207617576732 448
1617204782348 0.8760917687669714 449
1617204843791 0.889785748171179 450
1617204905469 0.8863941996047894 451
1617204966735 0.8977817485354981 452
1617205028222 0.8676475060044551 453
1617205089359 0.8297240683922962 454
1617205150983 0.8773241957613066 455
1617205212219 0.8670102640365561 456
1617205273598 0.8987305065989495 457
1617205334963 0.874040929255828 458
1617205396380 0.8915398483691008 459
1617205457820 0.8418558032286388 460
1617205519071 0.8837948162504967 461
1617205580476 0.8806210895830935 462
1617205641997 0.909085997209257 463
1617205703513 0.8695183503738744 464
1617205765313 0.8858795925974846 465
1617205826824 0.9027623052780445 466
1617205888149 0.9068950762351354 467
1617205949272 0.8532741829752922 468
1617206010862 0.8899523230350536 469
1617206072289 0.889939417441686 470
1617206133425 0.9247532657658061 471
1617206194736 0.9046277933650546 472
1617206256253 0.9005517886609448 473
1617206317584 0.8542922791728581 474
1617206379040 0.8925862743499431 475
1617206440411 0.8771785786375403 476
1617206501351 0.8657479645038137 477
1617206562737 0.8649080305122862 478
1617206624392 0.8909412540641486 479
1617206686005 0.8691044830678342 480
1617206747685 0.872964895164801 481
1617206809108 0.8838769513017991 482
1617206870420 0.8944923187174448 483
1617206932131 0.8859606467553282 484
1617206993499 0.8820527197310218 485
1617207054940 0.8980117805302144 486
1617207116428 0.9077385142445564 487
1617207177782 0.9012833931008164 488
1617207239582 0.9048745820055837 489
1617207301259 0.8948936229944229 490
1617207362962 0.8900355062586196 491
1617207424510 0.8507023144927289 492
1617207486379 0.8337701633572578 493
1617207547992 0.8864703762531281 494
1617207609542 0.8416322281827098 495
1617207671107 0.8517758531390496 496
1617207732634 0.8550762631708667 497
1617207793699 0.8559380128946421 498
1617207855137 0.8543687456323966 499
