1617177046843 0.2725432105918429 0
1617177111848 0.17164275361530817 1
1617177175838 0.17420962497369566 2
1617177239088 0.13529447299330982 3
1617177301573 0.16452135167904755 4
1617177365465 0.11550464292070758 5
1617177428388 0.12182499579529264 6
1617177490858 0.1243427120037933 7
1617177553832 0.12099417109987629 8
1617177616424 0.16713475647257336 9
1617177679787 0.11892923223438548 10
1617177743082 0.10043049125529047 11
1617177805610 0.1257371982531761 12
1617177868723 0.13317559103467572 13
1617177931834 0.09966299516051563 14
1617177995417 0.11125921936177496 15
1617178058001 0.14898419913960925 16
1617178120936 0.13939989947561007 17
1617178184230 0.12443590875881821 18
1617178247318 0.12725163929498018 19
1617178310671 0.12615072371354744 20
1617178373481 0.12254605186519338 21
1617178436513 0.11943787959084581 22
1617178499386 0.10086098446774838 23
1617178562205 0.14020598824344463 24
1617178625122 0.11351828165908358 25
1617178687839 0.11425717908944656 26
1617178751029 0.1148771492402945 27
1617178813931 0.10326758338444268 28
1617178877202 0.12013924210818845 29
1617178940367 0.10931469433343233 30
1617179003314 0.10775525089520127 31
1617179066554 0.09196932280241553 32
1617179129354 0.12655229799783052 33
1617179192468 0.10093096832730877 34
1617179254824 0.11707977127673021 35
1617179317233 0.0983033384849776 36
1617179379537 0.09384463260422891 37
1617179442207 0.0928185306378265 38
1617179504542 0.12540658997065984 39
1617179567289 0.09068446194947656 40
1617179630173 0.09787415123697538 41
1617179693485 0.09394600231256058 42
1617179756329 0.11827813155615508 43
1617179819095 0.1367051583617481 44
1617179880807 0.10552339678380027 45
1617179942761 0.11217341672128706 46
1617180004144 0.08143408440831881 47
1617180065694 0.0926233129714852 48
1617180127112 0.09679648502549129 49
1617180188848 0.13042916023909157 50
1617180250577 0.08636016543231793 51
1617180312081 0.11589195657132277 52
1617180374045 0.09373567264471482 53
1617180435838 0.15228192663904447 54
1617180497540 0.10141040407009978 55
1617180559332 0.07966146362361623 56
1617180621791 0.10842564657552918 57
1617180683500 0.09595822754190929 58
1617180745255 0.10523674381313039 59
1617180806740 0.10902955638828563 60
1617180868382 0.07288254374888406 61
1617180930453 0.11161949652344433 62
1617180992157 0.13661195715861535 63
1617181053868 0.06982526583458061 64
1617181115662 0.10484404528318945 65
1617181177769 0.14239210424138538 66
1617181239371 0.1101579648345264 67
1617181301043 0.1168951196457023 68
1617181363066 0.10824082324753946 69
1617181424947 0.1287163718422847 70
1617181486481 0.08520181410348238 71
1617181548041 0.09660313289556931 72
1617181609399 0.10994461579109306 73
1617181672344 0.10419530655021098 74
1617181734335 0.1418313490810679 75
1617181796372 0.10250003747086027 76
1617181858203 0.08755764854488088 77
1617181920116 0.08797576089403522 78
1617181982073 0.09184484250509917 79
1617182044046 0.07570541260847405 80
1617182105832 0.11304039652667829 81
1617182167477 0.06369926146606901 82
1617182229114 0.10687424442661342 83
1617182290921 0.092071616827552 84
1617182352238 0.10182016109352682 85
1617182413685 0.08820536421306098 86
1617182475719 0.10150375650889838 87
1617182537874 0.08684731597331033 88
1617182599902 0.11985882983278873 89
1617182661899 0.1224080217418386 90
1617182723706 0.08336529447071588 91
1617182786074 0.09149614020959655 92
1617182847589 0.08933370682730604 93
1617182909261 0.10202152159676622 94
1617182971287 0.09342900674734543 95
1617183033736 0.093410284661535 96
1617183096595 0.08786356449127197 97
1617183158405 0.08534867016237173 98
1617183219931 0.09105041489672305 99
1617183281842 0.0951134206643745 100
1617183344384 0.08528351872714597 101
1617183405748 0.08255920926136757 102
1617183467345 0.11531498894762637 103
1617183529111 0.11391444971312338 104
1617183590778 0.13097281331446634 105
1617183652506 0.12234166486939388 106
1617183714091 0.1119129568783205 107
1617183775870 0.0942591499926439 108
1617183837394 0.10864345529186192 109
1617183899615 0.10876635562128095 110
1617183961615 0.11119443800911974 111
1617184023259 0.0995529738824759 112
1617184084931 0.12742008468998012 113
1617184146683 0.10953602950964401 114
1617184208460 0.1062125563621521 115
1617184270186 0.10503675510634237 116
1617184331541 0.1101265674206748 117
1617184393437 0.10657018867891226 118
1617184455199 0.10911384091448428 119
1617184517237 0.08617709465880892 120
1617184578785 0.11130740660340038 121
1617184640231 0.07056609908146645 122
1617184702027 0.10525555841958345 123
1617184763467 0.08011306310767558 124
1617184824890 0.08229573627016437 125
1617184886536 0.11470937728881836 126
1617184948164 0.09758607042369558 127
1617185009618 0.07411676378392462 128
1617185071346 0.11579603846393415 129
1617185132777 0.07610755358169329 130
1617185194230 0.09300983574853014 131
1617185255774 0.09988295676103279 132
1617185317496 0.10329151509413079 133
1617185379097 0.07954828685788966 134
1617185440974 0.11183316583064065 135
1617185502494 0.07020914109785166 136
1617185563847 0.09788608639987546 137
1617185625247 0.10218227799259015 138
1617185686905 0.0776074991297366 139
1617185748666 0.09247473727411298 140
1617185810365 0.07358319456897565 141
1617185871949 0.0904832891563871 142
1617185933438 0.08164653849245897 143
1617185994899 0.08358601491842697 144
1617186056626 0.0966303909002845 145
1617186118236 0.0922251165802799 146
1617186180022 0.07504450741098888 147
1617186241651 0.0851286783147214 148
1617186303007 0.08323923420550218 149
1617186364501 0.05672047565232462 150
1617186426038 0.11292360522853795 151
1617186488046 0.10943153278151554 152
1617186549550 0.07528722464148678 153
1617186611164 0.07834386380750742 154
1617186673074 0.10590964644702512 155
1617186734514 0.11138103880099397 156
1617186795781 0.10648809173213902 157
1617186857393 0.10025552671347092 158
1617186919088 0.08926042069250079 159
1617186980461 0.10177330917386866 160
1617187041907 0.08236648253540495 161
1617187103275 0.08681555648348224 162
1617187164835 0.071340303812454 163
1617187226539 0.08114556768047276 164
1617187288076 0.06488396427524623 165
1617187349111 0.08679054121472943 166
1617187410773 0.10756617695537966 167
1617187472398 0.10405979316626023 168
1617187534132 0.07111991519358621 169
1617187595875 0.13710351310559174 170
1617187657343 0.08669518979627695 171
1617187718802 0.10571702647565016 172
1617187780666 0.09076719141718168 173
1617187842208 0.09973064287384945 174
1617187904092 0.0955946961445595 175
1617187965752 0.11267944414224197 176
1617188027527 0.08269790393203053 177
1617188088899 0.08491486044072394 178
1617188150519 0.08024274413265399 179
1617188211982 0.10991708289331464 180
1617188273322 0.0999108953262443 181
1617188334806 0.08431726071371962 182
1617188396451 0.09630275217454824 183
1617188458337 0.08930417317063061 184
1617188519997 0.08174620012738812 185
1617188581661 0.1010537334342501 186
1617188643549 0.08894422694818298 187
1617188705614 0.07063234030310787 188
1617188767583 0.08728394579531541 189
1617188830095 0.09477095639527734 190
1617188891913 0.09104068777454433 191
1617188953499 0.0895713016168395 192
1617189015006 0.09443364036616994 193
1617189076661 0.1271428412465907 194
1617189138358 0.11530218373483686 195
1617189199683 0.10454812423506779 196
1617189261325 0.07382178662428215 197
1617189322844 0.09021530489423382 198
1617189384273 0.06243488414963679 199
1617189445992 0.11338331094428675 200
1617189507315 0.055277219459192076 201
1617189568505 0.07670422810227123 202
1617189629835 0.09410109092940146 203
1617189691182 0.11038857075705458 204
1617189752883 0.0972294318142222 205
1617189814220 0.08169579950731191 206
1617189875647 0.09716655247247041 207
1617189937052 0.06775758248656544 208
1617189998480 0.08975796023411538 209
1617190060146 0.07895959402198222 210
1617190121506 0.07508155659063538 211
1617190182914 0.08559235974923889 212
1617190244265 0.12350759043622372 213
1617190305622 0.07887257124061015 214
1617190366889 0.06488248394496406 215
1617190428052 0.08095329288226455 216
1617190489645 0.08340293169021606 217
1617190551372 0.11456719886011152 218
1617190612963 0.07112982201932082 219
1617190674518 0.10593544280351098 220
1617190736713 0.10531183854857487 221
1617190798867 0.09844190149164911 222
1617190860037 0.07962985003172461 223
1617190921545 0.10216986243404559 224
1617190983039 0.0991624451395291 225
1617191044287 0.08868831751951531 226
1617191105700 0.08442857372227 227
1617191167217 0.10221788331643859 228
1617191228444 0.11656286734253613 229
1617191289755 0.092649582606643 230
1617191351086 0.07240799914545087 231
1617191412599 0.11340612084118289 232
1617191474625 0.06783208384442685 233
1617191536280 0.10448185632477945 234
1617191597632 0.07780648256415751 235
1617191659142 0.09362026648734932 236
1617191720380 0.07922481067145049 237
1617191781937 0.10164837783841944 238
1617191843932 0.08006262334425059 239
1617191905732 0.07363910194653184 240
1617191967566 0.07107000208612699 241
1617192029476 0.08981476523982945 242
1617192091287 0.08533584804677252 243
1617192152940 0.09185130916424651 244
1617192214649 0.06894716753888486 245
1617192276337 0.06645513737379614 246
1617192337992 0.074925059702859 247
1617192399570 0.08674977252732462 248
1617192461107 0.07489705352640863 249
1617192522846 0.08670818360883799 250
1617192584402 0.0766532385527198 251
1617192645943 0.08135139586320564 252
1617192707171 0.07909552196958172 253
1617192768914 0.08062134660891633 254
1617192830741 0.07687932430808224 255
1617192892349 0.08067168139699679 256
1617192953756 0.07936251964142073 257
1617193015078 0.06843002073800386 258
1617193076413 0.09049290685511346 259
1617193138532 0.06592251738505576 260
1617193200109 0.09548071782980393 261
1617193261431 0.07911704814256128 262
1617193323209 0.06870193890671232 263
1617193384757 0.09148044105785996 264
1617193446436 0.06654139419100177 265
1617193507412 0.07136952966006833 266
1617193569296 0.08717282138653655 267
1617193630884 0.08193747765982329 268
1617193692240 0.06600626724869457 269
1617193754079 0.08515988090145055 270
1617193815506 0.0875744677301663 271
1617193877201 0.09733874139501088 272
1617193938701 0.09044545355127818 273
1617194000332 0.0816146019679397 274
1617194061959 0.07089147283070123 275
1617194123479 0.09995705334108267 276
1617194184938 0.10090035733891957 277
1617194246760 0.07756292108279556 278
1617194308248 0.10049684456924894 279
1617194370241 0.08751851231304568 280
1617194432207 0.09559326118497706 281
1617194493746 0.08714416667596618 282
1617194555432 0.06656840932903005 283
1617194616989 0.10233318271921642 284
1617194678625 0.07280022973444925 285
1617194740713 0.08744003256755088 286
1617194802598 0.10855052720254926 287
1617194864210 0.06980057616732013 288
1617194925765 0.10704888514618376 289
1617194987491 0.09917571117628866 290
1617195048993 0.0630046511763957 291
1617195110615 0.07475661786634531 292
1617195172053 0.07557968950983304 293
1617195233761 0.09686830684320251 294
1617195295342 0.0995217063533726 295
1617195356954 0.08654912461095782 296
1617195418507 0.07373484035036457 297
1617195479715 0.07132920400420231 298
1617195541145 0.08167425109379327 299
1617195602658 0.08364323804627603 300
1617195664091 0.06474541550251975 301
1617195725862 0.09078135508209911 302
1617195787773 0.05848932177273195 303
1617195849558 0.10550232698668295 304
1617195911270 0.08578529197778274 305
1617195972615 0.11842244062850725 306
1617196034727 0.0723447212532385 307
1617196096684 0.07062552669155064 308
1617196158537 0.09685000821725646 309
1617196220589 0.08371027281035238 310
1617196282466 0.06653084150001184 311
1617196344022 0.09586225783646997 312
1617196405993 0.08881184236327214 313
1617196467739 0.06108456494203254 314
1617196529421 0.07967232590291037 315
1617196591099 0.07442819627363291 316
1617196652986 0.0868331692112026 317
1617196714493 0.10065091279015612 318
1617196776265 0.07437007640724752 319
1617196838000 0.08044460994094166 320
1617196899768 0.06672390628216872 321
1617196961625 0.09283152622963066 322
1617197023461 0.07907686304690233 323
1617197085291 0.08895936385909123 324
1617197147157 0.07724101418879495 325
1617197208988 0.07949613457295432 326
1617197270674 0.10637974027377456 327
1617197332212 0.06730992313641221 328
1617197393748 0.10568022994852777 329
1617197455590 0.08270128360435144 330
1617197517443 0.09177501432931245 331
1617197579423 0.06957011347386374 332
1617197641069 0.12279819463615987 333
1617197702748 0.07306219570672334 334
1617197764385 0.11231231778415281 335
1617197825919 0.1081439941676695 336
1617197887734 0.1255012101201869 337
1617197949099 0.07500807918719392 338
1617198010687 0.07249739721639832 339
1617198072197 0.08308567217926481 340
1617198133524 0.0986220649818876 341
1617198194948 0.07333802643106944 342
1617198256611 0.05673613032298302 343
1617198318048 0.08598892368487458 344
1617198379439 0.057312336430620794 345
1617198441255 0.10590187293380054 346
1617198502670 0.09489009273585988 347
1617198564032 0.09650549070159001 348
1617198625826 0.12107495140673509 349
1617198687743 0.051528551685276314 350
1617198749471 0.07784614634158006 351
1617198810799 0.08467338512192911 352
1617198872392 0.09921942095258343 353
1617198933969 0.07446572140081605 354
1617198995421 0.08681450317155069 355
1617199056608 0.07279749058965426 356
1617199118051 0.09548967631895151 357
1617199179365 0.09099246049994852 358
1617199240771 0.08739285237753569 359
1617199301941 0.08061020676769427 360
1617199362986 0.09125504209034478 361
1617199424111 0.07254918653573562 362
1617199485766 0.10367607536600597 363
1617199547393 0.09900935016461272 364
1617199608773 0.06873450172481252 365
1617199670306 0.06150405976309705 366
1617199731847 0.07780374075049784 367
1617199793369 0.06727413899862944 368
1617199854831 0.06752801297315911 369
1617199915881 0.07625647000412443 370
1617199977158 0.07847949906961242 371
1617200038451 0.06289878798954522 372
1617200099750 0.07021266044075809 373
1617200161728 0.10183052251588053 374
1617200223254 0.08371451986369802 375
1617200285179 0.07827098156089213 376
1617200346567 0.0878841868087427 377
1617200407895 0.08258015451146596 378
1617200469098 0.0639935126945154 379
1617200530812 0.08785572069794384 380
1617200591797 0.09138302393813631 381
1617200652848 0.11648067787512024 382
1617200714380 0.09107229691832813 383
1617200776000 0.06911599547115725 384
1617200837559 0.08134467210342634 385
1617200898951 0.08254410081834936 386
1617200960292 0.09300324810085012 387
1617201021643 0.07061134434458036 388
1617201082986 0.06444121652574682 389
1617201144200 0.07999231388319784 390
1617201205138 0.0869597454569233 391
1617201266521 0.08021054783863808 392
1617201327770 0.09916319775937209 393
1617201389271 0.06718092267193011 394
1617201450644 0.08834733802880813 395
1617201512097 0.08229539999321325 396
1617201573987 0.09193633474520783 397
1617201635662 0.08941971010236598 398
1617201697130 0.07429914776958636 399
1617201759123 0.0851040704926448 400
1617201820231 0.09036852352654756 401
1617201881599 0.05995199573573781 402
1617201943232 0.06401804222989438 403
1617202004706 0.07438378636516742 404
1617202066045 0.10420541443041902 405
1617202127421 0.0742206377769584 406
1617202188601 0.09937823263566885 407
1617202249788 0.0771288889557568 408
1617202311012 0.06793823437904244 409
1617202372887 0.07642313793523987 410
1617202434606 0.04205740209835679 411
1617202496143 0.08054151108015829 412
1617202557546 0.08160185991828121 413
1617202618838 0.09392603653580395 414
1617202680675 0.08512566605610634 415
1617202742125 0.07451891899108887 416
1617202803542 0.08510027803591828 417
1617202865275 0.08119803311219856 418
1617202926567 0.07699645988976778 419
1617202988354 0.0754730461248711 420
1617203050194 0.06495961413454654 421
1617203111703 0.07838365569043515 422
1617203173150 0.0745015206621654 423
1617203234607 0.06323986622824598 424
1617203296281 0.06868687761363698 425
1617203357400 0.08185310239222512 426
1617203418403 0.08831725191714158 427
1617203479513 0.08981403663976868 428
1617203540641 0.09943678218926956 429
1617203602101 0.12421389747021803 430
1617203664054 0.07653992033716459 431
1617203725833 0.0911086094913198 432
1617203793897 0.0912647789983607 433
1617203856552 0.06819218041291877 434
1617203918884 0.06908200747931181 435
1617203981142 0.09653805263006865 436
1617204043362 0.08846231538857986 437
1617204105164 0.0716969272983608 438
1617204166781 0.06653756525979113 439
1617204228250 0.06850723633125647 440
1617204290119 0.09164246605403388 441
1617204351826 0.05529762026089341 442
1617204413327 0.08816687918421048 443
1617204474630 0.10468265102870429 444
1617204536150 0.07518533984226967 445
1617204597738 0.0894446123891802 446
1617204659209 0.06355918966122527 447
1617204720887 0.05697678718993913 448
1617204782345 0.07386374117723152 449
1617204843788 0.07267478152887145 450
1617204905467 0.06909455826033407 451
1617204966732 0.0690302404005136 452
1617205028220 0.08759700273399923 453
1617205089353 0.10958991566700722 454
1617205150978 0.07440208943922129 455
1617205212213 0.0777555241513608 456
1617205273592 0.06384521277982798 457
1617205334957 0.08635887992915822 458
1617205396374 0.06356579510133657 459
1617205457815 0.11070556871926607 460
1617205519069 0.0727404889775746 461
1617205580472 0.07947547578099948 462
1617205641994 0.05697334524410874 463
1617205703510 0.07934519515108707 464
1617205765311 0.07224744202485725 465
1617205826821 0.06165269417549247 466
1617205888146 0.04709412535624718 467
1617205949269 0.07276993189285051 468
1617206010857 0.06175677011262125 469
1617206072284 0.06788856680713483 470
1617206133423 0.0426644273658297 471
1617206194731 0.06319546966410394 472
1617206256250 0.059987248769446985 473
1617206317578 0.08398888716057165 474
1617206379034 0.06476351307399238 475
1617206440408 0.07511753466591906 476
1617206501346 0.08258845912876414 477
1617206562731 0.0910644335533256 478
1617206624387 0.0713965109924772 479
1617206686002 0.08060106145801829 480
1617206747683 0.0745612160483403 481
1617206809104 0.07602307244912902 482
1617206870417 0.05313721432614682 483
1617206932125 0.0639759035252813 484
1617206993496 0.07905759829193798 485
1617207054936 0.05339043531844865 486
1617207116423 0.057948675618242865 487
1617207177776 0.061682649512789144 488
1617207239579 0.05602234957823113 489
1617207301256 0.07254838765557133 490
1617207362959 0.0659507308433305 491
1617207424504 0.08665840750309958 492
1617207486375 0.09036023848092378 493
1617207547987 0.06972084294504194 494
1617207609540 0.09701463446688297 495
1617207671104 0.09830385624472775 496
1617207732630 0.07640914329841955 497
1617207793696 0.08377878256698153 498
1617207855135 0.09709465770579095 499
