1616285665568 0.05031386593010269 0
1616285665570 0.05031386593010269 0
1616285791114 0.2103844032244911 1
1616285791116 0.2103844032244911 1
1616285917685 0.33016312747625803 2
1616285917687 0.33016312747625803 2
1616286043433 0.42157429805293045 3
1616286043435 0.42157429805293045 3
1616286169617 0.4793265577521023 4
1616286169619 0.4793265577521023 4
1616286295484 0.5233532720860034 5
1616286295486 0.5233532720860034 5
1616286421083 0.5584619951213922 6
1616286421085 0.5584619951213922 6
1616286546970 0.584019327340326 7
1616286546972 0.584019327340326 7
1616286673438 0.6004713841505027 8
1616286673440 0.6004713841505027 8
1616286799107 0.6184693474006209 9
1616286799110 0.6184693474006209 9
1616286925110 0.6339214210249613 10
1616286925112 0.6339214210249613 10
1616287050844 0.649202215110492 11
1616287050846 0.649202215110492 11
1616287176301 0.6618954364131642 12
1616287176304 0.6618954364131642 12
1616287301775 0.6736877788598992 13
1616287301778 0.6736877788598992 13
1616287427612 0.6831683106859621 14
1616287427615 0.6831683106859621 14
1616287553246 0.6918726639715435 15
1616287553248 0.6918726639715435 15
1616287679113 0.6998343186523186 16
1616287679115 0.6998343186523186 16
1616287804633 0.7074822926312554 17
1616287804635 0.7074822926312554 17
1616287930451 0.7145996142752352 18
1616287930453 0.7145996142752352 18
1616288056167 0.7213262755563459 19
1616288056168 0.7213262755563459 19
1616288181738 0.727197024982485 20
1616288181740 0.727197024982485 20
1616288307235 0.7306169539439714 21
1616288307237 0.7306169539439714 21
1616288432381 0.7351830081701551 22
1616288432383 0.7351830081701551 22
1616288557479 0.7397400772402433 23
1616288557481 0.7397400772402433 23
1616288683256 0.7440760715892618 24
1616288683258 0.7440760715892618 24
1616288809038 0.7477360168958439 25
1616288809040 0.7477360168958439 25
1616288934679 0.750442828954839 26
1616288934681 0.750442828954839 26
1616289059885 0.7534154059756994 27
1616289059888 0.7534154059756994 27
1616289185314 0.7566534044287563 28
1616289185316 0.7566534044287563 28
1616289310518 0.7596405188827381 29
1616289310520 0.7596405188827381 29
1616289436103 0.762432657587975 30
1616289436105 0.762432657587975 30
1616289561261 0.7652225855117674 31
1616289561264 0.7652225855117674 31
1616289686709 0.767690415175618 32
1616289686711 0.767690415175618 32
1616289811859 0.7699211761037248 33
1616289811861 0.7699211761037248 33
1616289937183 0.7698443101960545 34
1616289937185 0.7698443101960545 34
1616290062477 0.771319751757457 35
1616290062479 0.771319751757457 35
1616290187764 0.7733460178661477 36
1616290187766 0.7733460178661477 36
1616290312932 0.7753357843377849 37
1616290312934 0.7753357843377849 37
1616290438185 0.7773369290089145 38
1616290438188 0.7773369290089145 38
1616290563747 0.7793062066614302 39
1616290563749 0.7793062066614302 39
1616290689063 0.7811827427108127 40
1616290689065 0.7811827427108127 40
1616290814498 0.7830512646279557 41
1616290814500 0.7830512646279557 41
1616290939659 0.7848932136956676 42
1616290939661 0.7848932136956676 42
1616291065152 0.7866645528757956 43
1616291065154 0.7866645528757956 43
1616291190613 0.7883234363266843 44
1616291190615 0.7883234363266843 44
1616291315973 0.7900031227578224 45
1616291315975 0.7900031227578224 45
1616291441229 0.7916021474992757 46
1616291441231 0.7916021474992757 46
1616291566374 0.7929114170333104 47
1616291566376 0.7929114170333104 47
1616291691580 0.7943080736696275 48
1616291691582 0.7943080736696275 48
1616291816669 0.7957023298913416 49
1616291816671 0.7957023298913416 49
1616291942237 0.7969780045685088 50
1616291942240 0.7969780045685088 50
1616292067414 0.7977711583983494 51
1616292067416 0.7977711583983494 51
1616292192491 0.7989772549823124 52
1616292192493 0.7989772549823124 52
1616292317497 0.8001588114399913 53
1616292317499 0.8001588114399913 53
1616292442654 0.8013494869826193 54
1616292442656 0.8013494869826193 54
1616292567904 0.802508664996693 55
1616292567906 0.802508664996693 55
1616292693260 0.8035791057893279 56
1616292693263 0.8035791057893279 56
1616292818619 0.8044625506612185 57
1616292818622 0.8044625506612185 57
1616292943836 0.805489101591804 58
1616292943839 0.805489101591804 58
1616293069140 0.8063803910904975 59
1616293069142 0.8063803910904975 59
1616293194296 0.807402380392005 60
1616293194298 0.807402380392005 60
1616293319774 0.8083563147361892 61
1616293319777 0.8083563147361892 61
1616293445360 0.8093316237273955 62
1616293445362 0.8093316237273955 62
1616293570528 0.8102443652895084 63
1616293570530 0.8102443652895084 63
1616293695809 0.8111368564594379 64
1616293695812 0.8111368564594379 64
1616293821174 0.8119955640491597 65
1616293821177 0.8119955640491597 65
1616293946486 0.8119710308936194 66
1616293946489 0.8119710308936194 66
1616294071865 0.812323557863916 67
1616294071867 0.812323557863916 67
1616294196954 0.8129903591230381 68
1616294196957 0.8129903591230381 68
1616294322597 0.8136031048606734 69
1616294322599 0.8136031048606734 69
1616294447830 0.8142252439232756 70
1616294447832 0.8142252439232756 70
1616294572830 0.8147654290978253 71
1616294572833 0.8147654290978253 71
1616294698077 0.815473266074178 72
1616294698079 0.815473266074178 72
1616294823523 0.8159885104104934 73
1616294823526 0.8159885104104934 73
1616294948789 0.8166787653641062 74
1616294948791 0.8166787653641062 74
1616295073854 0.8173723776769068 75
1616295073856 0.8173723776769068 75
1616295199270 0.8180527525489407 76
1616295199273 0.8180527525489407 76
1616295324431 0.8184189783591349 77
1616295324433 0.8184189783591349 77
1616295449758 0.819023401875142 78
1616295449760 0.819023401875142 78
1616295575145 0.8196528146054654 79
1616295575147 0.8196528146054654 79
1616295700427 0.8203091980605567 80
1616295700429 0.8203091980605567 80
1616295825614 0.8209276274040334 81
1616295825617 0.8209276274040334 81
1616295950687 0.8215638471145057 82
1616295950690 0.8215638471145057 82
1616296075619 0.8221894756170781 83
1616296075622 0.8221894756170781 83
1616296200561 0.82279479128134 84
1616296200564 0.82279479128134 84
1616296325717 0.8233890941108631 85
1616296325719 0.8233890941108631 85
1616296450709 0.8239431429189404 86
1616296450711 0.8239431429189404 86
1616296576079 0.8245364196830369 87
1616296576082 0.8245364196830369 87
1616296701598 0.825096584896399 88
1616296701601 0.825096584896399 88
1616296826722 0.8256507063192395 89
1616296826724 0.8256507063192395 89
1616296952008 0.8261933639190387 90
1616296952010 0.8261933639190387 90
1616297077010 0.8267192545208983 91
1616297077012 0.8267192545208983 91
1616297202372 0.8271489198365978 92
1616297202374 0.8271489198365978 92
1616297327441 0.8276774965742608 93
1616297327444 0.8276774965742608 93
1616297452412 0.8281664150935792 94
1616297452414 0.8281664150935792 94
1616297577399 0.8286677664458869 95
1616297577401 0.8286677664458869 95
1616297702502 0.8291570162666753 96
1616297702505 0.8291570162666753 96
1616297827989 0.8296407408548041 97
1616297827991 0.8296407408548041 97
1616297952923 0.8301239419583375 98
1616297952926 0.8301239419583375 98
1616298078052 0.8305957848886395 99
1616298078054 0.8305957848886395 99
1616298203514 0.8308102891032817 100
1616298203516 0.8308102891032817 100
1616298328863 0.8312374798012447 101
1616298328865 0.8312374798012447 101
1616298454106 0.8316833436830843 102
1616298454109 0.8316833436830843 102
1616298579312 0.8321441583990516 103
1616298579314 0.8321441583990516 103
1616298704449 0.8325868563383144 104
1616298704451 0.8325868563383144 104
1616298829533 0.8330326388999122 105
1616298829535 0.8330326388999122 105
1616298954652 0.8334426290761625 106
1616298954654 0.8334426290761625 106
1616299079899 0.8337833837958718 107
1616299079901 0.8337833837958718 107
1616299204880 0.8342004791353047 108
1616299204882 0.8342004791353047 108
1616299329945 0.8346349702914789 109
1616299329948 0.8346349702914789 109
1616299455508 0.8350548567459297 110
1616299455510 0.8350548567459297 110
1616299580597 0.8354866646260712 111
1616299580599 0.8354866646260712 111
1616299705726 0.8358715705911532 112
1616299705729 0.8358715705911532 112
1616299830957 0.8362649261350787 113
1616299830960 0.8362649261350787 113
1616299956126 0.8366818983017403 114
1616299956128 0.8366818983017403 114
1616300081235 0.8370633288927268 115
1616300081238 0.8370633288927268 115
1616300206163 0.8371927944501671 116
1616300206166 0.8371927944501671 116
1616300331606 0.8374540891666816 117
1616300331608 0.8374540891666816 117
1616300457030 0.8377922208096501 118
1616300457032 0.8377922208096501 118
1616300582215 0.8381450289087626 119
1616300582218 0.8381450289087626 119
1616300707825 0.8384787506888709 120
1616300707827 0.8384787506888709 120
1616300832813 0.8388401014075592 121
1616300832816 0.8388401014075592 121
1616300957889 0.8391968666333368 122
1616300957891 0.8391968666333368 122
1616301083265 0.8395630933936724 123
1616301083267 0.8395630933936724 123
1616301208412 0.839868066479517 124
1616301208414 0.839868066479517 124
1616301333625 0.840207746888992 125
1616301333627 0.840207746888992 125
1616301458755 0.8405700002681621 126
1616301458757 0.8405700002681621 126
1616301583763 0.8409227114577215 127
1616301583765 0.8409227114577215 127
1616301708866 0.8408940380436759 128
1616301708869 0.8408940380436759 128
1616301834192 0.8410199776070121 129
1616301834195 0.8410199776070121 129
1616301960049 0.8412411168596019 130
1616301960051 0.8412411168596019 130
1616302085121 0.8415201063444926 131
1616302085123 0.8415201063444926 131
1616302210004 0.8418231340366392 132
1616302210006 0.8418231340366392 132
1616302335350 0.8421239894245889 133
1616302335352 0.8421239894245889 133
1616302460644 0.84243110971426 134
1616302460646 0.84243110971426 134
1616302585711 0.8427722902135311 135
1616302585713 0.8427722902135311 135
1616302710771 0.843081925776599 136
1616302710774 0.843081925776599 136
1616302835692 0.8433902347567414 137
1616302835694 0.8433902347567414 137
1616302960955 0.8436846124747076 138
1616302960958 0.8436846124747076 138
1616303086186 0.8439955570931117 139
1616303086188 0.8439955570931117 139
1616303211566 0.8443141689977186 140
1616303211568 0.8443141689977186 140
1616303336785 0.8446303220567137 141
1616303336787 0.8446303220567137 141
1616303461988 0.8449293302273485 142
1616303461990 0.8449293302273485 142
1616303587017 0.8452354172915135 143
1616303587020 0.8452354172915135 143
1616303712022 0.8455392853190222 144
1616303712025 0.8455392853190222 144
1616303837178 0.8458476429639625 145
1616303837180 0.8458476429639625 145
1616303962555 0.8461330115072931 146
1616303962557 0.8461330115072931 146
1616304087545 0.8464216666237662 147
1616304087547 0.8464216666237662 147
1616304212443 0.8466925389489783 148
1616304212445 0.8466925389489783 148
1616304337397 0.8469872070729765 149
1616304337400 0.8469872070729765 149
1616304462540 0.8472780131355901 150
1616304462542 0.8472780131355901 150
1616304587590 0.8475624634557454 151
1616304587593 0.8475624634557454 151
1616304712709 0.8478466101620441 152
1616304712712 0.8478466101620441 152
1616304837936 0.8481248760000278 153
1616304837938 0.8481248760000278 153
1616304962942 0.8484031517115225 154
1616304962944 0.8484031517115225 154
1616305088037 0.8486742433014195 155
1616305088040 0.8486742433014195 155
1616305213134 0.8489343208722626 156
1616305213137 0.8489343208722626 156
1616305338201 0.8491961894725416 157
1616305338204 0.8491961894725416 157
1616305463223 0.849459524259416 158
1616305463226 0.849459524259416 158
1616305588838 0.8497367953550066 159
1616305588840 0.8497367953550066 159
1616305714291 0.8500033710954722 160
1616305714294 0.8500033710954722 160
1616305839549 0.8502536260460624 161
1616305839551 0.8502536260460624 161
1616305964930 0.8504839015121054 162
1616305964932 0.8504839015121054 162
1616306090163 0.8507123148239132 163
1616306090166 0.8507123148239132 163
1616306215347 0.8509689928142085 164
1616306215350 0.8509689928142085 164
1616306340352 0.8512204584585481 165
1616306340355 0.8512204584585481 165
1616306465590 0.8514737647682921 166
1616306465593 0.8514737647682921 166
1616306590895 0.8517095570611133 167
1616306590897 0.8517095570611133 167
1616306715791 0.8519641333748323 168
1616306715794 0.8519641333748323 168
1616306840788 0.8521825399938415 169
1616306840791 0.8521825399938415 169
1616306966397 0.8524264158536282 170
1616306966400 0.8524264158536282 170
1616307091492 0.852676775936498 171
1616307091495 0.852676775936498 171
1616307216364 0.8529299281393193 172
1616307216366 0.8529299281393193 172
1616307341503 0.8531717947576022 173
1616307341506 0.8531717947576022 173
1616307466624 0.8533877829648874 174
1616307466625 0.8533877829648874 174
1616307591855 0.8534544520005255 175
1616307591858 0.8534544520005255 175
1616307717100 0.8534567464919007 176
1616307717102 0.8534567464919007 176
1616307842431 0.8535640046085454 177
1616307842433 0.8535640046085454 177
1616307967508 0.8537599950149676 178
1616307967510 0.8537599950149676 178
1616308092692 0.8539754498281593 179
1616308092695 0.8539754498281593 179
1616308217655 0.8541630330550639 180
1616308217657 0.8541630330550639 180
1616308342591 0.8543730352185758 181
1616308342594 0.8543730352185758 181
1616308467536 0.8545984775359109 182
1616308467539 0.8545984775359109 182
1616308592346 0.8548088202146511 183
1616308592349 0.8548088202146511 183
1616308717533 0.8550246676107739 184
1616308717536 0.8550246676107739 184
1616308843096 0.8552474540088797 185
1616308843099 0.8552474540088797 185
1616308968119 0.8554322216634387 186
1616308968121 0.8554322216634387 186
1616309093170 0.8556289229330828 187
1616309093173 0.8556289229330828 187
1616309218013 0.8558355084790611 188
1616309218016 0.8558355084790611 188
1616309342984 0.8560392883152622 189
1616309342986 0.8560392883152622 189
1616309468282 0.8562418595677462 190
1616309468284 0.8562418595677462 190
1616309593403 0.8564467728599331 191
1616309593405 0.8564467728599331 191
1616309718374 0.8566591721956265 192
1616309718376 0.8566591721956265 192
1616309843436 0.8568736497104655 193
1616309843439 0.8568736497104655 193
1616309968447 0.8570935485781948 194
1616309968450 0.8570935485781948 194
1616310093460 0.8573171633500575 195
1616310093463 0.8573171633500575 195
1616310218380 0.8575180759494557 196
1616310218382 0.8575180759494557 196
1616310343290 0.8577071892857415 197
1616310343293 0.8577071892857415 197
1616310468280 0.8579077872744534 198
1616310468282 0.8579077872744534 198
1616310593179 0.858117405832253 199
1616310593182 0.858117405832253 199
1616310718402 0.8583238455111071 200
1616310718404 0.8583238455111071 200
1616310843531 0.8585344332281442 201
1616310843533 0.8585344332281442 201
1616310968380 0.8587521688260378 202
1616310968381 0.8587521688260378 202
1616311093260 0.858938696232148 203
1616311093262 0.858938696232148 203
1616311218128 0.8591436160652488 204
1616311218131 0.8591436160652488 204
1616311343197 0.8593457177867888 205
1616311343199 0.8593457177867888 205
1616311468536 0.8595414247922591 206
1616311468538 0.8595414247922591 206
1616311594322 0.8597237201820179 207
1616311594325 0.8597237201820179 207
1616311719321 0.8599147274354045 208
1616311719324 0.8599147274354045 208
1616311844474 0.8601095682102085 209
1616311844477 0.8601095682102085 209
1616311969660 0.8603051099330393 210
1616311969663 0.8603051099330393 210
1616312094590 0.8604911871710881 211
1616312094593 0.8604911871710881 211
1616312219811 0.8606699734426961 212
1616312219813 0.8606699734426961 212
1616312344935 0.860858970188427 213
1616312344937 0.860858970188427 213
1616312469998 0.8610590639504836 214
1616312470001 0.8610590639504836 214
1616312594872 0.861244235853284 215
1616312594875 0.861244235853284 215
1616312720059 0.8614192776928999 216
1616312720061 0.8614192776928999 216
1616312845035 0.8615862200956294 217
1616312845037 0.8615862200956294 217
1616312970341 0.8617629039333167 218
1616312970343 0.8617629039333167 218
1616313095460 0.8619474580500783 219
1616313095462 0.8619474580500783 219
1616313220930 0.8621075135924202 220
1616313220932 0.8621075135924202 220
1616313345954 0.8622807276544054 221
1616313345957 0.8622807276544054 221
1616313470836 0.8624753637303277 222
1616313470839 0.8624753637303277 222
1616313595951 0.862655578708569 223
1616313595953 0.862655578708569 223
1616313721132 0.8628166888956005 224
1616313721135 0.8628166888956005 224
1616313846516 0.8629919699534251 225
1616313846519 0.8629919699534251 225
1616313971782 0.8631674027676264 226
1616313971785 0.8631674027676264 226
1616314097122 0.8633172630848183 227
1616314097124 0.8633172630848183 227
1616314222085 0.8634910345547769 228
1616314222087 0.8634910345547769 228
1616314347429 0.8636482568987274 229
1616314347431 0.8636482568987274 229
1616314472603 0.8638215347300886 230
1616314472605 0.8638215347300886 230
1616314597941 0.8639931701618293 231
1616314597943 0.8639931701618293 231
1616314723088 0.8641811982195786 232
1616314723090 0.8641811982195786 232
1616314848329 0.8643508919112698 233
1616314848331 0.8643508919112698 233
1616314973624 0.8644970285127072 234
1616314973626 0.8644970285127072 234
1616315098748 0.8646390898292444 235
1616315098750 0.8646390898292444 235
1616315223873 0.8648236886230755 236
1616315223875 0.8648236886230755 236
1616315349067 0.8649600951311147 237
1616315349070 0.8649600951311147 237
1616315474558 0.8651173062491929 238
1616315474561 0.8651173062491929 238
1616315599849 0.8652423034287237 239
1616315599851 0.8652423034287237 239
1616315725059 0.8653774582809804 240
1616315725061 0.8653774582809804 240
1616315850062 0.8655394892753657 241
1616315850064 0.8655394892753657 241
1616315975308 0.8657016417527681 242
1616315975311 0.8657016417527681 242
1616316100700 0.8658610458541864 243
1616316100702 0.8658610458541864 243
1616316225822 0.8660031526642394 244
1616316225825 0.8660031526642394 244
1616316351025 0.866146154537279 245
1616316351028 0.866146154537279 245
1616316476176 0.8662845938236693 246
1616316476179 0.8662845938236693 246
1616316601182 0.8664479717777707 247
1616316601185 0.8664479717777707 247
1616316726014 0.8666041359894159 248
1616316726017 0.8666041359894159 248
1616316851133 0.8667501662380404 249
1616316851135 0.8667501662380404 249
