1616285665566 0.86803995992275 0
1616285791112 0.7247438489439639 1
1616285917683 0.6126224907207574 2
1616286043431 0.5171035346178774 3
1616286169615 0.45730659989441963 4
1616286295482 0.4113712325652546 5
1616286421081 0.37606807465815073 6
1616286546968 0.34953982876910966 7
1616286673435 0.3332036527591465 8
1616286799105 0.31449231636968067 9
1616286925108 0.2984820069057049 10
1616287050841 0.28241511799910285 11
1616287176299 0.2694013825299161 12
1616287301773 0.2568331952815406 13
1616287427610 0.24694345704418552 14
1616287553244 0.23799009174306662 15
1616287679111 0.22998270330174325 16
1616287804630 0.2220694003956961 17
1616287930448 0.21468170650078097 18
1616288056164 0.20780694717343184 19
1616288181736 0.20166825754105625 20
1616288307233 0.19857877696822876 21
1616288432379 0.19385993722429934 22
1616288557477 0.18907252619214723 23
1616288683254 0.18463900146173667 24
1616288809036 0.1809119778043558 25
1616288934676 0.17823405803817524 26
1616289059883 0.17522258917860525 27
1616289185312 0.17186318415607255 28
1616289310516 0.16881457806386527 29
1616289436100 0.1658196940451768 30
1616289561259 0.16288285345480616 31
1616289686707 0.1602868880724701 32
1616289811857 0.15798203708622624 33
1616289937181 0.1582472917728556 34
1616290062475 0.15682083705217786 35
1616290187762 0.1546693821563511 36
1616290312929 0.15258404568999517 37
1616290438183 0.15060377145817108 38
1616290563745 0.1485976230912901 39
1616290689061 0.14668661368779784 40
1616290814496 0.14476911144910456 41
1616290939656 0.1429277966559331 42
1616291065150 0.14109006388260614 43
1616291190611 0.13939507278541086 44
1616291315971 0.13766421447055727 45
1616291441227 0.13595506821363998 46
1616291566372 0.13461746524314308 47
1616291691577 0.1332353518441112 48
1616291816667 0.13183705486476102 49
1616291942235 0.13058461878420746 50
1616292067412 0.12991228414990566 51
1616292192489 0.12861275582023587 52
1616292317495 0.1274023934449469 53
1616292442652 0.126155290660778 54
1616292567901 0.12497204520964658 55
1616292693258 0.12402773657573796 56
1616292818617 0.1231468883206383 57
1616292943834 0.12207624226710477 58
1616293069138 0.12113128443090046 59
1616293194294 0.12010933491646629 60
1616293319772 0.11907889707558567 61
1616293445358 0.11809674157405303 62
1616293570526 0.11712438075808172 63
1616293695807 0.11621952607081486 64
1616293821172 0.11536317905933528 65
1616293946484 0.11549707372971858 66
1616294071863 0.11522896164353325 67
1616294196952 0.11455350357297067 68
1616294322595 0.1139657053159476 69
1616294447828 0.11340130323944356 70
1616294572828 0.1128522925963405 71
1616294698074 0.11214954787726844 72
1616294823521 0.11160926730599618 73
1616294948786 0.11084915105359137 74
1616295073851 0.11014248619470346 75
1616295199268 0.10942698842437967 76
1616295324429 0.10914940540224059 77
1616295449756 0.1084741957547379 78
1616295575143 0.10785509832822615 79
1616295700425 0.10721858151258012 80
1616295825612 0.10658097759127944 81
1616295950685 0.10592627917363628 82
1616296075617 0.1052951478121449 83
1616296200559 0.10466689715658466 84
1616296325714 0.10406714399266416 85
1616296450707 0.10352752110803547 86
1616296576077 0.10292918911510877 87
1616296701596 0.10231677622730481 88
1616296826720 0.10175752494721968 89
1616296952006 0.10123704062147215 90
1616297077008 0.10070624581566569 91
1616297202369 0.10029980037092914 92
1616297327439 0.09971918452753704 93
1616297452409 0.09925065436249249 94
1616297577397 0.0987305508085183 95
1616297702500 0.09824242135850998 96
1616297827986 0.09778348254597949 97
1616297952921 0.09727246232743919 98
1616298078049 0.09679923758346666 99
1616298203511 0.09660019926441947 100
1616298328861 0.09612233619662959 101
1616298454103 0.09565024137242233 102
1616298579309 0.0951568767786218 103
1616298704446 0.09474938366705551 104
1616298829531 0.0943125420912131 105
1616298954650 0.09388626250294868 106
1616299079897 0.09354593575226804 107
1616299204878 0.0930951793917889 108
1616299329943 0.09262998715850092 109
1616299455506 0.0922162168332048 110
1616299580594 0.09176058052507534 111
1616299705724 0.09139050030265426 112
1616299830955 0.09101006710003555 113
1616299956124 0.09058099522235541 114
1616300081233 0.09018879888411155 115
1616300206161 0.09005106947733486 116
1616300331604 0.08980334610528795 117
1616300457027 0.08947154514251104 118
1616300582213 0.08908646283506126 119
1616300707822 0.08876141205859742 120
1616300832811 0.08837554385472393 121
1616300957886 0.08800698140572609 122
1616301083263 0.08762301644246431 123
1616301208410 0.08731495405115342 124
1616301333622 0.0869738512127718 125
1616301458753 0.08661252026090265 126
1616301583761 0.08626947493076896 127
1616301708864 0.08634922179311595 128
1616301834190 0.08624718104185818 129
1616301960047 0.0860169916428094 130
1616302085118 0.08575887362824583 131
1616302210001 0.08544915783426278 132
1616302335348 0.08517760823656162 133
1616302460641 0.08485563412525925 134
1616302585709 0.0844925516875092 135
1616302710769 0.08416163828440897 136
1616302835690 0.08385729415180239 137
1616302960953 0.0835844878484799 138
1616303086183 0.08326413803309267 139
1616303211564 0.0829376736009372 140
1616303336782 0.0826375417066372 141
1616303461985 0.08233442602230444 142
1616303587015 0.08202173545225641 143
1616303712020 0.0817281404982976 144
1616303837176 0.08142524757901601 145
1616303962552 0.08115364056170084 146
1616304087542 0.08084772124363276 147
1616304212441 0.08060216429726715 148
1616304337395 0.08032331989972406 149
1616304462538 0.08000750461065995 150
1616304587588 0.07972583759897818 151
1616304712707 0.07942382849575727 152
1616304837934 0.07914204782548734 153
1616304962939 0.07885798183471146 154
1616305088035 0.07856401324104993 155
1616305213132 0.07829428759486445 156
1616305338199 0.07802331735149982 157
1616305463221 0.07775088350272241 158
1616305588836 0.07746553744159715 159
1616305714289 0.07719548655548567 160
1616305839547 0.07693629773636523 161
1616305964928 0.07672943731225541 162
1616306090161 0.0765034966035463 163
1616306215345 0.07624647697550316 164
1616306340350 0.07600575474216686 165
1616306465588 0.07572837856335138 166
1616306590893 0.07548638174214549 167
1616306715789 0.07523597104691343 168
1616306840786 0.07501873034816021 169
1616306966395 0.07479138246773223 170
1616307091490 0.07452418849716408 171
1616307216361 0.07426614891254338 172
1616307341501 0.07401488656287439 173
1616307466621 0.0738058730274846 174
1616307591853 0.07374368754271378 175
1616307717097 0.07374851806820319 176
1616307842428 0.07365183061066259 177
1616307967506 0.07344890166413662 178
1616308092689 0.07322079514760968 179
1616308217652 0.07307820453117918 180
1616308342589 0.07285975390803068 181
1616308467534 0.07264620392187972 182
1616308592344 0.07243571999792098 183
1616308717531 0.07222683968096366 184
1616308843094 0.07201390451272453 185
1616308968117 0.0718516977702049 186
1616309093168 0.07167622005457755 187
1616309218011 0.0714737766883746 188
1616309342981 0.07128050322222028 189
1616309468279 0.07107931738602107 190
1616309593401 0.07088154307417964 191
1616309718371 0.07067018352603352 192
1616309843434 0.07043313359871116 193
1616309968445 0.07021402352582506 194
1616310093458 0.06999510519216225 195
1616310218378 0.06979692109238554 196
1616310343288 0.06961549018264891 197
1616310468277 0.06939543055146004 198
1616310593177 0.06918536019006225 199
1616310718400 0.0689822249765167 200
1616310843528 0.0687773804852673 201
1616310968377 0.06856612796683284 202
1616311093258 0.06838077267213818 203
1616311218126 0.06816413509473393 204
1616311343194 0.06796023069296633 205
1616311468533 0.06775969827542112 206
1616311594320 0.06758164110937975 207
1616311719319 0.06739113540303784 208
1616311844472 0.06721105877094895 209
1616311969657 0.0670393471840573 210
1616312094588 0.06684910383453833 211
1616312219808 0.06665283717861056 212
1616312344932 0.06646562521524618 213
1616312469996 0.06626966897599149 214
1616312594870 0.06608020443841005 215
1616312720056 0.06591443297494222 216
1616312845032 0.06576776987457254 217
1616312970339 0.06559632825086545 218
1616313095458 0.06540451154483899 219
1616313220927 0.0652564813543329 220
1616313345952 0.0650870209423768 221
1616313470834 0.06490472335650604 222
1616313595949 0.06472291032110314 223
1616313721130 0.06456378456020183 224
1616313846513 0.06437662224325809 225
1616313971780 0.06419491416164774 226
1616314097120 0.0640456373327053 227
1616314222082 0.06387337482565755 228
1616314347426 0.06373342844234581 229
1616314472601 0.06355640334903673 230
1616314597939 0.06339533185739726 231
1616314723086 0.06320516289548667 232
1616314848326 0.06304841323141401 233
1616314973621 0.06291138991914202 234
1616315098746 0.06277326605942 235
1616315223871 0.0625933842063458 236
1616315349065 0.06245124870468304 237
1616315474556 0.06230778150544989 238
1616315599846 0.0621977059306834 239
1616315725056 0.062066908348988065 240
1616315850059 0.06190867290919056 241
1616315975306 0.06176768397595495 242
1616316100698 0.06161686889968553 243
1616316225820 0.06148294065498649 244
1616316351023 0.06136154060607556 245
1616316476174 0.06122579842530529 246
1616316601179 0.06106542626307288 247
1616316726012 0.06091884722428474 248
1616316851130 0.06078735204183671 249
