1616285665563 inf 0
1616285791110 inf 1
1616285917681 23.55927970741526 2
1616286043429 19.71164784200796 3
1616286169613 19.724413182052707 4
1616286295480 18.777848247563675 5
1616286421079 18.229532992722678 6
1616286546966 18.50139082215724 7
1616286673433 19.689499070616204 8
1616286799103 16.910496297896064 9
1616286925105 17.142610194041573 10
1616287050839 15.209991471430849 11
1616287176297 15.894810076618608 12
1616287301771 14.668828472459086 13
1616287427608 16.612296049234732 14
1616287553241 15.998846481433528 15
1616287679109 14.51047017660661 16
1616287804628 14.198239277585216 17
1616287930446 14.186956997772338 18
1616288056162 13.260008848002922 19
1616288181733 13.445225453580626 20
1616288307231 17.680771948589932 21
1616288432377 14.269566230357661 22
1616288557475 13.697378798482005 23
1616288683252 13.692245862137522 24
1616288809033 13.631453768906272 25
1616288934674 15.00753661179326 26
1616289059881 14.108831793722683 27
1616289185309 13.667237121229753 28
1616289310514 13.260581228377314 29
1616289436098 14.450371555896266 30
1616289561257 13.332999466195313 31
1616289686705 13.417588717554972 32
1616289811855 14.54858361099409 33
1616289937179 17.432304401706745 34
1616290062472 14.785999326292606 35
1616290187760 12.914109284283041 36
1616290312927 12.849848200925113 37
1616290438181 13.3996062106142 38
1616290563742 12.480741640825658 39
1616290689059 13.047594087360533 40
1616290814493 13.235711527399063 41
1616290939654 12.316189166558996 42
1616291065148 11.648818034921918 43
1616291190608 12.700878284528454 44
1616291315969 11.558622755379014 45
1616291441225 12.119005802964873 46
1616291566370 12.769997430829394 47
1616291691575 14.05322493361774 48
1616291816665 11.944045339404296 49
1616291942233 12.502415707320115 50
1616292067410 13.761535427025512 51
1616292192487 14.202525520779144 52
1616292317493 12.869112748343749 53
1616292442650 11.977516844844779 54
1616292567899 11.728441222366762 55
1616292693256 12.142141814303507 56
1616292818615 14.64320130236106 57
1616292943832 12.362594678675215 58
1616293069136 12.755474282056085 59
1616293194292 11.162547378094517 60
1616293319770 11.968344798820754 61
1616293445355 11.220276188285405 62
1616293570524 11.380737184509835 63
1616293695805 11.010197531062774 64
1616293821170 11.479534008106004 65
1616293946482 15.432031621046056 66
1616294071860 14.99496078554751 67
1616294196950 13.041731199291418 68
1616294322593 13.188001912231766 69
1616294447826 11.821504199490523 70
1616294572826 12.810721745704052 71
1616294698072 12.453209489375428 72
1616294823519 12.54760317460543 73
1616294948784 11.671579482814169 74
1616295073849 11.472197223318384 75
1616295199266 11.294899740090264 76
1616295324426 13.239433179780724 77
1616295449753 12.09080451931566 78
1616295575141 10.961329859000916 79
1616295700423 11.889604955913637 80
1616295825610 11.478367484622861 81
1616295950683 11.062698420991563 82
1616296075615 10.367438127442519 83
1616296200557 11.47910049034932 84
1616296325712 11.26297636204767 85
1616296450705 11.019278747796795 86
1616296576075 10.937419604318004 87
1616296701594 11.331051653085364 88
1616296826717 11.199628943350444 89
1616296952003 10.62124588883583 90
1616297077006 10.86415839352619 91
1616297202367 11.342747405722676 92
1616297327437 10.577510891103133 93
1616297452407 10.433667618077656 94
1616297577394 11.53204352177617 95
1616297702498 10.199046668005902 96
1616297827984 11.2379092723733 97
1616297952919 11.116028493600444 98
1616298078047 11.007086882356152 99
1616298203509 14.77878226863347 100
1616298328859 11.10875960967085 101
1616298454101 11.303182468309211 102
1616298579307 10.117282185691664 103
1616298704444 10.813037768371352 104
1616298829529 10.910786818530491 105
1616298954648 10.503366891606548 106
1616299079895 11.046007180759656 107
1616299204876 10.005967163982273 108
1616299329941 10.972476319749763 109
1616299455504 11.141713922147636 110
1616299580592 9.905977357301301 111
1616299705722 10.798999796963768 112
1616299830951 10.119746737331292 113
1616299956121 9.34039438419405 114
1616300081230 10.401336442915907 115
1616300206158 12.629706009739518 116
1616300331601 12.50961770364676 117
1616300457025 10.987062011918336 118
1616300582211 11.13212483142941 119
1616300707820 11.533822789084375 120
1616300832808 9.993646489304046 121
1616300957884 10.292049424038423 122
1616301083260 9.868738928618985 123
1616301208407 10.471506833919658 124
1616301333620 10.369808822179294 125
1616301458750 10.072528557828209 126
1616301583758 10.117148248335372 127
1616301708861 14.553025385475392 128
1616301834188 11.970906415125942 129
1616301960044 12.403758939101007 130
1616302085116 11.396735848818112 131
1616302209999 10.505431326679444 132
1616302335345 9.717098407476616 133
1616302460639 10.591702023620616 134
1616302585707 9.778795157449506 135
1616302710767 10.341719776654829 136
1616302835688 9.955767538574824 137
1616302960951 9.775743281799485 138
1616303086181 9.08780137198073 139
1616303211561 9.352185825820003 140
1616303336780 9.056996982288087 141
1616303461983 9.446104885367696 142
1616303587013 9.853293248991752 143
1616303712018 9.675639924023473 144
1616303837174 10.273646800616676 145
1616303962550 10.44968863224828 146
1616304087540 9.49413651851845 147
1616304212438 11.131921321081109 148
1616304337392 9.382769010680393 149
1616304462535 9.716077982645869 150
1616304587585 9.172912963685235 151
1616304712705 9.898056812480034 152
1616304837931 9.325901818307809 153
1616304962937 9.332259656764 154
1616305088032 9.332897787018535 155
1616305213130 9.429227311876852 156
1616305338197 9.242614451283417 157
1616305463218 10.954811287439275 158
1616305588834 9.493950758010635 159
1616305714286 9.255919466441862 160
1616305839544 9.092105815009402 161
1616305964925 10.30825649795104 162
1616306090158 10.109874985010443 163
1616306215342 9.312387156560431 164
1616306340348 9.597107516516866 165
1616306465585 8.679578336746976 166
1616306590890 9.365836646400599 167
1616306715787 9.531866572720407 168
1616306840784 9.770710523109473 169
1616306966393 9.214360598358182 170
1616307091487 9.212429434179798 171
1616307216359 8.38783302344012 172
1616307341499 9.508778171175452 173
1616307466619 11.246495803298794 174
1616307591851 11.652639352722753 175
1616307717094 13.880194725776018 176
1616307842426 12.501222882212861 177
1616307967504 9.342234867243645 178
1616308092687 9.288203611859236 179
1616308217650 9.742394943143163 180
1616308342586 9.347403906556924 181
1616308467531 9.97489182029141 182
1616308592342 9.514995213244763 183
1616308717529 9.495013841198665 184
1616308843092 8.53343695250867 185
1616308968114 9.739862215625452 186
1616309093166 9.53720216543371 187
1616309218008 8.890912241159544 188
1616309342979 9.22493352558863 189
1616309468276 9.154459330354054 190
1616309593398 8.675988136995217 191
1616309718369 8.651156303907497 192
1616309843432 9.979945053737463 193
1616309968443 8.45512183127235 194
1616310093456 8.57503461695849 195
1616310218375 9.045393723342956 196
1616310343286 9.880056049526099 197
1616310468275 8.806691688175253 198
1616310593175 8.946077502754354 199
1616310718398 9.450807429202316 200
1616310843526 9.549709017440618 201
1616310968374 8.612074433380009 202
1616311093256 8.40065564272839 203
1616311218124 8.817659514283246 204
1616311343192 9.207847493180775 205
1616311468531 8.897683499085549 206
1616311594317 9.055232379540055 207
1616311719317 8.565593691608337 208
1616311844470 8.222693604667722 209
1616311969655 8.281146759633076 210
1616312094586 8.956317477675338 211
1616312219806 8.761846376142593 212
1616312344930 9.609028994310181 213
1616312469994 8.371986773133452 214
1616312594868 8.317925225800996 215
1616312720054 8.934993104037952 216
1616312845030 8.6776800619329 217
1616312970337 9.04072766777062 218
1616313095455 8.546069417868537 219
1616313220925 9.197021248262914 220
1616313345950 9.291572524871937 221
1616313470832 8.860456540452525 222
1616313595946 8.84539989606306 223
1616313721128 9.57350875907529 224
1616313846510 8.719138146414139 225
1616313971777 8.460988798631556 226
1616314097117 9.765688182702501 227
1616314222080 8.156008923965159 228
1616314347424 9.778875466160422 229
1616314472597 8.662234727107721 230
1616314597936 8.787191850176985 231
1616314723083 8.926711527930088 232
1616314848324 8.689887019943534 233
1616314973619 9.666446390777208 234
1616315098743 8.744488734444765 235
1616315223868 7.7896162235114454 236
1616315349062 8.825556719777829 237
1616315474554 9.131210244377526 238
1616315599843 9.729922618688024 239
1616315725054 9.156690622303412 240
1616315850057 8.511219909914963 241
1616315975304 9.571925229436511 242
1616316100695 8.215795599282764 243
1616316225818 9.500014706295623 244
1616316351020 9.467681322587987 245
1616316476171 9.103923549822746 246
1616316601177 9.246891514437955 247
1616316726009 7.70937562770484 248
1616316851128 8.903255186572471 249
