1616285665561 0.05031386593010269 0
1616285791108 0.3704549405188795 1
1616285917679 0.5697205759797919 2
1616286043427 0.6958078097829477 3
1616286169611 0.7103355965487896 4
1616286295477 0.7434868437555083 5
1616286421077 0.769114333333725 6
1616286546963 0.7629206528728629 7
1616286673431 0.732087838631916 8
1616286799101 0.7804510166516845 9
1616286925103 0.7884421572683656 10
1616287050837 0.8172909500513305 11
1616287176295 0.8142140920452298 12
1616287301770 0.8269882306674535 13
1616287427606 0.8158957562508419 14
1616287553239 0.822437963255265 15
1616287679107 0.827220793544721 16
1616287804626 0.837497850273181 17
1616287930444 0.8427114038668732 18
1616288056160 0.8491328398974494 19
1616288181731 0.8446120135052665 20
1616288307228 0.8024354621351875 21
1616288432375 0.8356362011461974 22
1616288557472 0.8445526658522678 23
1616288683250 0.8481399359657092 24
1616288809030 0.8392346495603944 25
1616288934672 0.8208199424887116 26
1616289059879 0.8336749855389304 27
1616289185308 0.8473173611143485 28
1616289310511 0.8462668380482082 29
1616289436096 0.8461968187450808 30
1616289561255 0.8517103511493336 31
1616289686703 0.8466609644188368 32
1616289811852 0.8435362867312506 33
1616289937177 0.7672308693352611 34
1616290062470 0.8229602064065477 35
1616290187758 0.846291597779008 36
1616290312925 0.8489571437883646 37
1616290438179 0.8533804265118422 38
1616290563740 0.8561080351095409 39
1616290689056 0.8562441846861087 40
1616290814491 0.8596606632308202 41
1616290939652 0.8622550745395586 42
1616291065146 0.8628321376213051 43
1616291190606 0.8613143081657906 44
1616291315967 0.8655890121590346 45
1616291441223 0.8651572856061319 46
1616291566368 0.8544470851329413 47
1616291691573 0.8613475922128543 48
1616291816662 0.8640208847553251 49
1616291942231 0.8607617384268644 50
1616292067407 0.8382220037202252 51
1616292192484 0.8616942773483931 52
1616292317490 0.8627813036969685 53
1616292442648 0.8656459662845318 54
1616292567897 0.8662634557707513 55
1616292693254 0.8635237901768786 56
1616292818613 0.8548189083589836 57
1616292943830 0.8650290555657542 58
1616293069133 0.8589664715134162 59
1616293194289 0.8687217384824489 60
1616293319768 0.8665463097314251 61
1616293445353 0.8698007811821918 62
1616293570522 0.86774708370262 63
1616293695803 0.8682562913349334 64
1616293821167 0.8678115573810771 65
1616293946480 0.8103518426279597 66
1616294071858 0.8359428648737833 67
1616294196948 0.8583328447433466 68
1616294322591 0.855882560757504 69
1616294447824 0.8577749783054311 70
1616294572824 0.8531185764908553 71
1616294698070 0.8664375283715732 72
1616294823517 0.8536013469615198 73
1616294948782 0.8677576319314539 74
1616295073847 0.8693933011369502 75
1616295199264 0.8697612428235167 76
1616295324424 0.8466183657440892 77
1616295449751 0.8661684361236923 78
1616295575138 0.8693764203010087 79
1616295700421 0.8728198744678632 80
1616295825608 0.8710204042256513 81
1616295950681 0.8737338633732276 82
1616296075613 0.8741166413305922 83
1616296200554 0.8736413070793323 84
1616296325710 0.8739048346203375 85
1616296450703 0.8715913404135945 86
1616296576073 0.8761514981594333 87
1616296701592 0.8743911236722736 88
1616296826715 0.8749675129520449 89
1616296952001 0.8750325479009684 90
1616297077003 0.8745752992901079 91
1616297202365 0.866678128880944 92
1616297327435 0.8768351331769311 93
1616297452404 0.8741247559095079 94
1616297577392 0.8762961449151105 95
1616297702496 0.8761249990623563 96
1616297827982 0.876562025903308 97
1616297952917 0.8774776501046058 98
1616298078045 0.8773082349885334 99
1616298203507 0.8522607105675134 100
1616298328856 0.8743837402955174 101
1616298454099 0.8771614596307119 102
1616298579305 0.8796080741436875 103
1616298704442 0.8786274420216362 104
1616298829525 0.8798398078676868 105
1616298954645 0.8769015877586889 106
1616299079893 0.8702441388047597 107
1616299204874 0.879246775794061 108
1616299329939 0.8819945063144761 109
1616299455502 0.8812423667355263 110
1616299580589 0.8834173393217807 111
1616299705720 0.8789810386803397 112
1616299830950 0.8807141025986601 113
1616299956119 0.884216725301156 114
1616300081228 0.8809278468561775 115
1616300206156 0.852210799113233 116
1616300331599 0.8680255709988798 117
1616300457023 0.8776917546799288 118
1616300582209 0.8801291927031459 119
1616300707818 0.878525364301861 120
1616300832806 0.882563538368831 121
1616300957882 0.8827222241782287 122
1616301083258 0.8846089849149451 123
1616301208405 0.877684729124241 124
1616301333618 0.8826677980733678 125
1616301458748 0.8862139260435992 126
1616301583756 0.8857170325317519 127
1616301708858 0.8372238410458445 128
1616301834185 0.8572661812773886 129
1616301960042 0.8699892196962808 130
1616302085113 0.8780677288651784 131
1616302209997 0.8818227893999837 132
1616302335343 0.8821377560218915 133
1616302460635 0.8835852285302145 134
1616302585704 0.8888316576151137 135
1616302710765 0.8851923623538398 136
1616302835685 0.885628565036236 137
1616302960948 0.8843087375540524 138
1616303086179 0.887216859051284 139
1616303211559 0.8889198356426935 140
1616303336778 0.8892079033750169 141
1616303461980 0.887388490457484 142
1616303587010 0.8890058674671232 143
1616303712015 0.8892962812802735 144
1616303837171 0.8905595014803112 145
1616303962547 0.8877968188335604 146
1616304087538 0.8888539687452957 147
1616304212435 0.8867816430803864 148
1616304337390 0.890892757548693 149
1616304462532 0.8908989225276449 150
1616304587584 0.8905144617991879 151
1616304712702 0.8910369095194371 152
1616304837929 0.8906995492115458 153
1616304962934 0.8912576112816942 154
1616305088030 0.8906934397354563 155
1616305213127 0.8895064219237959 156
1616305338195 0.8903095597163477 157
1616305463216 0.8910664205855512 158
1616305588831 0.8938228995539248 159
1616305714284 0.8926554895699659 160
1616305839542 0.8905446730910781 161
1616305964923 0.8877885270110787 162
1616306090156 0.8879436846485639 163
1616306215340 0.8930641832226451 164
1616306340345 0.8927122897745923 165
1616306465583 0.8935226121857921 166
1616306590888 0.8910868699622757 167
1616306715785 0.8947329540796419 168
1616306840781 0.8890932586063889 169
1616306966391 0.8938853120173704 170
1616307091485 0.8954883501072355 171
1616307216357 0.8964721070245859 172
1616307341496 0.8950147197205336 173
1616307466616 0.8909697310325313 174
1616307591848 0.8651215332371995 175
1616307717092 0.8538605769739506 176
1616307842424 0.8725486912546639 177
1616307967501 0.8886462873581084 178
1616308092685 0.8925418613894665 179
1616308217648 0.8879280138978775 180
1616308342584 0.892383426814241 181
1616308467529 0.895628979290895 182
1616308592339 0.8933015304241092 183
1616308717526 0.8947405884973705 184
1616308843089 0.8964629376584545 185
1616308968112 0.8897990054114068 186
1616309093163 0.8924120603565205 187
1616309218006 0.8946735911229824 188
1616309342977 0.8945536773572577 189
1616309468274 0.8947303975397285 190
1616309593396 0.8955852116676087 191
1616309718367 0.8974398446487303 192
1616309843429 0.8982678100744144 193
1616309968441 0.8997539289176781 194
1616310093453 0.9009220438632877 195
1616310218373 0.8968969454315114 196
1616310343283 0.8949625165340431 197
1616310468273 0.8976261890394256 198
1616310593173 0.899831498834364 199
1616310718395 0.8996117812819144 200
1616310843524 0.9008625643525986 201
1616310968372 0.9027347596005556 202
1616311093253 0.8968037596725403 203
1616311218121 0.9009472620178093 204
1616311343190 0.9007765707024868 205
1616311468529 0.8998570679191579 206
1616311594315 0.897458865862102 207
1616311719314 0.8996442361397946 208
1616311844467 0.9008312901442356 209
1616311969653 0.9013688717275223 210
1616312094583 0.8997534843993947 211
1616312219802 0.8985726630235923 212
1616312344928 0.9011152770290983 213
1616312469991 0.9038791290306031 214
1616312594866 0.9010561949553642 215
1616312720052 0.8992283150499211 216
1616312845028 0.8978127214879273 217
1616312970334 0.9002799805491528 218
1616313095452 0.9023648096208877 219
1616313220923 0.8973197329076047 220
1616313345948 0.9005610353531356 221
1616313470830 0.9056845725850856 222
1616313595943 0.902843518856358 223
1616313721125 0.8989053707906699 224
1616313846508 0.9024302079639537 225
1616313971775 0.9028152187770986 226
1616314097115 0.8973355550873787 227
1616314222078 0.9031109297053611 228
1616314347422 0.8996521736633905 229
1616314472595 0.9036754359431723 230
1616314597934 0.9036409548939542 231
1616314723081 0.9078037076173945 232
1616314848321 0.903889522075336 233
1616314973616 0.8986929932490308 234
1616315098741 0.8980234992155369 235
1616315223865 0.9083890039671926 236
1616315349059 0.8972884375364223 237
1616315474551 0.9025335523517842 238
1616315599841 0.8951166293365841 239
1616315725052 0.8978146228225942 240
1616315850054 0.9045889589222188 241
1616315975301 0.90494254128413 242
1616316100692 0.9045962424988442 243
1616316225815 0.9006772143171823 244
1616316351017 0.901181613431966 245
1616316476169 0.900340658275688 246
1616316601175 0.9068023264408112 247
1616316726007 0.9053328604774272 248
1616316851125 0.903111698145562 249
