1616285665558 0.86803995992275 0
1616285791105 0.581447737965178 1
1616285917676 0.3883797742743441 2
1616286043424 0.23054666630923748 3
1616286169609 0.2181188610005886 4
1616286295475 0.18169439591942949 5
1616286421074 0.16424912721552748 6
1616286546961 0.16384210754582224 7
1616286673429 0.20251424467944085 8
1616286799098 0.1460902888644883 9
1616286925101 0.13837891226594753 10
1616287050834 0.10567934002648009 11
1616287176293 0.11323655689967439 12
1616287301768 0.09344676105265921 13
1616287427603 0.10848712172121444 14
1616287553237 0.1036896122262833 15
1616287679105 0.10186448824056919 16
1616287804623 0.08754325099289417 17
1616287930441 0.08170321639230911 18
1616288056157 0.07718651995379874 19
1616288181729 0.07889446489354397 20
1616288307225 0.13369968493885181 21
1616288432372 0.09004546285785259 22
1616288557470 0.07896207245264916 23
1616288683247 0.07823440793188328 24
1616288809027 0.08773638636983455 25
1616288934669 0.10860814411747963 26
1616289059876 0.09391292997021625 27
1616289185305 0.07779984352515733 28
1616289310508 0.0804050013898535 29
1616289436094 0.07597317348452325 30
1616289561252 0.07184079515331603 31
1616289686700 0.07721599583771635 32
1616289811850 0.08192195454017913 33
1616289937174 0.16726595111825365 34
1616290062468 0.10689492182845765 35
1616290187756 0.07721700590658695 36
1616290312922 0.07542659643482655 37
1616290438176 0.07535335064885464 38
1616290563738 0.07035783678293228 39
1616290689054 0.0702462375481078 40
1616290814488 0.06615151966268078 41
1616290939650 0.06559257534273127 42
1616291065143 0.06206755462954653 43
1616291190604 0.06481546450881882 44
1616291315964 0.05977559030214523 45
1616291441220 0.05733434039544552 46
1616291566365 0.07175012562978775 47
1616291691570 0.06689390869058193 48
1616291816660 0.06332050287660132 49
1616291942228 0.06796281475653039 50
1616292067406 0.09562321780051322 51
1616292192482 0.06103728267740696 52
1616292317487 0.06325318755463083 53
1616292442645 0.05881174031565798 54
1616292567894 0.05989354539741861 55
1616292693251 0.07114645307685466 56
1616292818610 0.0729385377799577 57
1616292943827 0.0599787711621599 58
1616293069132 0.06537877209484577 59
1616293194287 0.05879236405041623 60
1616293319766 0.05622218878186764 61
1616293445351 0.057203100479029594 62
1616293570520 0.055865649351889785 63
1616293695801 0.05830882608573487 64
1616293821165 0.05970062331316319 65
1616293946477 0.12433412197501735 66
1616294071855 0.09726545186911492 67
1616294196945 0.06862235477471605 68
1616294322588 0.0734076255813558 69
1616294447821 0.07389315788416152 70
1616294572821 0.07387253693602186 71
1616294698067 0.061551928104079785 72
1616294823514 0.07216878560312251 73
1616294948779 0.0546005483756357 74
1616295073844 0.05714262177811024 75
1616295199262 0.05504915787977107 76
1616295324422 0.08777551269753182 77
1616295449749 0.05580784324952896 78
1616295575136 0.05894640163379781 79
1616295700418 0.05629723626089857 80
1616295825605 0.054935059965925015 81
1616295950678 0.052241008926896336 82
1616296075611 0.05291124480835935 83
1616296200552 0.05189384208952493 84
1616296325707 0.05308812505942076 85
1616296450700 0.05711995302996737 86
1616296576070 0.050874305730487436 87
1616296701589 0.04842444210055661 88
1616296826712 0.0519841610196423 89
1616296951998 0.054393451304194776 90
1616297077001 0.052403918487277434 91
1616297202362 0.06290681945516709 92
1616297327432 0.04572191109207082 93
1616297452402 0.055208818848304295 94
1616297577390 0.049320713180969374 95
1616297702493 0.05138199415771251 96
1616297827980 0.053266417730520384 97
1616297952914 0.04719248091049017 98
1616298078042 0.04994998793018625 99
1616298203504 0.07669636735970035 100
1616298328854 0.047858166349853605 101
1616298454096 0.04749656930328049 102
1616298579302 0.04434032361716666 103
1616298704440 0.05237010006416351 104
1616298829523 0.04844417662775897 105
1616298954642 0.04870062614692018 106
1616299079890 0.05713097342943892 107
1616299204871 0.0444134924600416 108
1616299329936 0.04192403373011249 109
1616299455499 0.04670148105063337 110
1616299580587 0.04118495032270538 111
1616299705717 0.049941515391494364 112
1616299830947 0.0480211152041212 113
1616299956116 0.04166680116681976 114
1616300081225 0.04508621998606844 115
1616300206154 0.07407445829123893 116
1616300331597 0.0608197115757998 117
1616300457020 0.05031903153483538 118
1616300582206 0.043261668248538006 119
1616300707815 0.04975531888293459 120
1616300832803 0.04168549118603163 121
1616300957878 0.04304236262798943 122
1616301083255 0.04039532596126516 123
1616301208402 0.04911521752860318 124
1616301333615 0.044335996415069766 125
1616301458745 0.04108482032538729 126
1616301583754 0.0427027180037917 127
1616301708856 0.09655682017352987 128
1616301834183 0.0730839241296053 129
1616301960039 0.05609236976646997 130
1616302085111 0.05194541372041753 131
1616302209994 0.04456667302850079 132
1616302335340 0.04906151174230779 133
1616302460633 0.0417111032107409 134
1616302585701 0.035476422591253796 135
1616302710762 0.0391574154627767 136
1616302835682 0.04216214798470127 137
1616302960945 0.045937217989976104 138
1616303086176 0.03873551369426732 139
1616303211556 0.03723265309917166 140
1616303336775 0.04031894461033826 141
1616303461978 0.03929199884705087 142
1616303587007 0.037306983935389115 143
1616303712012 0.03945046712822737 144
1616303837168 0.03750577428318719 145
1616303962545 0.04149901603368369 146
1616304087535 0.03587758148762774 147
1616304212433 0.04425973623515444 148
1616304337387 0.03877550466580594 149
1616304462530 0.03263521125104199 150
1616304587581 0.037194118835031986 151
1616304712700 0.03351844480617883 152
1616304837926 0.036029605274187755 153
1616304962932 0.035111819255225205 154
1616305088027 0.03299888122351246 155
1616305213125 0.03621708678993139 156
1616305338192 0.03548098914325237 157
1616305463213 0.034706335395891616 158
1616305588829 0.032095513722680984 159
1616305714281 0.033987344777647484 160
1616305839539 0.035206897857975455 161
1616305964921 0.0432180486064642 162
1616306090154 0.03967516108396205 163
1616306215337 0.03409525797642926 164
1616306340342 0.03628658624167772 165
1616306465580 0.029683932879979304 166
1616306590885 0.0350729126007633 167
1616306715782 0.03316697424792863 168
1616306840778 0.0383050522588669 169
1616306966388 0.03614224279497532 170
1616307091482 0.028834019530009716 171
1616307216354 0.029883340357782992 172
1616307341494 0.030546500070139447 173
1616307466614 0.037437517869662734 174
1616307591845 0.06286122770781846 175
1616307717089 0.07459869055434111 176
1616307842421 0.05653815062597711 177
1616307967499 0.03732754918251266 178
1616308092682 0.03238972868928884 179
1616308217645 0.0474118935736887 180
1616308342581 0.033320191118152855 181
1616308467526 0.033780106442405824 182
1616308592337 0.03391716191346975 183
1616308717524 0.033792861360818785 184
1616308843086 0.03262089838848469 185
1616308968109 0.041681243661553305 186
1616309093161 0.03886188723226177 187
1616309218003 0.03341442384222086 188
1616309342974 0.034751818119052875 189
1616309468272 0.03285400850817244 190
1616309593393 0.0331066495124647 191
1616309718364 0.03008915028197968 192
1616309843426 0.024682497625496794 193
1616309968438 0.027706669385921447 194
1616310093451 0.027306030127913394 195
1616310218370 0.030952837536151103 196
1616310343281 0.03387360096453352 197
1616310468271 0.02582362357606279 198
1616310593170 0.027381358271900642 199
1616310718392 0.02835518226740842 200
1616310843521 0.02760363774413758 201
1616310968369 0.025893119243072703 202
1616311093251 0.03075364784912226 203
1616311218118 0.023970069304267143 204
1616311343187 0.026159828330608124 205
1616311468526 0.026450020261108875 206
1616311594312 0.030723807738816486 207
1616311719311 0.027765948483918574 208
1616311844464 0.029575042664370638 209
1616311969650 0.030979913936809024 210
1616312094581 0.026707757086037322 211
1616312219800 0.02504430612192509 212
1616312344925 0.02658947701863152 213
1616312469988 0.024335033775485578 214
1616312594863 0.025345328858399643 215
1616312720049 0.030107796865891902 216
1616312845025 0.03394187709435503 217
1616312970331 0.028222054282718515 218
1616313095451 0.0233966529250462 219
1616313220919 0.03268983944299373 220
1616313345944 0.027636269900075932 221
1616313470827 0.024434659293198838 222
1616313595940 0.02417860342625608 223
1616313721122 0.028919614118305927 224
1616313846505 0.022265100930916503 225
1616313971772 0.023128887717711166 226
1616314097112 0.03015979716276869 227
1616314222074 0.02459752321877378 228
1616314347419 0.03168570666395603 229
1616314472593 0.022840631887950796 230
1616314597931 0.026187817288681546 231
1616314723078 0.019085963732226097 232
1616314848318 0.02652574150248411 233
1616314973613 0.030847934847499463 234
1616315098738 0.030314159024744592 235
1616315223862 0.020141266880834355 236
1616315349056 0.02876513481060875 237
1616315474548 0.02816258808796076 238
1616315599839 0.035889643561491304 239
1616315725049 0.03067548874210804 240
1616315850052 0.023773931917992045 241
1616315975298 0.027648362132938618 242
1616316100690 0.024968805366215555 243
1616316225812 0.02880444894842011 244
1616316351014 0.03161852862289612 245
1616316476166 0.02783322195581933 246
1616316601172 0.02145350219166659 247
1616316726004 0.024567245604827048 248
1616316851122 0.02804505161227698 249
