1611754625878 0.3097360703482557 0
1611754694216 0.18411634039522998 1
1611754763982 0.17111585478284466 2
1611754834417 0.18620611393629616 3
1611754903324 0.15368431450715705 4
1611754971780 0.14514975761299703 5
1611755040641 0.12908286478982042 6
1611755109255 0.1317962577093893 7
1611755179876 0.12724830677260213 8
1611755248065 0.1239924430847168 9
1611755316617 0.13121579565219024 10
1611755385117 0.1419036406189648 11
1611755453577 0.11469954163280886 12
1611755522335 0.11518675355768915 13
1611755590682 0.13587892322397943 14
1611755659207 0.10499558342036916 15
1611755727963 0.11585234972968031 16
1611755796679 0.13235696660938548 17
1611755865229 0.09646235117271765 18
1611755933764 0.09318065732272703 19
1611756002629 0.10186670342488076 20
