1612430600745 0.23470088884012022 0
1612430670041 0.2108089670316497 1
1612430739054 0.19575322623276592 2
1612430808310 0.1971620488077847 3
1612430877336 0.19212646608922018 4
1612430945865 0.18224570169970766 5
1612431014772 0.17233502369191347 6
1612431083132 0.17191497703541572 7
1612431152479 0.1648954671018357 8
1612431221093 0.15973503883205242 9
1612431289914 0.15788644988954148 10
1612431358768 0.15386674097224848 11
1612431429369 0.14950104908061765 12
1612431497870 0.14499515161585452 13
1612431574947 0.14220014935109151 14
1612431643871 0.13985812363784705 15
1612431712888 0.139850080693574 16
1612431781497 0.13941763783766462 17
1612431849975 0.1388273556590174 18
1612431920389 0.13607459250670761 19
1612431989549 0.13636815509816477 20
1612432058323 0.13612817003413166 21
1612432127448 0.13750566111842508 22
1612432196459 0.1365984556686819 23
1612432265211 0.13630385722686994 24
1612432333761 0.13672922827072448 25
1612432403281 0.1344947435369539 26
1612432472176 0.13451501984458997 27
1612432540657 0.13442134378622686 28
1612432609352 0.1339593519618855 29
1612432678067 0.13518123814390434 30
1612432748757 0.13572719712644368 31
1612432817378 0.13503839167897272 32
1612432885537 0.1339262258702982 33
1612432956103 0.1334182857196214 34
1612433024641 0.1340947694594587 35
1612433093179 0.13513929298588612 36
1612433161852 0.13392554688247654 37
1612433230521 0.13308764056049904 38
1612433299352 0.13234053369778304 39
1612433368298 0.13222959625707956 40
1612433437154 0.13279954446234765 41
1612433507524 0.13225261799290292 42
1612433575916 0.13178981185525532 43
1612433644893 0.13048381694711458 44
1612433713644 0.12995073661488576 45
1612433782176 0.12938312775901703 46
1612433850974 0.128257783750693 47
1612433921157 0.12818623489626216 48
1612433990089 0.12808330817009086 49
1612434058664 0.1283365523113924 50
1612434129258 0.12810254733406443 51
1612434197840 0.12814091041503708 52
1612434266311 0.12802305738526593 53
1612434335338 0.12725904139928934 54
1612434403931 0.12638825055823397 55
1612434472681 0.12559984873713984 56
1612434541407 0.12517406465893116 57
1612434610054 0.12452450601957492 58
1612434678145 0.12419343501774233 59
1612434747249 0.12357511621306745 60
1612434816029 0.12275544364233112 61
1612434884649 0.12227325325355629 62
1612434952984 0.1227863407763305 63
1612435021874 0.12230889565909085 64
1612435090426 0.12196264991874556 65
1612435158816 0.12290718937058255 66
1612435227412 0.12273724016073609 67
1612435296475 0.12285831256679144 68
1612435365110 0.1230126071205017 69
1612435435976 0.1224998086221032 70
1612435504545 0.12271106521140283 71
1612435573276 0.12198318128228991 72
1612435641713 0.1215943710704925 73
1612435711992 0.12090336666771428 74
1612435780470 0.12117386880299283 75
1612435849569 0.12156248889844717 76
1612435918684 0.1214734571467311 77
1612435987361 0.12140642300504334 78
1612436056110 0.12165648750404814 79
1612436124805 0.12109693070461412 80
1612436195367 0.12094640485538237 81
1612436263979 0.12092007513077133 82
1612436332413 0.12118448595587207 83
1612436401224 0.12164855525617121 84
1612436469807 0.12137293133914408 85
1612436538346 0.12089878537475315 86
1612436607154 0.12053608371695473 87
1612436675682 0.12039776528499357 88
1612436744102 0.12107179002777656 89
1612436814425 0.12139637134535422 90
1612436882792 0.12098265286005604 91
1612436951704 0.1210561236281434 92
1612437020348 0.12097988691016508 93
1612437088926 0.12076635464663031 94
1612437158452 0.12082629095744435 95
1612437226925 0.12075713928487965 96
1612437295563 0.12055446680021331 97
1612437364010 0.12093248430930992 98
1612437433089 0.12070298257158765 99
1612437502114 0.12037685195963159 100
1612437572180 0.11992542097224526 101
1612437640955 0.11982280694821697 102
1612437709526 0.11997667163713108 103
1612437778173 0.11988079611426478 104
1612437847459 0.11949792251691654 105
1612437915672 0.11954764371005407 106
1612437984043 0.11930774672048537 107
1612438052485 0.11914917082716696 108
1612438121620 0.1195554453207324 109
1612438190894 0.11946442960907379 110
1612438259390 0.11924392516329599 111
1612438328021 0.11896076281592516 112
1612438397146 0.11919352986575985 113
1612438465513 0.12099416358064013 114
1612438534379 0.12089916939472822 115
1612438603464 0.12083762202857176 116
1612438671955 0.12085931654100686 117
1612438740557 0.12085946831816222 118
1612438809841 0.12085027904504568 119
1612438878673 0.12089834490289403 120
1612438947259 0.1210147386108251 121
1612439016194 0.12073801175987614 122
1612439084864 0.12075968733847457 123
1612439153600 0.12081024931437934 124
1612439222309 0.12060650448131494 125
1612439292514 0.12061989572188565 126
1612439361437 0.12037926527268407 127
1612439429865 0.1201141116162024 128
1612439498858 0.12025908792196816 129
1612439567897 0.1202779212817796 130
1612439636356 0.12017568554316427 131
1612439704763 0.11982637996318271 132
1612439773277 0.11979233139101397 133
1612439843365 0.1198201556506244 134
1612439912988 0.11949212363118976 135
1612439981899 0.11905617443275474 136
1612440050650 0.1190238215050191 137
1612440120844 0.11913188023763303 138
1612440189143 0.11880114651056752 139
1612440257866 0.11840786648841466 140
1612440326230 0.11817497804381906 141
1612440394928 0.11825856725379007 142
1612440464168 0.11807480113423287 143
1612440534195 0.1177986873466209 144
1612440602781 0.1175908535761571 145
1612440671811 0.11740812105216984 146
1612440740526 0.11728439156376293 147
1612440809353 0.11724809598172822 148
1612440878395 0.11727571076421597 149
1612440947076 0.1172885056999322 150
1612441015612 0.11739191900461748 151
1612441084138 0.11726490855972868 152
1612441152928 0.11710331827130607 153
1612441221761 0.11689119910068907 154
1612441290323 0.11668588345392063 155
1612441358942 0.11675987144264051 156
1612441427927 0.11658764307786766 157
1612441497984 0.11651949873331358 158
1612441566297 0.11628837197351816 159
1612441634789 0.11615948416475708 160
1612441703389 0.11631708996762052 161
1612441772554 0.11625925205029172 162
1612441840958 0.11642071101875538 163
1612441909841 0.11631715906415795 164
1612441979183 0.11657213123447928 165
1612442050127 0.11629957538665768 166
1612442118478 0.11619586905288463 167
1612442187548 0.11595533671211065 168
1612442256203 0.11595651264563273 169
1612442324523 0.1158271777522682 170
1612442392887 0.11582709566477647 171
1612442462103 0.11567094067154844 172
1612442530601 0.11588120236059761 173
1612442598871 0.11572759079780665 174
1612442667675 0.11556276472303086 175
1612442736503 0.11539938834558125 176
1612442805431 0.11518885856723902 177
1612442874650 0.11497516419564897 178
1612442942998 0.11513465518876297 179
1612443014895 0.1148838202715648 180
1612443083194 0.11479852238951975 181
1612443152224 0.11470993967062501 182
1612443221105 0.11451907754717984 183
1612443290486 0.11426954797411602 184
1612443359408 0.11418324184731488 185
1612443428171 0.11414948143157153 186
1612443496688 0.11409480562661332 187
1612443565510 0.11416431193685758 188
1612443634018 0.1141404158565255 189
1612443703373 0.11404564099879327 190
1612443771820 0.1139706558645217 191
1612443840171 0.11412612618965635 192
1612443910300 0.1138762570166702 193
1612443979502 0.11378469355390124 194
1612444049634 0.11375738474751192 195
1612444118137 0.11365736676071696 196
1612444186776 0.11371514054691206 197
1612444255214 0.11346737323944245 198
1612444324105 0.11330516806734148 199
1612444393074 0.11331239393366967 200
1612444461282 0.11310559167227054 201
1612444529753 0.112959984829913 202
1612444598194 0.11280216164134703 203
1612444667003 0.11261670602465879 204
1612444735618 0.11246231120145078 205
1612444804587 0.11248856572326466 206
1612444872850 0.11230222604972082 207
1612444941666 0.11220092001892984 208
1612445010367 0.11203421077240255 209
1612445079074 0.11213897712633589 210
1612445148257 0.11204878102554738 211
1612445216979 0.11200406278042614 212
1612445287195 0.11183657714272668 213
1612445356248 0.11195635549395672 214
1612445424799 0.11196821931731053 215
1612445493460 0.11179005151864502 216
1612445562094 0.11180348175854685 217
1612445632051 0.11174541032201377 218
1612445700548 0.1116249883110197 219
1612445769456 0.11151713287032516 220
1612445837924 0.11141469138948067 221
1612445906115 0.11126140513802128 222
1612445974979 0.11120755896210548 223
1612446043775 0.11095952955644527 224
1612446112597 0.11080189857972915 225
1612446181642 0.11066976035399212 226
1612446250087 0.11057984651024666 227
1612446318729 0.11029036944563449 228
1612446388574 0.11023834308658928 229
1612446457250 0.11016380969441479 230
1612446525941 0.11009162655210473 231
1612446594465 0.1101103687674298 232
1612446663047 0.11017251038660825 233
1612446731525 0.11011745902082969 234
1612446800317 0.11000590799897046 235
1612446868824 0.10991020903523382 236
1612446937413 0.10982366856974882 237
1612447005929 0.10975060764901878 238
1612447074622 0.10964586613190118 239
1612447143519 0.10951515280839395 240
1612447212717 0.10948323032278694 241
1612447283029 0.10938295639818438 242
1612447351896 0.10929512884627357 243
1612447420812 0.10921124223525522 244
1612447489303 0.10906510185796132 245
1612447558569 0.10903721088671285 246
1612447627078 0.10890582097684418 247
1612447697761 0.10875299757121319 248
1612447766114 0.1086908834727843 249
1612447834641 0.10857317446882611 250
1612447902983 0.10851860322098804 251
1612447971590 0.10838365962699305 252
1612448040227 0.10840443292240211 253
1612448109537 0.10833207235930785 254
1612448177893 0.1081935957824784 255
1612448246880 0.10805065939668598 256
1612448315551 0.10790079654152719 257
1612448384411 0.10783327913886089 258
1612448452959 0.10768103300498634 259
1612448521630 0.10754963018176096 260
1612448591694 0.10745581889106354 261
1612448660753 0.10738696391923054 262
1612448729280 0.10744495458365139 263
1612448799849 0.10738017458675349 264
1612448868896 0.1073375717482708 265
1612448937519 0.10720792635829651 266
1612449006185 0.10724012446472553 267
1612449074814 0.1072521279398308 268
1612449143625 0.10732206511128475 269
1612449212043 0.107304973162277 270
1612449280761 0.10717873245189863 271
1612449349537 0.10717781240752008 272
1612449418606 0.10701421710683552 273
1612449488057 0.10703926970547871 274
1612449556950 0.10690650099571361 275
1612449626091 0.10682818722163527 276
1612449694659 0.10660179797949992 277
1612449763353 0.10652375426598787 278
1612449831691 0.10639445653030365 279
1612449902103 0.10638635200772105 280
1612449970797 0.10632542894039765 281
1612450039786 0.10620191061611794 282
1612450108787 0.1061890047338798 283
1612450177701 0.1061032321228973 284
1612450246376 0.10608482091464928 285
1612450316867 0.10594531786014666 286
1612450385944 0.10576860167728636 287
1612450454572 0.1058131819857871 288
1612450523769 0.1057836159043747 289
1612450592631 0.10563362253111515 290
1612450661486 0.10560395630608554 291
1612450730046 0.10564006093589082 292
1612450800538 0.10564997577403382 293
1612450869000 0.10566374548109404 294
1612450937769 0.10551146514332073 295
1612451006844 0.10548686540583897 296
1612451075446 0.10548913972621145 297
1612451144397 0.10532063810192085 298
1612451213734 0.10511352819293297 299
1612451282546 0.10498086346415238 300
1612451351564 0.10485363837592607 301
1612451420498 0.10481362015817812 302
1612451489021 0.10482738979705097 303
1612451557447 0.10482557606866261 304
1612451626064 0.10475387911705401 305
1612451694723 0.10474781330166509 306
1612451763509 0.10476043033585992 307
1612451833154 0.10479410190844386 308
1612451901959 0.10467210490943496 309
1612451970382 0.10462953237446704 310
1612452038789 0.10458626596694061 311
1612452107571 0.10461648158502765 312
1612452176556 0.10445375253361139 313
1612452245865 0.10445145419411568 314
1612452314686 0.10434765072394112 315
1612452383378 0.10431365300226171 316
1612452452066 0.1042259842546224 317
1612452520502 0.10416863834785993 318
1612452589313 0.10412641805388148 319
1612452658023 0.10396433999283788 320
1612452726673 0.10414263238342812 321
1612452795196 0.10415663139022803 322
1612452863950 0.10408779616039152 323
1612452932426 0.10401241052848742 324
1612453000697 0.10405929254673418 325
1612453069225 0.10391584403152813 326
1612453138338 0.10392093293105731 327
1612453209335 0.10375838692519347 328
1612453278235 0.10371623595393879 329
1612453346829 0.10366171745181697 330
1612453415387 0.10367993454434984 331
1612453484066 0.10362284987955192 332
1612453552629 0.10366176230060013 333
1612453621555 0.10362483036228642 334
1612453690451 0.10369003609659495 335
1612453759112 0.10362898578011934 336
1612453827980 0.10347376677622112 337
1612453896603 0.10351865720293335 338
1612453965187 0.10343205287490008 339
1612454033706 0.10338047489731948 340
1612454102430 0.10328098570758415 341
1612454171522 0.10312216503959092 342
1612454240037 0.10309078582394092 343
1612454308328 0.10299117375626962 344
1612454377093 0.10293016085272143 345
1612454445897 0.10292199341588049 346
1612454514559 0.10290236797693118 347
1612454585243 0.1029737411907363 348
1612454653766 0.10302403871692833 349
1612454722488 0.10298285166939576 350
1612454791040 0.10295439653573726 351
1612454859546 0.1029118551552097 352
1612454928194 0.10292876618679889 353
1612454997416 0.10288629288279465 354
1612455065844 0.10290105896279575 355
1612455134683 0.1028493118702785 356
1612455203058 0.10282138030502981 357
1612455271949 0.10268936355520485 358
1612455342250 0.1025713341177795 359
1612455411250 0.10253230617169277 360
1612455479880 0.1024562036390502 361
1612455549165 0.10238186045601928 362
1612455618254 0.10234210960480236 363
1612455686870 0.10231065666034554 364
1612455755258 0.10226685443133345 365
1612455823550 0.10224733503824081 366
1612455892535 0.10224705593422358 367
1612455961231 0.10220946545923569 368
1612456030119 0.10216230617121569 369
1612456099211 0.10202372412710933 370
1612456167854 0.10197799604866178 371
1612456236469 0.10188999071703551 372
1612456305578 0.10181594633772557 373
1612456374754 0.10172001078828653 374
1612456443730 0.1016888378058475 375
1612456512204 0.10156709121418445 376
1612456580550 0.10152061587777796 377
1612456649240 0.10151668379231964 378
1612456718013 0.10141060740013154 379
1612456787040 0.10141657769117297 380
1612456855291 0.1014189526416589 381
1612456923884 0.10133299867620268 382
1612456992634 0.10122438104573027 383
1612457061072 0.10115368348680094 384
1612457129753 0.10114431073545588 385
1612457198578 0.10119021329203372 386
1612457267514 0.10106858708552532 387
1612457336072 0.10107463476128485 388
1612457406762 0.1010757449687873 389
1612457475667 0.10104084463343753 390
1612457543857 0.10097037629087341 391
1612457612574 0.10092195006374129 392
1612457681016 0.10083431985867962 393
1612457749839 0.10091601537212225 394
1612457818515 0.10083510115749422 395
1612457887124 0.10075968173201036 396
1612457955771 0.10070944321912842 397
1612458024911 0.10075527146640897 398
1612458093555 0.10062647561083977 399
1612458162134 0.1005475881328917 400
1612458231123 0.10047212888830317 401
1612458299940 0.1003932882814883 402
1612458368217 0.10039460498278648 403
1612458436802 0.10041437537845423 404
1612458505713 0.10036934661642608 405
1612458574680 0.10039760756358841 406
1612458642974 0.100358988936006 407
1612458711386 0.10032648977665891 408
1612458780004 0.10024342214709675 409
1612458848592 0.10016386828729214 410
1612458917434 0.10017864894968859 411
1612458986473 0.10020236557614172 412
1612459055105 0.10014452054915046 413
1612459123801 0.10015245671538947 414
1612459192773 0.10012362184629577 415
1612459261272 0.10000693700356147 416
1612459329671 0.09991808655235938 417
1612459400796 0.09982809400301984 418
1612459469632 0.09974296866746002 419
1612459540173 0.09960270460060956 420
1612459608920 0.09963255564562874 421
1612459677698 0.09960838430859337 422
1612459746396 0.09956216941170874 423
1612459814818 0.09958044801708682 424
1612459883523 0.09959186908742836 425
1612459952356 0.09953339374312488 426
1612460021154 0.09953338540503291 427
1612460089909 0.09945915166335398 428
1612460158149 0.09940394945584907 429
1612460226604 0.09935572781704645 430
1612460297023 0.0992667822917895 431
1612460366004 0.09927136541740139 432
1612460434589 0.09921291977857914 433
1612460503117 0.09914414782858684 434
1612460571452 0.09907427730094104 435
1612460640035 0.09903673521624448 436
1612460708432 0.09899516622729153 437
1612460778498 0.09896204244663706 438
1612460849350 0.0989170303722411 439
1612460917754 0.09900881646429659 440
1612460986509 0.09900488764170397 441
1612461054859 0.09896648881216984 442
1612461123493 0.0989127691408888 443
1612461192331 0.09884964112725289 444
1612461262315 0.09873651917436643 445
1612461330789 0.0987533489954627 446
1612461399390 0.09868474620213703 447
1612461467653 0.09863307228732868 448
1612461536094 0.09860912822372284 449
1612461604599 0.0986680403816813 450
1612461672957 0.09857687385185218 451
1612461741804 0.09864824254023158 452
1612461810663 0.09857759597041413 453
1612461879397 0.09849360559697184 454
1612461948635 0.09846843551023991 455
1612462017697 0.09838941839013131 456
1612462086480 0.09837521989567916 457
1612462155778 0.09827505690960077 458
1612462226026 0.098183082313912 459
1612462295043 0.09815096734939227 460
1612462363563 0.09811591775085972 461
1612462433186 0.09807658290222047 462
1612462501802 0.09801993916521536 463
1612462570290 0.09795971915037363 464
1612462638804 0.09788907730566394 465
1612462707707 0.09790498238098451 466
1612462776494 0.09788200983071696 467
1612462845358 0.09785395693370032 468
1612462914161 0.09786759463140948 469
1612462984592 0.09789076404894592 470
1612463053033 0.09784672239476326 471
1612463121596 0.09778711204932657 472
1612463190185 0.09782449815801654 473
1612463258744 0.0977525072255101 474
1612463327304 0.09776841041420689 475
1612463396063 0.09786268221525934 476
1612463464545 0.09780727214736705 477
1612463533012 0.09775546491118231 478
1612463602324 0.0977528126493319 479
1612463671298 0.09770689173156384 480
1612463740256 0.09767817829484624 481
1612463808738 0.09764633748105578 482
1612463878960 0.09764427399170655 483
1612463947612 0.09758547535491444 484
1612464015892 0.09758217328267359 485
1612464084333 0.09755873816206755 486
1612464153429 0.09749614054864449 487
1612464221983 0.09748813390870079 488
1612464290734 0.09755537122660503 489
1612464359205 0.09751719528263993 490
1612464427458 0.09750270217877689 491
1612464495899 0.09744160476712117 492
1612464565205 0.0974204129189896 493
1612464634473 0.09736395103978517 494
1612464703392 0.09731166127694305 495
1612464773586 0.09726332768101127 496
1612464842887 0.09723151240504307 497
1612464913247 0.09719315572819433 498
1612464981697 0.09719107023993538 499
1612465050663 0.09719833153397293 500
1612465119094 0.0971856737963374 501
1612465187787 0.09714154832664011 502
1612465256175 0.09703391283799961 503
1612465324599 0.09695871477555507 504
1612465393444 0.09691951302791178 505
1612465462581 0.09686464472217647 506
1612465531357 0.09680941162959492 507
1612465601940 0.09676235968411623 508
1612465671273 0.09680433720742748 509
1612465739685 0.09677516766288355 510
1612465808817 0.0966927054400709 511
1612465877607 0.09668368700617413 512
1612465946584 0.09667831420642285 513
1612466015560 0.09657931693514749 514
1612466083902 0.09654199670348114 515
1612466152536 0.09643973321210411 516
1612466221369 0.09639346853069482 517
1612466289933 0.09639537044243815 518
1612466358647 0.09635910182746489 519
1612466427448 0.09629739055686275 520
1612466495998 0.09627738410608365 521
1612466564639 0.09626684915066541 522
1612466633502 0.09621611013932124 523
1612466702906 0.0962176980579162 524
1612466771240 0.09621061522603055 525
1612466840309 0.09618104496775746 526
1612466909113 0.09612582667597222 527
1612466978300 0.0960583096415875 528
1612467046642 0.09598982017230265 529
1612467116991 0.0959288698510389 530
1612467187710 0.09592366546656653 531
1612467257081 0.0959220825866391 532
1612467325699 0.09591513088646568 533
1612467394291 0.09584345900375553 534
1612467462801 0.09575696782648604 535
1612467531723 0.09573197790235095 536
1612467600318 0.09568791705826667 537
1612467669004 0.09559011948724971 538
1612467738247 0.09555227046944674 539
1612467807102 0.09550311274701757 540
1612467875702 0.09541972021656873 541
1612467944753 0.09540736872683074 542
1612468013125 0.09536561459185158 543
1612468082537 0.0953266312810602 544
1612468150822 0.09528137825347566 545
1612468220723 0.09526579041556352 546
1612468288894 0.09524757699069537 547
1612468357567 0.09521377590920335 548
1612468426479 0.09524874119292769 549
1612468495080 0.09524548924634145 550
1612468563838 0.0951629258593955 551
1612468632424 0.09516513214906422 552
1612468700960 0.09512949570691485 553
1612468769369 0.09510079240292427 554
1612468838363 0.09509302754285934 555
1612468907116 0.0950470635028427 556
1612468975626 0.09500067944971291 557
1612469044248 0.09495161998492517 558
1612469112785 0.09490350997492449 559
1612469181617 0.09493435312447153 560
1612469250495 0.09489671293704073 561
1612469320249 0.0948409180095582 562
1612469388768 0.09478000052785121 563
1612469457307 0.09480373351770133 564
1612469525688 0.09474730850158818 565
1612469594175 0.09475129337854793 566
1612469662669 0.0947738919412611 567
1612469731208 0.09476690234134308 568
1612469799665 0.09472239574982752 569
1612469868632 0.09464622592422478 570
1612469937602 0.0946466792085178 571
1612470006337 0.09455873996895788 572
1612470074862 0.09457693247243601 573
1612470143472 0.09457833162768177 574
1612470211682 0.09459371521766259 575
1612470280057 0.09457229762647305 576
1612470348926 0.09452593377052318 577
1612470418882 0.09448533133853479 578
1612470489364 0.09450406823892049 579
1612470558336 0.09448130745785718 580
1612470627117 0.094470811856553 581
1612470695481 0.09446997509577415 582
1612470764112 0.09451347055567527 583
1612470832961 0.09447893996311095 584
1612470901485 0.09449260316568643 585
1612470969985 0.0944064188601875 586
1612471038709 0.0943577456703064 587
1612471107338 0.09438814308036586 588
1612471177512 0.09432414112258736 589
1612471246376 0.09428256052709738 590
1612471314969 0.09423265413213229 591
1612471383538 0.09419841367272888 592
1612471452409 0.09416404399142636 593
1612471520928 0.09414865831262446 594
1612471589436 0.09412442787035331 595
1612471657999 0.09410298784845081 596
1612471728169 0.09405961272119434 597
1612471797219 0.09404433430484274 598
1612471866010 0.09403833579512971 599
1612471934618 0.09401743330960123 600
1612472002881 0.09397833652747442 601
1612472072030 0.09390446756509314 602
1612472140564 0.09386932945326876 603
1612472209809 0.09382194949678622 604
1612472278726 0.09382129868353113 605
1612472347746 0.09380444576303572 606
1612472416511 0.09375533749380874 607
1612472485467 0.09372004072879385 608
1612472553873 0.09369047308043975 609
1612472623491 0.09369424769760566 610
1612472692535 0.0936617957299633 611
1612472760890 0.09361716130899547 612
1612472829511 0.09356977838009191 613
1612472898278 0.09355653135424431 614
1612472966857 0.09356278483345194 615
1612473037682 0.09357464042727615 616
1612473106841 0.09355843303249993 617
1612473175731 0.09357235068234145 618
1612473244084 0.09350915205955046 619
1612473312681 0.09349156993965489 620
1612473381782 0.09353902187383797 621
1612473450663 0.09351188630691723 622
1612473519568 0.0935326319585643 623
1612473588305 0.0934633941024097 624
1612473657335 0.09337895059271788 625
1612473726693 0.09332856450141826 626
1612473795540 0.09324811724658157 627
1612473864090 0.09322124136627687 628
1612473932595 0.0931774706107354 629
1612474001274 0.09313432113121098 630
1612474070118 0.0930618988826868 631
1612474138731 0.09300586253138292 632
1612474207507 0.09293034539714842 633
1612474276017 0.09286940139978299 634
1612474344583 0.09280345622143431 635
1612474413057 0.09276207505088285 636
1612474482204 0.09275853957658242 637
1612474550904 0.09275577790913181 638
1612474619257 0.0927380415124457 639
1612474687977 0.09267670850741346 640
1612474756289 0.0926759829593568 641
1612474824940 0.09268208926790078 642
1612474893346 0.09263879859746964 643
1612474962198 0.09260210914494851 644
1612475030622 0.09255908403113025 645
1612475099216 0.09254670533763429 646
1612475168019 0.09258607741612103 647
1612475236672 0.09263765342024519 648
1612475305536 0.09268847828070136 649
1612475374387 0.09260970462447309 650
1612475443056 0.09262984513516016 651
1612475511628 0.09259079689598197 652
1612475580032 0.09253797266037023 653
1612475648850 0.09250341549514023 654
1612475717971 0.0924950264635674 655
1612475786646 0.09246096466625314 656
1612475855244 0.09239913045600183 657
1612475924272 0.09239440975223115 658
1612475992902 0.09237239302983918 659
1612476062209 0.09233084864821714 660
1612476130590 0.09228642591063908 661
1612476200651 0.09226533207067131 662
1612476269557 0.09227117011817614 663
1612476338292 0.09220398440798203 664
1612476406850 0.09220696436787676 665
1612476475532 0.09221123088008748 666
1612476543855 0.09216191571358003 667
1612476613170 0.09213627742039632 668
1612476683283 0.09208158664911562 669
1612476752024 0.09207082683962584 670
1612476821059 0.09201812671726482 671
1612476890042 0.09203953788426997 672
1612476958532 0.09205999889657396 673
1612477026947 0.09202773928180981 674
1612477095135 0.0919835917716795 675
1612477164246 0.09194164960987097 676
1612477233101 0.09193059820687544 677
1612477301927 0.09191964613121217 678
1612477370247 0.09189543367818946 679
1612477438955 0.0919149896330775 680
1612477507945 0.09186126754628998 681
1612477576516 0.09185898714409828 682
1612477644676 0.09186577126208192 683
1612477713736 0.09187450626340869 684
1612477782124 0.09191743775409188 685
1612477850562 0.0919434645505417 686
1612477919849 0.0919320416539462 687
1612477988861 0.0918961143138836 688
1612478057415 0.09187238244507025 689
1612478125970 0.09190893869594473 690
1612478196686 0.09188059617077216 691
1612478265607 0.09184806936662336 692
1612478334542 0.09179921747869124 693
1612478403251 0.09180050865095712 694
1612478472141 0.09178865902658835 695
1612478540670 0.09173569145436256 696
1612478609309 0.09172239459030475 697
1612478678211 0.09173014072310649 698
1612478746649 0.09173851090834842 699
1612478815393 0.09171312686103404 700
1612478883976 0.0916666765701062 701
1612478952884 0.09164238545153612 702
1612479021936 0.09164008921520272 703
1612479091732 0.09165064755149321 704
1612479160530 0.09163130042890749 705
1612479229437 0.09162080843097468 706
1612479298384 0.09157118768201063 707
1612479368884 0.09152537634369547 708
1612479437742 0.09152724676606332 709
1612479506278 0.09148354266400896 710
1612479575036 0.09147300013190604 711
1612479643784 0.09146137567170459 712
1612479712242 0.09148205407631974 713
1612479781018 0.09147957160768745 714
1612479849508 0.09146318713712957 715
1612479918004 0.0914659730356627 716
1612479986883 0.0914395251368473 717
1612480055263 0.09142442387576177 718
1612480123771 0.09138910677253109 719
1612480192855 0.09135504230586365 720
1612480261087 0.09130705735630898 721
1612480329730 0.09127747618919016 722
1612480398410 0.09125098026014072 723
1612480467062 0.0912079730527154 724
1612480536237 0.09119849811258646 725
1612480604989 0.09119251022351786 726
1612480674008 0.09115396073426849 727
1612480742641 0.09112641462746583 728
1612480812025 0.0910896605093575 729
1612480880341 0.0911454068958938 730
1612480949122 0.0911354944589972 731
1612481017473 0.09111204504716719 732
1612481086668 0.09108208788964034 733
1612481154999 0.09108811645825414 734
1612481225376 0.09106505110903385 735
1612481294038 0.09107393008004239 736
1612481362295 0.09105472896943195 737
1612481430812 0.0910913807057276 738
1612481501259 0.09105586954762543 739
1612481572264 0.0910104399282368 740
1612481640619 0.09098113799735874 741
1612481709714 0.0909418229040846 742
1612481778251 0.09089886368186723 743
1612481847192 0.09084924165344926 744
1612481915598 0.09089505059736927 745
1612481984692 0.09094425732254513 746
1612482053244 0.09094545311773279 747
1612482121975 0.09091127674674118 748
1612482190786 0.09086905001645065 749
1612482259878 0.09088318811860856 750
1612482329250 0.0908395149033764 751
1612482399768 0.09082448695171969 752
1612482468125 0.09078885454940676 753
1612482536592 0.09075476037333037 754
1612482605589 0.09071860558155598 755
1612482675789 0.09067757971718916 756
1612482744094 0.09065211778815084 757
1612482812528 0.09063291193247944 758
1612482880916 0.09068858575746008 759
1612482949654 0.09061919767727024 760
1612483018150 0.0905964759788068 761
1612483088759 0.09056645508315818 762
1612483157817 0.09056698255700282 763
1612483226603 0.09055843309081132 764
1612483295108 0.09052915752856192 765
1612483363819 0.09050160099443125 766
1612483432679 0.09048184773778145 767
1612483501372 0.09045151563737737 768
1612483571738 0.09041986639796823 769
1612483640796 0.0904011592890006 770
1612483708900 0.09036917072393053 771
1612483777434 0.09036326116871171 772
1612483845938 0.09032436177652312 773
1612483914353 0.09029881676057239 774
1612483982609 0.09023271266850788 775
1612484051634 0.0902074270262244 776
1612484120055 0.09015769198407088 777
1612484188949 0.0901037625962889 778
1612484257566 0.09007210695351214 779
1612484328280 0.09001273208398332 780
1612484396681 0.09000067213143438 781
1612484465638 0.09000991593686827 782
1612484534153 0.08998278708645675 783
1612484603088 0.08998508342761415 784
1612484672481 0.0899858725545871 785
1612484741152 0.08999134350542835 786
1612484809487 0.08994103071748133 787
1612484878030 0.08990353214288163 788
1612484946498 0.08986021095720374 789
1612485015866 0.08981522006138447 790
1612485084550 0.08979521784692727 791
1612485154405 0.08979208151774655 792
1612485223529 0.08979589664992983 793
1612485292064 0.08976518687066769 794
1612485360411 0.08975962046241845 795
1612485428808 0.08976697961824966 796
1612485497377 0.08978734490370474 797
1612485566460 0.08976279177105526 798
1612485637255 0.08972300241909809 799
1612485706185 0.08971588166503235 800
1612485774292 0.08970836897443357 801
1612485842775 0.08968298810026583 802
1612485911755 0.08967961934150669 803
1612485982399 0.08965894877219914 804
1612486050889 0.08963663884279599 805
1612486120117 0.08960825227889008 806
1612486190569 0.08957347381175736 807
1612486259324 0.08955494235380636 808
1612486328198 0.08948980463743868 809
1612486396773 0.08949195174686313 810
1612486465633 0.08945420484653809 811
1612486534807 0.08942238960750033 812
1612486603334 0.08936587968514896 813
1612486672049 0.08935510333494087 814
1612486743038 0.08931220333749591 815
1612486812154 0.08935026134854289 816
1612486880711 0.08934283552890024 817
1612486949802 0.08936462330022622 818
1612487018411 0.08937077901885862 819
1612487087164 0.08938675329785636 820
1612487155962 0.08936257424942266 821
1612487224664 0.08940474303134803 822
1612487293606 0.08938045231626787 823
1612487362177 0.08936557887636767 824
1612487431213 0.08941100754204856 825
1612487500132 0.0893961276277685 826
1612487568962 0.08941792957852712 827
1612487637719 0.08940017182364736 828
1612487707157 0.08935532987793023 829
1612487775737 0.08931568323787603 830
1612487844218 0.08931005473038017 831
1612487912887 0.08927747001423418 832
1612487981591 0.08925706079452583 833
1612488050237 0.08919131175071114 834
1612488118889 0.0892085703649172 835
1612488187333 0.08920847911501739 836
1612488255705 0.08919674906524953 837
1612488326642 0.08918620795798818 838
1612488394767 0.08916153515495132 839
1612488463924 0.08917702671133754 840
1612488532508 0.08916294640138468 841
1612488602470 0.08914182330745615 842
1612488670904 0.08913429325031848 843
1612488739437 0.08910880306315992 844
1612488808095 0.08911980288715429 845
1612488877309 0.0890761792074731 846
1612488945780 0.08911086689923153 847
1612489014250 0.08912094822539024 848
1612489082758 0.08908010715868936 849
1612489153589 0.089107466965654 850
1612489223211 0.08913394860141739 851
1612489291752 0.08908522719463022 852
1612489360437 0.08905083294403818 853
1612489428973 0.08899864447286454 854
1612489497833 0.08897668120439191 855
1612489566449 0.0889343692488667 856
1612489634894 0.08890799631265528 857
1612489703281 0.08889158111176766 858
1612489771404 0.08887195683464912 859
1612489842380 0.08883060647517722 860
1612489911226 0.08882776894645193 861
1612489979502 0.08882511863119515 862
1612490048215 0.0888202408953653 863
1612490116645 0.0887995123791228 864
1612490185413 0.08878218159241351 865
1612490254081 0.08878116897003376 866
1612490323285 0.08874855206760339 867
1612490391884 0.08871698918203448 868
1612490460588 0.0887281298187467 869
1612490528912 0.08871511586769729 870
1612490597502 0.08870674136683795 871
1612490666260 0.08867030105034673 872
1612490734555 0.08865459598154277 873
1612490803216 0.08864570072922376 874
1612490873395 0.08860243898138215 875
1612490942109 0.08859498675319649 876
1612491010873 0.08859163093614725 877
1612491079367 0.08857816541346532 878
1612491147946 0.08856823196788823 879
1612491217054 0.0885558037425695 880
1612491285395 0.08855122592572895 881
1612491355735 0.0885534100282995 882
1612491423976 0.08856284871175131 883
1612491492650 0.08854900407533808 884
1612491561398 0.08855905486367749 885
1612491630757 0.08853586886018135 886
1612491699281 0.08851364269978873 887
1612491767816 0.08846634555038703 888
1612491836347 0.08843984202352646 889
1612491905150 0.08843977878322848 890
1612491975768 0.08843885099650085 891
1612492044258 0.08843252710388252 892
1612492112755 0.08844868984320811 893
1612492181626 0.0884575609547337 894
1612492251130 0.08842595437688554 895
1612492321310 0.0884095274546565 896
1612492390624 0.08841448479009725 897
1612492461568 0.08841337088109008 898
1612492530489 0.08841531229058708 899
1612492598967 0.08839765615499753 900
1612492667559 0.08838010925308816 901
1612492736133 0.08840217601228176 902
1612492804669 0.08837660104174108 903
1612492873585 0.08837876115026547 904
1612492942154 0.08835623429452434 905
1612493010983 0.08833135374796579 906
1612493079890 0.08829960883255507 907
1612493148607 0.08826064524320881 908
1612493216934 0.08822883048350061 909
1612493287102 0.08820869477846693 910
1612493355761 0.08817310972784513 911
1612493424595 0.088159508062507 912
1612493493762 0.08813518643741296 913
1612493562675 0.08809822276447316 914
1612493631557 0.08807058068882079 915
1612493700279 0.08805606764767154 916
1612493769847 0.08806182349270487 917
1612493838150 0.08804612547871189 918
1612493908386 0.08803569758135656 919
1612493977500 0.08802951523865382 920
1612494045778 0.08801377060348758 921
1612494114243 0.08801416160160462 922
1612494183411 0.08800547869274648 923
1612494251618 0.08797425312974758 924
1612494320302 0.08796341998684493 925
1612494388508 0.08795764983140847 926
1612494457394 0.08791802796989118 927
1612494526437 0.08788328652129629 928
1612494596478 0.08788296614368972 929
1612494665256 0.08787158887013317 930
1612494735401 0.08787256515153623 931
1612494803732 0.0878473435168941 932
1612494872289 0.08787076374044238 933
1612494940852 0.0878392239115132 934
1612495011091 0.08779702468374011 935
1612495081140 0.0877936867587221 936
1612495149299 0.08777487742617467 937
1612495217927 0.08775098959574588 938
1612495286594 0.08772177817935836 939
1612495354955 0.0876889780026919 940
1612495423735 0.08769069046285462 941
1612495492478 0.08767651049334309 942
1612495561030 0.08762626157771515 943
1612495629559 0.0876398212497555 944
1612495698173 0.0876700799845329 945
1612495768679 0.08766567603820584 946
1612495837285 0.08763798857821553 947
1612495906166 0.08762031366594768 948
1612495974754 0.08758744165266216 949
1612496043835 0.08758733267295221 950
1612496112467 0.08760586734377554 951
1612496181052 0.08755801233942336 952
1612496249571 0.08754777228986307 953
1612496318223 0.08757799379041431 954
1612496386844 0.08756968302248966 955
1612496455307 0.08756053025594714 956
1612496524497 0.08756231895872825 957
1612496593729 0.08756668881798717 958
1612496662237 0.08753936409913197 959
1612496731077 0.08751099421193102 960
1612496799740 0.08749510196320838 961
1612496868041 0.08745377559204852 962
1612496936864 0.08744466898721426 963
1612497005959 0.08739832953596961 964
1612497076250 0.08736607443877094 965
1612497145136 0.08734934858221235 966
1612497214542 0.08733221732674605 967
1612497284910 0.08728859842795837 968
1612497353604 0.0872748602085948 969
1612497422436 0.0872694525956973 970
1612497490813 0.08723164276345703 971
1612497560898 0.08725111870475238 972
1612497629967 0.08726530163359515 973
1612497698568 0.08724631406957065 974
1612497766928 0.08726316136436775 975
1612497835824 0.08725156018855604 976
1612497904644 0.08725004464072261 977
1612497973912 0.08721719855256682 978
1612498042741 0.08721374418998407 979
1612498111668 0.08720800744471005 980
1612498180347 0.08720726199464197 981
1612498250243 0.08719432326189692 982
1612498319109 0.08720080990797696 983
1612498387665 0.08717117106628225 984
1612498456209 0.08717749036140511 985
1612498524583 0.08716097208608822 986
1612498592960 0.08716539595845874 987
1612498661261 0.08716940767832015 988
1612498730015 0.08717137720634124 989
1612498798679 0.08714552052558186 990
1612498867317 0.08712307537816652 991
1612498936006 0.08708682766886126 992
1612499004784 0.08705137563222905 993
1612499073221 0.08706215598403877 994
1612499142182 0.08703039429431163 995
1612499210541 0.08698348532958117 996
1612499279132 0.08696716073077594 997
1612499347656 0.08696899027954284 998
1612499416309 0.08694059292949857 999
