1612430600743 0.23470088884012022 0
1612430670039 0.18691704522317915 1
1612430739053 0.16564174463499837 2
1612430808309 0.201388516532841 3
1612430877335 0.17198413521496217 4
1612430945863 0.1328418797521449 5
1612431014770 0.11287095564514843 6
1612431083130 0.16897465043993137 7
1612431152478 0.10873938763319556 8
1612431221091 0.11329118440400308 9
1612431289912 0.139400560464432 10
1612431358766 0.10964994288202543 11
1612431429368 0.09711274638104794 12
1612431497868 0.08641848457393361 13
1612431574943 0.10307011764440964 14
1612431643870 0.10472773793917983 15
1612431712886 0.13972139358520508 16
1612431781496 0.13206610928720502 17
1612431849973 0.12820227644336757 18
1612431920387 0.08377209261282166 19
1612431989547 0.14223940692730805 20
1612432058322 0.13108848368943626 21
1612432127446 0.16781046497288035 22
1612432196458 0.1157327303245886 23
1612432265209 0.1292334946233835 24
1612432333759 0.1473635043670882 25
1612432403279 0.07639814045891832 26
1612432472174 0.13506248015076366 27
1612432540655 0.13179841415205998 28
1612432609351 0.12056158905598655 29
1612432678066 0.17183782360446986 30
1612432748755 0.15265192558516316 31
1612432817377 0.11299661735990155 32
1612432885535 0.09722475418403967 33
1612432956101 0.11614832059660954 34
1612433024640 0.15777170035376478 35
1612433093178 0.17274213993727272 36
1612433161850 0.0890169410563227 37
1612433230520 0.10124720032535382 38
1612433299350 0.10320336605185892 39
1612433368296 0.12779209862894086 40
1612433437152 0.15616742087833918 41
1612433507522 0.10928170627622462 42
1612433575914 0.1118891479364082 43
1612433644892 0.07302004098892212 44
1612433713643 0.10596212166458813 45
1612433782174 0.10327312038905585 46
1612433850972 0.07536661535946292 47
1612433921155 0.12475188988358227 48
1612433990087 0.1230398985876966 49
1612434058663 0.14099875937646894 50
1612434129256 0.11616829349033868 51
1612434197838 0.1301357906256149 52
1612434266310 0.12177684680739445 53
1612434335337 0.08600217815655381 54
1612434403929 0.07849475430018867 55
1612434472680 0.08144934675586757 56
1612434541405 0.10090437220103705 57
1612434610052 0.08685010493691288 58
1612434678143 0.10466024590961968 59
1612434747246 0.08647598793257529 60
1612434816027 0.07275541682741535 61
1612434884647 0.0923774491495161 62
1612434952982 0.15511085471110558 63
1612435021872 0.09175240815575443 64
1612435090424 0.09945667679630109 65
1612435158814 0.18524679319182438 66
1612435227410 0.1113506431010232 67
1612435296473 0.1310912361785547 68
1612435365108 0.1336589313265103 69
1612435435974 0.0866039137342083 70
1612435504544 0.13771028305167582 71
1612435573274 0.06957553838615987 72
1612435641711 0.09321122560928118 73
1612435711991 0.06976904086212614 74
1612435780469 0.1414615289488835 75
1612435849568 0.15109761615297687 76
1612435918682 0.11461801226459332 77
1612435987359 0.1161777599533992 78
1612436056108 0.14141158292542644 79
1612436124804 0.07633238674989387 80
1612436195364 0.10875381106760965 81
1612436263977 0.11876103771266652 82
1612436332411 0.14313058443923496 83
1612436401222 0.1606303764812982 84
1612436469805 0.09794489839183751 85
1612436538345 0.08012223243713379 86
1612436607153 0.08898103948849351 87
1612436675681 0.10822574327241129 88
1612436744100 0.1810599921354607 89
1612436814424 0.1506086899273431 90
1612436882790 0.08333427069792107 91
1612436951702 0.1278154342921812 92
1612437020346 0.11388987213817996 93
1612437088924 0.10069432187436232 94
1612437158450 0.12652024048477856 95
1612437226923 0.11411857871866937 96
1612437295562 0.1008952357875767 97
1612437364008 0.15797820020077832 98
1612437433087 0.09798231053708205 99
1612437502111 0.08776379076402578 100
1612437572178 0.0743308912462263 101
1612437640953 0.1093561764973313 102
1612437709525 0.13582473459528455 103
1612437778171 0.10990974173617007 104
1612437847457 0.07929619479535231 105
1612437915670 0.12481809018263176 106
1612437984042 0.09363876883663348 107
1612438052483 0.10202297434877994 108
1612438121618 0.16383936511936473 109
1612438190893 0.10945270132662645 110
1612438259388 0.09476793168196038 111
1612438328019 0.0872465799103922 112
1612438397145 0.1454962064970785 113
1612438465511 0.3262664070769922 114
1612438534378 0.10997483801485887 115
1612438603462 0.11369812755442377 116
1612438671953 0.12339757449591338 117
1612438740555 0.12087737802249282 118
1612438809839 0.11975675554417853 119
1612438878671 0.12666624784469604 120
1612438947257 0.13509837727048504 121
1612439016192 0.08697733594410455 122
1612439084863 0.12342578350608029 123
1612439153599 0.12707993432657042 124
1612439222307 0.09513840034826478 125
1612439292512 0.12230719203379617 126
1612439361435 0.08981919822408192 127
1612439429864 0.08617444358654876 128
1612439498856 0.13896103136575044 129
1612439567896 0.12272625805726692 130
1612439636354 0.10678280378455546 131
1612439704761 0.07371804340561824 132
1612439773276 0.11526387129256975 133
1612439843364 0.12354860643842328 134
1612439912986 0.07520780100751279 135
1612439981897 0.059767083445591715 136
1612440050648 0.114591470405237 137
1612440120842 0.1340439853383534 138
1612440189141 0.07282915844846127 139
1612440257865 0.0633486633870139 140
1612440326228 0.08533770735584088 141
1612440394926 0.13012823506967344 142
1612440464166 0.09179624603755439 143
1612440534193 0.07803830193049872 144
1612440602779 0.08745495685890539 145
1612440671809 0.09072917255003062 146
1612440740525 0.0990961567679448 147
1612440809351 0.11187634984059121 148
1612440878393 0.12139031335489074 149
1612440947075 0.11920774605736803 150
1612441015610 0.13300732801209636 151
1612441084136 0.09795932093663003 152
1612441152927 0.09238000414264735 153
1612441221759 0.08422484682567084 154
1612441290322 0.0848619582048103 155
1612441358940 0.12830199768294148 156
1612441427925 0.08954778980852952 157
1612441497982 0.10575269229376494 158
1612441566295 0.0795392171660466 159
1612441634787 0.09553743476298318 160
1612441703387 0.14169162422863404 161
1612441772553 0.10688950944302687 162
1612441840956 0.1427385228783337 163
1612441909840 0.09933463851017739 164
1612441979182 0.1586425393374998 165
1612442050125 0.07105530464827124 166
1612442118476 0.0988769113127865 167
1612442187546 0.07554590346208259 168
1612442256202 0.11615524541086225 169
1612442324522 0.09384024588029775 170
1612442392885 0.11581305870369299 171
1612442462102 0.08881228183632467 172
1612442530600 0.1522564745661038 173
1612442598870 0.08899917887217963 174
1612442667673 0.08671820163726807 175
1612442736501 0.08664514591444784 176
1612442805428 0.07792508780066647 177
1612442874648 0.07693756605262186 178
1612442942997 0.1436835429561672 179
1612443014894 0.06973353517589284 180
1612443083192 0.09935960573936577 181
1612443152223 0.09858788483178438 182
1612443221104 0.0795913089567156 183
1612443290485 0.06835610653037455 184
1612443359407 0.09821660838910003 185
1612443428169 0.10787004410330929 186
1612443496687 0.10387043009943037 187
1612443565508 0.12723149826277547 188
1612443634016 0.10962405667376163 189
1612443703371 0.09603841802967128 190
1612443771818 0.09964849521864706 191
1612443840170 0.14397642861551313 192
1612443910298 0.0656515066303424 193
1612443979500 0.09602138177672428 194
1612444049633 0.10843216750159193 195
1612444118135 0.09405384134890428 196
1612444186775 0.12509657642734584 197
1612444255212 0.06440944636045996 198
1612444324104 0.08102633881924758 199
1612444393072 0.11475756719930848 200
1612444461281 0.07153833713104475 201
1612444529752 0.08354740267369284 202
1612444598192 0.08076405436245364 203
1612444667001 0.0747837602202572 204
1612444735616 0.08081137244381122 205
1612444804585 0.11789699721692214 206
1612444872849 0.07372991362614419 207
1612444941665 0.09112926561440994 208
1612445010365 0.07719197824819764 209
1612445079072 0.13413991145233609 210
1612445148255 0.09301740375917349 211
1612445216978 0.10252379481472186 212
1612445287194 0.07616213631274095 213
1612445356247 0.13758892265718375 214
1612445424797 0.11451894133838254 215
1612445493459 0.07330580700689288 216
1612445562092 0.11471784381724115 217
1612445632049 0.09908583715780457 218
1612445700545 0.0852525679033194 219
1612445769454 0.08778893591752693 220
1612445837922 0.08877512412284737 221
1612445906113 0.07723185731403863 222
1612445974977 0.09919986173288146 223
1612446043773 0.055400942688557636 224
1612446112595 0.07533492881860306 225
1612446181641 0.08080652133742375 226
1612446250086 0.09016940398002739 227
1612446318727 0.04428959871405986 228
1612446388572 0.09832430686523665 229
1612446457249 0.09302112949428273 230
1612446525939 0.0934173206784832 231
1612446594463 0.11445856272284664 232
1612446663045 0.12465150765518644 233
1612446731524 0.09723543942864261 234
1612446800316 0.08379141786205235 235
1612446868822 0.08732525359338789 236
1612446937411 0.08931357824980322 237
1612447005927 0.09236210851526971 238
1612447074621 0.08461264354079517 239
1612447143517 0.07814395516666013 240
1612447212715 0.10178991129149252 241
1612447283027 0.08511666664436682 242
1612447351894 0.08795303373194452 243
1612447420811 0.08874290914677863 244
1612447489302 0.07326070942095857 245
1612447558568 0.10217603195959063 246
1612447627076 0.07645251323927695 247
1612447697759 0.07085279297472825 248
1612447766113 0.09322447296398789 249
1612447834640 0.07914592347927947 250
1612447902981 0.0948212200136327 251
1612447971588 0.07437787394025433 252
1612448040225 0.11366007666089642 253
1612448109535 0.08995248933336628 254
1612448177892 0.07288206869096898 255
1612448246878 0.0714589446338255 256
1612448315549 0.06938604276571701 257
1612448384409 0.09041378925095743 258
1612448452958 0.0682492843314783 259
1612448521628 0.07338489614315886 260
1612448591692 0.08297107201903614 261
1612448660752 0.08934696129898527 262
1612448729277 0.12269649932633585 263
1612448799848 0.0902782554057107 264
1612448868895 0.09604781955035764 265
1612448937517 0.07272225262513801 266
1612449006183 0.11583701888127114 267
1612449074812 0.11046905926804045 268
1612449143623 0.12613516423239637 269
1612449212042 0.10269014693018216 270
1612449280759 0.0729674999393634 271
1612449349535 0.10692756033655423 272
1612449418604 0.062352700019950295 273
1612449488056 0.113903681733715 274
1612449556948 0.07039510581030775 275
1612449626089 0.08521358557601473 276
1612449694657 0.043891977908006356 277
1612449763351 0.08482760190963745 278
1612449831690 0.07032038827440631 279
1612449902101 0.10411708568459127 280
1612449970795 0.08920604702252061 281
1612450039784 0.07136974316924366 282
1612450108785 0.10253664006048174 283
1612450177699 0.08174381060386772 284
1612450246374 0.10083762656396894 285
1612450316865 0.06604744427239717 286
1612450385942 0.05505105719637515 287
1612450454571 0.11865231083400214 288
1612450523768 0.09723901837619382 289
1612450592629 0.062135544285845404 290
1612450661485 0.09697108482246969 291
1612450730044 0.1161826128390298 292
1612450800536 0.10855502334993276 293
1612450868998 0.10971203935680104 294
1612450937767 0.06058876550019677 295
1612451006842 0.09820534311123748 296
1612451075444 0.10616461287683515 297
1612451144395 0.05510715406332443 298
1612451213732 0.043187665405558115 299
1612451282545 0.06518144482996927 300
1612451351562 0.06655888681981101 301
1612451420497 0.0927281183982963 302
1612451489019 0.10899959037553018 303
1612451557445 0.10427420263859763 304
1612451626063 0.08288630887643615 305
1612451694721 0.10289167379265401 306
1612451763507 0.10863385983367464 307
1612451833152 0.11516494626429544 308
1612451901957 0.06697503221568776 309
1612451970381 0.09143204653441016 310
1612452038787 0.09113041322622727 311
1612452107569 0.1140437544281803 312
1612452176554 0.053519559440328116 313
1612452245864 0.10372977559246234 314
1612452314685 0.0716495576189525 315
1612452383376 0.0935703729515645 316
1612452452064 0.07643499125295611 317
1612452520500 0.08593263999739689 318
1612452589311 0.09065814427475431 319
1612452658021 0.05209936045888645 320
1612452726671 0.16137448976288982 321
1612452795194 0.10866431157980393 322
1612452863949 0.08185401692319272 323
1612452932424 0.07958746579155992 324
1612453000696 0.11929594847693373 325
1612453069223 0.05715162807436132 326
1612453138325 0.10558500307709423 327
1612453209333 0.05044329700185292 328
1612453278234 0.08984856641114648 329
1612453346828 0.08567061175161333 330
1612453415385 0.10970979217273086 331
1612453484064 0.08467074116664146 332
1612453552628 0.1166195985096604 333
1612453621554 0.09128956296550694 334
1612453690449 0.1255339570899508 335
1612453759110 0.0831160794443159 336
1612453827978 0.05116496246252487 337
1612453896602 0.11869162143166385 338
1612453965185 0.0740731856716213 339
1612454033704 0.08584396251991613 340
1612454102429 0.06935517200783117 341
1612454171520 0.048805496585902886 342
1612454240036 0.09232771485599119 343
1612454308327 0.0687246224773464 344
1612454377091 0.08188070912859333 345
1612454445895 0.10009606026891452 346
1612454514557 0.09609234066151862 347
1612454585242 0.12781161959491558 348
1612454653765 0.12057787535795525 349
1612454722486 0.08856738503299542 350
1612454791039 0.09296664462160709 351
1612454859544 0.08793728920950819 352
1612454928192 0.10889836033778404 353
1612454997414 0.08785074326529432 354
1612455065842 0.10814301736319243 355
1612455134681 0.08442734693413351 356
1612455203057 0.09284981151125324 357
1612455271948 0.05542736711786754 358
1612455342248 0.06019876608208044 359
1612455411248 0.08848224558047395 360
1612455479878 0.07498318935508158 361
1612455549164 0.07546962819882293 362
1612455618251 0.0879125506130617 363
1612455686868 0.09086178487806178 364
1612455755256 0.08627904084191393 365
1612455823549 0.09510323716633355 366
1612455892533 0.10214462475990181 367
1612455961230 0.08837617066369127 368
1612456030118 0.08476052889183386 369
1612456099209 0.05074836780775839 370
1612456167852 0.08501287894462471 371
1612456236468 0.06915200735206034 372
1612456305577 0.07419739285511757 373
1612456374752 0.06584011529808614 374
1612456443728 0.08999896939121076 375
1612456512202 0.05579037274887313 376
1612456580549 0.08399941405253623 377
1612456649238 0.10003035548907607 378
1612456718010 0.06120765476084467 379
1612456787038 0.10368528828692081 380
1612456855289 0.10232380877679853 381
1612456923883 0.06849858387192684 382
1612456992632 0.05962382857479266 383
1612457061070 0.07400582085794477 384
1612457129751 0.09753580146761083 385
1612457198576 0.11890860013107755 386
1612457267513 0.053999245166778564 387
1612457336071 0.10342113295597817 388
1612457406761 0.10150761568724219 389
1612457475665 0.08742971384703223 390
1612457543855 0.07341725434829939 391
1612457612572 0.08193886902794908 392
1612457681014 0.06639564926944562 393
1612457749838 0.13310404766851397 394
1612457818513 0.06887398637942414 395
1612457887123 0.07089358924040154 396
1612457955770 0.08076475360500279 397
1612458024909 0.11899491388406326 398
1612458093553 0.04923692923873218 399
1612458162132 0.06899259695366247 400
1612458231122 0.07021297180830542 401
1612458299939 0.06869936434190664 402
1612458368216 0.10092523560595157 403
1612458436801 0.10840161522822593 404
1612458505711 0.08213269799502927 405
1612458574679 0.11187155211149756 406
1612458642973 0.08464120750996604 407
1612458711384 0.08706683276304558 408
1612458780002 0.06626876165617758 409
1612458848590 0.06754678576739866 410
1612458917432 0.10625350119462654 411
1612458986471 0.10997361567483019 412
1612459055104 0.07625452440176438 413
1612459123800 0.10343802953833964 414
1612459192771 0.0881571511724102 415
1612459261270 0.05146604242609508 416
1612459329669 0.06286744840109526 417
1612459400794 0.06221120837909072 418
1612459469631 0.06407545306789342 419
1612459540172 0.04069179652342156 420
1612459608919 0.11219984559870477 421
1612459677696 0.08940808007966226 422
1612459746394 0.08001326802951186 423
1612459814816 0.10733057669739225 424
1612459883521 0.10444582398258039 425
1612459952355 0.07462289706984562 426
1612460021151 0.09952982503976394 427
1612460089908 0.06768711022476652 428
1612460158147 0.07572220243624787 429
1612460226602 0.07862042313191428 430
1612460297021 0.060931260906048675 431
1612460366002 0.10125127568173764 432
1612460434587 0.0739059581685422 433
1612460503115 0.06929712153192777 434
1612460571450 0.06868059777501803 435
1612460640034 0.08266838628854324 436
1612460708430 0.08082951805484828 437
1612460778496 0.08445382651998036 438
1612460849348 0.0791567297124151 439
1612460917753 0.1393946969687049 440
1612460986508 0.09727227687835693 441
1612461054857 0.08199420615808288 442
1612461123491 0.075114954763384 443
1612461192329 0.07082080307291515 444
1612461262314 0.04839725013989121 445
1612461330787 0.10625944920440218 446
1612461399388 0.06801929758555854 447
1612461467651 0.07548315845318694 448
1612461536092 0.08785824366469881 449
1612461604597 0.12517851146299447 450
1612461672954 0.057460768898921225 451
1612461741803 0.13090688968772318 452
1612461810661 0.06657469984310777 453
1612461879395 0.060361976054177355 454
1612461948633 0.0870160460472107 455
1612462017696 0.0623576116206041 456
1612462086478 0.09188650793104029 457
1612462155776 0.05240040928570192 458
1612462226024 0.05596674289276351 459
1612462295041 0.08337808367031724 460
1612462363561 0.08195805282735114 461
1612462433184 0.07990388283089025 462
1612462501800 0.07179388893184377 463
1612462570288 0.07001763226380989 464
1612462638802 0.06504061951566098 465
1612462707706 0.10531674748036399 466
1612462776492 0.08715382885577073 467
1612462845357 0.08472520112991333 468
1612462914158 0.10426367485701148 469
1612462984590 0.10878039029107164 470
1612463053032 0.07710310327472972 471
1612463121595 0.06965102900320025 472
1612463190183 0.11550812756837305 473
1612463258742 0.06362880521745824 474
1612463327302 0.10532242504518423 475
1612463396062 0.1427360595162235 476
1612463464543 0.0713766697627395 477
1612463533011 0.072991606014878 478
1612463602323 0.09648237922298375 479
1612463671297 0.07566485120289361 480
1612463740254 0.08386701523368038 481
1612463808736 0.08229906523405615 482
1612463878958 0.09664760863603052 483
1612463947610 0.06912693514752744 484
1612464015890 0.09598066824585644 485
1612464084331 0.08616926954753364 486
1612464153427 0.06701110281161408 487
1612464221981 0.09358089361617815 488
1612464290732 0.13043441968177683 489
1612464359203 0.07881098273974746 490
1612464427456 0.09038658818202232 491
1612464495897 0.06738167823250614 492
1612464565203 0.08697283179012698 493
1612464634471 0.06947178271279406 494
1612464703390 0.07142822867009177 495
1612464773585 0.0732898640988478 496
1612464842886 0.0814193202488458 497
1612464913246 0.07809153065752628 498
1612464981695 0.09615041159871798 499
1612465050660 0.10082897855274713 500
1612465119093 0.09084414724093764 501
1612465187785 0.07499056253860246 502
1612465256174 0.04289326205182431 503
1612465324598 0.05905889130350369 504
1612465393442 0.07712263046805538 505
1612465462579 0.06910128202011336 506
1612465531355 0.06880623369074579 507
1612465601938 0.07285997138094547 508
1612465671271 0.1181708965728532 509
1612465739683 0.0818986999454783 510
1612465808815 0.05455450958280421 511
1612465877605 0.09206624885103595 512
1612465946582 0.09392206793400779 513
1612466015558 0.04569471949961648 514
1612466083900 0.07732207739531104 515
1612466152534 0.043671771661559146 516
1612466221368 0.07247462824209412 517
1612466289932 0.09738056072548254 518
1612466358645 0.07753569065634884 519
1612466427446 0.06420752984374317 520
1612466495996 0.08585402325018128 521
1612466564637 0.09076760242234415 522
1612466633500 0.06967960720631614 523
1612466702904 0.09704976740168102 524
1612466771238 0.09249212848606395 525
1612466840307 0.08062708911611073 526
1612466909110 0.06702578690514635 527
1612466978298 0.060409315486452474 528
1612467046639 0.05975889092061057 529
1612467116989 0.06362519958126012 530
1612467187709 0.09316013731173615 531
1612467257079 0.09507999046524959 532
1612467325696 0.09220987469402712 533
1612467394290 0.0575706736365361 534
1612467462800 0.04948418798731334 535
1612467531721 0.08233737856594485 536
1612467600317 0.07202724378500412 537
1612467669002 0.042975026280132694 538
1612467738245 0.07515164987364811 539
1612467807100 0.06895794263526575 540
1612467875700 0.050304361243746175 541
1612467944751 0.08871286128883932 542
1612468013124 0.0726931192981663 543
1612468082536 0.07411971021054396 544
1612468150821 0.07061847821990055 545
1612468220721 0.08675483091553646 546
1612468288892 0.08528483358781729 547
1612468357565 0.07669078325157735 548
1612468426478 0.11444468195758649 549
1612468495078 0.09345691862391002 550
1612468563836 0.04967049965217932 551
1612468632422 0.09638300404619815 552
1612468700958 0.07542254319831507 553
1612468769367 0.07919916199214423 554
1612468838361 0.09078353020682264 555
1612468907114 0.06949105725359561 556
1612468975624 0.06916476185642072 557
1612469044247 0.06757643863336364 558
1612469112784 0.06801001438454016 559
1612469181615 0.1122065168708118 560
1612469250493 0.07378056778836606 561
1612469320247 0.06348416876437059 562
1612469388766 0.060483458326823676 563
1612469457305 0.10818913979316826 564
1612469525687 0.0628671743976536 565
1612469594173 0.09700673373777476 566
1612469662668 0.10758727699963015 567
1612469731206 0.09079680958790566 568
1612469799663 0.0693981451774711 569
1612469868630 0.05122942533066024 570
1612469937600 0.09490550453983136 571
1612470006335 0.04425749494068658 572
1612470074861 0.10500123696540718 573
1612470143470 0.09538144673874129 574
1612470211680 0.10343927945663679 575
1612470280055 0.08223576510130469 576
1612470348925 0.06777398888744525 577
1612470418880 0.0710171256492387 578
1612470489362 0.10535273356224174 579
1612470558334 0.08128005444113888 580
1612470627115 0.08837286749882485 581
1612470695479 0.09398298032248198 582
1612470764110 0.1198713236780309 583
1612470832959 0.07431307390554627 584
1612470901484 0.10248557667234051 585
1612470969983 0.04390241583781456 586
1612471038707 0.06578658321010533 587
1612471107336 0.11226182019532617 588
1612471177510 0.05662698799104833 589
1612471246374 0.06975000918801151 590
1612471314967 0.06473797470776003 591
1612471383536 0.07392806170591668 592
1612471452408 0.07378282297903033 593
1612471520926 0.08500956510429952 594
1612471589435 0.0797073147190151 595
1612471657997 0.08132473479455976 596
1612471728167 0.06816466174908538 597
1612471797217 0.08490784132658545 598
1612471866008 0.09044522847702254 599
1612471934616 0.08147594199251773 600
1612472002879 0.07048117046925559 601
1612472072029 0.04943535221156789 602
1612472140562 0.07268104802316694 603
1612472209807 0.06520445578133882 604
1612472278725 0.09342755666419642 605
1612472347744 0.08359157594282236 606
1612472416510 0.06394661807302218 607
1612472485465 0.07225960759974237 608
1612472553871 0.07568377523279901 609
1612472623489 0.09599676416881049 610
1612472692533 0.07383364350048464 611
1612472760888 0.06630089567668403 612
1612472829509 0.06452404296220239 613
1612472898276 0.08542285748382113 614
1612472966856 0.09740867454614212 615
1612473037680 0.10087768622298739 616
1612473106839 0.08355847045556823 617
1612473175730 0.10217345828440652 618
1612473244082 0.05438920455192452 619
1612473312679 0.08259065560440519 620
1612473381780 0.12300667300153134 621
1612473450661 0.07663356368221454 622
1612473519566 0.10645717293468875 623
1612473588303 0.05025897186193893 624
1612473657334 0.040601757035326605 625
1612473726691 0.061786871347854384 626
1612473795539 0.04280768846397969 627
1612473864088 0.07634318853492167 628
1612473932593 0.06564566537515441 629
1612474001272 0.06595014903082777 630
1612474070117 0.047363460063934326 631
1612474138729 0.057590888507330594 632
1612474207505 0.04512799942671363 633
1612474276016 0.054230907070102974 634
1612474344581 0.05092826797001397 635
1612474413056 0.06644365058016422 636
1612474482202 0.09050644244720686 637
1612474550902 0.09099383407564306 638
1612474619255 0.0814044840300261 639
1612474687976 0.05342358528678097 640
1612474756287 0.09221090665504114 641
1612474824938 0.09660233935313438 642
1612474893345 0.06480289751024389 643
1612474962196 0.06897410172135082 644
1612475030620 0.06480788561835218 645
1612475099215 0.08455006933923978 646
1612475168017 0.11805981219704471 647
1612475236671 0.1260589040927033 648
1612475305535 0.1256738127167545 649
1612475374385 0.04140682807609217 650
1612475443054 0.10574131759245005 651
1612475511626 0.06713134495180044 652
1612475580030 0.05804374680590274 653
1612475648848 0.06990302943471652 654
1612475717969 0.08700021078337485 655
1612475786644 0.07011642562809275 656
1612475855242 0.051774054320890515 657
1612475924270 0.08928818667112891 658
1612475992900 0.07786337297354172 659
1612476062207 0.06491155677766942 660
1612476130589 0.06292299637153967 661
1612476200649 0.07830121001200889 662
1612476269555 0.09614179561387247 663
1612476338291 0.04759267283909356 664
1612476406848 0.09418863769787461 665
1612476475531 0.09505272801242658 666
1612476543854 0.059268699653113065 667
1612476613169 0.07500989757367034 668
1612476683282 0.05549346066232937 669
1612476752022 0.08486175448147219 670
1612476821058 0.05665634461303255 671
1612476890040 0.10642784211172987 672
1612476958530 0.10583026017715681 673
1612477026945 0.07028475893077565 674
1612477095133 0.062184022433722196 675
1612477164245 0.06358874822730448 676
1612477233099 0.0844487983789017 677
1612477301926 0.08449413883152293 678
1612477370245 0.07545517807576194 679
1612477438953 0.10521303895694106 680
1612477507944 0.05527652644399387 681
1612477576515 0.09030375284935112 682
1612477644675 0.09649932384490967 683
1612477713734 0.09784924717091803 684
1612477782123 0.12132550887207487 685
1612477850561 0.10979784691511695 686
1612477919848 0.08408451169284421 687
1612477988859 0.06717810435081596 688
1612478057413 0.07552112483266574 689
1612478125968 0.11713275179934146 690
1612478196685 0.07229591127651841 691
1612478265605 0.06933952089565903 692
1612478334540 0.05794485914173411 693
1612478403249 0.09269658220348073 694
1612478472139 0.08355317009029103 695
1612478540669 0.054870261185204806 696
1612478609307 0.08245448034201096 697
1612478678210 0.09713694141871894 698
1612478746647 0.09758927039246061 699
1612478815391 0.07394429374096999 700
1612478883974 0.05910502262969515 701
1612478952882 0.0745900202153334 702
1612479021934 0.09002583507281631 703
1612479091730 0.09908371629999645 704
1612479160528 0.07799157900596733 705
1612479229435 0.08421345789041092 706
1612479298382 0.05648931816442689 707
1612479368882 0.05909094881655565 708
1612479437740 0.09285337622485944 709
1612479506277 0.06045363020541063 710
1612479575035 0.08397725980673264 711
1612479643783 0.0831847600082853 712
1612479712240 0.10622575656691594 713
1612479781016 0.08970708900423192 714
1612479849507 0.07974829068824427 715
1612479918002 0.09346067638539557 716
1612479986882 0.0724763816861964 717
1612480055261 0.08058171841635633 718
1612480123769 0.06599610954967898 719
1612480192854 0.0668286263053097 720
1612480261086 0.056709908727389666 721
1612480329728 0.06991987352940573 722
1612480398408 0.07209442355739537 723
1612480467060 0.06007075487677731 724
1612480536235 0.0843291665191081 725
1612480604987 0.08684530275971142 726
1612480674006 0.06312848204997049 727
1612480742640 0.07107284887513118 728
1612480812023 0.06429590840837848 729
1612480880338 0.1318402690673942 730
1612480949120 0.08388950308757041 731
1612481017471 0.07394707558760003 732
1612481086667 0.06912349142245393 733
1612481154997 0.09551308582078165 734
1612481225374 0.07411201943212481 735
1612481294036 0.09760885274232324 736
1612481362293 0.0769035104495376 737
1612481430810 0.11814036209191849 738
1612481501257 0.06481312371011991 739
1612481572262 0.0573925215806534 740
1612481640617 0.06926840721671261 741
1612481709712 0.06177002369467892 742
1612481778250 0.058980161574349474 743
1612481847190 0.053930452510492125 744
1612481915597 0.12502271381776725 745
1612481984691 0.12765247430374374 746
1612482053242 0.09183871212290294 747
1612482121973 0.0653473512450261 748
1612482190784 0.05924122902884412 749
1612482259876 0.10148676473702957 750
1612482329249 0.05804093026403171 751
1612482399767 0.07952346730588088 752
1612482468123 0.0639576556077644 753
1612482536590 0.06504775161173806 754
1612482605587 0.06342173779188696 755
1612482675788 0.05966202625587805 756
1612482744093 0.07137743750614907 757
1612482812527 0.07607487333354665 758
1612482880914 0.13294501891776697 759
1612482949652 0.03788425673299761 760
1612483018148 0.07330526344811739 761
1612483088757 0.0676905325989225 762
1612483157815 0.09096944510047116 763
1612483226602 0.08402664092049669 764
1612483295106 0.06813335240776859 765
1612483363817 0.06939329585032676 766
1612483432677 0.07533109988739241 767
1612483501371 0.06715646252703311 768
1612483571737 0.06608160129233973 769
1612483640794 0.0759966853839248 770
1612483708899 0.06570598705491024 771
1612483777433 0.08580108453978354 772
1612483845937 0.060255131614742 773
1612483914351 0.07052697441471156 774
1612483982608 0.03900204131852335 775
1612484051632 0.07058576861424233 776
1612484120053 0.05151356423079078 777
1612484188947 0.04814669890190238 778
1612484257564 0.0654123612304232 779
1612484328279 0.04370033385148689 780
1612484396679 0.08058184919072621 781
1612484465637 0.09723857178616879 782
1612484534151 0.06874089721423476 783
1612484603086 0.09178541489501497 784
1612484672480 0.090605337228348 785
1612484741150 0.09429151086664911 786
1612484809485 0.05034486660316809 787
1612484878028 0.06035465535832875 788
1612484946496 0.05567979545735601 789
1612485015864 0.054272412364162616 790
1612485084548 0.0739734662112905 791
1612485154404 0.08730810880661011 792
1612485223527 0.09282129647126838 793
1612485292062 0.06538162213652882 794
1612485360410 0.08533432590427684 795
1612485428807 0.09562486765989617 796
1612485497375 0.10601847741141249 797
1612485566422 0.07016939191675897 798
1612485637253 0.057931310205317256 799
1612485706184 0.08401927841243459 800
1612485774290 0.08369070380481321 801
1612485842774 0.06932752701773573 802
1612485911753 0.08697450605791006 803
1612485982397 0.07303981104893471 804
1612486050887 0.07167714567326788 805
1612486120115 0.06672868177072326 806
1612486190567 0.06150725083564645 807
1612486259322 0.07458152432939899 808
1612486328197 0.03679339209599281 809
1612486396771 0.09123111038065668 810
1612486465631 0.05884146868292965 811
1612486534806 0.06358841550883962 812
1612486603333 0.04342331281348841 813
1612486672047 0.08058315426556033 814
1612486743036 0.05434870541985355 815
1612486812153 0.12040559836287996 816
1612486880709 0.08327594088084662 817
1612486949800 0.10718702024488307 818
1612487018410 0.09441231257879912 819
1612487087163 0.10248566207601063 820
1612487155961 0.06951157548534337 821
1612487224662 0.12406748177400276 822
1612487293604 0.06938919380529603 823
1612487362175 0.07710986439861468 824
1612487431211 0.12688965672877298 825
1612487500130 0.0771053184324236 826
1612487568960 0.10744814285591467 827
1612487637717 0.07469675078320859 828
1612487707155 0.05218135687842298 829
1612487775735 0.05640897199289122 830
1612487844216 0.08463276500132547 831
1612487912885 0.0621669861807752 832
1612487981589 0.07225618077747857 833
1612488050235 0.034356609209259946 834
1612488118888 0.10361951322697882 835
1612488187331 0.0891321941987792 836
1612488255704 0.07937869740955865 837
1612488326640 0.08035276007296434 838
1612488394766 0.0684610534070143 839
1612488463922 0.10218993407576832 840
1612488532507 0.07732140573103037 841
1612488602468 0.07135617821963865 842
1612488670903 0.08278645508324922 843
1612488739435 0.06759508510134113 844
1612488808093 0.09841465416239269 845
1612488877308 0.052170546197179535 846
1612488945779 0.11849134181862447 847
1612489014248 0.09766991280797702 848
1612489082757 0.05440604152964122 849
1612489153588 0.11236330288559643 850
1612489223209 0.11166982063606604 851
1612489291750 0.0475745886119444 852
1612489360435 0.05971253718902816 853
1612489428971 0.04442969009057799 854
1612489497831 0.07019808666029972 855
1612489566447 0.0527153353192913 856
1612489634893 0.06630638997946213 857
1612489703280 0.07480733875018447 858
1612489771403 0.07201470278981906 859
1612489842378 0.05326929732934752 860
1612489911225 0.08638465671396967 861
1612489979500 0.08654054687983954 862
1612490048214 0.0846107548742152 863
1612490116643 0.07089007434560292 864
1612490185411 0.07379105108887402 865
1612490254080 0.08790423798916945 866
1612490323283 0.060469697660474636 867
1612490391882 0.06132040450822061 868
1612490460586 0.09840934312165674 869
1612490528910 0.07739297845470372 870
1612490597500 0.08141255111836676 871
1612490666259 0.056894345069999123 872
1612490734553 0.07494407091567766 873
1612490803215 0.0808712502024067 874
1612490873393 0.05074840961997189 875
1612490942108 0.08206683486255247 876
1612491010871 0.08564857938396397 877
1612491079365 0.07675543649872738 878
1612491147945 0.07983673330563218 879
1612491217052 0.07761896546207257 880
1612491285394 0.08451816928920461 881
1612491355734 0.09047978849553351 882
1612491423975 0.09689720619970293 883
1612491492648 0.07631034548602887 884
1612491561396 0.09745400254406146 885
1612491630755 0.06799306976261424 886
1612491699280 0.06879903843153769 887
1612491767814 0.046466476881681984 888
1612491836345 0.06487820664448525 889
1612491905148 0.08838349491802615 890
1612491975767 0.08761219302220132 891
1612492044257 0.08279161488831933 892
1612492112753 0.10288201606095727 893
1612492181624 0.09638833465860851 894
1612492251129 0.060138067202781566 895
1612492321309 0.07369100513742931 896
1612492390622 0.09286121468045819 897
1612492461181 0.08741308059265364 898
1612492530488 0.0901606394283807 899
1612492598965 0.07250713412441424 900
1612492667557 0.07257035063273871 901
1612492736131 0.10830639280490022 902
1612492804667 0.06528240264351688 903
1612492873583 0.09033149925630483 904
1612492942152 0.06796942984879907 905
1612493010981 0.06578957856591068 906
1612493079888 0.05950697055503504 907
1612493148605 0.052881706116804435 908
1612493216932 0.05930921390875062 909
1612493287100 0.06988520319782086 910
1612493355760 0.055755128611379594 911
1612493424594 0.07575478927413029 912
1612493493760 0.06592954272654519 913
1612493562674 0.05431342569749747 914
1612493631555 0.06277808146690254 915
1612493700278 0.07476212195496061 916
1612493769845 0.09333993338826876 917
1612493838148 0.07363534863315412 918
1612493908384 0.07845245991180193 919
1612493977499 0.08234175995214661 920
1612494045776 0.0735129616153774 921
1612494114241 0.08837466186551905 922
1612494183409 0.07999115381667864 923
1612494251616 0.05912183291876494 924
1612494320301 0.07794276280189628 925
1612494388507 0.08261448589723501 926
1612494457392 0.051188562343369666 927
1612494526435 0.05564322222524615 928
1612494596476 0.08758533534718983 929
1612494665255 0.07729072446253762 930
1612494735399 0.0887814831377855 931
1612494803730 0.06434078003043558 932
1612494872287 0.10972183231097549 933
1612494940851 0.05838102369166132 934
1612495011090 0.04834074671588727 935
1612495081139 0.08466938894186447 936
1612495149298 0.07015053282922773 937
1612495217925 0.0653442046535549 938
1612495286592 0.060292258191464554 939
1612495354953 0.056856811936221906 940
1612495423733 0.08930211547595351 941
1612495492477 0.07431897921348686 942
1612495561028 0.04024153414057262 943
1612495629557 0.1004401516558519 944
1612495698171 0.11626458434916254 945
1612495768678 0.0834995428128029 946
1612495837283 0.061417963967394476 947
1612495906165 0.07086449683602176 948
1612495974753 0.05639190104470324 949
1612496043833 0.08748380194849043 950
1612496112465 0.10523233929676797 951
1612496181050 0.04200004819613784 952
1612496249569 0.07778900505891487 953
1612496318222 0.11640930531629876 954
1612496386842 0.07963289965444537 955
1612496455305 0.0788104854412933 956
1612496524496 0.08927410752026003 957
1612496593727 0.09175301398803938 958
1612496662235 0.061334958717004576 959
1612496731076 0.06027590249901387 960
1612496799739 0.0722226509407385 961
1612496868039 0.04769780653626172 962
1612496936862 0.07867500853182664 963
1612497005958 0.042727098536135544 964
1612497076247 0.05623990564203974 965
1612497145134 0.07119217114662056 966
1612497214540 0.07076629329083571 967
1612497284909 0.04506550440147741 968
1612497353602 0.07396252564529875 969
1612497422435 0.08202406808511535 970
1612497490811 0.05051829565816851 971
1612497560896 0.10618173364383071 972
1612497629965 0.10106529139760714 973
1612497698566 0.06875242670970176 974
1612497766926 0.10368927379152668 975
1612497835823 0.07592881259633534 976
1612497904643 0.08576935440746707 977
1612497973910 0.05509372433619713 978
1612498042739 0.08383192322147426 979
1612498111666 0.08158599707617689 980
1612498180346 0.08647597547787339 981
1612498250241 0.07448848770625556 982
1612498319108 0.09357718300463548 983
1612498387663 0.058006550838698205 984
1612498456207 0.09340199605742497 985
1612498524582 0.07087395262362352 986
1612498592958 0.09153175798814688 987
1612498661261 0.09113298690141138 988
1612498730014 0.08911924041918855 989
1612498798678 0.06154740657379378 990
1612498867316 0.06487993428956217 991
1612498936004 0.05112910003804449 992
1612499004782 0.05184750325644194 993
1612499073220 0.09777782568291052 994
1612499142181 0.05542751301580401 995
1612499210540 0.04026215645804334 996
1612499279131 0.0706915357219639 997
1612499347655 0.08879487994891494 998
1612499416307 0.058571640235274586 999
