1615367681607 0.36049319736993135 0
1615367773179 0.28336652801997625 1
1615367864260 0.25313632879684217 2
1615367955064 0.23984405287166138 3
1615368046334 0.2259565705683694 4
1615368137469 0.2156783415013878 5
1615368228567 0.20709452344410456 6
1615368319342 0.20273015837171185 7
1615368410278 0.19862311722627327 8
1615368501230 0.19309896346348437 9
1615368592122 0.18805044671088417 10
1615368683020 0.18368864608048208 11
1615368774163 0.18009588221594883 12
1615368864949 0.17710125643307215 13
1615368955561 0.17379454617476586 14
1615369046350 0.17068225895958164 15
1615369137096 0.16830152560996844 16
1615369227746 0.16617746485604182 17
1615369318573 0.16393867947412868 18
1615369409496 0.16171152289233992 19
1615369500191 0.1598868362854454 20
1615369590749 0.1580033906036672 21
1615369681132 0.15626126021088754 22
1615369771948 0.15507841191778135 23
1615369862244 0.1537535413343515 24
1615369953210 0.15243312648051643 25
1615370043794 0.15107802991513852 26
1615370134391 0.14981585906258524 27
1615370225015 0.1486000929735275 28
1615370315608 0.14745172947200377 29
1615370406660 0.1462590758135873 30
1615370497290 0.14522242034549143 31
1615370587870 0.14413876080070886 32
1615370678503 0.14331494702175063 33
1615370769136 0.1424239987249313 34
1615370859652 0.14154874685391858 35
1615370950291 0.14191819742448197 36
1615371041613 0.1422970937352806 37
1615371132677 0.14190969905586842 38
1615371223530 0.1413195781965754 39
1615371314432 0.1407088268701493 40
1615371404932 0.14136872792718422 41
1615371495703 0.14100752814864584 42
1615371586238 0.14060202430999424 43
1615371676911 0.1401166884855647 44
1615371767384 0.13953895556470314 45
1615371857790 0.13899610798939632 46
1615371948387 0.13846007159989865 47
1615372039220 0.13787358116892973 48
1615372130370 0.13729506241741465 49
1615372221174 0.136770781244072 50
1615372311781 0.13625655438746703 51
1615372402485 0.13570116795609952 52
1615372493131 0.13512234713505353 53
1615372583682 0.13461977602507075 54
1615372674333 0.1341428390062694 55
1615372764980 0.13367603167903208 56
1615372855592 0.13318610251164595 57
1615372946078 0.1327325231118833 58
1615373036775 0.13221910589963048 59
1615373127624 0.13172346462910584 60
1615373219168 0.13123205929750653 61
1615373310368 0.13075111305451004 62
1615373401402 0.13027619505162116 63
1615373492208 0.12981084912296828 64
1615373583067 0.12936930706844996 65
1615373674269 0.1289947489954948 66
1615373764879 0.12856732277466187 67
1615373855506 0.12820492893386504 68
1615373946183 0.1278539865637131 69
1615374037497 0.1274864815076861 70
1615374128343 0.12710325486624424 71
1615374219372 0.12669194674496762 72
1615374310287 0.12629323841920542 73
1615374401366 0.1258780149796709 74
1615374492159 0.12550810920564753 75
1615374583353 0.1251118467352746 76
1615374674400 0.124770076690941 77
1615374765848 0.12452717158917377 78
1615374856735 0.12421288372420555 79
1615374947862 0.12391239487050715 80
1615375039046 0.12361081183759529 81
1615375130364 0.12328249634094668 82
1615375221244 0.1229563144478463 83
1615375312189 0.12260072017783553 84
1615375403472 0.12225109879774425 85
1615375494528 0.12189131375957593 86
1615375585648 0.1215636408717209 87
1615375676628 0.12122951629636439 88
1615375767601 0.12089254438975959 89
1615375858810 0.12056938253192805 90
1615375950084 0.12024121388725309 91
1615376041387 0.11994852481732461 92
1615376132613 0.11969471315650124 93
1615376223868 0.11941835632121954 94
1615376315100 0.11910699938067164 95
1615376406444 0.11884467997795296 96
1615376497539 0.11855432429293332 97
1615376588342 0.11827006360515116 98
1615376679313 0.11799292100899261 99
1615376770246 0.11771838365003498 100
1615376860972 0.11741985989865909 101
1615376951644 0.11713555453912265 102
1615377042322 0.11683353212000178 103
1615377133036 0.11658323029719442 104
1615377223819 0.1163081063397735 105
1615377314523 0.11602284211064175 106
1615377405367 0.11578117489748865 107
1615377495940 0.11555132088262257 108
1615377586702 0.11532576359919652 109
1615377677563 0.11506517943762737 110
1615377768469 0.11483105005962513 111
1615377859359 0.11460490539136617 112
1615377950147 0.11436735713597403 113
1615378041254 0.1141192686859468 114
1615378132075 0.1138658497944605 115
1615378222993 0.11362511473113233 116
1615378313889 0.11337249279173005 117
1615378404874 0.1130927601752311 118
1615378495711 0.11285301026568488 119
1615378586770 0.11259706303122545 120
1615378677660 0.11236189112180253 121
1615378768490 0.11216807774788057 122
1615378859335 0.11194631030453937 123
1615378950221 0.11173551427072557 124
1615379041061 0.111524049647186 125
1615379131902 0.11130736801343825 126
1615379222624 0.11133702665066988 127
1615379313564 0.11122256527065089 128
1615379404379 0.11103049252528688 129
1615379495316 0.11082831130723717 130
1615379586037 0.11063322394560605 131
1615379676891 0.11043136690538109 132
1615379767497 0.110214252153519 133
1615379858268 0.11003319241843747 134
1615379949042 0.10981608956685919 135
1615380039819 0.10957855286194566 136
1615380130586 0.10933882830954209 137
1615380221482 0.10911187641886629 138
1615380312000 0.10892524373556761 139
1615380402618 0.10879833462680727 140
1615380493555 0.10863637550177385 141
1615380584133 0.10842846350311028 142
1615380674829 0.10823791709482967 143
1615380765751 0.10803990662251316 144
1615380856260 0.1078520029131266 145
1615380947238 0.10764577145721238 146
1615381037685 0.1074242273697982 147
1615381128905 0.10721811628599605 148
1615381219688 0.1070149316182777 149
1615381310550 0.10679829995528715 150
1615381401485 0.10658732027939145 151
1615381492110 0.10640076401989328 152
1615381582551 0.10617696411689598 153
1615381673751 0.10600596667483958 154
1615381764558 0.10581715034311683 155
1615381855124 0.10563227006470888 156
1615381945783 0.10541961823364702 157
1615382036449 0.10522988127238715 158
1615382127274 0.10503368974844023 159
1615382218070 0.10482655102432831 160
1615382308819 0.10464527094278502 161
1615382399564 0.10449091175538851 162
1615382490124 0.10432186519335868 163
1615382580876 0.10414753988931105 164
1615382671283 0.10397208061198542 165
1615382761890 0.10378937359437493 166
1615382852521 0.10359588116089674 167
1615382943661 0.1034086839760886 168
1615383034482 0.10321368155404076 169
1615383125142 0.1030690072926487 170
1615383215822 0.10289795684322058 171
1615383306519 0.10270518725801406 172
1615383397057 0.10250845916031114 173
1615383488018 0.10233423045449165 174
1615383578612 0.1021364333823303 175
1615383669262 0.1019680178510227 176
1615383759995 0.10180576562721538 177
1615383850933 0.10160804437475747 178
1615383941777 0.10142180352266354 179
1615384032790 0.1012825697962721 180
1615384123419 0.10114145788263453 181
1615384214150 0.100976244401469 182
1615384305311 0.10080693333876903 183
1615384396391 0.1006512314141302 184
1615384487592 0.10052633181254993 185
1615384578207 0.10039165597243994 186
1615384669072 0.10027448681090594 187
1615384759755 0.10011340304591371 188
1615384850402 0.09991925113892242 189
1615384941450 0.09973786676862499 190
1615385031964 0.09957809935309997 191
1615385122941 0.09941689243136702 192
1615385213636 0.09927626256576633 193
1615385304430 0.09910567908099092 194
1615385395126 0.09895593755371578 195
1615385485931 0.09878394469879594 196
1615385576935 0.09866613449328598 197
1615385667772 0.0985412825515603 198
1615385758510 0.09840998112265752 199
1615385849257 0.09823824868592057 200
1615385940152 0.09810013980338407 201
1615386031104 0.09797118886079298 202
1615386121920 0.09794075643594138 203
1615386212721 0.09783802971997874 204
1615386303538 0.09773533722314785 205
1615386394378 0.09761788941932166 206
1615386485601 0.09747073298959595 207
1615386576374 0.09733452555078159 208
1615386667265 0.09721901981900077 209
1615386758241 0.09709675477149259 210
1615386849483 0.09696599677461068 211
1615386940194 0.09685121061389099 212
1615387030953 0.09670900726088894 213
1615387122067 0.09660548547289932 214
1615387213048 0.09650115201310473 215
1615387304550 0.09635815564503299 216
1615387396512 0.09621531066707797 217
1615387487913 0.09607356161149276 218
1615387578836 0.09592937445786143 219
1615387669942 0.09580329266053066 220
1615387760857 0.0956554005499311 221
1615387852002 0.09555094642704909 222
1615387943025 0.09542118418397812 223
1615388033867 0.09527258542837397 224
1615388125180 0.09514833366189103 225
1615388216222 0.09500562636384648 226
1615388307115 0.0948711734857195 227
1615388398045 0.09474114779115138 228
1615388489179 0.09460454237375998 229
1615388582685 0.09446903000878006 230
1615388673204 0.09437206863390685 231
1615388763908 0.09426062093417321 232
1615388854953 0.09415599121732943 233
1615388945891 0.0940040416890154 234
1615389036750 0.09389080823809778 235
1615389127921 0.09375019995089226 236
1615389218896 0.093639839795218 237
1615389309969 0.09350311103248585 238
1615389400889 0.09338574439880268 239
1615389492156 0.09326117405797216 240
1615389583429 0.09312484747269188 241
1615389674668 0.09299972436841178 242
1615389766017 0.09292524835723288 243
1615389857115 0.0928313801174588 244
1615389948192 0.09273581589227337 245
1615390038943 0.09263112243694643 246
1615390129723 0.09252105382094893 247
1615390220553 0.09241382193809748 248
1615390311281 0.0922953733437097 249
1615390402567 0.0921835908603674 250
1615390493599 0.09208393429825867 251
1615390584495 0.09199924321942862 252
1615390675549 0.09190300296484648 253
1615390766696 0.09178417854780757 254
1615390857383 0.0916961962913177 255
1615390948324 0.09157157835627248 256
1615391039376 0.09143960749014762 257
1615391130220 0.09133277089219474 258
1615391221321 0.09122776512984704 259
1615391312153 0.09110941375352413 260
1615391403461 0.09100120492984945 261
1615391494839 0.09090324045479159 262
1615391585911 0.09080510487091698 263
1615391676950 0.09068305375911054 264
1615391767731 0.090603390325 265
1615391858568 0.09048898681599254 266
1615391949427 0.09038110021281863 267
1615392040222 0.09028756064883957 268
1615392131209 0.09016376632626641 269
1615392222690 0.09004335167544945 270
1615392313447 0.09000060494083183 271
1615392404585 0.0899311279033104 272
1615392495659 0.08983405438795733 273
1615392586649 0.0897330608652599 274
1615392677592 0.08961841958491751 275
1615392768762 0.08951924508987005 276
1615392860176 0.08942497888927774 277
1615392951125 0.08932738924194848 278
1615393042323 0.08923643487158107 279
1615393133408 0.08915655375312125 280
1615393224330 0.08906767455890745 281
1615393315502 0.08898359162729128 282
1615393406695 0.0888692861830509 283
1615393497970 0.08875245899079076 284
1615393588953 0.08863442204912075 285
1615393680095 0.0885165049037966 286
1615393771079 0.08844373228760499 287
1615393862093 0.08836227918911131 288
1615393953512 0.08827410122505241 289
1615394044790 0.08818287066987289 290
1615394135997 0.08810440389516772 291
1615394226932 0.08803295619160696 292
1615394317758 0.08794668006078762 293
1615394408554 0.08784724877147833 294
1615394499731 0.08774317830752922 295
1615394590740 0.08765192472537538 296
1615394681902 0.08757460002704288 297
1615394772903 0.08749829262222797 298
1615394863719 0.08742163117548718 299
1615394955146 0.08733657097470075 300
1615395046433 0.08726135849823083 301
1615395137630 0.08717861635204277 302
1615395228628 0.0871063076070885 303
1615395319302 0.08701447975323431 304
1615395410372 0.0869352250968569 305
1615395501371 0.08682963656743954 306
1615395592308 0.08672501452672986 307
1615395683490 0.08662527312473738 308
1615395774547 0.08652955643190575 309
1615395865529 0.08643688105253063 310
1615395956640 0.08636546162036564 311
1615396047466 0.08628738165515655 312
1615396138554 0.08618732811165053 313
1615396230175 0.08609985395563463 314
1615396321308 0.08603371616158031 315
1615396412513 0.08595573280236943 316
1615396503267 0.08588296815642478 317
1615396594225 0.08580886670102211 318
1615396685189 0.0857681719836459 319
1615396776543 0.08572236978453991 320
1615396868082 0.08564524517351517 321
1615396959308 0.08561870482044931 322
1615397050294 0.08558439704865319 323
1615397141261 0.08551892158221429 324
1615397232352 0.08542263794104678 325
1615397323407 0.08534372500638956 326
1615397414605 0.08525922542968833 327
1615397505605 0.08518226238742731 328
1615397597117 0.08509443944420331 329
1615397688611 0.08502088639069307 330
1615397780085 0.08493500413375454 331
1615397871749 0.08484770061936521 332
1615397964187 0.08475327398003728 333
1615398055519 0.0846619231447554 334
1615398146583 0.08459074307013334 335
1615398237656 0.08452195543674554 336
1615398328752 0.08444330637650595 337
1615398419819 0.08434713827604785 338
1615398510763 0.08425939832736357 339
1615398601637 0.0841894562110737 340
1615398692445 0.08409245665591349 341
1615398783321 0.08401106683450879 342
1615398874313 0.08391976377195219 343
1615398965293 0.08386003186427844 344
1615399056532 0.0837906609123749 345
1615399147868 0.08369117225850593 346
1615399238737 0.08360117220115773 347
1615399329830 0.08353631012261188 348
1615399421082 0.08345047589304093 349
1615399511982 0.08339869104670782 350
1615399602654 0.08333427317218102 351
1615399693498 0.08324985844172318 352
1615399784703 0.08315692490304596 353
1615399875921 0.08308379766393262 354
1615399966882 0.08299244523458224 355
1615400057910 0.08290468658400774 356
1615400148733 0.08285708530754517 357
1615400239866 0.08279882764754826 358
1615400331288 0.08270940794972438 359
1615400422640 0.08264046498839729 360
1615400513968 0.08256220250616482 361
1615400605329 0.08247795973427566 362
1615400696695 0.08241064029970147 363
1615400787782 0.08235331662616169 364
1615400878780 0.08227566661429085 365
1615400970261 0.08222216248216532 366
1615401061230 0.08212962598913987 367
1615401152568 0.08204355339148962 368
1615401243662 0.08196801322273015 369
1615401334475 0.08190054921213394 370
1615401425382 0.08181061455897734 371
1615401516320 0.08175172363503495 372
1615401607523 0.08168175359118228 373
1615401698490 0.08162022843764193 374
1615401789447 0.08154056276848064 375
1615401880480 0.08145762398131662 376
1615401971398 0.08140370076766255 377
1615402062463 0.08131761058067054 378
1615402153828 0.08124117478552709 379
1615402245005 0.08120585899634715 380
1615402335978 0.08113553512000453 381
1615402427084 0.08106596043836362 382
1615402518407 0.0810273402991394 383
1615402609833 0.08095174669456887 384
1615402700778 0.08088068448467473 385
1615402791721 0.08081904185062394 386
1615402883033 0.08079164853864933 387
1615402974386 0.08072218592212729 388
1615403066118 0.08064750770340008 389
1615403157889 0.08056959715190586 390
1615403248833 0.08052054482863655 391
1615403340558 0.08043199538333429 392
1615403431650 0.08035335857828996 393
1615403522779 0.08027169073368995 394
1615403613915 0.08019096931010442 395
1615403705298 0.08012443277601808 396
1615403797028 0.08005433315089194 397
1615403887937 0.08000184461528484 398
1615403979084 0.07994012681405933 399
1615404069908 0.07986989647186642 400
1615404160978 0.0797972205713454 401
1615404251911 0.07972783901696644 402
1615404343440 0.07967436774514775 403
1615404434586 0.07961796776286709 404
1615404525773 0.07956330849706979 405
1615404616928 0.07952176696803291 406
1615404708044 0.07944226512652164 407
1615404799283 0.07936559601151645 408
1615404890230 0.07930814704983546 409
1615404981713 0.07925746696691528 410
1615405072994 0.07918561118579466 411
1615405164062 0.07913485003872163 412
1615405255570 0.07907669097174388 413
1615405346754 0.07903119792099628 414
1615405437582 0.0789795765668222 415
1615405528712 0.07894732584407671 416
1615405620251 0.07887137933074681 417
1615405711465 0.07880055522636738 418
1615405802331 0.07873167591520291 419
1615405893530 0.0786789751811042 420
1615405984578 0.07863651787643595 421
1615406075467 0.0785582588902686 422
1615406166608 0.07848290917999942 423
1615406257529 0.07839388789368679 424
1615406348852 0.07831931963513888 425
1615406439765 0.0782370684847661 426
1615406530700 0.07817678617864059 427
1615406622232 0.07814811729536263 428
1615406712970 0.0780947093333026 429
1615406804375 0.07803335257149857 430
1615406895534 0.07796542718594675 431
1615406987099 0.07791099941868974 432
1615407078323 0.07784611873051446 433
1615407170268 0.07778798674285503 434
1615407261622 0.07771802581280497 435
1615407352838 0.077669217391167 436
1615407443690 0.07759523758946414 437
1615407534682 0.07752581377985589 438
1615407625418 0.0774873840477282 439
1615407716874 0.07742788142535344 440
1615407807840 0.07738434776896248 441
1615407898676 0.07733119542593662 442
1615407989557 0.07729238324609673 443
1615408080599 0.07725215359020408 444
1615408171076 0.07720934764247893 445
1615408262233 0.07714563380888162 446
1615408353119 0.07710256444206877 447
1615408444020 0.07704204181223137 448
1615408535203 0.07699369408004912 449
1615408626467 0.07691470493837783 450
1615408717581 0.07686174992068946 451
1615408808820 0.07681629924710383 452
1615408900227 0.0767515207098836 453
1615408991791 0.07667842814428445 454
1615409082914 0.0766408125606311 455
1615409174505 0.07659195648852606 456
1615409267369 0.07652315183505702 457
1615409359126 0.07644801229879077 458
1615409450596 0.07641493563409134 459
1615409543771 0.07638844475331023 460
1615409638329 0.07632468786475008 461
1615409732212 0.07628272125889372 462
1615409825823 0.07621594575366529 463
1615409918292 0.07618712261235461 464
1615410011036 0.07612426580048548 465
1615410103573 0.07608691493861912 466
1615410196239 0.07604533091561955 467
1615410288871 0.07600647310469648 468
1615410381142 0.07597975897842 469
1615410473934 0.07592762435657781 470
1615410566214 0.07588889015578873 471
1615410658402 0.07585432944280186 472
1615410750985 0.07581304585508018 473
1615410843349 0.07575048616900748 474
1615410935826 0.07569954048005367 475
1615411028081 0.07563790019221933 476
1615411120457 0.07557388571552964 477
1615411213226 0.07550558436972933 478
1615411305703 0.07546515793572019 479
1615411398309 0.07540722401855963 480
1615411490836 0.07534767513918333 481
1615411582846 0.07529877493162762 482
1615411677923 0.07525032426575132 483
1615411770341 0.07521208876333782 484
1615411862628 0.07515609697469382 485
1615411953581 0.07511420263676037 486
1615412044723 0.07507463972646392 487
1615412137441 0.075038916130364 488
1615412230722 0.07500115562930473 489
1615412323488 0.07496240803451602 490
1615412416079 0.07490450905597756 491
1615412508386 0.07486480305570266 492
1615412600843 0.07480591481542637 493
1615412693636 0.07475532430986392 494
1615412786027 0.07471230051080711 495
1615412878422 0.07464629242006997 496
1615412970794 0.07457823331912115 497
1615413063304 0.07452269327386306 498
1615413155489 0.07446984547999368 499
