1615367681609 0.6317213127639756 0
1615367681611 0.6317213127639756 0
1615367773181 0.6964185522007409 1
1615367773183 0.6964185522007409 1
1615367864262 0.7229289825060475 2
1615367864264 0.7229289825060475 2
1615367955066 0.7344786017688353 3
1615367955068 0.7344786017688353 3
1615368046336 0.7478507648208248 4
1615368046338 0.7478507648208248 4
1615368137471 0.7580959133766777 5
1615368137473 0.7580959133766777 5
1615368228569 0.7669141817925327 6
1615368228571 0.7669141817925327 6
1615368319344 0.7709710656651365 7
1615368319345 0.7709710656651365 7
1615368410280 0.7751419082481666 8
1615368410285 0.7751419082481666 8
1615368501232 0.7809269652715815 9
1615368501236 0.7809269652715815 9
1615368592124 0.7861957383649159 10
1615368592128 0.7861957383649159 10
1615368683022 0.7908780913410792 11
1615368683024 0.7908780913410792 11
1615368774164 0.7945809660845112 12
1615368774169 0.7945809660845112 12
1615368864950 0.797697326970666 13
1615368864955 0.797697326970666 13
1615368955563 0.8010932010241706 14
1615368955568 0.8010932010241706 14
1615369046352 0.8043399921986761 15
1615369046354 0.8043399921986761 15
1615369137098 0.8069400873829965 16
1615369137100 0.8069400873829965 16
1615369227748 0.8092829728526856 17
1615369227750 0.8092829728526856 17
1615369318575 0.8116018200601917 18
1615369318577 0.8116018200601917 18
1615369409498 0.813967280907195 19
1615369409500 0.813967280907195 19
1615369500193 0.8159529106756348 20
1615369500195 0.8159529106756348 20
1615369590751 0.8179762254202463 21
1615369590753 0.8179762254202463 21
1615369681134 0.819906027870353 22
1615369681136 0.819906027870353 22
1615369771950 0.8212400519645852 23
1615369771952 0.8212400519645852 23
1615369862246 0.8225826521306786 24
1615369862248 0.8225826521306786 24
1615369953212 0.8239694120582668 25
1615369953214 0.8239694120582668 25
1615370043796 0.8254200140927594 26
1615370043798 0.8254200140927594 26
1615370134393 0.8267932587892993 27
1615370134395 0.8267932587892993 27
1615370225017 0.8281278840093134 28
1615370225019 0.8281278840093134 28
1615370315611 0.8293655106658812 29
1615370315613 0.8293655106658812 29
1615370406662 0.8306349760076579 30
1615370406664 0.8306349760076579 30
1615370497292 0.8317720584081376 31
1615370497294 0.8317720584081376 31
1615370587872 0.8329385203127813 32
1615370587874 0.8329385203127813 32
1615370678505 0.8338790311837035 33
1615370678507 0.8338790311837035 33
1615370769138 0.8348560204431575 34
1615370769140 0.8348560204431575 34
1615370859654 0.8358449474746243 35
1615370859656 0.8358449474746243 35
1615370950293 0.8354047027346276 36
1615370950295 0.8354047027346276 36
1615371041615 0.834950587379352 37
1615371041617 0.834950587379352 37
1615371132679 0.8353054120857235 38
1615371132681 0.8353054120857235 38
1615371223532 0.8359232837695686 39
1615371223534 0.8359232837695686 39
1615371314434 0.836595784389988 40
1615371314436 0.836595784389988 40
1615371404934 0.8357928251065235 41
1615371404936 0.8357928251065235 41
1615371495705 0.8361585410360308 42
1615371495707 0.8361585410360308 42
1615371586240 0.8366283454251157 43
1615371586242 0.8366283454251157 43
1615371676913 0.8371627991435244 44
1615371676915 0.8371627991435244 44
1615371767386 0.8378059817834635 45
1615371767388 0.8378059817834635 45
1615371857792 0.8384351509254429 46
1615371857794 0.8384351509254429 46
1615371948389 0.8390469083444342 47
1615371948391 0.8390469083444342 47
1615372039222 0.8396836174251993 48
1615372039224 0.8396836174251993 48
1615372130372 0.8403055392216836 49
1615372130374 0.8403055392216836 49
1615372221176 0.8408653242211003 50
1615372221178 0.8408653242211003 50
1615372311783 0.8414354051541364 51
1615372311784 0.8414354051541364 51
1615372402487 0.8420596430385007 52
1615372402489 0.8420596430385007 52
1615372493133 0.8426793356981561 53
1615372493136 0.8426793356981561 53
1615372583684 0.8432451508474239 54
1615372583686 0.8432451508474239 54
1615372674335 0.843761120260612 55
1615372674337 0.843761120260612 55
1615372764982 0.8442873903473394 56
1615372764984 0.8442873903473394 56
1615372855594 0.844831941875558 57
1615372855596 0.844831941875558 57
1615372946080 0.8453119809942146 58
1615372946082 0.8453119809942146 58
1615373036777 0.8458722106843671 59
1615373036779 0.8458722106843671 59
1615373127626 0.8464156403355549 60
1615373127627 0.8464156403355549 60
1615373219171 0.8469527651119547 61
1615373219173 0.8469527651119547 61
1615373310369 0.8474995651770209 62
1615373310372 0.8474995651770209 62
1615373401403 0.8480451629547502 63
1615373401406 0.8480451629547502 63
1615373492210 0.8485681127846654 64
1615373492212 0.8485681127846654 64
1615373583069 0.8490582506948674 65
1615373583071 0.8490582506948674 65
1615373674271 0.8494715995582037 66
1615373674273 0.8494715995582037 66
1615373764881 0.8499534779757303 67
1615373764883 0.8499534779757303 67
1615373855508 0.8503827967084889 68
1615373855510 0.8503827967084889 68
1615373946185 0.8507654758762005 69
1615373946187 0.8507654758762005 69
1615374037499 0.8511976456923135 70
1615374037501 0.8511976456923135 70
1615374128345 0.8516371743158928 71
1615374128347 0.8516371743158928 71
1615374219374 0.8520915520220745 72
1615374219375 0.8520915520220745 72
1615374310289 0.852538332228142 73
1615374310291 0.852538332228142 73
1615374401368 0.8529971912733062 74
1615374401370 0.8529971912733062 74
1615374492161 0.8534129633233888 75
1615374492163 0.8534129633233888 75
1615374583354 0.8538445028580941 76
1615374583357 0.8538445028580941 76
1615374674402 0.8542155014166386 77
1615374674404 0.8542155014166386 77
1615374765850 0.8545122906015284 78
1615374765852 0.8545122906015284 78
1615374856737 0.854860223562165 79
1615374856739 0.854860223562165 79
1615374947864 0.8552057020165753 80
1615374947866 0.8552057020165753 80
1615375039048 0.8555547474891295 81
1615375039050 0.8555547474891295 81
1615375130366 0.8559150571059493 82
1615375130368 0.8559150571059493 82
1615375221246 0.856311591631351 83
1615375221247 0.856311591631351 83
1615375312191 0.8567164879544091 84
1615375312193 0.8567164879544091 84
1615375403474 0.8571100941853043 85
1615375403476 0.8571100941853043 85
1615375494530 0.8575187359816224 86
1615375494532 0.8575187359816224 86
1615375585650 0.8578910871049996 87
1615375585653 0.8578910871049996 87
1615375676630 0.8582679715208081 88
1615375676632 0.8582679715208081 88
1615375767603 0.8586592033054449 89
1615375767605 0.8586592033054449 89
1615375858812 0.8590264048617363 90
1615375858814 0.8590264048617363 90
1615375950086 0.8593957942410683 91
1615375950088 0.8593957942410683 91
1615376041389 0.8597238668270646 92
1615376041391 0.8597238668270646 92
1615376132615 0.860002616923166 93
1615376132617 0.860002616923166 93
1615376223870 0.8603133781076363 94
1615376223872 0.8603133781076363 94
1615376315102 0.8606655966931839 95
1615376315104 0.8606655966931839 95
1615376406446 0.8609649590359159 96
1615376406448 0.8609649590359159 96
1615376497541 0.8612864732911379 97
1615376497543 0.8612864732911379 97
1615376588344 0.8616129661625626 98
1615376588346 0.8616129661625626 98
1615376679315 0.861924850117248 99
1615376679317 0.861924850117248 99
1615376770248 0.8622237266511606 100
1615376770250 0.8622237266511606 100
1615376860974 0.8625555015039617 101
1615376860976 0.8625555015039617 101
1615376951646 0.862876545120699 102
1615376951648 0.862876545120699 102
1615377042324 0.863206506280675 103
1615377042326 0.863206506280675 103
1615377133038 0.8635093577936891 104
1615377133040 0.8635093577936891 104
1615377223821 0.863814171831147 105
1615377223823 0.863814171831147 105
1615377314525 0.8641396985949329 106
1615377314527 0.8641396985949329 106
1615377405369 0.8644133363791205 107
1615377405371 0.8644133363791205 107
1615377495942 0.8646797326952113 108
1615377495944 0.8646797326952113 108
1615377586704 0.8649427058379916 109
1615377586706 0.8649427058379916 109
1615377677565 0.8652415758879676 110
1615377677568 0.8652415758879676 110
1615377768471 0.8655029537621882 111
1615377768473 0.8655029537621882 111
1615377859361 0.8657552973592259 112
1615377859364 0.8657552973592259 112
1615377950149 0.8660256297774579 113
1615377950152 0.8660256297774579 113
1615378041256 0.866312653464999 114
1615378041258 0.866312653464999 114
1615378132078 0.8665975779414793 115
1615378132080 0.8665975779414793 115
1615378222995 0.8668711177267187 116
1615378222997 0.8668711177267187 116
1615378313891 0.8671597098437378 117
1615378313893 0.8671597098437378 117
1615378404877 0.8674805084257194 118
1615378404879 0.8674805084257194 118
1615378495713 0.867755519137694 119
1615378495715 0.867755519137694 119
1615378586772 0.8680503345075661 120
1615378586774 0.8680503345075661 120
1615378677662 0.8683116705511658 121
1615378677665 0.8683116705511658 121
1615378768492 0.8685530029805032 122
1615378768494 0.8685530029805032 122
1615378859337 0.8688089295851352 123
1615378859339 0.8688089295851352 123
1615378950223 0.869039605690027 124
1615378950225 0.869039605690027 124
1615379041063 0.8692932754884752 125
1615379041065 0.8692932754884752 125
1615379131904 0.8695448797031093 126
1615379131906 0.8695448797031093 126
1615379222626 0.8695088731808716 127
1615379222628 0.8695088731808716 127
1615379313566 0.8696307158467218 128
1615379313568 0.8696307158467218 128
1615379404381 0.8698433569045444 129
1615379404383 0.8698433569045444 129
1615379495318 0.8700707674300672 130
1615379495320 0.8700707674300672 130
1615379586039 0.8702943680971379 131
1615379586041 0.8702943680971379 131
1615379676893 0.8705312517880153 132
1615379676895 0.8705312517880153 132
1615379767499 0.8707791128672787 133
1615379767502 0.8707791128672787 133
1615379858270 0.8710005076366306 134
1615379858272 0.8710005076366306 134
1615379949044 0.8712540032997024 135
1615379949046 0.8712540032997024 135
1615380039821 0.8715225653874058 136
1615380039823 0.8715225653874058 136
1615380130588 0.8717918757062378 137
1615380130590 0.8717918757062378 137
1615380221484 0.8720605791404697 138
1615380221486 0.8720605791404697 138
1615380312001 0.8722766442208494 139
1615380312004 0.8722766442208494 139
1615380402620 0.8724335662593148 140
1615380402622 0.8724335662593148 140
1615380493557 0.8726189162218789 141
1615380493559 0.8726189162218789 141
1615380584135 0.8728535442983705 142
1615380584137 0.8728535442983705 142
1615380674831 0.873069156455895 143
1615380674833 0.873069156455895 143
1615380765753 0.8732819615878119 144
1615380765755 0.8732819615878119 144
1615380856262 0.8734948185434936 145
1615380856265 0.8734948185434936 145
1615380947240 0.873725961502696 146
1615380947242 0.873725961502696 146
1615381037687 0.8739754406257428 147
1615381037689 0.8739754406257428 147
1615381128907 0.8742119907936523 148
1615381128909 0.8742119907936523 148
1615381219690 0.8744428573204063 149
1615381219692 0.8744428573204063 149
1615381310552 0.8746867439587812 150
1615381310554 0.8746867439587812 150
1615381401487 0.8749339900686252 151
1615381401489 0.8749339900686252 151
1615381492112 0.8751478665574194 152
1615381492115 0.8751478665574194 152
1615381582554 0.8753987530809247 153
1615381582556 0.8753987530809247 153
1615381673753 0.8755967491530113 154
1615381673756 0.8755967491530113 154
1615381764561 0.8758216209448031 155
1615381764563 0.8758216209448031 155
1615381855126 0.8760304802052845 156
1615381855129 0.8760304802052845 156
1615381945785 0.8762708146733172 157
1615381945787 0.8762708146733172 157
1615382036451 0.8764889062190211 158
1615382036453 0.8764889062190211 158
1615382127276 0.8767167023775766 159
1615382127278 0.8767167023775766 159
1615382218072 0.8769535042816582 160
1615382218075 0.8769535042816582 160
1615382308821 0.8771623940965062 161
1615382308823 0.8771623940965062 161
1615382399566 0.8773442566788451 162
1615382399568 0.8773442566788451 162
1615382490126 0.8775447681753022 163
1615382490128 0.8775447681753022 163
1615382580878 0.8777496947527392 164
1615382580881 0.8777496947527392 164
1615382671285 0.8779465894485616 165
1615382671287 0.8779465894485616 165
1615382761892 0.8781589811245132 166
1615382761894 0.8781589811245132 166
1615382852523 0.8783745291012698 167
1615382852525 0.8783745291012698 167
1615382943663 0.8785843806849436 168
1615382943665 0.8785843806849436 168
1615383034484 0.8788045580828395 169
1615383034487 0.8788045580828395 169
1615383125144 0.87897049379785 170
1615383125146 0.87897049379785 170
1615383215824 0.8791673879999977 171
1615383215827 0.8791673879999977 171
1615383306521 0.8793862844867077 172
1615383306523 0.8793862844867077 172
1615383397059 0.8796059772283413 173
1615383397061 0.8796059772283413 173
1615383488020 0.8798085711915484 174
1615383488022 0.8798085711915484 174
1615383578614 0.8800353277667352 175
1615383578617 0.8800353277667352 175
1615383669265 0.8802271956391461 176
1615383669267 0.8802271956391461 176
1615383759997 0.8804171452941926 177
1615383759999 0.8804171452941926 177
1615383850935 0.880641803921032 178
1615383850937 0.880641803921032 178
1615383941779 0.8808504120902365 179
1615383941781 0.8808504120902365 179
1615384032792 0.8810140909222359 180
1615384032795 0.8810140909222359 180
1615384123421 0.8811819028672659 181
1615384123424 0.8811819028672659 181
1615384214152 0.8813664762698369 182
1615384214155 0.8813664762698369 182
1615384305314 0.8815602055916385 183
1615384305315 0.8815602055916385 183
1615384396393 0.881736381813289 184
1615384396396 0.881736381813289 184
1615384487594 0.8818797033956919 185
1615384487596 0.8818797033956919 185
1615384578209 0.8820371880460738 186
1615384578211 0.8820371880460738 186
1615384669074 0.8821775387371035 187
1615384669077 0.8821775387371035 187
1615384759757 0.8823587897113858 188
1615384759760 0.8823587897113858 188
1615384850404 0.8825797859684675 189
1615384850406 0.8825797859684675 189
1615384941452 0.8827827235607674 190
1615384941454 0.8827827235607674 190
1615385031966 0.8829715593236692 191
1615385031968 0.8829715593236692 191
1615385122943 0.8831565016656641 192
1615385122946 0.8831565016656641 192
1615385213638 0.8833180946856964 193
1615385213641 0.8833180946856964 193
1615385304432 0.883511465196232 194
1615385304434 0.883511465196232 194
1615385395128 0.8836799968131046 195
1615385395131 0.8836799968131046 195
1615385485933 0.8838753608034313 196
1615385485935 0.8838753608034313 196
1615385576937 0.8840202353206713 197
1615385576939 0.8840202353206713 197
1615385667774 0.8841649453698927 198
1615385667776 0.8841649453698927 198
1615385758512 0.8843154549768277 199
1615385758514 0.8843154549768277 199
1615385849259 0.8845134576562806 200
1615385849261 0.8845134576562806 200
1615385940154 0.8846727169340539 201
1615385940156 0.8846727169340539 201
1615386031106 0.8848313110049341 202
1615386031108 0.8848313110049341 202
1615386121922 0.8848613366609474 203
1615386121925 0.8848613366609474 203
1615386212723 0.8849736785854498 204
1615386212725 0.8849736785854498 204
1615386303540 0.8850898945618002 205
1615386303543 0.8850898945618002 205
1615386394380 0.8852297457896522 206
1615386394382 0.8852297457896522 206
1615386485603 0.8853959471126859 207
1615386485605 0.8853959471126859 207
1615386576376 0.8855574959777985 208
1615386576378 0.8855574959777985 208
1615386667267 0.885694972576882 209
1615386667269 0.885694972576882 209
1615386758243 0.8858332601235887 210
1615386758246 0.8858332601235887 210
1615386849485 0.8859830945460072 211
1615386849487 0.8859830945460072 211
1615386940196 0.886120504244069 212
1615386940198 0.886120504244069 212
1615387030955 0.8862833137199032 213
1615387030957 0.8862833137199032 213
1615387122069 0.8864019032188876 214
1615387122071 0.8864019032188876 214
1615387213050 0.8865218211777278 215
1615387213052 0.8865218211777278 215
1615387304552 0.8866833943884662 216
1615387304554 0.8866833943884662 216
1615387396514 0.8868454681804034 217
1615387396516 0.8868454681804034 217
1615387487915 0.8870047470212598 218
1615387487917 0.8870047470212598 218
1615387578838 0.887167345587129 219
1615387578840 0.887167345587129 219
1615387669944 0.8873167807348148 220
1615387669946 0.8873167807348148 220
1615387760859 0.8874814564276263 221
1615387760861 0.8874814564276263 221
1615387852004 0.8876053118114233 222
1615387852006 0.8876053118114233 222
1615387943027 0.887751911203119 223
1615387943029 0.887751911203119 223
1615388033869 0.8879168600785498 224
1615388033871 0.8879168600785498 224
1615388125182 0.8880581998794864 225
1615388125184 0.8880581998794864 225
1615388216224 0.8882222649363268 226
1615388216227 0.8882222649363268 226
1615388307117 0.8883727389114903 227
1615388307119 0.8883727389114903 227
1615388398047 0.8885188624095279 228
1615388398049 0.8885188624095279 228
1615388489181 0.888673905672664 229
1615388489183 0.888673905672664 229
1615388582687 0.8888266496432513 230
1615388582689 0.8888266496432513 230
1615388673206 0.888941569133253 231
1615388673208 0.888941569133253 231
1615388763911 0.8890702470525672 232
1615388763914 0.8890702470525672 232
1615388854955 0.8891918193092703 233
1615388854958 0.8891918193092703 233
1615388945893 0.8893651310360388 234
1615388945895 0.8893651310360388 234
1615389036752 0.8894967284803241 235
1615389036755 0.8894967284803241 235
1615389127923 0.8896548386323727 236
1615389127926 0.8896548386323727 236
1615389218899 0.8897855330172637 237
1615389218902 0.8897855330172637 237
1615389309971 0.8899419225998025 238
1615389309974 0.8899419225998025 238
1615389400892 0.890076618033012 239
1615389400894 0.890076618033012 239
1615389492158 0.8902251022474671 240
1615389492160 0.8902251022474671 240
1615389583432 0.8903790812009349 241
1615389583434 0.8903790812009349 241
1615389674670 0.8905216132516444 242
1615389674673 0.8905216132516444 242
1615389766019 0.8906131422380501 243
1615389766022 0.8906131422380501 243
1615389857117 0.8907263508522129 244
1615389857119 0.8907263508522129 244
1615389948194 0.890842505671132 245
1615389948196 0.890842505671132 245
1615390038944 0.8909608588067005 246
1615390038947 0.8909608588067005 246
1615390129725 0.8910865609688337 247
1615390129727 0.8910865609688337 247
1615390220555 0.8912109267945748 248
1615390220557 0.8912109267945748 248
1615390311283 0.8913449309924203 249
1615390311285 0.8913449309924203 249
1615390402569 0.8914795032034342 250
1615390402571 0.8914795032034342 250
1615390493602 0.891596816775156 251
1615390493604 0.891596816775156 251
1615390584498 0.8916898489046324 252
1615390584500 0.8916898489046324 252
1615390675551 0.8918021107483244 253
1615390675553 0.8918021107483244 253
1615390766698 0.8919359508990145 254
1615390766701 0.8919359508990145 254
1615390857385 0.8920431010985016 255
1615390857388 0.8920431010985016 255
1615390948326 0.8921871636208032 256
1615390948328 0.8921871636208032 256
1615391039379 0.8923369948804487 257
1615391039381 0.8923369948804487 257
1615391130223 0.8924618451108197 258
1615391130225 0.8924618451108197 258
1615391221323 0.8925839824841523 259
1615391221325 0.8925839824841523 259
1615391312155 0.8927256955803056 260
1615391312157 0.8927256955803056 260
1615391403463 0.8928498708836882 261
1615391403465 0.8928498708836882 261
1615391494842 0.8929627798857077 262
1615391494844 0.8929627798857077 262
1615391585913 0.8930790559889952 263
1615391585915 0.8930790559889952 263
1615391676952 0.8932187942957431 264
1615391676954 0.8932187942957431 264
1615391767734 0.8933156069306252 265
1615391767736 0.8933156069306252 265
1615391858570 0.8934452092711608 266
1615391858572 0.8934452092711608 266
1615391949430 0.8935706817042302 267
1615391949432 0.8935706817042302 267
1615392040225 0.8936762734319544 268
1615392040227 0.8936762734319544 268
1615392131211 0.8938159813773917 269
1615392131214 0.8938159813773917 269
1615392222692 0.8939510035211259 270
1615392222694 0.8939510035211259 270
1615392313449 0.8940021727576317 271
1615392313451 0.8940021727576317 271
1615392404588 0.8940879158931477 272
1615392404590 0.8940879158931477 272
1615392495661 0.8941998686730741 273
1615392495664 0.8941998686730741 273
1615392586651 0.8943167747112352 274
1615392586654 0.8943167747112352 274
1615392677594 0.8944471201932138 275
1615392677596 0.8944471201932138 275
1615392768764 0.8945618752939937 276
1615392768766 0.8945618752939937 276
1615392860178 0.8946770000826811 277
1615392860180 0.8946770000826811 277
1615392951127 0.8947904736526221 278
1615392951130 0.8947904736526221 278
1615393042325 0.8948949449902165 279
1615393042328 0.8948949449902165 279
1615393133410 0.8949923082992632 280
1615393133413 0.8949923082992632 280
1615393224332 0.8950941426695462 281
1615393224334 0.8950941426695462 281
1615393315504 0.895194312398731 282
1615393315506 0.895194312398731 282
1615393406697 0.8953243089453738 283
1615393406699 0.8953243089453738 283
1615393497972 0.8954576968173216 284
1615393497975 0.8954576968173216 284
1615393588955 0.8955925988717154 285
1615393588958 0.8955925988717154 285
1615393680097 0.8957325285878421 286
1615393680099 0.8957325285878421 286
1615393771081 0.8958197244719847 287
1615393771083 0.8958197244719847 287
1615393862095 0.8959203460171286 288
1615393862098 0.8959203460171286 288
1615393953514 0.8960215546625961 289
1615393953517 0.8960215546625961 289
1615394044792 0.8961266822166785 290
1615394044794 0.8961266822166785 290
1615394135999 0.8962203575118436 291
1615394136001 0.8962203575118436 291
1615394226934 0.8963043198225151 292
1615394226937 0.8963043198225151 292
1615394317761 0.8964007658779344 293
1615394317762 0.8964007658779344 293
1615394408556 0.8965163777084054 294
1615394408558 0.8965163777084054 294
1615394499733 0.89663573063233 295
1615394499735 0.89663573063233 295
1615394590743 0.8967366076270502 296
1615394590745 0.8967366076270502 296
1615394681904 0.8968229705166864 297
1615394681907 0.8968229705166864 297
1615394772905 0.8969091295806217 298
1615394772907 0.8969091295806217 298
1615394863722 0.8970059159642726 299
1615394863724 0.8970059159642726 299
1615394955149 0.8971012862026175 300
1615394955151 0.8971012862026175 300
1615395046436 0.8971871866247065 301
1615395046438 0.8971871866247065 301
1615395137633 0.897285837684322 302
1615395137635 0.897285837684322 302
1615395228630 0.8973704738138598 303
1615395228632 0.8973704738138598 303
1615395319305 0.8974791258522491 304
1615395319307 0.8974791258522491 304
1615395410375 0.8975712431262396 305
1615395410377 0.8975712431262396 305
1615395501373 0.8976884381158728 306
1615395501375 0.8976884381158728 306
1615395592311 0.8978089799439812 307
1615395592313 0.8978089799439812 307
1615395683492 0.8979203775694238 308
1615395683494 0.8979203775694238 308
1615395774550 0.8980289735326873 309
1615395774552 0.8980289735326873 309
1615395865531 0.8981347553807074 310
1615395865534 0.8981347553807074 310
1615395956642 0.8982174882281772 311
1615395956644 0.8982174882281772 311
1615396047468 0.8983107238804021 312
1615396047471 0.8983107238804021 312
1615396138556 0.8984232317177826 313
1615396138559 0.8984232317177826 313
1615396230178 0.8985226864326599 314
1615396230180 0.8985226864326599 314
1615396321310 0.8985996504634307 315
1615396321312 0.8985996504634307 315
1615396412515 0.8986895622682836 316
1615396412517 0.8986895622682836 316
1615396503269 0.8987754466655387 317
1615396503272 0.8987754466655387 317
1615396594227 0.8988607475261394 318
1615396594229 0.8988607475261394 318
1615396685191 0.8989076437112364 319
1615396685194 0.8989076437112364 319
1615396776545 0.8989609882942933 320
1615396776548 0.8989609882942933 320
1615396868085 0.899049159414639 321
1615396868087 0.899049159414639 321
1615396959310 0.899078968725591 322
1615396959312 0.899078968725591 322
1615397050296 0.8991191559382814 323
1615397050298 0.8991191559382814 323
1615397141263 0.8991959957420896 324
1615397141266 0.8991959957420896 324
1615397232354 0.8993065255236066 325
1615397232357 0.8993065255236066 325
1615397323410 0.899400261688458 326
1615397323413 0.899400261688458 326
1615397414607 0.8994978305459578 327
1615397414609 0.8994978305459578 327
1615397505608 0.8995859702068099 328
1615397505610 0.8995859702068099 328
1615397597120 0.8996864013485056 329
1615397597122 0.8996864013485056 329
1615397688613 0.8997721093246397 330
1615397688616 0.8997721093246397 330
1615397780087 0.8998697113036049 331
1615397780089 0.8998697113036049 331
1615397871752 0.899971767678943 332
1615397871754 0.899971767678943 332
1615397964191 0.9000795303214405 333
1615397964195 0.9000795303214405 333
1615398055521 0.9001831289082864 334
1615398055523 0.9001831289082864 334
1615398146585 0.9002649881694976 335
1615398146587 0.9002649881694976 335
1615398237658 0.9003445513526998 336
1615398237660 0.9003445513526998 336
1615398328755 0.9004354234717397 337
1615398328757 0.9004354234717397 337
1615398419821 0.9005460954350683 338
1615398419824 0.9005460954350683 338
1615398510765 0.9006482871754637 339
1615398510768 0.9006482871754637 339
1615398601639 0.9007293796945769 340
1615398601641 0.9007293796945769 340
1615398692447 0.9008397381699731 341
1615398692449 0.9008397381699731 341
1615398783324 0.9009341895697008 342
1615398783326 0.9009341895697008 342
1615398874315 0.901038383196746 343
1615398874318 0.901038383196746 343
1615398965295 0.9011076234376152 344
1615398965297 0.9011076234376152 344
1615399056534 0.9011877241406469 345
1615399056537 0.9011877241406469 345
1615399147870 0.9013011322861781 346
1615399147873 0.9013011322861781 346
1615399238740 0.9014027332144107 347
1615399238742 0.9014027332144107 347
1615399329832 0.9014785538071423 348
1615399329834 0.9014785538071423 348
1615399421084 0.9015791113344213 349
1615399421086 0.9015791113344213 349
1615399511984 0.9016415493707527 350
1615399511987 0.9016415493707527 350
1615399602656 0.9017201931809118 351
1615399602658 0.9017201931809118 351
1615399693500 0.9018164939885742 352
1615399693502 0.9018164939885742 352
1615399784705 0.9019221064617112 353
1615399784707 0.9019221064617112 353
1615399875923 0.9020076090422581 354
1615399875925 0.9020076090422581 354
1615399966885 0.9021115720914918 355
1615399966887 0.9021115720914918 355
1615400057912 0.9022152666825631 356
1615400057915 0.9022152666825631 356
1615400148735 0.9022723432767907 357
1615400148737 0.9022723432767907 357
1615400239868 0.9023375936772197 358
1615400239870 0.9023375936772197 358
1615400331291 0.9024405732414197 359
1615400331293 0.9024405732414197 359
1615400422642 0.9025207550820178 360
1615400422644 0.9025207550820178 360
1615400513970 0.9026093539232999 361
1615400513973 0.9026093539232999 361
1615400605331 0.9027056110473941 362
1615400605333 0.9027056110473941 362
1615400696697 0.9027842575433986 363
1615400696700 0.9027842575433986 363
1615400787785 0.9028500704150751 364
1615400787787 0.9028500704150751 364
1615400878783 0.9029388671605534 365
1615400878785 0.9029388671605534 365
1615400970263 0.9029990807854369 366
1615400970266 0.9029990807854369 366
1615401061233 0.9031103726232874 367
1615401061235 0.9031103726232874 367
1615401152571 0.9032106348476316 368
1615401152573 0.9032106348476316 368
1615401243664 0.9032986366965806 369
1615401243667 0.9032986366965806 369
1615401334478 0.903380919262403 370
1615401334480 0.903380919262403 370
1615401425385 0.9034833120655367 371
1615401425387 0.9034833120655367 371
1615401516323 0.9035513142787831 372
1615401516325 0.9035513142787831 372
1615401607525 0.9036311986015082 373
1615401607527 0.9036311986015082 373
1615401698492 0.9037023368368103 374
1615401698494 0.9037023368368103 374
1615401789449 0.9037936105318641 375
1615401789451 0.9037936105318641 375
1615401880483 0.9038889666597373 376
1615401880485 0.9038889666597373 376
1615401971400 0.903951901535631 377
1615401971403 0.903951901535631 377
1615402062466 0.9040554538037626 378
1615402062468 0.9040554538037626 378
1615402153829 0.9041434643417013 379
1615402153831 0.9041434643417013 379
1615402245008 0.904185760845219 380
1615402245010 0.904185760845219 380
1615402335980 0.9042694436716199 381
1615402335983 0.9042694436716199 381
1615402427086 0.9043487068248983 382
1615402427088 0.9043487068248983 382
1615402518409 0.9043953466363512 383
1615402518411 0.9043953466363512 383
1615402609835 0.9044817031076839 384
1615402609838 0.9044817031076839 384
1615402700780 0.9045663347997723 385
1615402700783 0.9045663347997723 385
1615402791723 0.9046379122218596 386
1615402791726 0.9046379122218596 386
1615402883035 0.9046688966429003 387
1615402883037 0.9046688966429003 387
1615402974388 0.904751171238044 388
1615402974390 0.904751171238044 388
1615403066120 0.9048359445181107 389
1615403066122 0.9048359445181107 389
1615403157891 0.9049241561814477 390
1615403157893 0.9049241561814477 390
1615403248835 0.9049854279018344 391
1615403248837 0.9049854279018344 391
1615403340561 0.9050854737524304 392
1615403340563 0.9050854737524304 392
1615403431652 0.9051755461724694 393
1615403431654 0.9051755461724694 393
1615403522781 0.9052684811412468 394
1615403522783 0.9052684811412468 394
1615403613917 0.9053606529675621 395
1615403613920 0.9053606529675621 395
1615403705300 0.9054356125027281 396
1615403705302 0.9054356125027281 396
1615403797030 0.9055185341664251 397
1615403797033 0.9055185341664251 397
1615403887939 0.9055790004310655 398
1615403887941 0.9055790004310655 398
1615403979086 0.9056486590245545 399
1615403979088 0.9056486590245545 399
1615404069911 0.9057284286745909 400
1615404069913 0.9057284286745909 400
1615404160980 0.9058112450917183 401
1615404160982 0.9058112450917183 401
1615404251913 0.9058891078278223 402
1615404251916 0.9058891078278223 402
1615404343443 0.9059504138602233 403
1615404343445 0.9059504138602233 403
1615404434588 0.9060158025121217 404
1615404434591 0.9060158025121217 404
1615404525775 0.9060790355095234 405
1615404525777 0.9060790355095234 405
1615404616930 0.9061255606793744 406
1615404616932 0.9061255606793744 406
1615404708047 0.9062182871013761 407
1615404708049 0.9062182871013761 407
1615404799285 0.9063087892255893 408
1615404799287 0.9063087892255893 408
1615404890232 0.9063748362408712 409
1615404890234 0.9063748362408712 409
1615404981715 0.9064309858623106 410
1615404981717 0.9064309858623106 410
1615405072996 0.9065153485458519 411
1615405072999 0.9065153485458519 411
1615405164063 0.9065761408456227 412
1615405164066 0.9065761408456227 412
1615405255573 0.906645336009955 413
1615405255575 0.906645336009955 413
1615405346756 0.9066982460660252 414
1615405346759 0.9066982460660252 414
1615405437585 0.9067569465376975 415
1615405437587 0.9067569465376975 415
1615405528714 0.9067941529432249 416
1615405528716 0.9067941529432249 416
1615405620253 0.9068820997915665 417
1615405620255 0.9068820997915665 417
1615405711468 0.9069628496504216 418
1615405711470 0.9069628496504216 418
1615405802333 0.9070410281565379 419
1615405802335 0.9070410281565379 419
1615405893533 0.9071031422985081 420
1615405893535 0.9071031422985081 420
1615405984580 0.9071523154292371 421
1615405984581 0.9071523154292371 421
1615406075469 0.907241019727152 422
1615406075472 0.907241019727152 422
1615406166610 0.9073262784729199 423
1615406166613 0.9073262784729199 423
1615406257531 0.90742734497189 424
1615406257534 0.90742734497189 424
1615406348855 0.9075123522910711 425
1615406348857 0.9075123522910711 425
1615406439768 0.907605612829623 426
1615406439770 0.907605612829623 426
1615406530703 0.9076738852175095 427
1615406530705 0.9076738852175095 427
1615406622234 0.9077066455540703 428
1615406622237 0.9077066455540703 428
1615406712971 0.9077680973927674 429
1615406712973 0.9077680973927674 429
1615406804378 0.9078382806286837 430
1615406804380 0.9078382806286837 430
1615406895536 0.9079148992186907 431
1615406895538 0.9079148992186907 431
1615406987101 0.9079787406347068 432
1615406987103 0.9079787406347068 432
1615407078325 0.9080549505302806 433
1615407078327 0.9080549505302806 433
1615407170270 0.9081209401515863 434
1615407170273 0.9081209401515863 434
1615407261625 0.9082006702036857 435
1615407261627 0.9082006702036857 435
1615407352840 0.9082551099629219 436
1615407352843 0.9082551099629219 436
1615407443692 0.9083391527275186 437
1615407443694 0.9083391527275186 437
1615407534685 0.9084187109858367 438
1615407534687 0.9084187109858367 438
1615407625421 0.9084626731179716 439
1615407625424 0.9084626731179716 439
1615407716876 0.9085302757870944 440
1615407716879 0.9085302757870944 440
1615407807843 0.9085834706485817 441
1615407807845 0.9085834706485817 441
1615407898678 0.9086463827568152 442
1615407898681 0.9086463827568152 442
1615407989559 0.9086975257444756 443
1615407989562 0.9086975257444756 443
1615408080601 0.9087456817103826 444
1615408080604 0.9087456817103826 444
1615408171078 0.9087988401770434 445
1615408171080 0.9087988401770434 445
1615408262235 0.9088734202532234 446
1615408262238 0.9088734202532234 446
1615408353121 0.9089230224575802 447
1615408353123 0.9089230224575802 447
1615408444022 0.9089941454881836 448
1615408444024 0.9089941454881836 448
1615408535205 0.9090517706120044 449
1615408535207 0.9090517706120044 449
1615408626469 0.9091412549909991 450
1615408626471 0.9091412549909991 450
1615408717583 0.9092000584987638 451
1615408717586 0.9092000584987638 451
1615408808822 0.909253184880036 452
1615408808825 0.909253184880036 452
1615408900230 0.9093263287254467 453
1615408900232 0.9093263287254467 453
1615408991793 0.9094092233577272 454
1615408991796 0.9094092233577272 454
1615409082916 0.9094541662252666 455
1615409082918 0.9094541662252666 455
1615409174507 0.9095098028030822 456
1615409174509 0.9095098028030822 456
1615409267372 0.9095879192006071 457
1615409267374 0.9095879192006071 457
1615409359128 0.9096726819741303 458
1615409359131 0.9096726819741303 458
1615409450599 0.9097110596846241 459
1615409450602 0.9097110596846241 459
1615409543773 0.9097432500226593 460
1615409543775 0.9097432500226593 460
1615409638331 0.9098156552546128 461
1615409638334 0.9098156552546128 461
1615409732215 0.9098629253857871 462
1615409732217 0.9098629253857871 462
1615409825825 0.9099388479599534 463
1615409825827 0.9099388479599534 463
1615409918295 0.9099738847998218 464
1615409918298 0.9099738847998218 464
1615410011039 0.9100468336685612 465
1615410011041 0.9100468336685612 465
1615410103576 0.9100939327382257 466
1615410103578 0.9100939327382257 466
1615410196241 0.9101421718795383 467
1615410196244 0.9101421718795383 467
1615410288873 0.9101874824071903 468
1615410288875 0.9101874824071903 468
1615410381144 0.9102183739507141 469
1615410381148 0.9102183739507141 469
1615410473936 0.9102776264528933 470
1615410473939 0.9102776264528933 470
1615410566216 0.9103249856301479 471
1615410566218 0.9103249856301479 471
1615410658405 0.9103665412113442 472
1615410658408 0.9103665412113442 472
1615410750988 0.9104172951833398 473
1615410750991 0.9104172951833398 473
1615410843352 0.910489114868833 474
1615410843354 0.910489114868833 474
1615410935829 0.9105495044017284 475
1615410935832 0.9105495044017284 475
1615411028084 0.9106208872726239 476
1615411028086 0.9106208872726239 476
1615411120459 0.9106983437515135 477
1615411120462 0.9106983437515135 477
1615411213228 0.9107760837660815 478
1615411213231 0.9107760837660815 478
1615411305706 0.9108226011774795 479
1615411305709 0.9108226011774795 479
1615411398311 0.9108896535043101 480
1615411398313 0.9108896535043101 480
1615411490838 0.9109573912642832 481
1615411490840 0.9109573912642832 481
1615411582849 0.9110110313857656 482
1615411582851 0.9110110313857656 482
1615411677925 0.9110669477898925 483
1615411677928 0.9110669477898925 483
1615411770344 0.9111124566621343 484
1615411770346 0.9111124566621343 484
1615411862630 0.9111762594602791 485
1615411862632 0.9111762594602791 485
1615411953584 0.9112264807182616 486
1615411953586 0.9112264807182616 486
1615412044725 0.9112728426050863 487
1615412044727 0.9112728426050863 487
1615412137443 0.9113149936131721 488
1615412137446 0.9113149936131721 488
1615412230725 0.9113580266090336 489
1615412230727 0.9113580266090336 489
1615412323491 0.9114041512862451 490
1615412323494 0.9114041512862451 490
1615412416082 0.9114702247170658 491
1615412416084 0.9114702247170658 491
1615412508388 0.9115169566043588 492
1615412508390 0.9115169566043588 492
1615412600845 0.9115843390327275 493
1615412600847 0.9115843390327275 493
1615412693638 0.9116429633891289 494
1615412693641 0.9116429633891289 494
1615412786029 0.9116936428085657 495
1615412786032 0.9116936428085657 495
1615412878424 0.911770859574307 496
1615412878426 0.911770859574307 496
1615412970796 0.9118485889708338 497
1615412970799 0.9118485889708338 497
1615413063306 0.9119118934512446 498
1615413063309 0.9119118934512446 498
1615413155492 0.9119741649924595 499
1615413155494 0.9119741649924595 499
