1615367681601 0.36049319736993135 0
1615367773173 0.20623985867002118 1
1615367864254 0.1926759303505741 2
1615367955059 0.19996722509611897 3
1615368046328 0.17040664135520137 4
1615368137463 0.16428719616647977 5
1615368228561 0.15559161510040512 6
1615368319336 0.1721796028649629 7
1615368410272 0.16576678806276463 8
1615368501224 0.14338157959838413 9
1615368592116 0.13756527918488232 10
1615368683014 0.13570883914605894 11
1615368774156 0.13698271584154956 12
1615368864943 0.13817112125567535 13
1615368955555 0.1275006025584776 14
1615369046341 0.12399795073181835 15
1615369137087 0.13020979201615746 16
1615369227736 0.13006843203928933 17
1615369318564 0.12364054259969227 18
1615369409488 0.1193955478383534 19
1615369500182 0.12339310414755522 20
1615369590740 0.11845103128632503 21
1615369681123 0.1179343915697354 22
1615369771939 0.12787290117633876 23
1615369862237 0.12195664733203489 24
1615369953201 0.11942275513463946 25
1615370043785 0.11584551921531336 26
1615370134382 0.11573724604364652 27
1615370225008 0.11455864247991078 28
1615370315594 0.11414918792781545 29
1615370406651 0.11047946606109392 30
1615370497281 0.11308610083451912 31
1615370587861 0.10946165536766622 32
1615370678494 0.11612909231612932 33
1615370769127 0.11213175663307531 34
1615370859642 0.11091493136847197 35
1615370950284 0.1552184179647645 36
1615371041604 0.1563162572348296 37
1615371132668 0.1271887012382052 38
1615371223521 0.11830486468414762 39
1615371314425 0.11627877381310533 40
1615371404923 0.16842467126561633 41
1615371495694 0.12583713745003317 42
1615371586229 0.12316535924797628 43
1615371676902 0.11876191221066375 44
1615371767375 0.1135409741259333 45
1615371857781 0.11402511952528313 46
1615371948377 0.11326636129350805 47
1615372039211 0.10972204048242142 48
1615372130362 0.10894764359317609 49
1615372221165 0.11055672257693845 50
1615372311775 0.11003098470061573 51
1615372402479 0.10682107352498751 52
1615372493122 0.10444484361961706 53
1615372583673 0.1074809360859999 54
1615372674324 0.10791130297219576 55
1615372764972 0.10753482135374155 56
1615372855583 0.10526013997063707 57
1615372946071 0.10642491792564962 58
1615373036765 0.10192749037671445 59
1615373127618 0.10198498839762674 60
1615373219155 0.10125633406994948 61
1615373310362 0.10093244598872626 62
1615373401394 0.10035636086962116 63
1615373492201 0.10002870968918302 64
1615373583058 0.10066907352475978 65
1615373674261 0.10427391618045408 66
1615373764870 0.09992976597885588 67
1615373855498 0.10356214775967953 68
1615373946174 0.10363896302322843 69
1615374037489 0.10176112758579539 70
1615374128337 0.09989416332387213 71
1615374219366 0.09707776201305104 72
1615374310278 0.09718753063856665 73
1615374401357 0.0951514804541175 74
1615374492150 0.09776517615389468 75
1615374583344 0.09499589898693028 76
1615374674391 0.09845378327725539 77
1615374765839 0.10558057365132802 78
1615374856726 0.09938414239171725 79
1615374947853 0.09987328657463415 80
1615375039038 0.0991825861717338 81
1615375130355 0.09636062561576046 82
1615375221238 0.09588321732051337 83
1615375312180 0.09273080149693276 84
1615375403463 0.09253328148998431 85
1615375494520 0.09094980047709907 86
1615375585640 0.09305609962833461 87
1615375676619 0.09182655366499033 88
1615375767593 0.09090204470193208 89
1615375858800 0.09148481532708923 90
1615375950075 0.09037786722183228 91
1615376041378 0.0930211303839043 92
1615376132606 0.09609022869992612 93
1615376223862 0.09344081380474034 94
1615376315094 0.08952809002862047 95
1615376406434 0.09366201731696058 96
1615376497534 0.09038982284602834 97
1615376588333 0.09041251620249961 98
1615376679305 0.09055580398929652 99
1615376770237 0.09026464775427064 100
1615376860963 0.08726896100969457 101
1615376951635 0.0881364078664068 102
1615377042315 0.08572522295055104 103
1615377133027 0.09055184072522975 104
1615377223810 0.08742009081057649 105
1615377314515 0.08578483382267739 106
1615377405358 0.08992278309010748 107
1615377495931 0.09072708727708503 108
1615377586696 0.09074001970575817 109
1615377677555 0.08640092166502085 110
1615377768462 0.08884268910137576 111
1615377859351 0.08927670254636166 112
1615377950138 0.0875244042766628 113
1615378041244 0.08583718538284302 114
1615378132066 0.0847226772735368 115
1615378222984 0.08569984738506488 116
1615378313879 0.08381572588166195 117
1615378404865 0.08008431142835475 118
1615378495702 0.08432277102968586 119
1615378586761 0.08188339489609447 120
1615378677650 0.0839060900816277 121
1615378768481 0.08852284612940318 122
1615378859327 0.08466891477357096 123
1615378950211 0.08559680607781481 124
1615379041051 0.08509097170473924 125
1615379131893 0.084005482161223 126
1615379222615 0.11510367357908789 127
1615379313555 0.09657150862821892 128
1615379404369 0.08625310837332882 129
1615379495306 0.08454475296077443 130
1615379586027 0.08507677957193176 131
1615379676881 0.08378623759568628 132
1615379767487 0.08133799015586056 133
1615379858259 0.08577118791751008 134
1615379949033 0.08050720460379301 135
1615380039810 0.077273560993707 136
1615380130577 0.07649656463025221 137
1615380221474 0.07779251550560567 138
1615380311991 0.08298330075705229 139
1615380402608 0.0910310594003592 140
1615380493545 0.0858001388720612 141
1615380584123 0.07890495969288384 142
1615380674822 0.08098978071070428 143
1615380765742 0.07952639860893364 144
1615380856254 0.08060596505207802 145
1615380947231 0.07753597889373552 146
1615381037676 0.07485724651991431 147
1615381128895 0.07671367588327892 148
1615381219678 0.07674041612824398 149
1615381310540 0.07430355050670567 150
1615381401476 0.07472938921914171 151
1615381492101 0.07804421257616868 152
1615381582542 0.07193557895831208 153
1615381673742 0.07967236059815136 154
1615381764552 0.07655061892609098 155
1615381855114 0.07679094663306849 156
1615381945777 0.07203328075693614 157
1615382036440 0.07525144139332558 158
1615382127264 0.07383923744087789 159
1615382218063 0.07168435516642101 160
1615382308809 0.07545917781431284 161
1615382399557 0.0794847233971553 162
1615382490117 0.07676727558249857 163
1615382580869 0.07555819002550039 164
1615382671274 0.07502129985325372 165
1615382761881 0.07346000867103462 166
1615382852511 0.07128264477003866 167
1615382943652 0.0719595569283215 168
1615383034473 0.07025827222795629 169
1615383125133 0.07847438285599893 170
1615383215813 0.07364832999101326 171
1615383306509 0.06954881860249078 172
1615383397047 0.0684744982577082 173
1615383488009 0.07201843564190082 174
1615383578603 0.06752194575409391 175
1615383669253 0.07232688434088408 176
1615383759985 0.07308712201331978 177
1615383850926 0.06641366143724811 178
1615383941769 0.06808469099784965 179
1615384032781 0.07622049904581327 180
1615384123412 0.07560020151422985 181
1615384214142 0.07090739082934251 182
1615384305302 0.06982300886467321 183
1615384396381 0.07200207728058544 184
1615384487585 0.07741990552019717 185
1615384578202 0.07534194971198466 186
1615384669063 0.07836385360404627 187
1615384759747 0.06982965522737646 188
1615384850392 0.0632245407175662 189
1615384941441 0.06527483641211666 190
1615385031957 0.06906252298782121 191
1615385122931 0.06846516345863912 192
1615385213627 0.07213469850483226 193
1615385304421 0.06601248303456093 194
1615385395117 0.0697563397350596 195
1615385485926 0.06507334513450737 196
1615385576926 0.07545752400782571 197
1615385667765 0.0738205980898729 198
1615385758501 0.07228099677100111 199
1615385849248 0.06389176133853286 200
1615385940145 0.0703402544135478 201
1615386031096 0.07192309845739336 202
1615386121910 0.09176297419106783 203
1615386212713 0.07688177966359835 204
1615386303529 0.07668337537281548 205
1615386394368 0.07342364183112757 206
1615386485593 0.0670093520363765 207
1615386576367 0.0690033782773943 208
1615386667256 0.07307832187681056 209
1615386758232 0.07142109479477156 210
1615386849473 0.0693760594325279 211
1615386940185 0.07251654454131624 212
1615387030944 0.06641969307145076 213
1615387122059 0.07445182284312461 214
1615387213042 0.07406945815726892 215
1615387304544 0.06547094014153551 216
1615387396502 0.06521795045084028 217
1615387487904 0.06517226749391698 218
1615387578830 0.0643523878126002 219
1615387669932 0.06806529724775855 220
1615387760851 0.06297124410743143 221
1615387851997 0.0723621311472423 222
1615387943016 0.06648420397915057 223
1615388033857 0.06198646417304651 224
1615388125174 0.06719168620323067 225
1615388216212 0.06275377700577921 226
1615388307107 0.06435037015089348 227
1615388398034 0.06509528942962191 228
1615388489138 0.06332190179113131 229
1615388582680 0.0633011860633964 230
1615388673198 0.07197399103819434 231
1615388763901 0.06840475459597004 232
1615388854943 0.0697772671927267 233
1615388945886 0.058447852063534866 234
1615389036740 0.0672809472724573 235
1615389127911 0.060566644170391024 236
1615389218887 0.06748448290042024 237
1615389309959 0.06096166550223507 238
1615389400882 0.06533511894852367 239
1615389492146 0.06336429225864695 240
1615389583420 0.060270140420145064 241
1615389674653 0.06271993313262712 242
1615389766010 0.07482757764076119 243
1615389857105 0.0699275296125839 244
1615389948182 0.06932258072184093 245
1615390038937 0.06687653242652096 246
1615390129713 0.06533410566956249 247
1615390220544 0.06582031499094038 248
1615390311270 0.06280167334115327 249
1615390402551 0.06423797002479212 250
1615390493590 0.06707013720896707 251
1615390584485 0.07065709135425624 252
1615390675540 0.06755421855556432 253
1615390766686 0.06160277661992543 254
1615390857376 0.06926072088640127 255
1615390948314 0.05966938698469703 256
1615391039369 0.05752309489606032 257
1615391130210 0.06376892862035267 258
1615391221311 0.06403127268179139 259
1615391312143 0.06033805590956958 260
1615391403451 0.06275870195075647 261
1615391494830 0.06523654798963177 262
1615391585901 0.06499544631189375 263
1615391676940 0.05846156024221164 264
1615391767722 0.06949258028571285 265
1615391858559 0.06005765342000705 266
1615391949418 0.06157537716538159 267
1615392040212 0.06521895750245052 268
1615392131200 0.056863093554083984 269
1615392222679 0.05753139595487224 270
1615392313432 0.07841623985945288 271
1615392404576 0.07103337369748015 272
1615392495651 0.06333298469657328 273
1615392586639 0.062060835646159614 274
1615392677582 0.05809206749076274 275
1615392768752 0.06214708445677117 276
1615392860166 0.06331324132520762 277
1615392951115 0.06219746728441609 278
1615393042315 0.06386016553907252 279
1615393133399 0.06678984058437062 280
1615393224321 0.06409262098483186 281
1615393315492 0.0652722049115309 282
1615393406685 0.05652084546302682 283
1615393497960 0.05557353638890964 284
1615393588938 0.05499389367317086 285
1615393680085 0.054792201341088136 286
1615393771070 0.06755799144061643 287
1615393862083 0.06490378682293109 288
1615393953502 0.06279066961203049 289
1615394044780 0.06172600966780933 290
1615394135990 0.06527057245596131 291
1615394226922 0.0671702267518684 292
1615394317750 0.06266777373071927 293
1615394408544 0.058614449714546775 294
1615394499721 0.05704239144254086 295
1615394590730 0.06064086440783828 296
1615394681892 0.06460916462229259 297
1615394772893 0.06475868598738713 298
1615394863710 0.06449985859999016 299
1615394955137 0.06181851073877135 300
1615395046426 0.06462240308078367 301
1615395137621 0.06219048820324798 302
1615395228620 0.06519675788594716 303
1615395319292 0.05909881218155818 304
1615395410363 0.06276255490174934 305
1615395501361 0.054519546565724844 306
1615395592298 0.05460604802886052 307
1615395683480 0.0559049213110511 308
1615395774537 0.05695309834693795 309
1615395865519 0.057707513446238506 310
1615395956631 0.06415401821705832 311
1615396047456 0.06192643250992049 312
1615396138544 0.054870568994265886 313
1615396230165 0.05863296896664064 314
1615396321297 0.06520031103447302 315
1615396412504 0.061312991291729374 316
1615396503257 0.06281657539196868 317
1615396594215 0.062244603882974654 318
1615396685182 0.07278655714063502 319
1615396776533 0.07106566607062496 320
1615396868074 0.060888245034573685 321
1615396959299 0.07707271113324521 322
1615397050284 0.07450298675850256 323
1615397141251 0.06430487045601233 324
1615397232345 0.054130454561603605 325
1615397323397 0.05961810830813735 326
1615397414594 0.057627863848387306 327
1615397505595 0.059938384525811496 328
1615397597107 0.05620069112350692 329
1615397688601 0.06074837873231119 330
1615397780078 0.056507977087106274 331
1615397871742 0.05586293384210387 332
1615397964169 0.05330920308383543 333
1615398055508 0.05415074416060946 334
1615398146573 0.060745418071746826 335
1615398237646 0.06140931061844328 336
1615398328743 0.057938573075764215 337
1615398419809 0.05184232032121117 338
1615398510753 0.054515555723389585 339
1615398601626 0.06040913667251815 340
1615398692435 0.051015608346284325 341
1615398783312 0.05617574791410076 342
1615398874303 0.05260281331503569 343
1615398965282 0.06331225562451491 344
1615399056523 0.05985768250565031 345
1615399147860 0.04926809801984189 346
1615399238728 0.052371152301332845 347
1615399329820 0.06096430678865803 348
1615399421071 0.05349432977277841 349
1615399511973 0.0652739948301173 350
1615399602644 0.06072359921327278 351
1615399693488 0.053535873320565294 352
1615399784693 0.0503513857499877 353
1615399875911 0.05719675501780724 354
1615399966873 0.05056233281519876 355
1615400057902 0.05166260697948399 356
1615400148723 0.06586342961040896 357
1615400239857 0.06194258536865462 358
1615400331278 0.05060773643095102 359
1615400422632 0.05782099891064772 360
1615400513958 0.05430944642024254 361
1615400605319 0.05198207631039975 362
1615400696687 0.0579736855492663 363
1615400787772 0.061487499457686695 364
1615400878770 0.053933412281434924 365
1615400970254 0.06263965012422248 366
1615401061221 0.048168733048794876 367
1615401152559 0.050368837456205 368
1615401243652 0.05409369095047908 369
1615401334460 0.05693886529153852 370
1615401425372 0.0484448582378786 371
1615401516312 0.059844299928465884 372
1615401607512 0.055582927234137235 373
1615401698480 0.05860982101355026 374
1615401789438 0.05166593683299733 375
1615401880471 0.050272640007645336 376
1615401971387 0.061074649220082294 377
1615402062453 0.048775519897688684 378
1615402153822 0.052272008426153836 379
1615402244995 0.06778585910797119 380
1615402335968 0.05434213823346949 381
1615402427074 0.054488432051530526 382
1615402518399 0.0662358269762637 383
1615402609825 0.051923802539483824 384
1615402700771 0.05352173367543007 385
1615402791711 0.05702498510702333 386
1615402883024 0.07019043680447251 387
1615402974378 0.05377069071157655 388
1615403066107 0.05159768061851388 389
1615403157879 0.05018448206915784 390
1615403248823 0.06134108643033611 391
1615403340547 0.045720612824852784 392
1615403431641 0.049449094195864095 393
1615403522769 0.0480945599612905 394
1615403613905 0.04830600699382042 395
1615403705291 0.05377596527782839 396
1615403797018 0.05222478197581733 397
1615403887927 0.05911140744365863 398
1615403979073 0.055314724125079255 399
1615404069901 0.051777759594703786 400
1615404160968 0.0506541844624192 401
1615404251896 0.0518364541566194 402
1615404343430 0.058125445202215395 403
1615404434579 0.05683237492148556 404
1615404525764 0.05742630584916072 405
1615404616920 0.06265590617905802 406
1615404708034 0.047085015631433746 407
1615404799276 0.04808459708939737 408
1615404890220 0.055811521722309625 409
1615404981703 0.05847863296964275 410
1615405072983 0.04965288514521585 411
1615405164055 0.05822125744463792 412
1615405255561 0.05505699630993516 413
1615405346744 0.06019707491148764 414
1615405437572 0.05755671458457833 415
1615405528706 0.06553102518195536 416
1615405620243 0.04720168327217671 417
1615405711456 0.04919607959576507 418
1615405802321 0.04987124453729658 419
1615405893521 0.056544666859641005 420
1615405984571 0.060761992611102204 421
1615406075457 0.045532966727641094 422
1615406166598 0.04660998173614046 423
1615406257519 0.040648862497130435 424
1615406348838 0.04662780975227925 425
1615406439756 0.04319807842596254 426
1615406530690 0.052436241463049135 427
1615406622225 0.06587783525239176 428
1615406712964 0.05518269360955082 429
1615406804366 0.05164994499576626 430
1615406895523 0.048689586013110714 431
1615406987091 0.054398203963664044 432
1615407078313 0.049752780750616274 433
1615407170258 0.05255870409865877 434
1615407261608 0.047285021241031476 435
1615407352831 0.0563887455570164 436
1615407443685 0.0452660642453094 437
1615407534673 0.047118185171440466 438
1615407625408 0.06061673164367676 439
1615407716867 0.051246727580454815 440
1615407807830 0.05818600530055032 441
1615407898666 0.05383785980850903 442
1615407989546 0.06009858757702272 443
1615408080589 0.059390186373867206 444
1615408171066 0.05816070090478925 445
1615408262223 0.04872926402447829 446
1615408353108 0.05785055747672693 447
1615408444010 0.04992790364507419 448
1615408535193 0.0552855623302175 449
1615408626456 0.04136959118629569 450
1615408717571 0.05297903694323639 451
1615408808811 0.05627259478640201 452
1615408900217 0.04740684334911517 453
1615408991781 0.04349440336227417 454
1615409082904 0.05952572199835706 455
1615409174495 0.05431358760862208 456
1615409267318 0.045079425199707944 457
1615409359094 0.042034104688843686 458
1615409450567 0.061232746537051984 459
1615409543747 0.06420263959400689 460
1615409638298 0.04693276223851674 461
1615409732189 0.05689414935325509 462
1615409825816 0.04529888683290624 463
1615409918283 0.062813185044189 464
1615410011026 0.04689584828134793 465
1615410103563 0.05868141330889801 466
1615410196229 0.05662559217481471 467
1615410288860 0.05782101759270056 468
1615410381132 0.063450833754753 469
1615410473923 0.05142435209075017 470
1615410566203 0.05764508158413332 471
1615410658393 0.0595416729129962 472
1615410750975 0.05628590886272601 473
1615410843338 0.0460971949705437 474
1615410935817 0.05150033822700159 475
1615411028072 0.046297123183065385 476
1615411120447 0.045038980334552364 477
1615411213215 0.04285754107717258 478
1615411305693 0.0561008960453432 479
1615411398299 0.04759894378149687 480
1615411490825 0.046704664159176956 481
1615411582797 0.051728874889772326 482
1615411677913 0.05184865264750239 483
1615411770331 0.056706105595204365 484
1615411862618 0.048000079482348995 485
1615411953574 0.05475355440111303 486
1615412044714 0.05580750241208432 487
1615412137432 0.05760580123360477 488
1615412230714 0.05653627061132175 489
1615412323481 0.05597608658804822 490
1615412416071 0.0464761105935965 491
1615412508378 0.055329450920446596 492
1615412600834 0.045774012359220594 493
1615412693628 0.04976361456202037 494
1615412786019 0.05341551997768345 495
1615412878414 0.041906279414447384 496
1615412970786 0.0407528601475616 497
1615413063295 0.0468637507353256 498
1615413155481 0.04809879633917737 499
