1615367681603 0.6317213127639756 0
1615367773175 0.7611157916375061 1
1615367864256 0.7759498431166606 2
1615367955061 0.7691274595571987 3
1615368046331 0.801339417028783 4
1615368137466 0.8093216561559421 5
1615368228563 0.8198237922876629 6
1615368319338 0.7993692527733632 7
1615368410275 0.8085086489124085 8
1615368501226 0.8329924784823141 9
1615368592118 0.8388834692982595 10
1615368683016 0.8423839740788759 11
1615368774159 0.8390154630056957 12
1615368864945 0.8382100184906774 13
1615368955557 0.8486354377732348 14
1615369046346 0.8530418598162595 15
1615369137092 0.8485416103321225 16
1615369227741 0.8491120258374001 17
1615369318569 0.8533410697953024 18
1615369409492 0.8589110370002576 19
1615369500186 0.8556655060444305 20
1615369590745 0.8604658350570878 21
1615369681128 0.8623616817727018 22
1615369771944 0.8519226061319237 23
1615369862240 0.854805056116919 24
1615369953206 0.8586384102479735 25
1615370043790 0.8631356669895685 26
1615370134386 0.8638708655958744 27
1615370225011 0.865497390169706 28
1615370315604 0.8652566837063477 29
1615370406656 0.8687189362609564 30
1615370497286 0.8670216128230095 31
1615370587866 0.8702653012613752 32
1615370678499 0.8649158899241419 33
1615370769132 0.8680736552645911 34
1615370859648 0.8704573935759601 35
1615370950286 0.8195558920947473 36
1615371041609 0.8181483192341541 37
1615371132673 0.8487887509278397 38
1615371223526 0.8600202794395276 39
1615371314428 0.8634958092067668 40
1615371404928 0.8028714944844815 41
1615371495699 0.8515186100753386 42
1615371586234 0.8568299341557631 43
1615371676907 0.860678762753508 44
1615371767379 0.866749200580725 45
1615371857786 0.8673769314564875 46
1615371948382 0.8677995070370276 47
1615372039216 0.8702456533019223 48
1615372130366 0.8707797072494208 49
1615372221170 0.8688545741919261 50
1615372311777 0.8705095327389774 51
1615372402481 0.8745200130254475 52
1615372493127 0.8755230466598896 53
1615372583678 0.8737991689078843 54
1615372674329 0.872139437985954 55
1615372764976 0.8737585152040667 56
1615372855588 0.8758713789840242 57
1615372946074 0.8731542498762928 58
1615373036771 0.8789257624033672 59
1615373127620 0.8790214194068268 60
1615373219161 0.879717376472345 61
1615373310364 0.8814011692111172 62
1615373401398 0.8824178229517011 63
1615373492204 0.8820369018992381 64
1615373583063 0.8809172148579982 65
1615373674265 0.8767526245384074 66
1615373764874 0.8822393319500026 67
1615373855502 0.8795764705360826 68
1615373946179 0.8771703384483038 69
1615374037493 0.8814495328202177 70
1615374128340 0.8828437065900262 71
1615374219368 0.8848067468671656 72
1615374310283 0.8851532872710655 73
1615374401362 0.8869527606154556 74
1615374492155 0.8845958670795854 75
1615374583349 0.886641507495695 76
1615374674396 0.8827823904245647 77
1615374765844 0.8776618470229319 78
1615374856731 0.8823469274524433 79
1615374947858 0.8828439783694139 80
1615375039042 0.8838274307660202 81
1615375130360 0.8854604456851731 82
1615375221240 0.8892239572396919 83
1615375312185 0.8907277790912941 84
1615375403468 0.8905666238114015 85
1615375494524 0.8926619304649865 86
1615375585644 0.8902856348388231 87
1615375676624 0.8914338001119557 88
1615375767597 0.8934788321381184 89
1615375858806 0.8920745449279671 90
1615375950080 0.8930102277602723 91
1615376041383 0.8899065447387411 92
1615376132609 0.8859263758605985 93
1615376223864 0.8895249294478502 94
1615376315096 0.8941263623202025 95
1615376406439 0.8897037439381899 96
1615376497536 0.892473356047673 97
1615376588338 0.893609267562183 98
1615376679309 0.8928013616311017 99
1615376770242 0.8921113800424249 100
1615376860968 0.8960647616368621 101
1615376951640 0.8956229940279207 102
1615377042318 0.8971925057582001 103
1615377133032 0.8950059151471551 104
1615377223815 0.8958196457642228 105
1615377314519 0.898645535556238 106
1615377405363 0.8936925792872016 107
1615377495936 0.8934505348330113 108
1615377586698 0.8936067784010474 109
1615377677560 0.8981172813853221 110
1615377768465 0.8945158978006733 111
1615377859355 0.8940177802274476 112
1615377950143 0.8965731930376878 113
1615378041250 0.8990333538446853 114
1615378132071 0.8993638927367196 115
1615378222989 0.8986017328144899 116
1615378313885 0.9009249875349785 117
1615378404870 0.9053347410995569 118
1615378495707 0.9004817938626702 119
1615378586766 0.9034281788922068 120
1615378677656 0.8999333318267295 121
1615378768486 0.8979955593596644 122
1615378859331 0.9002879019548644 123
1615378950217 0.8976434426965998 124
1615379041056 0.9010020002945146 125
1615379131898 0.9012470107469985 126
1615379222620 0.8649360448566835 127
1615379313560 0.8852265770755597 128
1615379404374 0.8972740533636577 129
1615379495311 0.8996341357480234 130
1615379586032 0.899586055483391 131
1615379676886 0.9017998989838273 132
1615379767492 0.9037446364093182 133
1615379858263 0.9006674067297978 134
1615379949038 0.9054759178143829 135
1615380039815 0.9080470093150637 136
1615380130582 0.908687389386234 137
1615380221478 0.9091416530644716 138
1615380311996 0.9023096903936186 139
1615380402613 0.8944026516444648 140
1615380493550 0.898753260943427 141
1615380584127 0.9061707311601781 142
1615380674824 0.9039016949819095 143
1615380765747 0.9039259005838366 144
1615380856256 0.9043590771173363 145
1615380947233 0.90747283354624 146
1615381037681 0.9106488717136099 147
1615381128900 0.9092214156442614 148
1615381219684 0.9088419698067566 149
1615381310545 0.911269739715021 150
1615381401481 0.9122681526550606 151
1615381492106 0.9076570928541582 152
1615381582547 0.9137843911772343 153
1615381673747 0.9060881442543286 154
1615381764554 0.910676748672528 155
1615381855119 0.9086125248403691 156
1615381945779 0.9140033261544669 157
1615382036445 0.9109473704402127 158
1615382127269 0.9129362915878865 159
1615382218066 0.9148418089347099 160
1615382308814 0.9107936542870393 161
1615382399560 0.906805995017735 162
1615382490119 0.9102281420978148 163
1615382580872 0.9113576534523893 164
1615382671279 0.9104342142592615 165
1615382761885 0.9134159993324706 166
1615382852516 0.9143710412196259 167
1615382943657 0.9138394467421432 168
1615383034478 0.9160145383272598 169
1615383125138 0.9071795653496215 170
1615383215818 0.9128362965672764 171
1615383306514 0.9170364802008244 172
1615383397052 0.9176128215309399 173
1615383488014 0.9150599207895905 174
1615383578608 0.9197177284244281 175
1615383669258 0.9139959411834603 176
1615383759991 0.9140382342374147 177
1615383850929 0.9206310394984573 178
1615383941773 0.9181912743778371 179
1615384032785 0.9104762806821225 180
1615384123415 0.9115558649176982 181
1615384214146 0.9149588355377539 182
1615384305307 0.9170126714813176 183
1615384396386 0.9141528065969695 184
1615384487588 0.9083941961402324 185
1615384578204 0.9113293330171215 186
1615384669068 0.9084231179596772 187
1615384759751 0.9164339728764633 188
1615384850397 0.9243480785569148 189
1615384941446 0.9213408660977634 190
1615385031960 0.9190391900379267 191
1615385122936 0.9186654313286738 192
1615385213632 0.9145055475519664 193
1615385304425 0.9210253442401317 194
1615385395121 0.9165436621032544 195
1615385485928 0.9221667029074768 196
1615385576931 0.912560515216927 197
1615385667768 0.9128175351157117 198
1615385758505 0.9142668667569089 199
1615385849253 0.924113993546856 200
1615385940147 0.9166838317664702 201
1615386031100 0.9168673133227363 202
1615386121916 0.8909565448316176 203
1615386212717 0.9078914311839573 204
1615386303534 0.9089141697136324 205
1615386394373 0.9140390987271694 206
1615386485596 0.919799620980647 207
1615386576370 0.9191596599212334 208
1615386667261 0.9144275817853301 209
1615386758237 0.9148736449319925 210
1615386849479 0.9175981576762983 211
1615386940190 0.9152513602331503 212
1615387030948 0.9209617320726167 213
1615387122063 0.9117800560015351 214
1615387213044 0.9123041823283949 215
1615387304546 0.9215832079079613 216
1615387396508 0.9220154810307631 217
1615387487909 0.9217275343279341 218
1615387578832 0.9227764315124768 219
1615387669937 0.9201925132256835 220
1615387760853 0.923874784538995 221
1615387851999 0.9151012070143401 222
1615387943021 0.9204435755512608 223
1615388033862 0.9248654081750272 224
1615388125176 0.9198596550902324 225
1615388216218 0.925300967782291 226
1615388307110 0.9225303312735771 227
1615388398040 0.9218350199621115 228
1615388489170 0.924178812930833 229
1615388582682 0.9239577628783325 230
1615388673200 0.9154879713236396 231
1615388763904 0.9189235243334699 232
1615388854948 0.9175181551210916 233
1615388945888 0.9299200750998596 234
1615389036745 0.9204221278873842 235
1615389127916 0.9269688345158278 236
1615389218892 0.9207601022364488 237
1615389309964 0.9271626432440174 238
1615389400885 0.9222688265700838 239
1615389492151 0.9258613137166891 240
1615389583425 0.9274880089866582 241
1615389674663 0.9250143695233474 242
1615389766012 0.9128546859346219 243
1615389857110 0.9183492527079227 244
1615389948187 0.9193004363063556 245
1615390038939 0.9200757301565426 246
1615390129718 0.9221349950156995 247
1615390220549 0.9220536515783908 248
1615390311276 0.9247119762559435 249
1615390402562 0.9251225559569117 250
1615390493595 0.9210425232773396 251
1615390584490 0.9151339455326991 252
1615390675545 0.9202043572023734 253
1615390766691 0.9259313491743002 254
1615390857378 0.9193664019677177 255
1615390948319 0.9290671693300133 256
1615391039372 0.9308436286093583 257
1615391130215 0.9246732045465441 258
1615391221316 0.924217562177288 259
1615391312148 0.9295711005801586 260
1615391403456 0.9252596250665721 261
1615391494835 0.9225449384148441 262
1615391585906 0.9236596711535952 263
1615391676945 0.9301097072772125 264
1615391767727 0.9189709551743607 265
1615391858563 0.9279194318536502 266
1615391949423 0.9270718213337571 267
1615392040218 0.9219748564620516 268
1615392131204 0.9313974187000474 269
1615392222684 0.9304069823293544 270
1615392313442 0.90786903585071 271
1615392404581 0.917410048753468 272
1615392495654 0.9247629775929807 273
1615392586644 0.9263490291673746 274
1615392677587 0.9302921277373585 275
1615392768757 0.9262342831092094 276
1615392860171 0.9265665665491304 277
1615392951120 0.9263361260962131 278
1615393042318 0.9240424481790457 279
1615393133404 0.9222540348323424 280
1615393224326 0.9237096007190534 281
1615393315497 0.9234421760288637 282
1615393406690 0.9321133316452823 283
1615393497965 0.9333398524504989 284
1615393588948 0.934039684373941 285
1615393680090 0.935752427400048 286
1615393771075 0.9208449432209357 287
1615393862088 0.9248993510185782 288
1615393953507 0.9252708532027344 289
1615394044785 0.9266136729005557 290
1615394135992 0.9234798684049008 291
1615394226928 0.9208213145385927 292
1615394317754 0.9246594601157886 293
1615394408549 0.9305062558668763 294
1615394499726 0.9318448431901077 295
1615394590735 0.9265961980641778 296
1615394681897 0.9224727487386163 297
1615394772898 0.9225845306333321 298
1615394863715 0.9259450446758697 299
1615394955142 0.9257123577060984 300
1615395046428 0.923043213673492 301
1615395137626 0.9270784576882177 302
1615395228622 0.9230152210637704 303
1615395319298 0.9305093455225674 304
1615395410368 0.9256670116933424 305
1615395501366 0.933550104943674 306
1615395592304 0.9348153211732408 307
1615395683485 0.932230846205754 308
1615395774542 0.931585126181147 309
1615395865525 0.9309271282669324 310
1615395956636 0.9239474037912354 311
1615396047462 0.9274002473745773 312
1615396138549 0.9336381848178693 313
1615396230171 0.9297514669041136 314
1615396321303 0.9228433201562113 315
1615396412508 0.927101692601816 316
1615396503262 0.9260008005953547 317
1615396594220 0.925986421197208 318
1615396685185 0.9138675267571834 319
1615396776538 0.9160312548724573 320
1615396868077 0.9273520890456527 321
1615396959303 0.9086775668521425 322
1615397050289 0.9120996256372822 323
1615397141257 0.9240920921759819 324
1615397232348 0.9352287045165674 325
1615397323403 0.9299582514300275 326
1615397414600 0.9314028469484243 327
1615397505601 0.9284957789663059 328
1615397597112 0.9327282469664047 329
1615397688606 0.9280557414489006 330
1615397780080 0.9321759663411041 331
1615397871744 0.933854484291219 332
1615397964175 0.9359644902731056 333
1615398055513 0.9347850569148561 334
1615398146578 0.9276878406752401 335
1615398237651 0.927077780908613 336
1615398328748 0.9310593275881526 337
1615398419814 0.9379532190401163 338
1615398510758 0.9352912871695277 339
1615398601632 0.9283008361930278 340
1615398692440 0.9384719782800817 341
1615398783317 0.9332365682765619 342
1615398874308 0.9367767972732658 343
1615398965287 0.924926266296586 344
1615399056528 0.9288224666865904 345
1615399147863 0.940540350639998 346
1615399238733 0.9366582553110906 347
1615399329825 0.927864120077731 348
1615399421077 0.9366736883547768 349
1615399511977 0.9234948620867374 350
1615399602649 0.9293241705467452 351
1615399693493 0.9357143782857639 352
1615399784698 0.9392033094790444 353
1615399875916 0.9322755225558779 354
1615399966878 0.9390184545694892 355
1615400057905 0.9391305411039893 356
1615400148728 0.9226486874160482 357
1615400239861 0.9256972370307837 358
1615400331284 0.9394102367892194 359
1615400422635 0.9313862176973429 360
1615400513963 0.9345935356261125 361
1615400605324 0.9375506899694899 362
1615400696690 0.9313329355930214 363
1615400787778 0.9268059557053581 364
1615400878776 0.9353496792601116 365
1615400970257 0.9250372674927783 366
1615401061226 0.9439544771144639 367
1615401152564 0.9401071334063117 368
1615401243657 0.9357713189587664 369
1615401334470 0.9338254686166991 370
1615401425378 0.9414710420281139 371
1615401516315 0.9288481376064357 372
1615401607518 0.9334280509779702 373
1615401698485 0.9303080368397841 374
1615401789443 0.9380212461770471 375
1615401880476 0.9397428707400365 376
1615401971393 0.9276783497475866 377
1615402062459 0.9431982111574998 378
1615402153824 0.9374994582204677 379
1615402245001 0.9202584321819135 380
1615402335973 0.9361526005303682 381
1615402427080 0.9346272313772742 382
1615402518402 0.9222583944228158 383
1615402609827 0.937642588099437 384
1615402700773 0.937149536253801 385
1615402791717 0.9322667971475801 386
1615402883027 0.9166598675855949 387
1615402974381 0.9366737141538022 388
1615403066113 0.9378127504640551 389
1615403157884 0.9393267048828637 390
1615403248828 0.9289426705730495 391
1615403340553 0.9443034471860573 392
1615403431645 0.9405740072478109 393
1615403522774 0.9418848588395474 394
1615403613911 0.9417685243620801 395
1615403705294 0.9351195884284689 396
1615403797023 0.9384384346542074 397
1615403887932 0.9296445737578976 398
1615403979079 0.9334424378266976 399
1615404069904 0.9376362886891436 400
1615404160973 0.9390206283597804 401
1615404251907 0.9371899277416628 402
1615404343436 0.9306567449178269 403
1615404434582 0.9324328178790078 404
1615404525768 0.9316883994572198 405
1615404616923 0.9250147796388882 406
1615404708039 0.9439579408560226 407
1615404799278 0.943233655904656 408
1615404890225 0.9333880654911497 409
1615404981708 0.9294523306524576 410
1615405072989 0.9411884114813449 411
1615405164057 0.9316225683511193 412
1615405255566 0.9352229388792124 413
1615405346749 0.9286030092790946 414
1615405437578 0.9311176422816604 415
1615405528708 0.9222720176426332 416
1615405620246 0.9435559355500919 417
1615405711461 0.9407162906518624 418
1615405802326 0.9397978222192224 419
1615405893526 0.9331910819260042 420
1615405984574 0.9278542034661592 421
1615406075462 0.94467423344726 422
1615406166604 0.9433907279327735 423
1615406257525 0.9502795405352293 424
1615406348848 0.9436404629429774 425
1615406439760 0.9473346022527609 426
1615406530695 0.9368261948450288 427
1615406622228 0.9217280696021087 428
1615406712966 0.934130936193822 429
1615406804371 0.9380170720726696 430
1615406895528 0.940937511511703 431
1615406987093 0.9355582323536944 432
1615407078318 0.9410538353137116 433
1615407170263 0.936760435798275 434
1615407261618 0.9428832428668862 435
1615407352833 0.9319908449898905 436
1615407443686 0.9450658408563528 437
1615407534678 0.9432652281291449 438
1615407625414 0.9277620491252017 439
1615407716870 0.9382754502011769 440
1615407807836 0.932042404564459 441
1615407898671 0.9364535345960019 442
1615407989552 0.9313538692780395 443
1615408080595 0.9301269305730934 444
1615408171072 0.9324543578411216 445
1615408262228 0.9421361342294893 446
1615408353113 0.9310952078050642 447
1615408444015 0.9408572631985394 448
1615408535198 0.9349254512075168 449
1615408626462 0.9494092255385954 450
1615408717576 0.9357204405007078 451
1615408808816 0.9332663092150617 452
1615408900222 0.9424604906964658 453
1615408991786 0.9470433864130903 454
1615409082909 0.9299031709557148 455
1615409174500 0.9348800822870055 456
1615409267357 0.9452871128694335 457
1615409359106 0.9484940322477426 458
1615409450577 0.9273264288012661 459
1615409543759 0.9245508055188763 460
1615409638310 0.9431944671851485 461
1615409732201 0.9317017259882457 462
1615409825820 0.9450909997989883 463
1615409918288 0.926230978498708 464
1615410011031 0.9439680576324463 465
1615410103568 0.9320420992018571 466
1615410196234 0.9326698508725237 467
1615410288866 0.9313928093483199 468
1615410381137 0.9247065078633935 469
1615410473928 0.9381263024771391 470
1615410566209 0.9326311581170381 471
1615410658398 0.9299807755359962 472
1615410750980 0.9344239239372424 473
1615410843344 0.9445316457926337 474
1615410935821 0.9392345325270696 475
1615411028076 0.9445991338188968 476
1615411120452 0.9476450841818282 477
1615411213219 0.9479358107296388 478
1615411305698 0.9331044412370938 479
1615411398304 0.9430747703829808 480
1615411490831 0.9435392538113381 481
1615411582834 0.9368655699402538 482
1615411677918 0.9380745709832035 483
1615411770336 0.9331387508271346 484
1615411862624 0.9421206165605517 485
1615411953577 0.935634012097743 486
1615412044718 0.9338510814887374 487
1615412137435 0.9318846855590592 488
1615412230717 0.9324011615852812 489
1615412323484 0.9340052431199088 490
1615412416074 0.9439122792500169 491
1615412508381 0.9345090451525219 492
1615412600837 0.9448038762185111 493
1615412693631 0.9406033954513606 494
1615412786022 0.9367799554298173 495
1615412878417 0.9500703753820107 496
1615412970789 0.950480099044629 497
1615413063298 0.9434375246958946 498
1615413155484 0.9430476640587422 499
