1615367681605 23.713261768280436 0
1615367773177 16.0373283469007 1
1615367864258 15.21679862577033 2
1615367955063 15.310069783121577 3
1615368046333 14.032368327851906 4
1615368137467 14.720576780456055 5
1615368228565 13.12938879181148 6
1615368319340 14.275173413660777 7
1615368410277 14.329998848742301 8
1615368501228 12.433670261136621 9
1615368592120 13.102820636472131 10
1615368683018 12.1295334753296 11
1615368774161 11.95197851017371 12
1615368864947 12.318350201701262 13
1615368955559 12.310497222776036 14
1615369046348 11.053758382046732 15
1615369137094 11.954681400077991 16
1615369227743 11.422551501638004 17
1615369318571 12.174319350772956 18
1615369409494 11.578989092114568 19
1615369500189 10.996075889078977 20
1615369590747 11.411597334731933 21
1615369681130 11.263492240394287 22
1615369771946 12.134715891216455 23
1615369862242 11.75938137006077 24
1615369953208 11.136687432409888 25
1615370043792 10.718334456896175 26
1615370134389 10.559585771035033 27
1615370225013 10.955667891718274 28
1615370315606 10.503364341901293 29
1615370406658 10.22424086930755 30
1615370497288 10.81398464655081 31
1615370587868 10.425384089038042 32
1615370678501 10.913062244394355 33
1615370769134 10.477248688277195 34
1615370859650 10.241386277238377 35
1615370950288 15.364917147528928 36
1615371041611 13.301657143528738 37
1615371132675 12.783850928895504 38
1615371223528 11.634465834311502 39
1615371314430 10.567115067795458 40
1615371404930 14.347260160956619 41
1615371495701 11.448051861676076 42
1615371586236 11.34498263001211 43
1615371676909 10.858300003078076 44
1615371767382 9.950707576875322 45
1615371857788 10.61474151138924 46
1615371948385 10.002085592169598 47
1615372039218 9.735496804081686 48
1615372130368 9.51603190326277 49
1615372221172 10.766481158516537 50
1615372311779 10.231331497776027 51
1615372402483 10.465610944723599 52
1615372493129 9.580490648340483 53
1615372583680 10.43552421403141 54
1615372674331 10.187121991925927 55
1615372764978 9.969329650717343 56
1615372855590 10.084529369382668 57
1615372946076 9.92776318635845 58
1615373036773 9.658238157124687 59
1615373127622 9.237496236363361 60
1615373219164 9.55649953347903 61
1615373310366 8.95901627180085 62
1615373401400 10.548484321860839 63
1615373492206 8.851181639512442 64
1615373583065 9.768356546453818 65
1615373674267 10.354608438078662 66
1615373764877 8.825776132910134 67
1615373855504 8.997358498552122 68
1615373946181 9.302680777821342 69
1615374037495 9.050823708917456 70
1615374128341 10.378191365200184 71
1615374219370 8.673953783836756 72
1615374310285 9.18553256470203 73
1615374401364 8.956480652624927 74
1615374492157 9.3067890784151 75
1615374583351 8.746800238846394 76
1615374674398 9.53696891214648 77
1615374765846 9.449763489002475 78
1615374856733 9.802154382397669 79
1615374947860 9.51738926897551 80
1615375039044 9.756238036881165 81
1615375130362 9.581467996356835 82
1615375221242 8.866751625375823 83
1615375312187 8.70201595591803 84
1615375403470 8.42323934289538 85
1615375494526 8.71169684366912 86
1615375585646 9.472498500964122 87
1615375676626 8.432204130516242 88
1615375767599 8.109778616956763 89
1615375858808 8.967690793395695 90
1615375950082 9.197669465562285 91
1615376041385 8.779588921478192 92
1615376132611 8.90942060476514 93
1615376223866 8.85647026057637 94
1615376315098 9.734782901891354 95
1615376406442 9.262590097923766 96
1615376497538 8.008593960955219 97
1615376588340 8.90301445422477 98
1615376679311 8.518857150144486 99
1615376770244 8.832344087960811 100
1615376860970 9.403516305110175 101
1615376951642 8.382581992346708 102
1615377042320 8.715419888066382 103
1615377133034 8.211678839345412 104
1615377223816 8.18074146955055 105
1615377314521 8.634662541432384 106
1615377405365 8.727029834583536 107
1615377495938 8.64176925318367 108
1615377586700 9.295593329256779 109
1615377677562 8.8958384136487 110
1615377768467 8.746279635737938 111
1615377859357 9.556286624320807 112
1615377950145 7.968950375358798 113
1615378041252 8.038147404949445 114
1615378132073 9.337762266892133 115
1615378222990 8.155666920636984 116
1615378313887 8.964763221101675 117
1615378404872 7.711382991878743 118
1615378495709 8.62521779816252 119
1615378586768 7.7183071285984495 120
1615378677658 8.069268519575736 121
1615378768488 7.879682157109662 122
1615378859333 7.774936846437668 123
1615378950219 8.986334094250502 124
1615379041059 8.185932171478255 125
1615379131900 9.862815281824991 126
1615379222622 10.748936980493964 127
1615379313562 9.673937018739903 128
1615379404377 8.758301593473632 129
1615379495314 8.27698500503044 130
1615379586035 9.224369664665033 131
1615379676888 7.652646066228175 132
1615379767495 7.722247576948031 133
1615379858266 7.769968602312279 134
1615379949040 8.230579870274989 135
1615380039817 7.574368336577989 136
1615380130584 9.242250899337781 137
1615380221480 9.109298713811748 138
1615380311998 8.564685282988492 139
1615380402615 8.924728990648084 140
1615380493553 7.384997603909284 141
1615380584130 7.765304963643998 142
1615380674827 8.674296716989575 143
1615380765749 8.647706396890436 144
1615380856258 8.224589729129798 145
1615380947236 8.25022265183416 146
1615381037683 8.477856509484715 147
1615381128903 7.076150738126864 148
1615381219686 7.585013295273928 149
1615381310547 7.612777634307814 150
1615381401483 8.299704258248845 151
1615381492108 8.086962360817703 152
1615381582549 7.3039672203087935 153
1615381673749 8.502804409627158 154
1615381764556 7.469071310312143 155
1615381855122 7.146439071914668 156
1615381945781 7.479930456611756 157
1615382036447 7.147349680668896 158
1615382127271 7.516234426783445 159
1615382218068 8.576976102880002 160
1615382308816 8.547933775395313 161
1615382399562 7.565186083606441 162
1615382490121 7.064077095400828 163
1615382580874 7.80611031979283 164
1615382671281 7.2986008728613845 165
1615382761888 7.589846153965098 166
1615382852519 7.441588851667146 167
1615382943659 8.21915307358138 168
1615383034480 8.47904355271331 169
1615383125140 8.646831557449142 170
1615383215820 8.244747029695096 171
1615383306517 7.817779915312587 172
1615383397055 7.787636318083426 173
1615383488016 8.365405824990194 174
1615383578610 7.137363663553011 175
1615383669260 7.541510844102977 176
1615383759993 7.671190541261638 177
1615383850931 6.902068409409968 178
1615383941775 7.44489402891154 179
1615384032788 7.750608728598003 180
1615384123417 8.110248001005235 181
1615384214148 7.580798641966573 182
1615384305309 7.654498234481244 183
1615384396389 8.208832336570172 184
1615384487590 7.326141337234013 185
1615384578205 8.085090658413844 186
1615384669070 8.126674781723054 187
1615384759753 7.87141151600314 188
1615384850399 6.461382008095694 189
1615384941448 8.751310601095968 190
1615385031961 7.156429043957962 191
1615385122939 6.973588170973326 192
1615385213634 7.317338748152395 193
1615385304428 7.436893507920113 194
1615385395124 7.960935790314514 195
1615385485930 7.180990422886657 196
1615385576933 7.6259677791628855 197
1615385667770 9.392402797717235 198
1615385758507 8.06000721954573 199
1615385849255 6.34739185914925 200
1615385940150 7.552828547826428 201
1615386031102 7.5817949130894124 202
1615386121918 10.147851994655191 203
1615386212719 8.029415871440824 204
1615386303536 7.939828906694953 205
1615386394375 7.51045197366504 206
1615386485598 8.244812576555512 207
1615386576372 6.466022495673729 208
1615386667263 7.490781963013375 209
1615386758239 8.222246915171224 210
1615386849481 8.890919332229329 211
1615386940192 7.6854789912661365 212
1615387030951 7.335185812581402 213
1615387122065 9.781484317726749 214
1615387213046 7.424910340589271 215
1615387304548 7.587133230353557 216
1615387396510 6.911785404941843 217
1615387487911 8.001110848196088 218
1615387578834 7.901979990919175 219
1615387669940 7.578743384501029 220
1615387760855 7.672662175919846 221
1615387852001 6.957499157073912 222
1615387943023 7.602838294820218 223
1615388033864 6.659835828257259 224
1615388125178 6.599610819808488 225
1615388216220 7.534666119659559 226
1615388307112 7.042829232478577 227
1615388398042 7.45958155220841 228
1615388489176 6.729463207778025 229
1615388582683 8.158966617133954 230
1615388673202 7.183608023189422 231
1615388763906 6.848354892767967 232
1615388854951 8.461280748492232 233
1615388945890 6.842450914633513 234
1615389036748 6.491284224504681 235
1615389127918 7.2837787882571705 236
1615389218894 7.496302293474337 237
1615389309967 7.1758888293845935 238
1615389400887 6.764753095611022 239
1615389492153 7.744949153450903 240
1615389583427 6.965583811611436 241
1615389674665 7.4710052965667835 242
1615389766015 8.201595348553363 243
1615389857112 7.830311688241346 244
1615389948189 7.464771484986302 245
1615390038941 7.237902749186983 246
1615390129720 7.583351773337086 247
1615390220551 7.3149419825261655 248
1615390311279 7.550743053733836 249
1615390402564 8.063428889919352 250
1615390493598 8.884581718058351 251
1615390584493 7.796096044421868 252
1615390675546 7.579430276674324 253
1615390766694 6.75357865273189 254
1615390857381 7.541666783738301 255
1615390948321 7.587804210269517 256
1615391039374 7.712858762743512 257
1615391130218 6.93780329289396 258
1615391221318 7.356186772700801 259
1615391312150 8.582444255989092 260
1615391403458 6.383904355092372 261
1615391494837 7.755716636068857 262
1615391585908 6.8031103297778746 263
1615391676947 9.678372009175037 264
1615391767729 8.376870644873572 265
1615391858566 6.941201627276399 266
1615391949425 6.705493792097271 267
1615392040220 7.016241219310767 268
1615392131207 6.591215016259155 269
1615392222686 7.6015312378266735 270
1615392313444 8.585321994654445 271
1615392404583 6.911434428953258 272
1615392495657 7.954802901006871 273
1615392586647 8.353420758652495 274
1615392677589 7.011830509908745 275
1615392768760 7.66620419695439 276
1615392860174 7.544095051542068 277
1615392951123 8.048995295212658 278
1615393042320 9.329687813532267 279
1615393133406 7.425472507499058 280
1615393224327 8.487732380050407 281
1615393315500 7.505425639910445 282
1615393406692 7.268807313025922 283
1615393497967 7.185500045093155 284
1615393588950 6.983399698809078 285
1615393680092 8.312984814228438 286
1615393771077 7.84812262341307 287
1615393862091 8.387016319037443 288
1615393953510 7.649291036871557 289
1615394044787 6.887816128818898 290
1615394135994 6.751612162444669 291
1615394226930 7.547604421613 292
1615394317756 6.933706209981773 293
1615394408551 6.052700873193769 294
1615394499729 6.755046254475675 295
1615394590738 8.354737344403466 296
1615394681900 7.553524377366871 297
1615394772901 8.076850585723422 298
1615394863717 6.2223584785624375 299
1615394955144 7.546804345247206 300
1615395046431 7.659161647544708 301
1615395137628 7.277284345019184 302
1615395228625 6.124443819375406 303
1615395319300 6.377591005618311 304
1615395410370 6.108850287635099 305
1615395501369 6.644849941040558 306
1615395592306 7.933246781388992 307
1615395683487 6.506985557822882 308
1615395774545 6.156541334162964 309
1615395865527 6.287802566248662 310
1615395956638 6.604720053872751 311
1615396047464 6.821039582409714 312
1615396138552 7.839273458784003 313
1615396230173 9.180556175984236 314
1615396321305 7.252565614411038 315
1615396412511 6.450956144118441 316
1615396503265 6.977191796300332 317
1615396594222 7.15294441699163 318
1615396685187 8.268843932955468 319
1615396776541 9.672228947608806 320
1615396868080 6.653920560468068 321
1615396959306 10.348042636514071 322
1615397050291 8.911320374965538 323
1615397141259 8.132749158732166 324
1615397232350 8.217270591741588 325
1615397323405 6.289652634574126 326
1615397414602 7.084342075251898 327
1615397505603 7.027139009688851 328
1615397597115 7.0643186413423775 329
1615397688608 7.287296896891827 330
1615397780083 7.211920790431467 331
1615397871747 7.926097628155306 332
1615397964182 6.618251931956773 333
1615398055515 8.121448543206482 334
1615398146580 7.179998282899373 335
1615398237654 8.992471179372123 336
1615398328750 7.041956179530404 337
1615398419817 6.21104666272971 338
1615398510761 6.883362155042169 339
1615398601634 7.244670409432438 340
1615398692443 6.267264591544845 341
1615398783319 6.5775762732322995 342
1615398874310 6.306696118170007 343
1615398965290 7.715434374390365 344
1615399056530 7.035492085872883 345
1615399147865 8.176550988454164 346
1615399238735 5.728210327413323 347
1615399329828 6.354646942877835 348
1615399421079 6.123646174305726 349
1615399511980 6.91056223388577 350
1615399602652 6.347598783412339 351
1615399693495 6.5398711839841335 352
1615399784701 7.506717713974333 353
1615399875919 6.710112823231685 354
1615399966880 6.319507574151197 355
1615400057908 6.681665710381077 356
1615400148730 7.495516210467927 357
1615400239864 7.751343026435627 358
1615400331286 7.901943352447108 359
1615400422637 7.538828719228741 360
1615400513966 7.101891933166 361
1615400605327 6.42766540861428 362
1615400696692 8.480000591702765 363
1615400787780 6.568488958088512 364
1615400878778 7.08580003434325 365
1615400970259 7.361314655864284 366
1615401061228 7.340524340231515 367
1615401152566 7.135170345499336 368
1615401243660 7.2829599857947915 369
1615401334473 6.353044612133391 370
1615401425380 6.273895687006365 371
1615401516318 6.8443101943032385 372
1615401607520 6.629945817344609 373
1615401698487 6.663580638192129 374
1615401789445 7.522140094412177 375
1615401880478 6.718549416804529 376
1615401971395 7.292574224890876 377
1615402062461 6.1167020473669345 378
1615402153826 6.693585552389641 379
1615402245003 7.60164817510987 380
1615402335976 7.564259742421984 381
1615402427082 6.716428309375047 382
1615402518404 7.871984227005701 383
1615402609830 6.5526515220370145 384
1615402700775 7.681910124583079 385
1615402791719 6.39554782230889 386
1615402883030 8.581369049306701 387
1615402974383 7.701880116990661 388
1615403066115 6.448531589492643 389
1615403157887 7.240774664679219 390
1615403248831 6.889644437501106 391
1615403340555 5.85860140324691 392
1615403431648 5.952622769129211 393
1615403522776 7.007470127220568 394
1615403613913 6.124904682786245 395
1615403705296 8.966707742089778 396
1615403797026 7.496902367178011 397
1615403887935 7.301230984584332 398
1615403979081 6.705200279728056 399
1615404069906 7.2480773308717925 400
1615404160976 6.482430126924146 401
1615404251909 7.345311934023481 402
1615404343438 7.917162838276217 403
1615404434584 7.182969742080541 404
1615404525771 8.117178143407656 405
1615404616925 9.709005472149197 406
1615404708042 7.225254998926412 407
1615404799280 6.366003696057969 408
1615404890228 6.377494597522211 409
1615404981711 6.250561189834609 410
1615405072992 8.270619274993939 411
1615405164059 6.440389942099722 412
1615405255568 8.107503673943919 413
1615405346752 7.126774569684757 414
1615405437580 7.099261573605193 415
1615405528710 9.03069366308364 416
1615405620248 6.844073044595764 417
1615405711463 6.47780836904035 418
1615405802328 7.208484463168532 419
1615405893528 6.550194098007265 420
1615405984576 6.84683904180725 421
1615406075465 6.2653865381103255 422
1615406166606 8.33636979119783 423
1615406257527 6.44618679224168 424
1615406348850 8.97232263466103 425
1615406439763 7.040843358421351 426
1615406530698 7.305567492420832 427
1615406622230 8.15803692897395 428
1615406712968 7.839392065797081 429
1615406804373 7.735811105589565 430
1615406895531 5.87727562777051 431
1615406987096 7.717476264761936 432
1615407078321 7.380369953391694 433
1615407170266 8.9579897942508 434
1615407261620 6.8075493511929235 435
1615407352836 6.817225364289963 436
1615407443688 6.790688363719689 437
1615407534680 7.769985419079542 438
1615407625416 5.968043337696085 439
1615407716872 8.759248368234646 440
1615407807838 9.34513621948144 441
1615407898673 6.849048107486927 442
1615407989554 6.443307996062586 443
1615408080597 7.288233549970355 444
1615408171074 6.969139854572174 445
1615408262231 5.86438901025016 446
1615408353116 7.485858233705498 447
1615408444018 7.306336944972887 448
1615408535201 7.310750505902527 449
1615408626464 7.730254498200618 450
1615408717579 6.502670029501455 451
1615408808818 10.319862169343775 452
1615408900225 6.7686774080376315 453
1615408991789 8.438480938938087 454
1615409082912 6.267580324152691 455
1615409174503 7.540844278282936 456
1615409267366 8.966471754369028 457
1615409359116 7.040142347599008 458
1615409450587 7.606630869417675 459
1615409543768 7.982889780653845 460
1615409638319 8.000151805916104 461
1615409732210 6.9385919800669695 462
1615409825822 6.706119908029384 463
1615409918290 6.351175429754304 464
1615410011034 7.018487220742346 465
1615410103571 6.8493704933974335 466
1615410196236 8.2533559922818 467
1615410288868 7.137805516398564 468
1615410381140 7.442375995204348 469
1615410473931 7.432548995122887 470
1615410566211 6.183831716006184 471
1615410658400 5.928068548453713 472
1615410750983 6.861383057539597 473
1615410843346 6.427346707084857 474
1615410935823 6.13823904633331 475
1615411028079 6.421987683539481 476
1615411120454 6.347882289854958 477
1615411213223 5.465711114948109 478
1615411305701 8.51109439953275 479
1615411398306 7.114856133819133 480
1615411490833 6.7898926915894044 481
1615411582843 6.805612477688029 482
1615411677920 6.207591683472895 483
1615411770338 7.016626062778207 484
1615411862626 6.266124736379671 485
1615411953579 6.40733555311727 486
1615412044720 6.575155440902645 487
1615412137438 6.468188002690532 488
1615412230719 8.164386456645051 489
1615412323486 8.074410336821328 490
1615412416077 8.321852825552835 491
1615412508383 8.184781590595682 492
1615412600840 6.250182695012438 493
1615412693634 7.1887587002986395 494
1615412786024 6.4423042738010885 495
1615412878419 5.400774438728693 496
1615412970792 5.545228497386103 497
1615413063301 6.513076441908554 498
1615413155487 6.318291576496725 499
