1615659121569 0.6061086576821199 0
1615659121569 0.6061086576821199 0
1615659214186 0.66848782297057 1
1615659214194 0.66848782297057 1
1615659306606 0.6838086364762996 2
1615659306623 0.6838086364762996 2
1615659398976 0.7002273889870119 3
1615659398984 0.7002273889870119 3
1615659491387 0.713698810505778 4
1615659491395 0.713698810505778 4
1615659583656 0.7219203247489472 5
1615659583672 0.7219203247489472 5
1615659675780 0.7330789020431956 6
1615659675780 0.7330789020431956 6
1615659767472 0.7441887157107355 7
1615659767472 0.7441887157107355 7
1615659859390 0.7540036947165258 8
1615659859405 0.7540036947165258 8
1615659951514 0.7625427731882726 9
1615659951514 0.7625427731882726 9
1615660043941 0.7666007474398436 10
1615660043941 0.7666007474398436 10
1615660136157 0.7718860832974315 11
1615660136157 0.7718860832974315 11
1615660228289 0.7769767179888439 12
1615660228289 0.7769767179888439 12
1615660320465 0.782614750660527 13
1615660320473 0.782614750660527 13
1615660412211 0.7867670761078448 14
1615660412227 0.7867670761078448 14
1615660503934 0.7913332275886422 15
1615660503934 0.7913332275886422 15
1615660596011 0.7953154741311357 16
1615660596011 0.7953154741311357 16
1615660688018 0.7984013984112647 17
1615660688018 0.7984013984112647 17
1615660780023 0.8005412835759482 18
1615660780023 0.8005412835759482 18
1615660872120 0.8025652117054187 19
1615660872120 0.8025652117054187 19
1615660964023 0.8054122278796457 20
1615660964023 0.8054122278796457 20
1615661055849 0.8081887266857695 21
1615661055849 0.8081887266857695 21
1615661147728 0.8108165380771597 22
1615661147728 0.8108165380771597 22
1615661239579 0.813331679800127 23
1615661239579 0.813331679800127 23
1615661332389 0.8145549208926621 24
1615661332389 0.8145549208926621 24
1615661424077 0.8161651893581953 25
1615661424077 0.8161651893581953 25
1615661516193 0.8178698174416559 26
1615661516193 0.8178698174416559 26
1615661607913 0.8196330844565656 27
1615661607913 0.8196330844565656 27
1615661699542 0.8212643551419248 28
1615661699542 0.8212643551419248 28
1615661791850 0.8230887248797056 29
1615661791850 0.8230887248797056 29
1615661883837 0.8247095662320271 30
1615661883837 0.8247095662320271 30
1615661976131 0.826271717504376 31
1615661976131 0.826271717504376 31
1615662067898 0.827780186757614 32
1615662067898 0.827780186757614 32
1615662159583 0.8291668254110222 33
1615662159583 0.8291668254110222 33
1615662251430 0.830513299193019 34
1615662251445 0.830513299193019 34
1615662343042 0.8316229069327465 35
1615662343042 0.8316229069327465 35
1615662434822 0.8326147647049339 36
1615662434822 0.8326147647049339 36
1615662526328 0.8331510602494372 37
1615662526328 0.8331510602494372 37
1615662618030 0.8331879039494259 38
1615662618030 0.8331879039494259 38
1615662709869 0.8340046223822928 39
1615662709869 0.8340046223822928 39
1615662802051 0.8349303420704953 40
1615662802051 0.8349303420704953 40
1615662895106 0.8359991986987625 41
1615662895106 0.8359991986987625 41
1615662986934 0.8369106994576544 42
1615662986934 0.8369106994576544 42
1615663078574 0.8378519017585482 43
1615663078574 0.8378519017585482 43
1615663170627 0.8383225583886823 44
1615663170627 0.8383225583886823 44
1615663263009 0.8391976227922188 45
1615663263009 0.8391976227922188 45
1615663354922 0.8399997114302356 46
1615663354922 0.8399997114302356 46
1615663446734 0.8408375788452243 47
1615663446734 0.8408375788452243 47
1615663539147 0.8416053856990521 48
1615663539147 0.8416053856990521 48
1615663630498 0.8424588953092027 49
1615663630498 0.8424588953092027 49
1615663722655 0.8432528668170195 50
1615663722655 0.8432528668170195 50
1615663815170 0.8439804971384912 51
1615663815170 0.8439804971384912 51
1615663907296 0.8446618000455084 52
1615663907296 0.8446618000455084 52
1615663999111 0.8453773436331663 53
1615663999111 0.8453773436331663 53
1615664091311 0.8460066635439644 54
1615664091326 0.8460066635439644 54
1615664183236 0.8467241632901051 55
1615664183236 0.8467241632901051 55
1615664274939 0.8474516241076447 56
1615664274939 0.8474516241076447 56
1615664366552 0.8480846296422608 57
1615664366567 0.8480846296422608 57
1615664458632 0.8487466120366322 58
1615664458632 0.8487466120366322 58
1615664550833 0.8493726790562939 59
1615664550833 0.8493726790562939 59
1615664643047 0.8499608354559584 60
1615664643047 0.8499608354559584 60
1615664735326 0.8505485583909238 61
1615664735326 0.8505485583909238 61
1615664827166 0.8511354429878997 62
1615664827166 0.8511354429878997 62
1615664918708 0.851607229023713 63
1615664918708 0.851607229023713 63
1615665010250 0.8517121062623646 64
1615665010265 0.8517121062623646 64
1615665101938 0.8520900265245024 65
1615665101938 0.8520900265245024 65
1615665193902 0.8525944232233622 66
1615665193902 0.8525944232233622 66
1615665285620 0.8524924594339855 67
1615665285620 0.8524924594339855 67
1615665377357 0.8527155204086032 68
1615665377357 0.8527155204086032 68
1615665468806 0.8530977120547533 69
1615665468822 0.8530977120547533 69
1615665560514 0.8534622595422102 70
1615665560514 0.8534622595422102 70
1615665652607 0.8537669739767809 71
1615665652607 0.8537669739767809 71
1615665745057 0.8539564567834192 72
1615665745057 0.8539564567834192 72
1615665836651 0.8543716485252564 73
1615665836651 0.8543716485252564 73
1615665928730 0.8547758598781343 74
1615665928730 0.8547758598781343 74
1615666020471 0.8552087006661732 75
1615666020471 0.8552087006661732 75
1615666112138 0.8556442219943794 76
1615666112138 0.8556442219943794 76
1615666203535 0.8560691783714353 77
1615666203535 0.8560691783714353 77
1615666295059 0.856516636271806 78
1615666295059 0.856516636271806 78
1615666386707 0.8568538949407859 79
1615666386707 0.8568538949407859 79
1615666478549 0.8572291564385117 80
1615666478549 0.8572291564385117 80
1615666570619 0.8575973579511562 81
1615666570619 0.8575973579511562 81
1615666661929 0.8578722408857626 82
1615666661929 0.8578722408857626 82
1615666753610 0.8581605127680975 83
1615666753610 0.8581605127680975 83
1615666845616 0.858491838037235 84
1615666845616 0.858491838037235 84
1615666937258 0.8588743825397509 85
1615666937258 0.8588743825397509 85
1615667029052 0.8592744143333029 86
1615667029052 0.8592744143333029 86
1615667120883 0.8595994809551452 87
1615667120883 0.8595994809551452 87
1615667212548 0.859925342443534 88
1615667212564 0.859925342443534 88
1615667304213 0.8602756459581022 89
1615667304213 0.8602756459581022 89
1615667396074 0.8606396519492079 90
1615667396074 0.8606396519492079 90
1615667488826 0.8609735309959213 91
1615667488826 0.8609735309959213 91
1615667580954 0.861302945269635 92
1615667580954 0.861302945269635 92
1615667672601 0.8616546277606268 93
1615667672601 0.8616546277606268 93
1615667764578 0.8620186779001334 94
1615667764578 0.8620186779001334 94
1615667857121 0.8623881383059983 95
1615667857121 0.8623881383059983 95
1615667948852 0.8627712613269446 96
1615667948859 0.8627712613269446 96
1615668041134 0.8631269652186517 97
1615668041134 0.8631269652186517 97
1615668133149 0.8634779432328797 98
1615668133149 0.8634779432328797 98
1615668225231 0.8637956238715951 99
1615668225231 0.8637956238715951 99
1615668318003 0.864166303507921 100
1615668318003 0.864166303507921 100
1615668410691 0.8645172632755349 101
1615668410691 0.8645172632755349 101
1615668502917 0.8648653495730205 102
1615668502917 0.8648653495730205 102
1615668595813 0.8651984733263144 103
1615668595829 0.8651984733263144 103
1615668687772 0.8655309203156953 104
1615668687772 0.8655309203156953 104
1615668779505 0.8658802990238537 105
1615668779505 0.8658802990238537 105
1615668871154 0.866229596286534 106
1615668871154 0.866229596286534 106
1615668962805 0.8665387117704958 107
1615668962805 0.8665387117704958 107
1615669054601 0.8668437284656817 108
1615669054601 0.8668437284656817 108
1615669146401 0.8671973314656897 109
1615669146401 0.8671973314656897 109
1615669238628 0.8675580123709673 110
1615669238628 0.8675580123709673 110
1615669331495 0.8678705012316563 111
1615669331495 0.8678705012316563 111
1615669424529 0.8682077514026632 112
1615669424529 0.8682077514026632 112
1615669517212 0.8685142468533283 113
1615669517212 0.8685142468533283 113
1615669610208 0.868802651680769 114
1615669610208 0.868802651680769 114
1615669703198 0.8691044220929975 115
1615669703198 0.8691044220929975 115
1615669795714 0.869415987708318 116
1615669795714 0.869415987708318 116
1615669888023 0.8697488959120054 117
1615669888023 0.8697488959120054 117
1615669980962 0.8700820020111818 118
1615669980962 0.8700820020111818 118
1615670073656 0.8703871160810489 119
1615670073656 0.8703871160810489 119
1615670166628 0.8706800736228664 120
1615670166628 0.8706800736228664 120
1615670259399 0.8709578446055832 121
1615670259399 0.8709578446055832 121
1615670351450 0.8712566210940875 122
1615670351450 0.8712566210940875 122
1615670443752 0.8715397543607922 123
1615670443752 0.8715397543607922 123
1615670535568 0.8717198933051593 124
1615670535568 0.8717198933051593 124
1615670627746 0.8717163516099533 125
1615670627746 0.8717163516099533 125
1615670719951 0.8717994837298112 126
1615670719967 0.8717994837298112 126
1615670811969 0.8719817745184817 127
1615670811985 0.8719817745184817 127
1615670904154 0.8722099526185659 128
1615670904154 0.8722099526185659 128
1615670996874 0.8724569754754155 129
1615670996874 0.8724569754754155 129
1615671089647 0.8727097794094388 130
1615671089647 0.8727097794094388 130
1615671182640 0.8729576636914522 131
1615671182640 0.8729576636914522 131
1615671275907 0.8732165376305739 132
1615671275907 0.8732165376305739 132
1615671368515 0.8734918125040163 133
1615671368515 0.8734918125040163 133
1615671461478 0.8737343779885024 134
1615671461478 0.8737343779885024 134
1615671554164 0.873975855713715 135
1615671554164 0.873975855713715 135
1615671647293 0.8742371765588841 136
1615671647293 0.8742371765588841 136
1615671739416 0.8744739997763732 137
1615671739416 0.8744739997763732 137
1615671831812 0.8747192421026226 138
1615671831812 0.8747192421026226 138
1615671924247 0.8749839456454078 139
1615671924247 0.8749839456454078 139
1615672016548 0.8752234967570778 140
1615672016548 0.8752234967570778 140
1615672109342 0.8754932310221537 141
1615672109342 0.8754932310221537 141
1615672202059 0.8757683103963423 142
1615672202059 0.8757683103963423 142
1615672293971 0.8760175842515333 143
1615672293971 0.8760175842515333 143
1615672386650 0.8762870529349231 144
1615672386650 0.8762870529349231 144
1615672479327 0.8765306676576301 145
1615672479327 0.8765306676576301 145
1615672571946 0.8767973461964429 146
1615672571946 0.8767973461964429 146
1615672664724 0.8770520380431782 147
1615672664724 0.8770520380431782 147
1615672757565 0.877292711164966 148
1615672757565 0.877292711164966 148
1615672850538 0.8775341185460339 149
1615672850538 0.8775341185460339 149
1615672943732 0.8777770918023566 150
1615672943747 0.8777770918023566 150
1615673036354 0.8780289572149292 151
1615673036354 0.8780289572149292 151
1615673128602 0.8782635667647412 152
1615673128602 0.8782635667647412 152
1615673221059 0.8785156316616192 153
1615673221059 0.8785156316616192 153
1615673313791 0.8787420234566247 154
1615673313791 0.8787420234566247 154
1615673406905 0.8789948803125682 155
1615673406921 0.8789948803125682 155
1615673500016 0.8791871416475544 156
1615673500016 0.8791871416475544 156
1615673592581 0.879327500916436 157
1615673592581 0.879327500916436 157
1615673685502 0.8795110607734982 158
1615673685502 0.8795110607734982 158
1615673778334 0.8797153214416674 159
1615673778334 0.8797153214416674 159
1615673871337 0.8799149538799145 160
1615673871337 0.8799149538799145 160
1615673963954 0.8801267582244287 161
1615673963954 0.8801267582244287 161
1615674056701 0.8803636621482236 162
1615674056701 0.8803636621482236 162
1615674149497 0.880593781646654 163
1615674149497 0.880593781646654 163
1615674242432 0.8807872224391878 164
1615674242432 0.8807872224391878 164
1615674335310 0.8809763128827197 165
1615674335310 0.8809763128827197 165
1615674428173 0.8811864645502256 166
1615674428173 0.8811864645502256 166
1615674521091 0.8813935062843397 167
1615674521091 0.8813935062843397 167
1615674613532 0.8816067218908169 168
1615674613532 0.8816067218908169 168
1615674706279 0.8818098620162448 169
1615674706279 0.8818098620162448 169
1615674798978 0.882013859066511 170
1615674798978 0.882013859066511 170
1615674891779 0.882249405299834 171
1615674891779 0.882249405299834 171
1615674983641 0.8824670219302342 172
1615674983641 0.8824670219302342 172
1615675076325 0.8826870996390623 173
1615675076325 0.8826870996390623 173
1615675169249 0.8828872448720657 174
1615675169249 0.8828872448720657 174
1615675261993 0.8831067369306861 175
1615675261993 0.8831067369306861 175
1615675354818 0.883307356721299 176
1615675354818 0.883307356721299 176
1615675447413 0.8835227734098623 177
1615675447413 0.8835227734098623 177
1615675540163 0.883720718295607 178
1615675540163 0.883720718295607 178
1615675632852 0.8839405481884283 179
1615675632852 0.8839405481884283 179
1615675725688 0.8841504668214063 180
1615675725688 0.8841504668214063 180
1615675818779 0.8843507156996809 181
1615675818779 0.8843507156996809 181
1615675911958 0.8845472780753821 182
1615675911958 0.8845472780753821 182
1615676005031 0.8847507935949274 183
1615676005031 0.8847507935949274 183
1615676097777 0.8849473886098675 184
1615676097777 0.8849473886098675 184
1615676190592 0.885150738835904 185
1615676190592 0.885150738835904 185
1615676283696 0.8853281320339048 186
1615676283696 0.8853281320339048 186
1615676376282 0.8855066556156999 187
1615676376282 0.8855066556156999 187
1615676469508 0.8856751481236597 188
1615676469508 0.8856751481236597 188
1615676562143 0.8858754299124537 189
1615676562143 0.8858754299124537 189
1615676654882 0.8860743689274588 190
1615676654882 0.8860743689274588 190
1615676748039 0.8862500194794922 191
1615676748039 0.8862500194794922 191
1615676840796 0.8864442057865523 192
1615676840796 0.8864442057865523 192
1615676933785 0.8866384089638509 193
1615676933785 0.8866384089638509 193
1615677026887 0.8868181719954018 194
1615677026887 0.8868181719954018 194
1615677120074 0.8870115662898566 195
1615677120074 0.8870115662898566 195
1615677213219 0.8871895874391744 196
1615677213219 0.8871895874391744 196
1615677306335 0.8873353882232361 197
1615677306335 0.8873353882232361 197
1615677399133 0.887466204980148 198
1615677399133 0.887466204980148 198
1615677492296 0.8876450097499723 199
1615677492296 0.8876450097499723 199
1615677585454 0.8878082276268077 200
1615677585454 0.8878082276268077 200
1615677678596 0.8879896609950221 201
1615677678596 0.8879896609950221 201
1615677771054 0.8881495347237354 202
1615677771054 0.8881495347237354 202
1615677863879 0.8883383474717469 203
1615677863879 0.8883383474717469 203
1615677957152 0.8885081608375942 204
1615677957152 0.8885081608375942 204
1615678049697 0.888678985804 205
1615678049697 0.888678985804 205
1615678142404 0.888834248256693 206
1615678142404 0.888834248256693 206
1615678235603 0.8890038714808308 207
1615678235603 0.8890038714808308 207
1615678328296 0.8891524203365885 208
1615678328296 0.8891524203365885 208
1615678421532 0.8893344533707161 209
1615678421532 0.8893344533707161 209
1615678514520 0.8895253029940422 210
1615678514520 0.8895253029940422 210
1615678606721 0.8897234454328237 211
1615678606737 0.8897234454328237 211
1615678699800 0.8899062187597861 212
1615678699800 0.8899062187597861 212
1615678792733 0.8900799871572916 213
1615678792733 0.8900799871572916 213
1615678885605 0.89024117376367 214
1615678885605 0.89024117376367 214
1615678977839 0.8904044686220978 215
1615678977839 0.8904044686220978 215
1615679071292 0.8905659557578776 216
1615679071292 0.8905659557578776 216
1615679164057 0.8907241922182555 217
1615679164057 0.8907241922182555 217
1615679256571 0.8908777445344516 218
1615679256571 0.8908777445344516 218
1615679349622 0.8910540098316837 219
1615679349622 0.8910540098316837 219
1615679442285 0.8912207827207497 220
1615679442285 0.8912207827207497 220
1615679535392 0.8913903121063952 221
1615679535392 0.8913903121063952 221
1615679628318 0.8915389285177706 222
1615679628318 0.8915389285177706 222
1615679721574 0.8916758624980771 223
1615679721574 0.8916758624980771 223
1615679814858 0.8918398362709515 224
1615679814858 0.8918398362709515 224
1615679908352 0.8919930464588475 225
1615679908352 0.8919930464588475 225
1615680001615 0.8921382102224473 226
1615680001615 0.8921382102224473 226
1615680094533 0.8922902796559892 227
1615680094533 0.8922902796559892 227
1615680188102 0.8924438255236115 228
1615680188102 0.8924438255236115 228
1615680281599 0.892589529874474 229
1615680281599 0.892589529874474 229
1615680374643 0.8927201592228805 230
1615680374643 0.8927201592228805 230
1615680467462 0.8928629838076874 231
1615680467462 0.8928629838076874 231
1615680560345 0.8930168778108003 232
1615680560345 0.8930168778108003 232
1615680653633 0.8931532041723932 233
1615680653633 0.8931532041723932 233
1615680746768 0.8933134397553918 234
1615680746768 0.8933134397553918 234
1615680839785 0.8934656188100228 235
1615680839801 0.8934656188100228 235
1615680932645 0.8936193955287882 236
1615680932645 0.8936193955287882 236
1615681025715 0.8937768411163692 237
1615681025715 0.8937768411163692 237
1615681118842 0.8939017063500072 238
1615681118842 0.8939017063500072 238
1615681212108 0.8940440552026512 239
1615681212108 0.8940440552026512 239
1615681305046 0.8941957787585498 240
1615681305046 0.8941957787585498 240
1615681398183 0.8943306139303961 241
1615681398183 0.8943306139303961 241
1615681491845 0.8944738708254809 242
1615681491845 0.8944738708254809 242
1615681584863 0.8946241569612561 243
1615681584863 0.8946241569612561 243
1615681678349 0.8947483601450845 244
1615681678349 0.8947483601450845 244
1615681771220 0.8948907254286584 245
1615681771220 0.8948907254286584 245
1615681864126 0.8950144095847529 246
1615681864126 0.8950144095847529 246
1615681957154 0.8951486659679716 247
1615681957154 0.8951486659679716 247
1615682050583 0.8952658790426238 248
1615682050583 0.8952658790426238 248
1615682143419 0.8954027113367371 249
1615682143419 0.8954027113367371 249
