1615659121569 0.39307445109780154 0
1615659214186 0.3157763054121786 1
1615659306606 0.295569038213189 2
1615659398976 0.2766087001829005 3
1615659491387 0.26153710742494957 4
1615659583656 0.2524910409059098 5
1615659675780 0.24119232521890835 6
1615659767472 0.23041312174120948 7
1615659859390 0.22089158085052846 8
1615659951506 0.21271497144627927 9
1615660043941 0.2084371830100444 10
1615660136142 0.20345320889902352 11
1615660228287 0.1985108914659984 12
1615660320465 0.19325946446166617 13
1615660412211 0.18925241813137758 14
1615660503934 0.1849917805572944 15
1615660596011 0.18134493588145312 16
1615660688018 0.17846507970768818 17
1615660780007 0.17647711769952049 18
1615660872104 0.17452039598529018 19
1615660964023 0.17192406966149087 20
1615661055849 0.16934760511325853 21
1615661147728 0.16698277538121326 22
1615661239579 0.16464464929862996 23
1615661332389 0.16346529690187367 24
1615661424077 0.16196061525361272 25
1615661516193 0.1603876740448774 26
1615661607913 0.15875373167523948 27
1615661699542 0.1572144748743698 28
1615661791835 0.15556630634549834 29
1615661883837 0.15406027262636712 30
1615661976116 0.1525907154514718 31
1615662067882 0.1512017834785026 32
1615662159575 0.14994651592018518 33
1615662251430 0.14871945243908646 34
1615662343034 0.14770191386465603 35
1615662434822 0.14677919544198423 36
1615662526312 0.1462825124692654 37
1615662618030 0.14621957197893723 38
1615662709869 0.14546694321863682 39
1615662802051 0.1446174946662769 40
1615662895106 0.14362943299543626 41
1615662986934 0.1427995017194698 42
1615663078574 0.14193940114133877 43
1615663170627 0.14152287367366834 44
1615663263009 0.14074480483316892 45
1615663354922 0.14002715008112693 46
1615663446734 0.13926143104683106 47
1615663539147 0.13854777457109135 48
1615663630498 0.13777645242747974 49
1615663722655 0.1370689945853102 50
1615663815170 0.13641288837184862 51
1615663907296 0.13580012103263103 52
1615663999111 0.135147250822198 53
1615664091311 0.13457987832570173 54
1615664183236 0.13391023464421473 55
1615664274939 0.1332441541061691 56
1615664366552 0.13267205999919696 57
1615664458632 0.13206590438775703 58
1615664550833 0.13149021973657368 59
1615664643047 0.13094850579071138 60
1615664735326 0.13042032778923132 61
1615664827166 0.12988043869312724 62
1615664918708 0.12943114015037444 63
1615665010250 0.1293116728145411 64
1615665101938 0.1289585951710653 65
1615665193902 0.12849156301253675 66
1615665285620 0.12856780547285623 67
1615665377347 0.12836057139814816 68
1615665468806 0.1280148043180071 69
1615665560514 0.12768298343672882 70
1615665652607 0.12741068288510907 71
1615665745057 0.12722865990689622 72
1615665836651 0.12685136463960459 73
1615665928730 0.12648173691621467 74
1615666020471 0.1261019706726074 75
1615666112128 0.12570834496058703 76
1615666203527 0.125317015423886 77
1615666295059 0.12490760424221348 78
1615666386707 0.12459821218430105 79
1615666478549 0.12425490568548314 80
1615666570619 0.1239310623213383 81
1615666661929 0.12369011303135613 82
1615666753610 0.12343219087830486 83
1615666845616 0.12313805400958913 84
1615666937243 0.1228022689477556 85
1615667029052 0.12244678799335863 86
1615667120883 0.12215395906644405 87
1615667212548 0.12185183297902091 88
1615667304213 0.12153998678596459 89
1615667396074 0.12120431056467652 90
1615667488826 0.12090361104778932 91
1615667580954 0.12059870686084918 92
1615667672585 0.12027343147025861 93
1615667764563 0.11994053621696658 94
1615667857121 0.11960133743375095 95
1615667948852 0.1192592128201033 96
1615668041134 0.1189345383277362 97
1615668133149 0.11862392924623794 98
1615668225231 0.11834811814685367 99
1615668318003 0.11802009042686597 100
1615668410691 0.11770549392993247 101
1615668502917 0.11739037685023929 102
1615668595813 0.11710126922988727 103
1615668687772 0.11680262087081117 104
1615668779505 0.11649397128033188 105
1615668871154 0.11618251682641467 106
1615668962805 0.11590206545647368 107
1615669054601 0.11562232707243138 108
1615669146401 0.1153110985597406 109
1615669238612 0.11498589940139711 110
1615669331480 0.11470141359515536 111
1615669424514 0.11439957795535505 112
1615669517212 0.11412315692193659 113
1615669610208 0.11386962840496757 114
1615669703198 0.11359997012384515 115
1615669795698 0.11332468546110537 116
1615669888023 0.11302164386955056 117
1615669980962 0.1127218703516122 118
1615670073656 0.11244918133933747 119
1615670166628 0.11218864942458669 120
1615670259399 0.11194394905496582 121
1615670351450 0.11168066371978595 122
1615670443752 0.11142801808002308 123
1615670535568 0.11126157739269199 124
1615670627746 0.11126313753050103 125
1615670719951 0.11118493573704005 126
1615670811969 0.11101464243299926 127
1615670904154 0.11080690742187253 128
1615670996874 0.11058612194181722 129
1615671089647 0.11035906078061117 130
1615671182640 0.11014242812633947 131
1615671275892 0.10991116799351451 132
1615671368515 0.10966320307649413 133
1615671461478 0.10945131582341319 134
1615671554164 0.10923695213000328 135
1615671647293 0.10901155938301124 136
1615671739416 0.10880183522484144 137
1615671831812 0.10858131474561804 138
1615671924247 0.1083485253075801 139
1615672016548 0.10814009764414813 140
1615672109342 0.10789605626193872 141
1615672202059 0.10765323295136382 142
1615672293956 0.10743420348065608 143
1615672386634 0.10719549982313392 144
1615672479327 0.10697598008625935 145
1615672571946 0.10673499862026209 146
1615672664724 0.10651007150992986 147
1615672757565 0.10629807432178123 148
1615672850531 0.10607996043874257 149
1615672943732 0.1058666229401227 150
1615673036354 0.10564626014124946 151
1615673128602 0.1054363892364707 152
1615673221059 0.10521304104812944 153
1615673313775 0.10500766306929023 154
1615673406905 0.10478292296683704 155
1615673500016 0.10461172727546218 156
1615673592581 0.10448679327401734 157
1615673685502 0.10432611867585431 158
1615673778334 0.10414216451124472 159
1615673871322 0.10396905372281377 160
1615673963938 0.10378384193114121 161
1615674056701 0.10356810943578895 162
1615674149497 0.10335931116270945 163
1615674242432 0.10319059569066819 164
1615674335310 0.10302417982162666 165
1615674428173 0.10283467831736504 166
1615674521089 0.10264883036298288 167
1615674613532 0.10245812697260247 168
1615674706279 0.1022829814999642 169
1615674798978 0.10210351587808959 170
1615674891779 0.10189903707232839 171
1615674983641 0.10170395949106761 172
1615675076325 0.10151003108647949 173
1615675169249 0.10133224790284377 174
1615675261993 0.10113662597565351 175
1615675354818 0.10096197329239802 176
1615675447413 0.1007716899727408 177
1615675540163 0.10059791860017453 178
1615675632852 0.10040668315357636 179
1615675725688 0.10021826252556308 180
1615675818779 0.10004202455736802 181
1615675911958 0.09986982586410853 182
1615676005031 0.09969883142818813 183
1615676097777 0.09952703712447226 184
1615676190592 0.09934950823329311 185
1615676283696 0.09919274721515565 186
1615676376282 0.09903699224451003 187
1615676469492 0.09888712231849109 188
1615676562143 0.09871279486782052 189
1615676654882 0.098540349813181 190
1615676748039 0.09838385279962232 191
1615676840789 0.0982193010753679 192
1615676933785 0.09804778401531394 193
1615677026887 0.09788609244017783 194
1615677120074 0.0977160857330544 195
1615677213219 0.09755893578736369 196
1615677306335 0.09742936104217055 197
1615677399133 0.09731595149448291 198
1615677492296 0.0971627807083415 199
1615677585454 0.09701809352797006 200
1615677678596 0.0968571143337415 201
1615677771054 0.09671195875449305 202
1615677863863 0.0965488266275053 203
1615677957136 0.09639921801108473 204
1615678049697 0.0962454252416821 205
1615678142404 0.09610340620000052 206
1615678235603 0.09595578296450061 207
1615678328296 0.0958239447557185 208
1615678421532 0.09566810662727793 209
1615678514520 0.0955025764640592 210
1615678606721 0.09533180849077469 211
1615678699800 0.0951705116562733 212
1615678792733 0.09501575495362334 213
1615678885605 0.09486941480669701 214
1615678977839 0.09472446673693351 215
1615679071292 0.09458363084880334 216
1615679164050 0.09444446495897263 217
1615679256571 0.09430537370948766 218
1615679349622 0.09414773041551766 219
1615679442285 0.09400081711407333 220
1615679535392 0.09385270294650072 221
1615679628318 0.09372037320433514 222
1615679721574 0.0935995254093714 223
1615679814858 0.09345331870501318 224
1615679908352 0.09331855075533493 225
1615680001615 0.09318812238416839 226
1615680094533 0.09305380757300138 227
1615680188087 0.09292078697641806 228
1615680281599 0.09279138745617978 229
1615680374643 0.09267864366630459 230
1615680467446 0.09255100076522525 231
1615680560345 0.09241331929804983 232
1615680653633 0.09228743324779802 233
1615680746768 0.09215064012425106 234
1615680839785 0.09201438900280266 235
1615680932645 0.09187869284959127 236
1615681025715 0.0917420546689746 237
1615681118842 0.09162945395398021 238
1615681212108 0.09150416063357943 239
1615681305046 0.09137308557328702 240
1615681398183 0.09125234180583722 241
1615681491845 0.09112863586485061 242
1615681584848 0.09099802870694425 243
1615681678349 0.09088741271480569 244
1615681771220 0.09076411594842305 245
1615681864126 0.09065514342994789 246
1615681957154 0.09053709002487006 247
1615682050583 0.0904357347250885 248
1615682143419 0.09031571192172036 249
