1615659121569 23.08537399575765 0
1615659214186 18.359155298773807 1
1615659306606 20.902807028554715 2
1615659398976 17.217749529198525 3
1615659491387 16.304318562879853 4
1615659583656 17.473026254182248 5
1615659675780 14.176939637244372 6
1615659767472 13.048077147602967 7
1615659859390 12.268965696606976 8
1615659951506 12.301968145634198 9
1615660043941 15.201672722148196 10
1615660136142 12.629067922556436 11
1615660228279 12.871382987236679 12
1615660320465 11.779769501749117 13
1615660412211 12.319745674890326 14
1615660503919 11.54924983677508 15
1615660596011 11.607488518207296 16
1615660688018 12.236908114337773 17
1615660780007 13.218766619625379 18
1615660872104 13.192706528390982 19
1615660964023 11.486028552262903 20
1615661055849 11.229366178073084 21
1615661147728 11.304444917448029 22
1615661239563 11.182247953189288 23
1615661332374 12.562260677273665 24
1615661424069 10.624943652207214 25
1615661516178 12.057116442578144 26
1615661607913 10.753606622842932 27
1615661699526 12.159849326579936 28
1615661791835 11.395595693825411 29
1615661883837 10.35577733510643 30
1615661976116 12.074026249445957 31
1615662067882 11.142407481833411 32
1615662159575 10.440970983283506 33
1615662251430 10.769370937680495 34
1615662343034 10.565370440306625 35
1615662434806 11.386444763887102 36
1615662526312 12.322354381680695 37
1615662618014 12.731863885370894 38
1615662709869 11.131975164116206 39
1615662802051 10.444243056152402 40
1615662895106 10.93674406256031 41
1615662986934 12.421255359543194 42
1615663078558 10.604263244283803 43
1615663170621 11.87894424402955 44
1615663262993 11.344004249333059 45
1615663354922 11.168241850544309 46
1615663446734 9.860033035980091 47
1615663539147 10.850980799790765 48
1615663630482 9.969647659512164 49
1615663722655 10.331975875523332 50
1615663815170 11.044626232290915 51
1615663907296 10.0010501426303 52
1615663999095 11.291203602715942 53
1615664091311 9.809033197613784 54
1615664183236 9.356977864995487 55
1615664274923 9.37496641024843 56
1615664366552 10.149645931326729 57
1615664458632 10.040445428737229 58
1615664550817 9.086425080754886 59
1615664643047 9.878764199365587 60
1615664735326 8.908846598416877 61
1615664827166 9.997246295274838 62
1615664918708 10.372725311992978 63
1615665010250 12.036449520517216 64
1615665101938 10.572889461445936 65
1615665193902 9.628733458567728 66
1615665285620 12.875969479521878 67
1615665377347 10.803428541308186 68
1615665468806 10.215618360247296 69
1615665560498 10.309918003689141 70
1615665652600 9.91123875166035 71
1615665745057 10.893077275314452 72
1615665836651 9.814427176015737 73
1615665928720 9.99710313231308 74
1615666020471 9.278245435917814 75
1615666112128 9.289250753562005 76
1615666203527 9.178487501900381 77
1615666295059 9.033411106713531 78
1615666386692 9.851926004686256 79
1615666478549 10.362179876047325 80
1615666570611 10.43753187624623 81
1615666661929 10.767851366963646 82
1615666753594 10.617975545863782 83
1615666845616 9.540957177649418 84
1615666937243 8.901710121471424 85
1615667029037 9.369549419038327 86
1615667120883 9.94965515994597 87
1615667212548 9.588129956458673 88
1615667304213 10.015705327985122 89
1615667396058 9.083762237987271 90
1615667488820 8.945291228192762 91
1615667580954 9.41121271795731 92
1615667672585 9.156386255380957 93
1615667764563 9.07948286000675 94
1615667857105 8.63014218392674 95
1615667948852 8.768942329787198 96
1615668041118 8.615863810406651 97
1615668133149 8.708238157695126 98
1615668225216 9.016238702174082 99
1615668317988 8.651795851726977 100
1615668410691 8.819729250134955 101
1615668502901 8.34860914243734 102
1615668595813 8.825659295672304 103
1615668687772 8.7573995082932 104
1615668779505 8.560373149499355 105
1615668871154 8.153466049873055 106
1615668962805 8.618119168053498 107
1615669054586 8.577128877506714 108
1615669146401 8.276302210228366 109
1615669238612 8.540749805829664 110
1615669331480 8.297895719809176 111
1615669424514 8.54580669593738 112
1615669517212 7.956224384465331 113
1615669610208 8.46770513406522 114
1615669703182 7.967307322826312 115
1615669795698 8.717456069351035 116
1615669888007 7.861076971741538 117
1615669980962 8.655312138510338 118
1615670073656 7.70110263904299 119
1615670166628 8.207756331824362 120
1615670259383 9.000176275620424 121
1615670351450 7.879261487009705 122
1615670443752 7.705725729435468 123
1615670535568 11.453024205397059 124
1615670627746 10.84353652141012 125
1615670719951 10.132689307713516 126
1615670811969 10.569896320915412 127
1615670904139 9.347505129031719 128
1615670996874 7.972965797650549 129
1615671089632 8.620679136167206 130
1615671182640 8.15993043855827 131
1615671275892 9.131281787671018 132
1615671368515 7.551948410494073 133
1615671461462 8.746836561014087 134
1615671554164 7.9274625647468255 135
1615671647287 8.718155850899395 136
1615671739401 8.282630857792933 137
1615671831812 7.426255107019405 138
1615671924247 7.822590549877523 139
1615672016548 8.56579437095886 140
1615672109342 8.152207423119714 141
1615672202059 7.624365791901064 142
1615672293956 8.898746110948931 143
1615672386634 7.47751731875681 144
1615672479327 7.409401817313612 145
1615672571931 7.9463553786437995 146
1615672664708 8.195650777280571 147
1615672757549 7.214626133299776 148
1615672850531 7.351682398138286 149
1615672943732 8.015581705511707 150
1615673036338 7.434541979367664 151
1615673128586 7.980863668330486 152
1615673221059 8.385167540592688 153
1615673313775 6.974315166249909 154
1615673406905 7.100972965969531 155
1615673500016 8.753960584606158 156
1615673592565 9.777207195418574 157
1615673685487 8.10794138336567 158
1615673778334 8.28063895067741 159
1615673871322 7.229952189276702 160
1615673963938 7.744780457732237 161
1615674056701 6.8940597458571125 162
1615674149482 8.617175002862385 163
1615674242432 8.179564059659487 164
1615674335310 7.7243576690330125 165
1615674428166 8.186655810660433 166
1615674521073 9.087602795288683 167
1615674613516 7.13911645358847 168
1615674706279 7.393501611299753 169
1615674798978 8.649505029000437 170
1615674891779 7.003474183619905 171
1615674983641 8.378973314942208 172
1615675076310 7.630424801665404 173
1615675169249 7.009331519751839 174
1615675261993 7.034746197624462 175
1615675354818 7.2686360592755985 176
1615675447413 6.6559773645315135 177
1615675540157 7.9422261684183555 178
1615675632852 7.642200627353155 179
1615675725672 6.961093737129875 180
1615675818779 6.539457062571487 181
1615675911958 7.073542726085248 182
1615676005015 7.674705933154229 183
1615676097777 7.236469195656248 184
1615676190592 7.8457490629208095 185
1615676283681 6.900055739865089 186
1615676376282 7.411437679046629 187
1615676469492 9.95994829331553 188
1615676562143 7.351099244394572 189
1615676654866 7.331325394263957 190
1615676748039 8.874353278514981 191
1615676840789 7.166074079016812 192
1615676933785 7.288670945076063 193
1615677026887 6.497382489922048 194
1615677120074 6.895167826845656 195
1615677213203 8.401737106229845 196
1615677306328 8.15284619215801 197
1615677399133 8.589980175902628 198
1615677492296 7.963457042712826 199
1615677585454 7.25856014532966 200
1615677678596 7.354132682318413 201
1615677771038 8.35629518162268 202
1615677863863 7.204091001807813 203
1615677957136 7.498657424415787 204
1615678049697 6.524580662103333 205
1615678142404 6.935988784697173 206
1615678235587 6.786659544234055 207
1615678328296 7.870328509817117 208
1615678421532 7.215703463963309 209
1615678514504 6.773969396655303 210
1615678606721 6.291971005946714 211
1615678699784 7.051626153371004 212
1615678792733 7.236104613384082 213
1615678885589 7.3075594161389885 214
1615678977833 6.8798963023416775 215
1615679071292 8.452507687150696 216
1615679164050 6.873836858339076 217
1615679256571 7.068621871014239 218
1615679349615 7.136073046972258 219
1615679442285 7.798586602656823 220
1615679535377 7.833798981345063 221
1615679628303 7.803450673911196 222
1615679721574 7.164520801826843 223
1615679814858 6.60520327371829 224
1615679908352 8.663200597885098 225
1615680001600 7.938989155954534 226
1615680094533 6.987021377201857 227
1615680188087 9.120109339359361 228
1615680281599 7.253746774743405 229
1615680374627 8.080925898681826 230
1615680467446 7.341282871316013 231
1615680560345 6.280783994913602 232
1615680653633 6.7141709342047795 233
1615680746768 8.094202245648463 234
1615680839785 7.955693344475148 235
1615680932645 6.442751654642895 236
1615681025715 7.97458135522505 237
1615681118842 7.5033443366209065 238
1615681212092 8.085236454178474 239
1615681305046 7.045497406696008 240
1615681398183 8.13511715124028 241
1615681491845 7.931212762489785 242
1615681584848 7.242006620278104 243
1615681678349 8.670219718309887 244
1615681771204 9.420746877107264 245
1615681864126 8.73154147599532 246
1615681957138 7.755032272304997 247
1615682050567 9.409503095967395 248
1615682143419 6.949743247193354 249
