1615659121554 0.39307445109780154 0
1615659214184 0.23847815972655567 1
1615659306606 0.2551545038152097 2
1615659398974 0.2197276860920351 3
1615659491385 0.20125073639314567 4
1615659583656 0.20726070831071086 5
1615659675780 0.1734000310968997 6
1615659767457 0.15495869739731746 7
1615659859390 0.14471925372508035 8
1615659951506 0.13912548680803669 9
1615660043925 0.16565929864769552 10
1615660136142 0.14862949367779404 11
1615660228279 0.13920308226969705 12
1615660320463 0.12499091340534722 13
1615660412211 0.13315376950733698 14
1615660503919 0.12108221694604675 15
1615660595995 0.12299542106799226 16
1615660688008 0.12950752475368443 17
1615660780007 0.14069380155250208 18
1615660872104 0.1373426834149147 19
1615660964007 0.11999754318550451 20
1615661055849 0.11524184960037914 21
1615661147713 0.11495652127621779 22
1615661239563 0.11086774939921365 23
1615661332374 0.1351608393797234 24
1615661424067 0.12434357404708862 25
1615661516178 0.11949120261775914 26
1615661607897 0.11463728769501644 27
1615661699526 0.11411528445001859 28
1615661791835 0.10776941900822654 29
1615661883821 0.10887926105243056 30
1615661976116 0.10703444302971683 31
1615662067882 0.10675596034348901 32
1615662159573 0.10852268649570977 33
1615662251430 0.10699929408173063 34
1615662343032 0.11208806375959027 35
1615662434806 0.11356133222579956 36
1615662526312 0.12790524247866958 37
1615662618014 0.1438278333464665 38
1615662709869 0.11611442156692049 39
1615662802036 0.11063955257188028 40
1615662895090 0.10311890449096907 41
1615662986927 0.10794238812887846 42
1615663078558 0.10495507628170413 43
1615663170621 0.12319566509616908 44
1615663262993 0.10573170701069619 45
1615663354914 0.10701503148719446 46
1615663446719 0.10327263643492514 47
1615663539142 0.10429226373558614 48
1615663630482 0.09998166739051022 49
1615663722655 0.1016961024768317 50
1615663815154 0.10295147148530874 51
1615663907281 0.10393621939331738 52
1615663999095 0.10054512966924639 53
1615664091311 0.10394176351490306 54
1615664183220 0.09707983216243003 55
1615664274923 0.09594364397561372 56
1615664366552 0.10006269590178532 57
1615664458616 0.0969088789242417 58
1615664550817 0.09752482531675652 59
1615664643031 0.09844566903897185 60
1615664735326 0.09820146969894865 61
1615664827151 0.09640731473467243 62
1615664918708 0.10112533195694881 63
1615665010250 0.12166576332120753 64
1615665101922 0.10600854834513877 65
1615665193887 0.0976674405496512 66
1615665285604 0.13367605031426275 67
1615665377347 0.11426865431799818 68
1615665468806 0.10415687578827587 69
1615665560498 0.1044555217472475 70
1615665652600 0.10807734372010872 71
1615665745042 0.1141230054755709 72
1615665836645 0.09930881012731524 73
1615665928720 0.09912928538535958 74
1615666020455 0.09761950240206363 75
1615666112128 0.09579279084703815 76
1615666203524 0.09518464109790858 77
1615666295043 0.09297353207175411 78
1615666386692 0.10015623960922014 79
1615666478533 0.0967903857800498 80
1615666570611 0.09769974982560571 81
1615666661914 0.10393227125281718 82
1615666753594 0.10202465217504929 83
1615666845601 0.09843055703746739 84
1615666937243 0.09426053869190501 85
1615667029037 0.0918754259152199 86
1615667120867 0.09667784242487665 87
1615667212548 0.09526473728578481 88
1615667304198 0.09378567560395198 89
1615667396058 0.09099345064874906 90
1615667488820 0.09353995501105465 91
1615667580938 0.09254752166235625 92
1615667672585 0.09002282014533655 93
1615667764563 0.0886483824075158 94
1615667857105 0.0873774530282661 95
1615667948837 0.08641524990992759 96
1615668041118 0.08744111256812935 97
1615668133149 0.0881842392594067 98
1615668225216 0.09104281930781122 99
1615668317988 0.08521731842809649 100
1615668410691 0.08593124773964952 101
1615668502901 0.08524843472153393 102
1615668595813 0.08732318433363047 103
1615668687756 0.08574319152689691 104
1615668779489 0.08408576428000607 105
1615668871139 0.08316834471118983 106
1615668962789 0.0858937688727877 107
1615669054586 0.0854105815958621 108
1615669146385 0.08138719067644717 109
1615669238612 0.07921399198361297 110
1615669331480 0.08312348910232088 111
1615669424514 0.0805939862977213 112
1615669517197 0.08288758014565084 113
1615669610192 0.08496737747050043 114
1615669703182 0.08258926779476565 115
1615669795698 0.08139166458329158 116
1615669888007 0.07756577765763696 117
1615669980946 0.07734859523488515 118
1615670073656 0.07999918887864298 119
1615670166612 0.08092481965449319 120
1615670259383 0.08233520433084289 121
1615670351434 0.07955985282784078 122
1615670443752 0.08035260438919067 123
1615670535561 0.09062293216363708 124
1615670627730 0.11145815475663143 125
1615670719951 0.10133150976095627 126
1615670811969 0.08938739281981739 127
1615670904139 0.08421682599765151 128
1615670996858 0.08210479501468032 129
1615671089632 0.08084110982382475 130
1615671182633 0.08176355041674714 131
1615671275892 0.07938483046061957 132
1615671368499 0.07668386911278341 133
1615671461462 0.08105842391056801 134
1615671554164 0.08029785351966744 135
1615671647271 0.07835814579209285 136
1615671739401 0.08006962555557934 137
1615671831812 0.07814948861278705 138
1615671924232 0.07599079342030768 139
1615672016532 0.07896022476367097 140
1615672109327 0.07348622137041234 141
1615672202053 0.07317232284972917 142
1615672293956 0.07611298916944817 143
1615672386634 0.07282217313994223 144
1615672479311 0.07514561823944547 145
1615672571931 0.07155170458466259 146
1615672664708 0.07344578629109397 147
1615672757549 0.07492249047578271 148
1615672850516 0.07358099186598364 149
1615672943732 0.07386599814713891 150
1615673036338 0.07237147751139171 151
1615673128586 0.07353601171009576 152
1615673221053 0.07104076823191856 153
1615673313775 0.07337945432805304 154
1615673406905 0.06994820708659158 155
1615673500000 0.0779051994209859 156
1615673592565 0.08487215504717471 157
1615673685487 0.0789395321660967 158
1615673778319 0.07489345233831833 159
1615673871322 0.07627132757386165 160
1615673963938 0.07396474347185733 161
1615674056701 0.06861944518872161 162
1615674149482 0.06932519265075228 163
1615674242416 0.07552125827590031 164
1615674335310 0.07556556142977815 165
1615674428166 0.07137742860993343 166
1615674521073 0.07161222198116246 167
1615674613516 0.07041995738869283 168
1615674706263 0.0726833966240954 169
1615674798978 0.07159436015940424 170
1615674891763 0.0669331612871654 171
1615674983641 0.06815061551421436 172
1615675076310 0.06796041709273609 173
1615675169233 0.07039797395022947 174
1615675261977 0.0669027887173553 175
1615675354803 0.07022310103943098 176
1615675447413 0.06709154239341394 177
1615675540157 0.06966661428337667 178
1615675632837 0.06617553821250574 179
1615675725672 0.06630254948317114 180
1615675818773 0.06814295231406368 181
1615675911942 0.06852966369088016 182
1615676005015 0.06840684965475281 183
1615676097761 0.06791688524075408 184
1615676190577 0.06650666336515057 185
1615676283681 0.07003519784158735 186
1615676376282 0.06991081273377832 187
1615676469492 0.0707115762269319 188
1615676562127 0.06576490669108148 189
1615676654866 0.0657757894316716 190
1615676748023 0.0684929232099163 191
1615676840773 0.06662537001851779 192
1615676933770 0.06494499142490216 193
1615677026881 0.06651792686376999 194
1615677120058 0.06456477784398776 195
1615677213203 0.0667575464319827 196
1615677306328 0.07190313623912299 197
1615677399117 0.07486086105232809 198
1615677492280 0.06668179426620256 199
1615677585438 0.06808065745367933 200
1615677678580 0.06450029629379955 201
1615677771038 0.0673905317463092 202
1615677863863 0.06343300484899264 203
1615677957136 0.06587906026128512 204
1615678049682 0.06471790751414512 205
1615678142404 0.06684748361359781 206
1615678235587 0.06539777321601982 207
1615678328280 0.06840159732904007 208
1615678421517 0.06309793778319857 209
1615678514504 0.06074124218812629 210
1615678606721 0.05929976612774294 211
1615678699784 0.06097558274197934 212
1615678792733 0.06205257728918275 213
1615678885589 0.06355262336446278 214
1615678977833 0.06356063173778022 215
1615679071277 0.06416307901268575 216
1615679164035 0.06424546686571035 217
1615679256571 0.06398348132176186 218
1615679349615 0.05962384903608863 219
1615679442269 0.06167989079631976 220
1615679535377 0.06111947191295339 221
1615679628303 0.06434317044357755 222
1615679721558 0.06665046713245448 223
1615679814842 0.060703016928772426 224
1615679908337 0.0629957620777301 225
1615680001600 0.06371131050052928 226
1615680094533 0.06256434543808895 227
1615680188087 0.0625920909554211 228
1615680281584 0.06315889732161564 229
1615680374627 0.06674757199500923 230
1615680467446 0.06306549061590166 231
1615680560330 0.06047121891334875 232
1615680653633 0.0629559835391258 233
1615680746768 0.06014104921426346 234
1615680839785 0.05999537546243241 235
1615680932629 0.05985440069170141 236
1615681025699 0.059358805862825305 237
1615681118832 0.06483048378531613 238
1615681212092 0.06155905705779346 239
1615681305039 0.05991507110311024 240
1615681398183 0.062153093850434715 241
1615681491830 0.06119179814609129 242
1615681584848 0.05926048933570065 243
1615681678333 0.06389711063299607 244
1615681771204 0.06055640818467781 245
1615681864110 0.0638479038850585 246
1615681957138 0.06137789897064665 247
1615682050567 0.0652996203792629 248
1615682143404 0.060430033883052084 249
