1615659121569 0.6061086576821199 0
1615659214186 0.7308669882590202 1
1615659306606 0.714450263487759 2
1615659398976 0.7494836465191486 3
1615659491387 0.7675844965808427 4
1615659583656 0.7630278959647933 5
1615659675780 0.8000303658086863 6
1615659767457 0.821957411383515 7
1615659859390 0.8325235267628485 8
1615659951506 0.839394479433992 9
1615660043941 0.8071804899555534 10
1615660136142 0.8300247777308991 11
1615660228279 0.838064334285793 12
1615660320465 0.8559091753924071 13
1615660412211 0.8448996323702941 14
1615660503919 0.8598254998006037 15
1615660596011 0.8590314188110295 16
1615660688016 0.850862111173459 17
1615660780007 0.8390592165402512 18
1615660872104 0.8410198461653581 19
1615660964023 0.862352551364187 20
1615661055849 0.8664952016143657 21
1615661147713 0.8686283886877458 22
1615661239563 0.8711799394283721 23
1615661332374 0.843912707113508 24
1615661424069 0.8564219009965214 25
1615661516178 0.8621901476116323 26
1615661607913 0.867241293859126 27
1615661699526 0.8669399343319794 28
1615661791835 0.875995447275354 29
1615661883821 0.8733348068016679 30
1615661976116 0.8746984069471928 31
1615662067882 0.8760512028612307 32
1615662159575 0.8749259009734908 33
1615662251430 0.8762934077809106 34
1615662343034 0.870459177823209 35
1615662434806 0.8683216445036789 36
1615662526312 0.8529939953960589 37
1615662618014 0.8345879645489934 38
1615662709869 0.8658566412641041 39
1615662802051 0.8719591295986033 40
1615662895106 0.8798223204577147 41
1615662986927 0.8751937313311136 42
1615663078558 0.8783236006969837 43
1615663170621 0.8590314501145883 44
1615663262993 0.8785755209513565 45
1615663354922 0.8768957887790096 46
1615663446719 0.8802173473496935 47
1615663539147 0.8784601146827883 48
1615663630482 0.8842808662065819 49
1615663722655 0.882951442207863 50
1615663815170 0.8810896435335501 51
1615663907281 0.8800895512104034 52
1615663999095 0.8833011537790298 53
1615664091311 0.8799899387270657 54
1615664183220 0.8861866493278475 55
1615664274923 0.888189429889864 56
1615664366552 0.884165945115374 57
1615664458616 0.8871415909101714 58
1615664550817 0.8863106332163313 59
1615664643031 0.8852502194358342 60
1615664735326 0.8863996574238165 61
1615664827166 0.8875222880004058 62
1615664918708 0.8813297492799474 63
1615665010250 0.8584242495360659 64
1615665101938 0.8766548435634641 65
1615665193887 0.8858846053481102 66
1615665285620 0.8456608855457448 67
1615665377347 0.8678836666825992 68
1615665468806 0.879468935639111 69
1615665560498 0.8789805836641966 70
1615665652600 0.875401698831302 71
1615665745042 0.8675992188613806 72
1615665836645 0.88468064567936 73
1615665928720 0.8846874999911037 74
1615666020455 0.8876717597690981 75
1615666112128 0.8887438429380531 76
1615666203527 0.8887908194047301 77
1615666295043 0.8914183525007162 78
1615666386692 0.8834973297902008 79
1615666478533 0.8872500762565813 80
1615666570611 0.8874216804753489 81
1615666661929 0.8804126415234893 82
1615666753594 0.8820870790018964 83
1615666845601 0.8863231606447874 84
1615666937243 0.8913906652535966 85
1615667029037 0.8936771485787719 86
1615667120883 0.887880277055413 87
1615667212548 0.8886011534217578 88
1615667304213 0.8914526587546762 89
1615667396058 0.8934001911487153 90
1615667488820 0.8913565242468421 91
1615667580938 0.8916090584512967 92
1615667672585 0.8943610994228676 93
1615667764563 0.8962393910137575 94
1615667857105 0.8974868768631522 95
1615667948837 0.8995510713377995 96
1615668041118 0.8976302427142414 97
1615668133149 0.897873788627226 98
1615668225216 0.8952460071044182 99
1615668317988 0.9012342671405024 100
1615668410691 0.899964199804548 101
1615668502901 0.9003701519165466 102
1615668595813 0.8995102199155893 103
1615668687772 0.9001054072113179 104
1615668779505 0.9025650633804834 105
1615668871139 0.9032551061306426 106
1615668962789 0.8996140685544085 107
1615669054586 0.8997855315457529 108
1615669146401 0.9057400584665697 109
1615669238612 0.9072329119515063 110
1615669331480 0.9025567647681307 111
1615669424514 0.905979770555425 112
1615669517197 0.9031482327785065 113
1615669610192 0.9016808020089989 114
1615669703182 0.9038080194992806 115
1615669795698 0.9055575990854804 116
1615669888007 0.9086991557434424 117
1615669980946 0.909388521713997 118
1615670073656 0.9066956903952271 119
1615670166612 0.9058349786409691 120
1615670259383 0.9045681335143189 121
1615670351434 0.907707352691622 122
1615670443752 0.9063651461654635 123
1615670535561 0.8940571224066749 124
1615670627746 0.8712736397092022 125
1615670719951 0.8822741308319035 126
1615670811969 0.8951327046796457 127
1615670904139 0.9014167494293469 128
1615670996858 0.9043229240090099 129
1615671089632 0.9055742908324769 130
1615671182633 0.9054305046351988 131
1615671275892 0.9073878975946512 132
1615671368499 0.9101033706718417 133
1615671461462 0.9062381529096347 134
1615671554164 0.9065753486174256 135
1615671647287 0.9097768115018731 136
1615671739401 0.9069187805723788 137
1615671831812 0.9085626831250404 138
1615671924232 0.9117777380925506 139
1615672016532 0.9087606523908786 140
1615672109342 0.9135257623978515 141
1615672202059 0.9148295815311261 142
1615672293956 0.91166374554385 143
1615672386634 0.9150905433430601 144
1615672479327 0.9118548024501374 145
1615672571931 0.9157324128631336 146
1615672664708 0.9144917395132691 147
1615672757549 0.9129123331895516 148
1615672850531 0.9135038183251424 149
1615672943732 0.9142230802507543 150
1615673036338 0.9160606345133995 151
1615673128586 0.913924218336148 152
1615673221053 0.9170815608839491 153
1615673313775 0.913606359887479 154
1615673406905 0.9181876929838266 155
1615673500016 0.909179909905391 156
1615673592565 0.9013639061308619 157
1615673685487 0.9085135181893164 158
1615673778319 0.9121927676805809 159
1615673871322 0.9118561439994556 160
1615673963938 0.9142272576912126 161
1615674056701 0.9187420978030162 162
1615674149482 0.9181032598908268 163
1615674242416 0.9125115124147329 164
1615674335310 0.912176236065466 165
1615674428166 0.9160716413561978 166
1615674521073 0.9159694758813772 167
1615674613516 0.9174269437789917 168
1615674706263 0.9161405432135311 169
1615674798978 0.9166933576117701 170
1615674891763 0.9225278111980922 171
1615674983641 0.9198970823590435 172
1615675076310 0.920760543266339 173
1615675169233 0.9177125154146507 174
1615675261977 0.9215178471892628 175
1615675354818 0.9186164398691548 176
1615675447413 0.9216515272855759 177
1615675540157 0.9189549079581872 178
1615675632837 0.9232900990034217 179
1615675725672 0.9219358207574532 180
1615675818779 0.9205957626673713 181
1615675911958 0.9203216304529959 182
1615676005015 0.9219941336717179 183
1615676097761 0.921120871358843 184
1615676190592 0.922770530652644 185
1615676283681 0.9183232668620437 186
1615676376282 0.9188905654113684 187
1615676469492 0.9173517396200949 188
1615676562127 0.9237286879945157 189
1615676654866 0.9238727817784494 190
1615676748023 0.9197992749178587 191
1615676840789 0.9237279767420754 192
1615676933770 0.9241196221824902 193
1615677026881 0.9216922001162572 194
1615677120058 0.924723453708549 195
1615677213203 0.9220817327054579 196
1615677306328 0.9160581426833992 197
1615677399133 0.9133679228487299 198
1615677492296 0.9232271589449982 199
1615677585454 0.9204518029938883 200
1615677678580 0.9244577680061112 201
1615677771038 0.920444027923826 202
1615677863863 0.9266673353180956 203
1615677957136 0.9231500874704389 204
1615678049682 0.9236981039171788 205
1615678142404 0.9208183135114499 206
1615678235587 0.9241158788773551 207
1615678328280 0.9200505823341768 208
1615678421532 0.9273793575034213 209
1615678514504 0.9296037238925251 210
1615678606721 0.9315315000156859 211
1615678699784 0.9286541640758514 212
1615678792733 0.9270926558259708 213
1615678885589 0.9247351075286296 214
1615678977833 0.9255128631840891 215
1615679071277 0.9254471770863035 216
1615679164050 0.9250615041202573 217
1615679256571 0.9243521494651908 218
1615679349615 0.9296561099255263 219
1615679442269 0.927910818315264 220
1615679535377 0.92885630633404 221
1615679628303 0.9245317718431131 222
1615679721574 0.9222121401064431 223
1615679814842 0.9285699613948366 224
1615679908337 0.9264653387354381 225
1615680001600 0.9249452207960299 226
1615680094533 0.9268100410699844 227
1615680188087 0.9274522833414932 228
1615680281599 0.925955826222007 229
1615680374627 0.9227649093563877 230
1615680467446 0.9258554628980693 231
1615680560330 0.9287202865330141 232
1615680653633 0.9249172464235506 233
1615680746768 0.9308085661770692 234
1615680839785 0.9292276966482845 235
1615680932645 0.9299107011574418 236
1615681025699 0.9310914453730654 237
1615681118840 0.9236196319558727 238
1615681212092 0.9280654309845683 239
1615681305039 0.9306094321741987 240
1615681398183 0.9268258903453599 241
1615681491845 0.9291420394360129 242
1615681584848 0.9311436879545895 243
1615681678333 0.9250539369992355 244
1615681771204 0.9297702199042733 245
1615681864126 0.9254407119839939 246
1615681957138 0.9283099926229733 247
1615682050567 0.9243347215563503 248
1615682143404 0.9294739525709579 249
