1612977942509 0.3678098000697236 0
1612978011911 0.31359133035389347 1
1612978082621 0.28768016271923313 2
1612978151734 0.2694528641095802 3
1612978220834 0.2557483048581365 4
1612978292172 0.24460051738800692 5
1612978361216 0.2385055955284948 6
1612978429980 0.23014380471475088 7
1612978501652 0.22298007383077692 8
1612978570186 0.21402951140901932 9
1612978639537 0.20905698841915363 10
1612978708795 0.20583598582602258 11
1612978777602 0.20294109188730214 12
1612978846745 0.19839392319671126 13
1612978917751 0.19324695423467833 14
1612978987676 0.18787200687758956 15
1612979059327 0.1849492820236534 16
1612979128350 0.18203644565681912 17
1612979197193 0.17983791866549712 18
1612979266595 0.1783321220483353 19
1612979336452 0.17643534738964955 20
1612979406757 0.17571301016264076 21
1612979475421 0.1738197594242851 22
1612979544177 0.1719180000065571 23
1612979613299 0.16996624039180244 24
1612979683170 0.16760315143008184 25
1612979752218 0.16599207760682747 26
1612979821173 0.1638805234610145 27
1612979891234 0.16325501176541576 28
1612979960747 0.1609409850628222 29
1612980031021 0.15890888236265777 30
1612980100341 0.15738155453729988 31
1612980169292 0.15610205803668 32
1612980239845 0.15501091017651916 33
1612980310656 0.15338446598317326 34
1612980379369 0.15210561086091634 35
1612980448531 0.1515980945233618 36
1612980517866 0.1499847580575606 37
1612980587047 0.14894737984729917 38
1612980656244 0.1474707144409863 39
1612980725590 0.1463875897502656 40
1612980794483 0.14578312999742965 41
1612980864841 0.14485226847239147 42
1612980933493 0.14422716335816818 43
1612981002946 0.14303964433780753 44
1612981071727 0.1416751965541951 45
1612981140636 0.14069420178756523 46
1612981210810 0.1395483397280992 47
1612981279666 0.13840438298906022 48
1612981349273 0.1373161432102545 49
1612981418212 0.1361897564227378 50
1612981487099 0.13512264098009752 51
1612981556658 0.13433781369442135 52
1612981626748 0.13356753844395075 53
1612981695940 0.13319494974985213 54
1612981764498 0.13362857079836352 55
1612981832867 0.13359612616671102 56
1612981901915 0.13329144221755934 57
1612981970702 0.1327064245856324 58
1612982039566 0.13215982724185013 59
1612982109796 0.13139092270307678 60
1612982178633 0.13116410604221176 61
1612982248831 0.13065540422000357 62
1612982318234 0.13102013409248928 63
1612982387627 0.13045810838791314 64
1612982456532 0.12995437621962477 65
1612982527057 0.1293798721853729 66
1612982595998 0.12862732078916048 67
1612982665698 0.12823549367482595 68
1612982734554 0.1278212979022882 69
1612982803604 0.1277357783040906 70
1612982872978 0.12730657938206769 71
1612982943801 0.12663886075954792 72
1612983014021 0.12598924466850972 73
1612983082646 0.12577672508818594 74
1612983152366 0.12553231340876173 75
1612983221209 0.12516843244349643 76
1612983290146 0.12487862236053608 77
1612983358721 0.1244283535970129 78
1612983428508 0.12409498888387609 79
1612983497903 0.1237034517602409 80
1612983567139 0.12324245926636888 81
1612983636621 0.12288636002388817 82
1612983705781 0.1223584555020634 83
1612983775311 0.12213891101992894 84
1612983844568 0.12165134539003382 85
1612983913775 0.12126313890513435 86
1612983982898 0.12075772423554955 87
1612984051937 0.12035099824922668 88
1612984121310 0.11992884351444086 89
1612984189740 0.11971253640577013 90
1612984258954 0.11946930353862756 91
1612984327402 0.11972943728434257 92
1612984396457 0.11947723001326861 93
1612984465918 0.11924609842959673 94
1612984534700 0.11888336969437589 95
1612984603439 0.11867964784995212 96
1612984673649 0.11836611215130718 97
1612984742904 0.11803002228442856 98
1612984812666 0.11790588634227643 99
1612984882250 0.11771929894731022 100
1612984950836 0.11761758774562579 101
1612985019963 0.1171889792420073 102
1612985089205 0.11676474773548504 103
1612985157866 0.11636574739416866 104
1612985226777 0.11599570117477499 105
1612985296129 0.11567312932975592 106
1612985364764 0.11524867643270131 107
1612985433786 0.11484899501122794 108
1612985503151 0.11447051186898025 109
1612985572210 0.11419788083514654 110
1612985641607 0.1139020460770964 111
1612985710054 0.11379926301673768 112
1612985780087 0.11361689129310244 113
1612985849808 0.11337238621355884 114
1612985919647 0.11307148520350152 115
1612985988651 0.11293100121526456 116
1612986059127 0.11262800522071335 117
1612986128019 0.11232989512138172 118
1612986198775 0.11200007754030515 119
1612986268091 0.11174782810279413 120
1612986337785 0.11151676075015761 121
1612986406963 0.1112774282733643 122
1612986477267 0.11105510214371471 123
1612986546060 0.11069813272846282 124
1612986614711 0.11052608533059219 125
1612986683432 0.11022957872596302 126
1612986753255 0.10998553122435491 127
1612986822562 0.10966856710256756 128
1612986893020 0.10943421121990368 129
1612986963333 0.10922156482293205 130
1612987032213 0.10908442666928515 131
1612987101082 0.10883240833679525 132
1612987169871 0.10852685354950435 133
1612987238542 0.10824897051384728 134
1612987308338 0.10812211641101487 135
1612987377044 0.10795088062515992 136
1612987445854 0.10767513506473878 137
1612987514971 0.10743974162827472 138
1612987583818 0.10726994856842545 139
1612987652766 0.10707139826911183 140
1612987721750 0.10687517913068972 141
1612987791974 0.10662977061034269 142
1612987861444 0.10660882911970762 143
1612987930613 0.10640761610532751 144
1612987999278 0.10639145347000119 145
1612988068168 0.10621103641647701 146
1612988137275 0.10603626137325099 147
1612988205876 0.10580521205211227 148
1612988276894 0.10557198842959617 149
1612988347369 0.1053347065418832 150
1612988418922 0.10522415503005016 151
1612988487947 0.10511763639397045 152
1612988558016 0.1048836257885676 153
1612988627829 0.10471309843577613 154
1612988697101 0.10444356527905149 155
1612988767242 0.10420477561980601 156
1612988836021 0.10393396207994848 157
1612988906083 0.10373629501344205 158
1612988975869 0.10357604600044328 159
1612989044817 0.10353893664898371 160
1612989113731 0.10332297049263726 161
1612989185526 0.10318316321005781 162
1612989254446 0.10310581601507927 163
1612989323657 0.10291049183358543 164
1612989392391 0.10283213323278616 165
1612989461261 0.10265970345700066 166
1612989531367 0.10246837927080163 167
1612989600040 0.10239468913801372 168
1612989668948 0.10219124796832199 169
1612989738954 0.10202476871547408 170
1612989808162 0.10194795285712008 171
1612989877871 0.10179965004560168 172
1612989947699 0.10162077959435817 173
1612990018357 0.10152154904184559 174
1612990087544 0.10131373844808277 175
1612990158722 0.10112298925667404 176
1612990228169 0.10091793439181557 177
1612990297106 0.10075705250021429 178
1612990366418 0.10058866778317567 179
1612990435294 0.10037359668287049 180
1612990504308 0.10022157056714459 181
1612990572858 0.10001085442048413 182
1612990641684 0.09988358688868919 183
1612990711231 0.09969175952535902 184
1612990780044 0.09961900992677403 185
1612990849508 0.09957595090929262 186
1612990918208 0.09944471312292263 187
1612990987440 0.09928623935504702 188
1612991056508 0.09912078202660399 189
1612991125587 0.09898758409190397 190
1612991195910 0.09924167969185316 191
1612991264756 0.0992338327112906 192
1612991335381 0.09908981990641781 193
1612991404612 0.09916663225062992 194
1612991473708 0.09903728691880885 195
1612991542827 0.09893753891849577 196
1612991611766 0.09881012946632348 197
1612991681373 0.09863348304219513 198
1612991750405 0.09845235306825206 199
1612991820496 0.09828625121378298 200
1612991889122 0.09811395215586505 201
1612991958842 0.09793678698018403 202
1612992027762 0.09778434834024656 203
1612992097484 0.09766097396861692 204
1612992167508 0.09749725042538543 205
1612992236875 0.09733970757560141 206
1612992305496 0.09723910297150587 207
1612992374817 0.09713028126900972 208
1612992444798 0.09694475979354247 209
1612992513555 0.09676547390556048 210
1612992582189 0.09658310357381575 211
1612992650916 0.09640403658780206 212
1612992720831 0.09625107978640413 213
1612992790110 0.0961466738061332 214
1612992859332 0.09607747200446076 215
1612992928964 0.09592011001695666 216
1612993000945 0.09586346845226579 217
1612993070064 0.09572333462243345 218
1612993139877 0.09568215949483606 219
1612993209630 0.09555937210214266 220
1612993280328 0.0954274581383357 221
1612993349957 0.09526558339168933 222
1612993419351 0.09515857768814952 223
1612993489294 0.09501615706565562 224
1612993557919 0.09485727713139865 225
1612993626981 0.09473651368140357 226
1612993695778 0.09460164711140746 227
1612993764679 0.09446743055901298 228
1612993836448 0.0943178417155063 229
1612993905286 0.09416823374976278 230
1612993976035 0.09402842894848386 231
1612994045310 0.09389429913760831 232
1612994113953 0.09373741655389876 233
1612994183705 0.09362022250975906 234
1612994252985 0.09350275438841521 235
1612994321816 0.09333592998612864 236
1612994392155 0.09317910090737369 237
1612994461402 0.09301856288023712 238
1612994530162 0.09293831114967661 239
1612994599329 0.09289591947472735 240
1612994669007 0.09277619194849152 241
1612994739730 0.09265457493953844 242
1612994809774 0.09261123982609293 243
1612994878860 0.09246949690200915 244
1612994948045 0.09232006773773925 245
1612995019266 0.09222093748033523 246
1612995088577 0.0920738166356867 247
1612995158333 0.091951243427098 248
1612995228629 0.09181084860260803 249
1612995297061 0.09170606469557953 250
1612995366377 0.09157440371703715 251
1612995435177 0.09143709256637622 252
1612995503875 0.09131008965566441 253
1612995572573 0.09117104434673987 254
1612995641114 0.09104350494888067 255
1612995709754 0.09091077006176805 256
1612995780406 0.09076376555005418 257
1612995849454 0.09069426198284034 258
1612995918565 0.09061340427220754 259
1612995987706 0.09049501788618222 260
1612996060314 0.09039849046287955 261
1612996128897 0.09027224617441151 262
1612996198134 0.09013316318669073 263
1612996266647 0.09000793973414602 264
1612996335330 0.0899006507236432 265
1612996403990 0.08980931270928183 266
1612996475136 0.08973720319208944 267
1612996545063 0.08971161654632731 268
1612996614535 0.08973495629428167 269
1612996683618 0.08965291984544656 270
1612996754428 0.08955257284905532 271
1612996823451 0.08945960944375773 272
1612996893998 0.08934828342273478 273
1612996964450 0.08922850007118004 274
1612997034318 0.08909438416384367 275
1612997102929 0.08898079159881693 276
1612997171742 0.08886472817958774 277
1612997240582 0.08879027604572091 278
1612997309428 0.0886926180232308 279
1612997381426 0.08859351596317115 280
1612997451464 0.08852390516078114 281
1612997520878 0.08841244025507287 282
1612997589827 0.08833502970411916 283
1612997658807 0.08821270860405793 284
1612997728671 0.08809240417594436 285
1612997798447 0.0879650992786489 286
1612997867461 0.08789191385777431 287
1612997937044 0.08779043489907916 288
1612998008424 0.08768301011052129 289
1612998077059 0.08760830507636977 290
1612998146556 0.08749321568624001 291
1612998216102 0.0873756088670543 292
1612998285727 0.08725560747229973 293
1612998356567 0.08715381564413656 294
1612998425666 0.08702418190991024 295
1612998496085 0.0869135587525383 296
1612998564994 0.0867941703572369 297
1612998634010 0.08670469956813838 298
1612998703313 0.08658064954316434 299
