1612977942507 0.3678098000697236 0
1612978011908 0.25937286063806336 1
1612978082619 0.23585782744991246 2
1612978151732 0.21477096828062142 3
1612978220832 0.20093006785236187 4
1612978292170 0.18886158003735898 5
1612978361214 0.20193606437142217 6
1612978429978 0.1716112690185433 7
1612978501651 0.16567022675898538 8
1612978570184 0.1334744496132011 9
1612978639535 0.1593317585204964 10
1612978708793 0.1704049573015811 11
1612978777600 0.16820236462265697 12
1612978846743 0.13928073021902967 13
1612978917749 0.12118938876621758 14
1612978987674 0.107247796521258 15
1612979059322 0.13818568436067497 16
1612979128348 0.13251822742063607 17
1612979197191 0.1402644328217008 18
1612979266593 0.1497219863222606 19
1612979336451 0.1384998542159351 20
1612979406755 0.16054392839545634 21
1612979475420 0.13216824318046 22
1612979544174 0.12817753339881327 23
1612979613297 0.1231240096376903 24
1612979683168 0.10852592738706675 25
1612979752216 0.12410415820221403 26
1612979821171 0.1068685615240638 27
1612979891232 0.1457406842886512 28
1612979960745 0.09383421068760886 29
1612980031019 0.09794580135772478 30
1612980100339 0.11003439195120512 31
1612980169291 0.11515817001684388 32
1612980239843 0.11900303079121148 33
1612980310654 0.09808536340941244 34
1612980379367 0.10734568158192422 35
1612980448529 0.13332750637139848 36
1612980517864 0.09029130882291651 37
1612980587045 0.1095270078573654 38
1612980656242 0.08988076359478396 39
1612980725588 0.10306260212143856 40
1612980794482 0.12100028013115499 41
1612980864839 0.10575608442078775 42
1612980933491 0.11734764344656645 43
1612981002944 0.09078880744193916 44
1612981071725 0.080275046291636 45
1612981140634 0.09556844252258984 46
1612981210808 0.08569282293319702 47
1612981279664 0.08349445951518727 48
1612981349272 0.0839923940487762 49
1612981418211 0.07987041704690279 50
1612981487098 0.08069975340544287 51
1612981556656 0.09352679483926118 52
1612981626746 0.09274295016900817 53
1612981695938 0.11307516026852736 54
1612981764495 0.15747772846648941 55
1612981832865 0.1317792267941717 56
1612981901913 0.11592445711591351 57
1612981970701 0.09877540193386931 58
1612982039564 0.09991058395869697 59
1612982109794 0.08525665037667574 60
1612982178631 0.11732828972944573 61
1612982248830 0.09911589124309483 62
1612982318233 0.15399811605908978 63
1612982387625 0.09448846329503985 64
1612982456530 0.09721178528088242 65
1612982527055 0.09146260592474867 66
1612982595996 0.07820637724292812 67
1612982665697 0.1015912499000777 68
1612982734552 0.09924178959718391 69
1612982803602 0.12174940643025868 70
1612982872976 0.09683345591844018 71
1612982943800 0.07856311993812447 72
1612983014019 0.07856727002271965 73
1612983082644 0.11005027614422698 74
1612983152364 0.1072014374519462 75
1612983221207 0.09751347908333166 76
1612983290144 0.10256324597259066 77
1612983358719 0.08930739004220535 78
1612983428506 0.09775917654606833 79
1612983497901 0.09238048186942713 80
1612983567137 0.08590206726273494 81
1612983636619 0.09368622214046878 82
1612983705780 0.07854238019060733 83
1612983775309 0.1036971745206349 84
1612983844566 0.08020826684894847 85
1612983913773 0.08787738120377954 86
1612983982897 0.07678664798167215 87
1612984051935 0.08455911145281436 88
1612984121308 0.08235707211850295 89
1612984189739 0.10024489662540492 90
1612984258951 0.09733511262865209 91
1612984327400 0.14366174189012443 92
1612984396454 0.09602195380338982 93
1612984465916 0.09751972956443901 94
1612984534698 0.08442413984839596 95
1612984603437 0.09912235078526967 96
1612984673647 0.08795314938274783 97
1612984742903 0.08509321533032317 98
1612984812664 0.10561642806921433 99
1612984882248 0.09906055945069042 100
1612984950833 0.10734475637549784 101
1612985019961 0.07347091187292071 102
1612985089204 0.07306890256369292 103
1612985157864 0.07486971189726645 104
1612985226774 0.07714084813843912 105
1612985296127 0.08148051375773416 106
1612985364762 0.06983221644785867 107
1612985433784 0.0716834014921046 108
1612985503149 0.07321584936398179 109
1612985572208 0.08420846711343793 110
1612985641606 0.08106438793353181 111
1612985710052 0.10228756025655945 112
1612985780085 0.09300888652232156 113
1612985849806 0.08549880714558844 114
1612985919644 0.07846786904690871 115
1612985988650 0.09663485857977797 116
1612986059125 0.07717747385822125 117
1612986128017 0.07715290340025034 118
1612986198773 0.07275178539219188 119
1612986268089 0.08147789560147185 120
1612986337783 0.08355761108113759 121
1612986406961 0.08207886610458147 122
1612986477265 0.08370898819681424 123
1612986546058 0.06643392523722862 124
1612986614709 0.08902016059676213 125
1612986683430 0.07286974654268863 126
1612986753253 0.0789914985201252 127
1612986822560 0.06909715951378666 128
1612986893018 0.07920230235626448 129
1612986963331 0.08157753321661879 130
1612987032211 0.09111932854154217 131
1612987101080 0.07556598844812877 132
1612987169870 0.06788806683981596 133
1612987238541 0.07101264373580021 134
1612987308336 0.0909968125286387 135
1612987377043 0.08466281374888633 136
1612987445852 0.06989799328704378 137
1612987514969 0.07495544739623568 138
1612987583816 0.08366871324937734 139
1612987652764 0.07927435636520386 140
1612987721749 0.0792082806131733 141
1612987791972 0.07178176072106432 142
1612987861443 0.10361419595889192 143
1612987930611 0.07743294203459326 144
1612987999276 0.10404787134768358 145
1612988068166 0.07987014660194738 146
1612988137273 0.08034433001902566 147
1612988205874 0.0716099125235828 148
1612988276892 0.07082166867469673 149
1612988347368 0.06974242338493689 150
1612988418920 0.08853087674325971 151
1612988487945 0.08892680370985571 152
1612988558014 0.06908000316192854 153
1612988627828 0.07845188610589326 154
1612988697099 0.06266592598673124 155
1612988767241 0.06695358877751365 156
1612988836019 0.061416236322317554 157
1612988906082 0.07250489850542438 158
1612988975868 0.07809645293363884 159
1612989044815 0.09760144041545356 160
1612989113729 0.06855241932086091 161
1612989185524 0.08053438343218904 162
1612989254444 0.09049822323357881 163
1612989323655 0.0708773260685935 164
1612989392389 0.08990296410090888 165
1612989461259 0.07403636067660886 166
1612989531365 0.07051724017556034 167
1612989600038 0.09001474682964496 168
1612989668946 0.06780969029042258 169
1612989738952 0.07372329573133099 170
1612989808160 0.08881244107858459 171
1612989877869 0.07629156646443837 172
1612989947697 0.07067619152923128 173
1612990018355 0.08425543290465626 174
1612990087543 0.06494688453958995 175
1612990158720 0.06755113156873789 176
1612990228167 0.06462322331186551 177
1612990297105 0.07212007579518788 178
1612990366416 0.0704478034332617 179
1612990435292 0.061660798627938794 180
1612990504306 0.07270484362075579 181
1612990572856 0.061660515728281504 182
1612990641683 0.07659362857021502 183
1612990711229 0.06439552467260788 184
1612990780042 0.08616033418854671 185
1612990849507 0.09156697365775038 186
1612990918206 0.0749032470717359 187
1612990987439 0.06949317099443122 188
1612991056506 0.06784934695087262 189
1612991125585 0.07367997649890273 190
1612991195908 0.14777393928214685 191
1612991264754 0.09772721244328057 192
1612991335379 0.07129534856596989 193
1612991404610 0.11406822702777919 194
1612991473706 0.07381494721369956 195
1612991542825 0.07938693085713174 196
1612991611764 0.07371046738838082 197
1612991681371 0.06365749106478336 198
1612991750403 0.06240748825357921 199
1612991820494 0.06506588031996542 200
1612991889120 0.06348184151435966 201
1612991958840 0.0621494214926193 202
1612992027760 0.06683930443294013 203
1612992097482 0.07249260215616937 204
1612992167506 0.06393392406292815 205
1612992236873 0.06488588052009468 206
1612992305494 0.07641394992372882 207
1612992374815 0.07449536714980852 208
1612992444796 0.0581707714208916 209
1612992513554 0.0591154374293427 210
1612992582187 0.058102963575676306 211
1612992650914 0.05844183555289881 212
1612992720830 0.063671281088644 213
1612992790108 0.07380379402815405 214
1612992859329 0.08119908464488698 215
1612992928962 0.061929920716072194 216
1612993000943 0.08357224891434854 217
1612993070063 0.06517415971898322 218
1612993139876 0.08666480655100808 219
1612993209628 0.0685461457095929 220
1612993280326 0.06627447213699568 221
1612993349956 0.05932938963619631 222
1612993419349 0.07129630579877255 223
1612993489293 0.06311393762702372 224
1612993557917 0.05910929192357989 225
1612993626979 0.06744397398251206 226
1612993695777 0.06398693572229414 227
1612993764677 0.06386605661306809 228
1612993836447 0.06006199655248158 229
1612993905284 0.05975840162875047 230
1612993976033 0.061733519853051026 231
1612994045308 0.06277618301448537 232
1612994113951 0.05718377454956965 233
1612994183703 0.06619681618106898 234
1612994252983 0.06589774587261144 235
1612994321814 0.0539653710464933 236
1612994392154 0.056010609242453505 237
1612994461400 0.054810512421736075 238
1612994530160 0.07375814754571487 239
1612994599327 0.0827219174869025 240
1612994669005 0.06392185812565818 241
1612994739729 0.06322325877289274 242
1612994809772 0.0820808072588337 243
1612994878858 0.05788422342556626 244
1612994948016 0.0557099224916145 245
1612995019264 0.06783489415894693 246
1612995088575 0.05573496800750049 247
1612995158332 0.06155308769710029 248
1612995228627 0.05685253730460779 249
1612995297059 0.06551008793845106 250
1612995366375 0.05852749810289981 251
1612995435175 0.056834682599822085 252
1612995503873 0.059178353245578595 253
1612995572571 0.055853535879903764 254
1612995641112 0.058520958494784225 255
1612995709752 0.05693063896093795 256
1612995780404 0.052983606039588134 257
1612995849452 0.07276234164166806 258
1612995918564 0.0696712572183182 259
1612995987705 0.05971455751959957 260
1612996060313 0.06520483298088188 261
1612996128895 0.05719624259578648 262
1612996198131 0.05355433741612221 263
1612996266645 0.056948948262342765 264
1612996335328 0.06146906294039826 265
1612996403988 0.0655134008891547 266
1612996475134 0.07048396210172284 267
1612996545061 0.08285439548207753 268
1612996614534 0.09601334849400307 269
1612996683616 0.06750307865996859 270
1612996754426 0.062358536827030464 271
1612996823448 0.06417356320281527 272
1612996893997 0.05895627968346895 273
1612996964449 0.05640786174517959 274
1612997034316 0.05221250964634454 275
1612997102927 0.05762924365143278 276
1612997171741 0.056715161053102404 277
1612997240580 0.06809258283074222 278
1612997309426 0.06144602974848961 279
1612997381423 0.060844939146468886 280
1612997451462 0.06896326968918985 281
1612997520876 0.05697933684534101 282
1612997589826 0.0664278437842184 283
1612997658805 0.05347351618667147 284
1612997728669 0.053805642163575584 285
1612997798445 0.051555898652147894 286
1612997867459 0.06688769806676836 287
1612997937042 0.05856449479487405 288
1612998008422 0.056637246217300645 289
1612998077057 0.06594384517242659 290
1612998146554 0.054002203158478236 291
1612998216100 0.053034417664826805 292
1612998285725 0.05209519880921094 293
1612998356566 0.057227018164164985 294
1612998425664 0.04878223031314451 295
1612998496083 0.054169104170443405 296
1612998564991 0.05133581695271962 297
1612998634008 0.060042404416781756 298
1612998703311 0.04948969207592865 299
