1615682236973 0.3238318055423338 0
1615682331100 0.3005705297882877 1
1615682424591 0.275259952640059 2
1615682517425 0.2576131498190894 3
1615682611984 0.2441337231379836 4
1615682705292 0.23411493663171035 5
1615682798282 0.2246948681406375 6
1615682891082 0.21706523045675077 7
1615682984231 0.2100950652489417 8
1615683077146 0.2034397287155265 9
1615683169645 0.19815653101560055 10
1615683262198 0.19316987115055764 11
1615683354075 0.18904714695211117 12
1615683446558 0.18774520836150974 13
1615683539314 0.18443602869166661 14
1615683632421 0.18158787027446188 15
1615683725244 0.17862742411870508 16
1615683817073 0.17555593584307388 17
1615683909339 0.1729622655090907 18
1615684001641 0.1704471440012775 19
1615684094569 0.16903952833770772 20
1615684187599 0.1669731121131167 21
1615684280313 0.1649675769205607 22
1615684373153 0.16348367569903233 23
1615684466119 0.1619379282353529 24
1615684558472 0.1603956957840618 25
1615684650248 0.15897026359870192 26
1615684742567 0.15746590520527312 27
1615684834779 0.15607035546589926 28
1615684926544 0.15479257296566934 29
1615685019032 0.153711182168888 30
1615685111861 0.15258846760018543 31
1615685204617 0.1515587554803966 32
1615685297354 0.15046371513024245 33
1615685389990 0.14950684395426117 34
1615685482757 0.14847316356934914 35
1615685575115 0.14783989094399116 36
1615685668195 0.14721685647964478 37
1615685760955 0.1473944244419438 38
1615685853915 0.14681076434121204 39
1615685946935 0.14623551560524467 40
1615686040721 0.14565435018027686 41
1615686133334 0.144946003531218 42
1615686226029 0.14433141159881893 43
1615686318727 0.14369769143820996 44
1615686411215 0.1434741854706343 45
1615686504212 0.14313235949924843 46
1615686596669 0.14265529865130266 47
1615686689387 0.14204593192067702 48
1615686782150 0.14142095368299915 49
1615686875055 0.14086921139352326 50
1615686967896 0.1402797428666519 51
1615687060422 0.13969941029780958 52
1615687152943 0.13912393524213154 53
1615687245489 0.13858171269560443 54
1615687338158 0.1380973076229411 55
1615687430822 0.13755357118762893 56
1615687523553 0.13712459391561052 57
1615687617024 0.13666516533387696 58
1615687709872 0.13621225279955132 59
1615687802509 0.13572745141465012 60
1615687895168 0.13529183238127743 61
1615687987606 0.13484313397067502 62
1615688080028 0.13443929237772284 63
1615688172807 0.13399352827521066 64
1615688265636 0.1335361645481588 65
1615688358534 0.13326005505198335 66
1615688451176 0.13293456146861507 67
1615688544022 0.13256461698204933 68
1615688636690 0.1321562042876856 69
1615688729394 0.13180391272752762 70
1615688821579 0.13147377487191714 71
1615688913196 0.13111783209765432 72
1615689005320 0.13073362019957438 73
1615689097434 0.13037156975684477 74
1615689188879 0.129981631979358 75
1615689281140 0.12960576955651473 76
1615689372739 0.1292335701955948 77
1615689464879 0.1288764250429371 78
1615689557113 0.12852673307061196 79
1615689649911 0.12816675741281083 80
1615689742649 0.1278079880512017 81
1615689835600 0.1274604355339266 82
1615689928285 0.1271003400317811 83
1615690021089 0.12673521743101235 84
1615690113686 0.12640863309424608 85
1615690206585 0.1260960203109587 86
1615690299078 0.12590444877521317 87
1615690391771 0.12582707755941083 88
1615690484299 0.12573199252386394 89
1615690577120 0.12558028744697103 90
1615690669662 0.1254489602959829 91
1615690762238 0.12520720246629835 92
1615690855235 0.12493922251222551 93
1615690947604 0.12466542804138173 94
1615691040336 0.12438824689432758 95
1615691133267 0.12409554860063252 96
1615691225064 0.12382651776066286 97
1615691317084 0.12353582942394152 98
1615691409609 0.12324456534278927 99
1615691502267 0.12295707312894391 100
1615691595216 0.12267908803684724 101
1615691686934 0.12237701154656899 102
1615691779051 0.12210676784014454 103
1615691871567 0.12185064695706668 104
1615691963446 0.12161234443337436 105
1615692055765 0.12131294572780713 106
1615692148759 0.12105604933730271 107
1615692240899 0.12080325047708317 108
1615692333949 0.12056404437915277 109
1615692426754 0.12030690497282578 110
1615692519286 0.12004808551752998 111
1615692612000 0.11979431828739555 112
1615692704814 0.11953383833989323 113
1615692797509 0.11926841569519289 114
1615692890288 0.11903101349238936 115
1615692983173 0.11880213708077055 116
1615693075881 0.1185575502373555 117
1615693167901 0.11834886603204095 118
1615693260436 0.11811206612865721 119
1615693353153 0.11789820923439975 120
1615693445658 0.11767030974195146 121
1615693538348 0.11743304091103951 122
1615693630063 0.11720080288431076 123
1615693722786 0.11696176194432954 124
1615693815624 0.11671410567724881 125
1615693907820 0.11646495419924903 126
1615694000466 0.11624745541571901 127
1615694093040 0.11605372088768959 128
1615694186044 0.11582468075401883 129
1615694279393 0.11563929906260303 130
1615694371997 0.11552815101552148 131
1615694464516 0.11533972017292272 132
1615694557476 0.11528131507186054 133
1615694650777 0.11532259398629612 134
1615694743537 0.1152310850682543 135
1615694835056 0.11507075787993187 136
1615694927560 0.1149032132117077 137
1615695020366 0.11470018139231614 138
1615695113230 0.11452492949550844 139
1615695205886 0.11433095802412314 140
1615695298794 0.11412554134810343 141
1615695391856 0.11394398743841765 142
1615695484610 0.11374499737153793 143
1615695577698 0.11354973990464415 144
1615695670489 0.1133307917026429 145
1615695763573 0.11312877877688862 146
1615695856743 0.1129392296580741 147
1615695949484 0.11274940362378323 148
1615696042055 0.11255582247800493 149
1615696134933 0.11237104988692008 150
1615696227905 0.11216443294815817 151
1615696320623 0.11201193744107554 152
1615696413663 0.1118481958483189 153
1615696506803 0.1116735254162828 154
1615696599291 0.11150717564779725 155
1615696692169 0.11132053984855897 156
1615696784863 0.11116206793485098 157
1615696877788 0.1109967552182104 158
1615696970933 0.11080713940978937 159
1615697063897 0.11063556864207032 160
1615697156983 0.11044053310778601 161
1615697249735 0.11028683297462312 162
1615697342821 0.11010672801357638 163
1615697435459 0.10992126339757563 164
1615697527334 0.10975412640977172 165
1615697619954 0.10962466392837564 166
1615697712873 0.10946027803755684 167
1615697805969 0.10928300171261442 168
1615697898816 0.10910959851856915 169
1615697991977 0.10893742524902261 170
1615698084868 0.10876858251991056 171
1615698177646 0.10862638773760587 172
1615698269379 0.10845179283960456 173
1615698362035 0.1082997541234437 174
1615698455029 0.10813283479015569 175
1615698548071 0.10798624811048639 176
1615698641286 0.10781664153523196 177
1615698734117 0.10765735855852401 178
1615698827073 0.1074845402394954 179
1615698920338 0.10729322053441072 180
1615699013128 0.1071120330461111 181
1615699106147 0.10694542039851457 182
1615699199187 0.1067761253761363 183
1615699292168 0.10661594663333773 184
1615699384890 0.10644611576131133 185
1615699477817 0.10630965887458355 186
1615699570656 0.10616574686987126 187
1615699664229 0.10600795698214843 188
1615699757385 0.10588515106374972 189
1615699851155 0.1057308681348231 190
1615699944984 0.10559392709803962 191
1615700037897 0.10543398408249607 192
1615700130982 0.10527766875293292 193
1615700223603 0.10513760596456717 194
1615700316727 0.1049613388135525 195
1615700409642 0.10481485609972471 196
1615700502405 0.10467748026511396 197
1615700595431 0.1045528333507009 198
1615700687813 0.10440990704653863 199
1615700780843 0.10428585172841423 200
1615700874023 0.10416991623990796 201
1615700966907 0.10403394966859619 202
1615701060254 0.103930745242212 203
1615701153578 0.10385835817348835 204
1615701246764 0.10376419023558149 205
1615701339899 0.10362817319437058 206
1615701433119 0.10349712472079674 207
1615701526020 0.10334085874588818 208
1615701619398 0.1032236162152117 209
1615701712457 0.10309236049820743 210
1615701805102 0.10298208103435734 211
1615701897993 0.10289420615264318 212
1615701990714 0.10277050593887378 213
1615702083676 0.1026403320741835 214
1615702177068 0.10253166292437267 215
1615702270448 0.10239400152114189 216
1615702363590 0.10225336948812908 217
1615702456408 0.10213165944772834 218
1615702549951 0.10201045792736865 219
1615702642802 0.10187739829430335 220
1615702735702 0.10174106560568337 221
1615702828750 0.1016102203578564 222
1615702921522 0.10146745397989296 223
1615703014464 0.1013420614516161 224
1615703107909 0.1012327718641842 225
1615703200751 0.10110379351738111 226
1615703293375 0.10097250675586975 227
1615703385960 0.10082918013555468 228
1615703478694 0.10071076379048206 229
1615703571591 0.10059376753307764 230
1615703664698 0.10047206313292262 231
1615703757991 0.10035362533294793 232
1615703850936 0.10023319544818327 233
1615703943905 0.1001184157281877 234
1615704036705 0.10001994693185776 235
1615704129643 0.09991240712360477 236
1615704222712 0.09978371274362131 237
1615704315767 0.09966834142505429 238
1615704408570 0.09955593571066851 239
1615704501802 0.09945750893576114 240
1615704595047 0.09935811009803472 241
1615704687892 0.09923573782751371 242
1615704781029 0.09910946095634383 243
1615704873975 0.09898515758520209 244
1615704966866 0.09886798507422873 245
1615705059972 0.0987488768944834 246
1615705153215 0.09863604824374829 247
1615705246074 0.09851398884889238 248
1615705339031 0.09840383563824551 249
