1615682236989 0.6541767415604485 0
1615682236989 0.6541767415604485 0
1615682331100 0.6693400406737381 1
1615682331100 0.6693400406737381 1
1615682424591 0.6937335218993289 2
1615682424591 0.6937335218993289 2
1615682517425 0.7109773445930054 3
1615682517425 0.7109773445930054 3
1615682611984 0.724859308573737 4
1615682611984 0.724859308573737 4
1615682705292 0.7349412381574881 5
1615682705292 0.7349412381574881 5
1615682798282 0.7449577375452147 6
1615682798288 0.7449577375452147 6
1615682891082 0.7532174841973429 7
1615682891082 0.7532174841973429 7
1615682984238 0.760845493917565 8
1615682984238 0.760845493917565 8
1615683077146 0.7680063692074436 9
1615683077162 0.7680063692074436 9
1615683169645 0.7739988917072924 10
1615683169645 0.7739988917072924 10
1615683262198 0.7795850890827601 11
1615683262198 0.7795850890827601 11
1615683354085 0.7840365682216414 12
1615683354085 0.7840365682216414 12
1615683446558 0.785238252474126 13
1615683446558 0.785238252474126 13
1615683539314 0.7888704745645695 14
1615683539314 0.7888704745645695 14
1615683632421 0.7920046128322189 15
1615683632421 0.7920046128322189 15
1615683725244 0.7953340446002474 16
1615683725244 0.7953340446002474 16
1615683817073 0.79876851925092 17
1615683817073 0.79876851925092 17
1615683909339 0.8017404751233222 18
1615683909339 0.8017404751233222 18
1615684001657 0.8045466553711735 19
1615684001657 0.8045466553711735 19
1615684094569 0.8060880111862707 20
1615684094569 0.8060880111862707 20
1615684187599 0.8084558648104037 21
1615684187599 0.8084558648104037 21
1615684280313 0.8106262826437515 22
1615684280328 0.8106262826437515 22
1615684373153 0.812270148480033 23
1615684373153 0.812270148480033 23
1615684466119 0.8140198962357061 24
1615684466119 0.8140198962357061 24
1615684558478 0.8158049741246652 25
1615684558478 0.8158049741246652 25
1615684650248 0.8174169137857693 26
1615684650248 0.8174169137857693 26
1615684742574 0.819129441943226 27
1615684742574 0.819129441943226 27
1615684834779 0.8207354488506013 28
1615684834779 0.8207354488506013 28
1615684926544 0.8221840211862131 29
1615684926544 0.8221840211862131 29
1615685019032 0.8234284650597166 30
1615685019032 0.8234284650597166 30
1615685111861 0.8246625152437377 31
1615685111861 0.8246625152437377 31
1615685204617 0.8258301173659038 32
1615685204617 0.8258301173659038 32
1615685297370 0.8269857278672603 33
1615685297370 0.8269857278672603 33
1615685389990 0.8280274303093839 34
1615685389990 0.8280274303093839 34
1615685482757 0.8291589676936899 35
1615685482757 0.8291589676936899 35
1615685575115 0.8298698792368558 36
1615685575115 0.8298698792368558 36
1615685668195 0.8305755987849733 37
1615685668195 0.8305755987849733 37
1615685760962 0.830405746605511 38
1615685760962 0.830405746605511 38
1615685853915 0.8310893495866001 39
1615685853915 0.8310893495866001 39
1615685946935 0.8317874060753188 40
1615685946935 0.8317874060753188 40
1615686040721 0.8324472249889987 41
1615686040721 0.8324472249889987 41
1615686133334 0.833249873534383 42
1615686133334 0.833249873534383 42
1615686226029 0.8339137492513126 43
1615686226029 0.8339137492513126 43
1615686318727 0.8346059541457379 44
1615686318727 0.8346059541457379 44
1615686411215 0.8348697877224925 45
1615686411215 0.8348697877224925 45
1615686504212 0.8352374251453972 46
1615686504212 0.8352374251453972 46
1615686596669 0.8357841650490877 47
1615686596669 0.8357841650490877 47
1615686689387 0.8364147090081023 48
1615686689387 0.8364147090081023 48
1615686782165 0.8370785952053632 49
1615686782165 0.8370785952053632 49
1615686875071 0.8376725829580627 50
1615686875071 0.8376725829580627 50
1615686967912 0.8383309614767634 51
1615686967912 0.8383309614767634 51
1615687060422 0.8389601663307881 52
1615687060438 0.8389601663307881 52
1615687152958 0.8395889154849024 53
1615687152958 0.8395889154849024 53
1615687245504 0.8401970623887501 54
1615687245504 0.8401970623887501 54
1615687338158 0.8407219533996185 55
1615687338158 0.8407219533996185 55
1615687430822 0.8413404344231611 56
1615687430822 0.8413404344231611 56
1615687523553 0.8418291882711033 57
1615687523553 0.8418291882711033 57
1615687617024 0.8423295771180567 58
1615687617024 0.8423295771180567 58
1615687709872 0.8428895342497351 59
1615687709872 0.8428895342497351 59
1615687802509 0.843452518469519 60
1615687802509 0.843452518469519 60
1615687895168 0.8439273018534326 61
1615687895184 0.8439273018534326 61
1615687987606 0.8444472057407282 62
1615687987606 0.8444472057407282 62
1615688080028 0.8449071514912805 63
1615688080028 0.8449071514912805 63
1615688172807 0.8454025646023684 64
1615688172807 0.8454025646023684 64
1615688265636 0.8459256981583316 65
1615688265636 0.8459256981583316 65
1615688358534 0.8462212189022053 66
1615688358534 0.8462212189022053 66
1615688451176 0.8466074962117419 67
1615688451176 0.8466074962117419 67
1615688544022 0.8470191071605704 68
1615688544022 0.8470191071605704 68
1615688636690 0.847463116394892 69
1615688636706 0.847463116394892 69
1615688729410 0.8478686761977149 70
1615688729413 0.8478686761977149 70
1615688821579 0.8482805779423861 71
1615688821579 0.8482805779423861 71
1615688913196 0.8486704720746694 72
1615688913196 0.8486704720746694 72
1615689005336 0.8490993610274057 73
1615689005336 0.8490993610274057 73
1615689097434 0.8495170275892933 74
1615689097450 0.8495170275892933 74
1615689188879 0.8499428730414856 75
1615689188879 0.8499428730414856 75
1615689281140 0.8503424267823074 76
1615689281140 0.8503424267823074 76
1615689372746 0.8507601062642817 77
1615689372746 0.8507601062642817 77
1615689464879 0.8511539125562012 78
1615689464879 0.8511539125562012 78
1615689557113 0.8515321594430132 79
1615689557113 0.8515321594430132 79
1615689649926 0.851935254491595 80
1615689649926 0.851935254491595 80
1615689742649 0.8523488690721329 81
1615689742649 0.8523488690721329 81
1615689835603 0.8527416259032281 82
1615689835605 0.8527416259032281 82
1615689928285 0.8531391185942664 83
1615689928285 0.8531391185942664 83
1615690021089 0.8535469542220694 84
1615690021089 0.8535469542220694 84
1615690113686 0.8539328581344173 85
1615690113686 0.8539328581344173 85
1615690206585 0.8542879788992075 86
1615690206585 0.8542879788992075 86
1615690299094 0.8544965085160907 87
1615690299094 0.8544965085160907 87
1615690391771 0.8545713996917318 88
1615690391771 0.8545713996917318 88
1615690484299 0.8546976121386534 89
1615690484299 0.8546976121386534 89
1615690577120 0.8548709083784157 90
1615690577120 0.8548709083784157 90
1615690669662 0.8550063149198541 91
1615690669662 0.8550063149198541 91
1615690762238 0.8552825173123645 92
1615690762238 0.8552825173123645 92
1615690855235 0.8555975498873521 93
1615690855235 0.8555975498873521 93
1615690947604 0.8559027192372322 94
1615690947604 0.8559027192372322 94
1615691040336 0.8562107537751461 95
1615691040336 0.8562107537751461 95
1615691133267 0.856530358071652 96
1615691133267 0.856530358071652 96
1615691225064 0.8568301190648532 97
1615691225064 0.8568301190648532 97
1615691317084 0.857167238924755 98
1615691317084 0.857167238924755 98
1615691409609 0.8574983950242843 99
1615691409609 0.8574983950242843 99
1615691502267 0.8578243112103199 100
1615691502267 0.8578243112103199 100
1615691595216 0.8581123681096284 101
1615691595216 0.8581123681096284 101
1615691686934 0.8584373200423188 102
1615691686934 0.8584373200423188 102
1615691779051 0.858744102314726 103
1615691779051 0.858744102314726 103
1615691871567 0.8590331633329686 104
1615691871567 0.8590331633329686 104
1615691963446 0.8593195603509471 105
1615691963446 0.8593195603509471 105
1615692055765 0.859657925636632 106
1615692055765 0.859657925636632 106
1615692148759 0.8599437488584827 107
1615692148759 0.8599437488584827 107
1615692240914 0.8602363029542064 108
1615692240914 0.8602363029542064 108
1615692333949 0.8605097348985021 109
1615692333949 0.8605097348985021 109
1615692426754 0.8608094496704828 110
1615692426754 0.8608094496704828 110
1615692519286 0.861095656858765 111
1615692519286 0.861095656858765 111
1615692612016 0.8613781886754167 112
1615692612016 0.8613781886754167 112
1615692704814 0.8616667088895692 113
1615692704814 0.8616667088895692 113
1615692797509 0.8619590220490614 114
1615692797509 0.8619590220490614 114
1615692890304 0.862228718912205 115
1615692890304 0.862228718912205 115
1615692983189 0.862489030737915 116
1615692983189 0.862489030737915 116
1615693075881 0.8627660560310678 117
1615693075881 0.8627660560310678 117
1615693167901 0.8630089655478349 118
1615693167901 0.8630089655478349 118
1615693260436 0.8632733210193836 119
1615693260436 0.8632733210193836 119
1615693353153 0.8635331661210329 120
1615693353153 0.8635331661210329 120
1615693445658 0.8637994733865341 121
1615693445658 0.8637994733865341 121
1615693538354 0.8640602603089121 122
1615693538354 0.8640602603089121 122
1615693630070 0.8643223220477089 123
1615693630070 0.8643223220477089 123
1615693722786 0.8645877832045307 124
1615693722801 0.8645877832045307 124
1615693815624 0.8648615858189496 125
1615693815624 0.8648615858189496 125
1615693907835 0.86513754855003 126
1615693907835 0.86513754855003 126
1615694000466 0.8653800820809296 127
1615694000466 0.8653800820809296 127
1615694093044 0.8656061712053762 128
1615694093044 0.8656061712053762 128
1615694186044 0.8658753253096111 129
1615694186044 0.8658753253096111 129
1615694279393 0.8661056093046487 130
1615694279393 0.8661056093046487 130
1615694372013 0.8662397786263042 131
1615694372013 0.8662397786263042 131
1615694464516 0.86645076773085 132
1615694464516 0.86645076773085 132
1615694557476 0.866516687413713 133
1615694557476 0.866516687413713 133
1615694650777 0.8664571385392009 134
1615694650777 0.8664571385392009 134
1615694743537 0.8665515197411547 135
1615694743537 0.8665515197411547 135
1615694835060 0.8667361882005608 136
1615694835060 0.8667361882005608 136
1615694927560 0.8669307510868738 137
1615694927560 0.8669307510868738 137
1615695020366 0.8671574507908281 138
1615695020366 0.8671574507908281 138
1615695113245 0.8673557873243399 139
1615695113245 0.8673557873243399 139
1615695205902 0.8675746110148553 140
1615695205902 0.8675746110148553 140
1615695298801 0.8677969762430126 141
1615695298801 0.8677969762430126 141
1615695391856 0.8680104375338148 142
1615695391856 0.8680104375338148 142
1615695484610 0.8682316108313306 143
1615695484610 0.8682316108313306 143
1615695577714 0.8684490048012596 144
1615695577714 0.8684490048012596 144
1615695670489 0.8686917213914622 145
1615695670489 0.8686917213914622 145
1615695763573 0.8689207824960569 146
1615695763589 0.8689207824960569 146
1615695856743 0.8691465100863315 147
1615695856743 0.8691465100863315 147
1615695949484 0.8693682367511434 148
1615695949484 0.8693682367511434 148
1615696042055 0.8695883709184862 149
1615696042055 0.8695883709184862 149
1615696134933 0.8697939029467355 150
1615696134933 0.8697939029467355 150
1615696227905 0.8700164700240095 151
1615696227905 0.8700164700240095 151
1615696320623 0.8701917191129895 152
1615696320623 0.8701917191129895 152
1615696413663 0.8703864524467703 153
1615696413663 0.8703864524467703 153
1615696506803 0.8705967678170566 154
1615696506803 0.8705967678170566 154
1615696599291 0.8707930919216355 155
1615696599291 0.8707930919216355 155
1615696692169 0.8710011210494797 156
1615696692169 0.8710011210494797 156
1615696784863 0.8711853886863166 157
1615696784863 0.8711853886863166 157
1615696877788 0.871381663597297 158
1615696877788 0.871381663597297 158
1615696970933 0.8716035417260241 159
1615696970933 0.8716035417260241 159
1615697063897 0.8717917377759288 160
1615697063897 0.8717917377759288 160
1615697156984 0.8720174350080588 161
1615697156984 0.8720174350080588 161
1615697249735 0.8721939652875746 162
1615697249735 0.8721939652875746 162
1615697342821 0.872409876675352 163
1615697342821 0.872409876675352 163
1615697435459 0.872616425661386 164
1615697435459 0.872616425661386 164
1615697527334 0.8728112415064743 165
1615697527334 0.8728112415064743 165
1615697619954 0.8729644694664125 166
1615697619954 0.8729644694664125 166
1615697712873 0.8731527712166984 167
1615697712873 0.8731527712166984 167
1615697805969 0.8733447936485986 168
1615697805969 0.8733447936485986 168
1615697898816 0.8735369252572464 169
1615697898816 0.8735369252572464 169
1615697991977 0.87373184704381 170
1615697991977 0.87373184704381 170
1615698084868 0.8739163971873607 171
1615698084883 0.8739163971873607 171
1615698177646 0.8740814377521378 172
1615698177646 0.8740814377521378 172
1615698269379 0.8742801657754674 173
1615698269385 0.8742801657754674 173
1615698362035 0.8744543365463772 174
1615698362035 0.8744543365463772 174
1615698455029 0.8746446168879133 175
1615698455029 0.8746446168879133 175
1615698548071 0.8748119185800464 176
1615698548071 0.8748119185800464 176
1615698641286 0.8750039451880061 177
1615698641302 0.8750039451880061 177
1615698734117 0.8751837859410295 178
1615698734117 0.8751837859410295 178
1615698827075 0.8753786126513088 179
1615698827075 0.8753786126513088 179
1615698920345 0.8755947938716507 180
1615698920345 0.8755947938716507 180
1615699013128 0.8758042599344146 181
1615699013128 0.8758042599344146 181
1615699106147 0.8759933805270758 182
1615699106147 0.8759933805270758 182
1615699199187 0.8761878240645645 183
1615699199187 0.8761878240645645 183
1615699292168 0.8763649472297318 184
1615699292168 0.8763649472297318 184
1615699384890 0.8765582345800343 185
1615699384890 0.8765582345800343 185
1615699477817 0.8767188680122965 186
1615699477817 0.8767188680122965 186
1615699570656 0.8768640074650609 187
1615699570656 0.8768640074650609 187
1615699664229 0.8770370855156696 188
1615699664229 0.8770370855156696 188
1615699757385 0.877181942851077 189
1615699757385 0.877181942851077 189
1615699851155 0.8773520215280336 190
1615699851155 0.8773520215280336 190
1615699944984 0.8775016377015104 191
1615699945000 0.8775016377015104 191
1615700037912 0.8776805890912329 192
1615700037912 0.8776805890912329 192
1615700130987 0.8778574549213136 193
1615700130987 0.8778574549213136 193
1615700223603 0.8780209892390561 194
1615700223618 0.8780209892390561 194
1615700316727 0.8782175207068615 195
1615700316727 0.8782175207068615 195
1615700409642 0.8783717690064913 196
1615700409642 0.8783717690064913 196
1615700502405 0.8785269540322774 197
1615700502405 0.8785269540322774 197
1615700595447 0.8786658942811194 198
1615700595447 0.8786658942811194 198
1615700687813 0.8788329165718004 199
1615700687813 0.8788329165718004 199
1615700780843 0.8789812173867816 200
1615700780843 0.8789812173867816 200
1615700874023 0.8791180601302501 201
1615700874023 0.8791180601302501 201
1615700966923 0.8792741101578346 202
1615700966923 0.8792741101578346 202
1615701060254 0.8793918488600082 203
1615701060254 0.8793918488600082 203
1615701153578 0.8794826899848073 204
1615701153578 0.8794826899848073 204
1615701246764 0.8795851726231239 205
1615701246764 0.8795851726231239 205
1615701339899 0.8797363206723781 206
1615701339899 0.8797363206723781 206
1615701433135 0.8798897079695723 207
1615701433135 0.8798897079695723 207
1615701526020 0.8800690504369469 208
1615701526020 0.8800690504369469 208
1615701619398 0.8802084475247338 209
1615701619413 0.8802084475247338 209
1615701712464 0.8803603978130735 210
1615701712464 0.8803603978130735 210
1615701805102 0.880485919157583 211
1615701805102 0.880485919157583 211
1615701897999 0.8805891618980448 212
1615701897999 0.8805891618980448 212
1615701990714 0.8807279611839621 213
1615701990714 0.8807279611839621 213
1615702083676 0.8808768140430752 214
1615702083676 0.8808768140430752 214
1615702177068 0.8810043967050446 215
1615702177068 0.8810043967050446 215
1615702270448 0.8811633934107558 216
1615702270448 0.8811633934107558 216
1615702363606 0.8813280868695345 217
1615702363606 0.8813280868695345 217
1615702456423 0.8814706193916777 218
1615702456423 0.8814706193916777 218
1615702549951 0.8816089086411483 219
1615702549951 0.8816089086411483 219
1615702642817 0.8817718410054982 220
1615702642817 0.8817718410054982 220
1615702735702 0.8819267209145921 221
1615702735702 0.8819267209145921 221
1615702828750 0.8820731821641068 222
1615702828750 0.8820731821641068 222
1615702921537 0.8822360499459171 223
1615702921537 0.8822360499459171 223
1615703014464 0.8823759057336977 224
1615703014464 0.8823759057336977 224
1615703107909 0.8825014216864484 225
1615703107909 0.8825014216864484 225
1615703200751 0.8826464295443115 226
1615703200751 0.8826464295443115 226
1615703293375 0.8827946568120093 227
1615703293375 0.8827946568120093 227
1615703385960 0.8829602361165357 228
1615703385960 0.8829602361165357 228
1615703478694 0.8830903913127107 229
1615703478694 0.8830903913127107 229
1615703571591 0.8832133495166236 230
1615703571591 0.8832133495166236 230
1615703664698 0.8833513236098948 231
1615703664698 0.8833513236098948 231
1615703757991 0.8834787769486885 232
1615703757991 0.8834787769486885 232
1615703850936 0.8836148407014183 233
1615703850936 0.8836148407014183 233
1615703943905 0.8837479052150126 234
1615703943905 0.8837479052150126 234
1615704036705 0.8838628792361107 235
1615704036705 0.8838628792361107 235
1615704129643 0.8839927252598581 236
1615704129643 0.8839927252598581 236
1615704222712 0.884140533713184 237
1615704222712 0.884140533713184 237
1615704315767 0.8842765233816596 238
1615704315767 0.8842765233816596 238
1615704408570 0.8844036435462832 239
1615704408570 0.8844036435462832 239
1615704501802 0.8845160495665868 240
1615704501802 0.8845160495665868 240
1615704595047 0.8846281539987434 241
1615704595047 0.8846281539987434 241
1615704687892 0.8847725894211749 242
1615704687892 0.8847725894211749 242
1615704781029 0.8849195194571248 243
1615704781029 0.8849195194571248 243
1615704873975 0.8850650610722786 244
1615704873975 0.8850650610722786 244
1615704966866 0.8851995950239496 245
1615704966866 0.8851995950239496 245
1615705059972 0.8853298424184232 246
1615705059972 0.8853298424184232 246
1615705153215 0.8854568205602542 247
1615705153215 0.8854568205602542 247
1615705246074 0.8855981669906038 248
1615705246074 0.8855981669906038 248
1615705339031 0.8857263231922441 249
1615705339031 0.8857263231922441 249
