1615682236973 0.3238318055423338 0
1615682331084 0.2773092540342416 1
1615682424591 0.2246387983436015 2
1615682517409 0.2046727413561807 3
1615682611969 0.19021601641356056 4
1615682705276 0.18402100410034408 5
1615682798266 0.1681744571942002 6
1615682891067 0.16365776666954382 7
1615682984216 0.15433374358646906 8
1615683077146 0.1435416999147899 9
1615683169629 0.14532455401634103 10
1615683262183 0.13831661263508582 11
1615683354075 0.1395744565707534 12
1615683446552 0.1708200066836912 13
1615683539298 0.1381075133138628 14
1615683632405 0.13886549401639112 15
1615683725238 0.13126028562659647 16
1615683817057 0.12334063515734317 17
1615683909323 0.12627619949739372 18
1615684001641 0.12265983535282647 19
1615684094553 0.14088721506631197 20
1615684187593 0.12357837139670529 21
1615684280313 0.12084580268432844 22
1615684373138 0.12935394760388047 23
1615684466103 0.12483998910704655 24
1615684558456 0.1218398845017846 25
1615684650248 0.1219090267793456 26
1615684742552 0.11684822858269535 27
1615684834772 0.11699496276343047 28
1615684926544 0.11773688045900259 29
1615685019016 0.12126945826544691 30
1615685111845 0.1177843159704066 31
1615685204601 0.11860796764715394 32
1615685297354 0.11432738357515478 33
1615685389974 0.11697322397089716 34
1615685482757 0.11229435009742851 35
1615685575100 0.1250420764311036 36
1615685668195 0.12416458129882812 37
1615685760939 0.15414200700930694 38
1615685853899 0.12404802041267281 39
1615685946919 0.12322556616655037 40
1615686040721 0.1218265677565959 41
1615686133327 0.11519544427074603 42
1615686226022 0.11790395850565896 43
1615686318727 0.11581400437141533 44
1615686411199 0.13341641692972894 45
1615686504205 0.12740836481549847 46
1615686596653 0.1202334387978511 47
1615686689371 0.11279632885064651 48
1615686782150 0.1107970200367828 49
1615686875055 0.11328209691972875 50
1615686967896 0.11021684799621355 51
1615687060422 0.10952211671800756 52
1615687152943 0.108623757291196 53
1615687245489 0.10930169518314191 54
1615687338143 0.11145502862645619 55
1615687430806 0.10710433081014832 56
1615687523538 0.1126728894105598 57
1615687617008 0.11001830759333141 58
1615687709872 0.10949041327433799 59
1615687802493 0.10663936832057896 60
1615687895168 0.10871907134554279 61
1615687987591 0.10702383251332526 62
1615688080013 0.1089972720217349 63
1615688172791 0.10546462571443017 64
1615688265620 0.10380752228978854 65
1615688358518 0.11503682830440465 66
1615688451169 0.11112649138294049 67
1615688544006 0.10740839189557887 68
1615688636690 0.10397572837658782 69
1615688729394 0.10714350351646765 70
1615688821572 0.10803398712357479 71
1615688913180 0.10548995235073033 72
1615689005320 0.10268615163973908 73
1615689097434 0.10357983699485437 74
1615689188863 0.10073629866785078 75
1615689281129 0.10104022542042519 76
1615689372724 0.10057421940476147 77
1615689464879 0.1010191031356356 78
1615689557097 0.10090106725692749 79
1615689649911 0.09936870478872042 80
1615689742633 0.09874766976086062 81
1615689835592 0.09896112911736787 82
1615689928269 0.09721241335370648 83
1615690021073 0.09606491896643568 84
1615690113686 0.09864896446911257 85
1615690206569 0.09921132094824492 86
1615690299078 0.10923772516535289 87
1615690391771 0.11901841056880666 88
1615690484283 0.11726942436018986 89
1615690577120 0.11192683052660814 90
1615690669646 0.11349818955606489 91
1615690762223 0.10296548213531721 92
1615690855219 0.10001708678345182 93
1615690947604 0.09892874778206669 94
1615691040330 0.09805603792418295 95
1615691133252 0.09599651240590792 96
1615691225048 0.09773052628360578 97
1615691317084 0.09504837242525015 98
1615691409594 0.09440942130871673 99
1615691502252 0.09420785174440982 100
1615691595209 0.09460259373508283 101
1615691686934 0.09156520953818933 102
1615691779036 0.09427166607842516 103
1615691871560 0.09521407511696886 104
1615691963440 0.09659057944568235 105
1615692055749 0.08957668293767901 106
1615692148759 0.09356813555333152 107
1615692240899 0.09350097357337155 108
1615692333933 0.09449057970474016 109
1615692426738 0.0920215702768582 110
1615692519270 0.09131912597969397 111
1615692612000 0.09137238851234095 112
1615692704798 0.0900996042721307 113
1615692797494 0.08901023419935312 114
1615692890288 0.09172976016998291 115
1615692983173 0.09225247333298868 116
1615693075881 0.08994088955779574 117
1615693167886 0.09372412980492435 118
1615693260436 0.08993287762599204 119
1615693353138 0.09223538192350474 120
1615693445652 0.09009447115570751 121
1615693538332 0.08848624353978171 122
1615693630047 0.08863552559667559 123
1615693722786 0.08732068538665771 124
1615693815608 0.08575707229215708 125
1615693907820 0.08507186797127794 126
1615694000466 0.08862510990740648 127
1615694093024 0.09125570129992357 128
1615694186044 0.0862785035104894 129
1615694279385 0.09153967917855106 130
1615694371997 0.10096775684783708 131
1615694464494 0.09046684894988787 132
1615694557461 0.10751343663059064 133
1615694650761 0.12085396852066267 134
1615694743522 0.1028773811326098 135
1615694835040 0.09326626026808325 136
1615694927545 0.09194959366499487 137
1615695020366 0.08668179031628281 138
1615695113230 0.09016491583923796 139
1615695205886 0.08717495203018188 140
1615695298779 0.08516179002932649 141
1615695391856 0.08816333226303556 142
1615695484594 0.08528941780773562 143
1615695577698 0.08543266467194059 144
1615695670489 0.0815833024124601 145
1615695763573 0.08363489161676435 146
1615695856727 0.08507550919233862 147
1615695949469 0.08465515054873567 148
1615696042039 0.08371223175703589 149
1615696134917 0.08465516122419443 150
1615696227889 0.08096527519510753 151
1615696320607 0.08883262036451653 152
1615696413648 0.08679573215655427 153
1615696506803 0.08477427888272414 154
1615696599275 0.08572296153253584 155
1615696692154 0.08220535516738892 156
1615696784848 0.08628197748269607 157
1615696877772 0.08487734598899956 158
1615696970918 0.08065822587084415 159
1615697063882 0.08318424580702141 160
1615697156967 0.0790398120880127 161
1615697249719 0.0853874114022326 162
1615697342806 0.08074961936295923 163
1615697435444 0.07950506637345499 164
1615697527319 0.08217652342212733 165
1615697619954 0.08813389201662433 166
1615697712857 0.08200783427081891 167
1615697805953 0.07950057912228713 168
1615697898800 0.07980445872491865 169
1615697991961 0.07966796942611239 170
1615698084868 0.07989647584174996 171
1615698177646 0.08416888518119926 172
1615698269363 0.07824687548537752 173
1615698362029 0.0818450175114532 174
1615698455013 0.07892195146475266 175
1615698548055 0.08218699248869028 176
1615698641286 0.07779627771519904 177
1615698734111 0.0793049887045106 178
1615698827056 0.07655006113337047 179
1615698920323 0.07285567361917068 180
1615699013113 0.0743170976638794 181
1615699106141 0.07662191853594424 182
1615699199181 0.07579513628091385 183
1615699292152 0.07714305795840364 184
1615699384875 0.0750274044364246 185
1615699477802 0.08092867794321544 186
1615699570640 0.07925420198867571 187
1615699664229 0.07634345809025551 188
1615699757370 0.08267483248639462 189
1615699851139 0.07641711163876662 190
1615699944984 0.07943818907239544 191
1615700037897 0.07472492509813451 192
1615700130965 0.07510881014724276 193
1615700223603 0.07796542502161283 194
1615700316727 0.07058924436569214 195
1615700409626 0.0761042441894759 196
1615700502405 0.07761444084679903 197
1615700595431 0.07987274429691371 198
1615700687797 0.07596757251824905 199
1615700780837 0.07947478810353066 200
1615700874007 0.08086688305014994 201
1615700966907 0.07656870226361859 202
1615701060238 0.08298024668622372 203
1615701153563 0.0890913961538628 204
1615701246749 0.08445976296467568 205
1615701339891 0.07560866270492327 206
1615701433119 0.07637009069101135 207
1615701526004 0.07083753596490888 208
1615701619398 0.07871992730382663 209
1615701712442 0.07552865992731123 210
1615701805086 0.07971311416198958 211
1615701897977 0.08426473122924122 212
1615701990698 0.07642236040599311 213
1615702083660 0.07478312503046064 214
1615702177052 0.07916779571504735 215
1615702270433 0.07265913842329338 216
1615702363590 0.07173621832434811 217
1615702456408 0.07559887064037038 218
1615702549935 0.07546732496859422 219
1615702642802 0.07260427901993936 220
1615702735687 0.07161154142066614 221
1615702828734 0.072562575340271 222
1615702921522 0.06963055169404443 223
1615703014448 0.073254135117602 224
1615703107893 0.07664261469200476 225
1615703200735 0.0719546871398812 226
1615703293359 0.07117041189279129 227
1615703385944 0.06815071070372168 228
1615703478679 0.07359342076885167 229
1615703571584 0.07368462833005991 230
1615703664682 0.07235834669710985 231
1615703757975 0.07287605573881918 232
1615703850920 0.0721730322980169 233
1615703943890 0.07325996124922339 234
1615704036690 0.07687977979432291 235
1615704129637 0.07453301237590278 236
1615704222690 0.06928314468753871 237
1615704315751 0.07220996760610324 238
1615704408554 0.07269096997246813 239
1615704501786 0.0758350829579937 240
1615704595032 0.07540299020596404 241
1615704687876 0.0696216483614338 242
1615704781014 0.068424181262059 243
1615704873959 0.06865513502661862 244
1615704966850 0.07016071988575494 245
1615705059956 0.06944826467713314 246
1615705153200 0.07076737151217105 247
1615705246059 0.0682432589246266 248
1615705339015 0.07097568618717479 249
