1615682236973 0.6541767415604485 0
1615682331084 0.6845033397870277 1
1615682424591 0.7425204843505105 2
1615682517409 0.7627088126740349 3
1615682611969 0.7803871644966638 4
1615682705276 0.7853508860762439 5
1615682798282 0.8050567338715738 6
1615682891082 0.811035710762241 7
1615682984231 0.8218695716793413 8
1615683077146 0.8324542468163505 9
1615683169629 0.8339241167057806 10
1615683262183 0.8410332602129054 11
1615683354075 0.8374543178882172 12
1615683446552 0.8008601477564271 13
1615683539298 0.8397215838307766 14
1615683632405 0.8390166868469608 15
1615683725244 0.8486049528887023 16
1615683817073 0.8571545883123555 17
1615683909323 0.8552356808265643 18
1615684001641 0.8578640800803455 19
1615684094553 0.8369151274882146 20
1615684187593 0.8581807909171972 21
1615684280313 0.8583754749774043 22
1615684373138 0.8500790627145055 23
1615684466119 0.8560138423718623 24
1615684558472 0.860431921348643 25
1615684650248 0.8593273449744752 26
1615684742567 0.865367702194559 27
1615684834779 0.8657036422571139 28
1615684926544 0.8641926189189526 29
1615685019016 0.8607617812648193 30
1615685111845 0.8629180709483908 31
1615685204601 0.8631933852752198 32
1615685297354 0.8651208744120242 33
1615685389974 0.863445313341582 34
1615685482757 0.8687627761444049 35
1615685575100 0.8554626947908259 36
1615685668195 0.8566872220653207 37
1615685760955 0.823951363785943 38
1615685853899 0.8577498658490714 39
1615685946935 0.8597096656240634 40
1615686040721 0.8594998004498766 41
1615686133334 0.866961112440522 42
1615686226029 0.8624604050792865 43
1615686318727 0.8650629695004491 44
1615686411215 0.8467422986764517 45
1615686504205 0.8521487465990123 46
1615686596653 0.8614809405225426 47
1615686689371 0.8666808190408037 48
1615686782150 0.8696090188711437 49
1615686875055 0.8673719705930397 50
1615686967896 0.8719082659305032 51
1615687060422 0.8716788187400618 52
1615687152943 0.8729126206529674 53
1615687245489 0.8730369951965203 54
1615687338158 0.8695909589973848 55
1615687430822 0.8759753717415368 56
1615687523538 0.8696881576038119 57
1615687617008 0.8713521302413585 58
1615687709872 0.8759270050187609 59
1615687802509 0.8772315716565545 60
1615687895168 0.8728890882721588 61
1615687987606 0.8766812467530593 62
1615688080013 0.8738837337760783 63
1615688172791 0.8771090037119922 64
1615688265620 0.879929379295947 65
1615688358518 0.8657255879978636 66
1615688451176 0.8724880759506973 67
1615688544006 0.8750086516809108 68
1615688636690 0.8780997535630838 69
1615688729394 0.876257862395315 70
1615688821572 0.8775256018140423 71
1615688913180 0.8767428495990697 72
1615689005320 0.8804082545771528 73
1615689097434 0.8804243531689715 74
1615689188879 0.8818812819559183 75
1615689281129 0.880708511084763 76
1615689372739 0.8829214263763001 77
1615689464879 0.8818708033259235 78
1615689557097 0.8814136635011701 79
1615689649911 0.8841828583781399 80
1615689742633 0.8858516500956977 81
1615689835595 0.8849476860530341 82
1615689928285 0.886131011950436 83
1615690021089 0.8878051469575113 84
1615690113686 0.8867346906839911 85
1615690206569 0.8848283646711662 86
1615690299078 0.8726385851849371 87
1615690391771 0.861161823148158 88
1615690484283 0.8659305199146715 89
1615690577120 0.8704675699570286 90
1615690669662 0.8673283101907417 91
1615690762223 0.880693137423316 92
1615690855219 0.8848955793612039 93
1615690947604 0.8845886381259606 94
1615691040330 0.8854740348769657 95
1615691133252 0.8872123705362206 96
1615691225064 0.8859069354053754 97
1615691317084 0.8902049851951315 98
1615691409594 0.8902828488776933 99
1615691502267 0.8904159298138832 100
1615691595209 0.8872061149397893 101
1615691686934 0.8915824171767306 102
1615691779036 0.8903426763726704 103
1615691871560 0.889095509230201 104
1615691963440 0.8893912472386858 105
1615692055765 0.8955246459192304 106
1615692148759 0.8905268335965142 107
1615692240899 0.8918321452923675 108
1615692333933 0.8903138168267349 109
1615692426738 0.8937780745883486 110
1615692519270 0.8928646547580833 111
1615692612000 0.8930217521404152 112
1615692704798 0.8942694930887934 113
1615692797509 0.8952827222311674 114
1615692890288 0.893243858173712 115
1615692983173 0.892685202520285 116
1615693075881 0.8951780153299446 117
1615693167886 0.8916722885263499 118
1615693260436 0.8947316221336821 119
1615693353138 0.8947145783189517 120
1615693445652 0.8960226525121661 121
1615693538348 0.89587626483903 122
1615693630063 0.8965559159197024 123
1615693722786 0.8975049666504362 124
1615693815608 0.899086912621313 125
1615693907820 0.8999088526661716 126
1615694000466 0.8961818405051729 127
1615694093024 0.8945455791345284 128
1615694186044 0.9005962047559112 129
1615694279393 0.8960425286595501 130
1615694371997 0.8838159597631711 131
1615694464510 0.8943013295308867 132
1615694557461 0.8752840052344906 133
1615694650761 0.8584775893545863 134
1615694743522 0.8792929820049165 135
1615694835040 0.8918510986797845 136
1615694927545 0.8935858665117576 137
1615695020366 0.8984420099365178 138
1615695113230 0.8949245654824954 139
1615695205886 0.8982099276870045 140
1615695298794 0.8991504734131828 141
1615695391856 0.8983219408277255 142
1615695484594 0.8998593923760884 143
1615695577698 0.8997537364710623 144
1615695670489 0.9038856269708321 145
1615695763573 0.9023637037668655 146
1615695856727 0.9023284658567229 147
1615695949469 0.9021837831433139 148
1615696042055 0.9023883618525604 149
1615696134917 0.9006237071841511 150
1615696227889 0.9036240986923674 151
1615696320607 0.896829580637946 152
1615696413648 0.9001806525152121 153
1615696506803 0.902985334841173 154
1615696599275 0.9012233281313483 155
1615696692169 0.9034536649931723 156
1615696784848 0.9001154076697221 157
1615696877772 0.9023930995321986 158
1615696970918 0.9068821641936231 159
1615697063882 0.9019031057606882 160
1615697156967 0.9083546893810158 161
1615697249719 0.9007918705691152 162
1615697342806 0.9076034328830775 163
1615697435444 0.906490459370969 164
1615697527319 0.9049558559460427 165
1615697619954 0.8984003108161599 166
1615697712857 0.9045991635144647 167
1615697805953 0.905604562207834 168
1615697898816 0.9060071671186988 169
1615697991961 0.9068685507596429 170
1615698084868 0.9054744717345309 171
1615698177646 0.9024684148937908 172
1615698269363 0.9086601138114929 173
1615698362029 0.9047600506846585 174
1615698455013 0.9079436766567515 175
1615698548071 0.904257016395455 176
1615698641286 0.9089926547968565 177
1615698734111 0.9071954399792116 178
1615698827056 0.910252593791307 179
1615698920338 0.9145074135331965 180
1615699013113 0.9137176172946816 181
1615699106141 0.9104133283914025 182
1615699199181 0.911770991425016 183
1615699292152 0.908955609620507 184
1615699384875 0.9123163943860069 185
1615699477817 0.906596686413039 186
1615699570640 0.9040050851320153 187
1615699664229 0.9095757590301001 188
1615699757385 0.904559979243065 189
1615699851155 0.9096669701497946 190
1615699944984 0.9060783268355611 191
1615700037897 0.9120392559179619 192
1615700130982 0.9119925601268882 193
1615700223603 0.9097466468811035 194
1615700316727 0.9165411569289307 195
1615700409626 0.9086044357338948 196
1615700502405 0.9090984041121468 197
1615700595431 0.9061760635518316 198
1615700687797 0.9120703524173196 199
1615700780837 0.9086413803830076 200
1615700874007 0.9066234515674079 201
1615700966907 0.910796215729927 202
1615701060238 0.9032928054012469 203
1615701153563 0.8980142794438263 204
1615701246749 0.9005941134780201 205
1615701339899 0.9108728188187328 206
1615701433119 0.9116408784887684 207
1615701526004 0.917372283650868 208
1615701619398 0.9093424388721808 209
1615701712457 0.9122699583644298 210
1615701805102 0.9069709228490715 211
1615701897993 0.9024766228759467 212
1615701990698 0.9102922090843543 213
1615702083660 0.9127313258932598 214
1615702177052 0.9084346690284673 215
1615702270433 0.9155066818443697 216
1615702363590 0.917066567424518 217
1615702456408 0.912542709218922 218
1615702549935 0.9118942542752223 219
1615702642802 0.9176169611624817 220
1615702735687 0.9161551808243367 221
1615702828734 0.9145875795563655 222
1615702921522 0.918555565289597 223
1615703014448 0.9137036021965653 224
1615703107893 0.9107425110553627 225
1615703200735 0.9154182054213623 226
1615703293359 0.9164422465794122 227
1615703385960 0.9207123175485811 228
1615703478679 0.9128959312367795 229
1615703571584 0.9114937364165463 230
1615703664682 0.9152233391555388 231
1615703757991 0.9130479515488468 232
1615703850920 0.9153176950874613 233
1615703943905 0.9148850013960653 234
1615704036690 0.910881774194205 235
1615704129643 0.9146363868642209 236
1615704222705 0.9191711371514335 237
1615704315767 0.91664206447886 238
1615704408570 0.9147853628912969 239
1615704501802 0.9114934944394809 240
1615704595047 0.9116453221484796 241
1615704687876 0.9197259616495957 242
1615704781014 0.920623518192946 243
1615704873959 0.9205772151697927 244
1615704966850 0.918160413183383 245
1615705059972 0.9173707014589167 246
1615705153215 0.9168204215925131 247
1615705246074 0.9206520817173061 248
1615705339015 0.9176372174006789 249
