1615682236973 20.091441112436794 0
1615682331100 17.53855612836967 1
1615682424591 16.16759516171885 2
1615682517425 16.0821176690624 3
1615682611984 15.007115616372145 4
1615682705292 15.210502341243682 5
1615682798282 13.645111875684202 6
1615682891082 13.344581347147537 7
1615682984231 13.382832903142072 8
1615683077146 12.763350466675492 9
1615683169645 13.57359545411021 10
1615683262198 12.182015932099144 11
1615683354075 12.655952570787335 12
1615683446558 15.5234725607587 13
1615683539298 12.010594428560093 14
1615683632421 12.752396408225094 15
1615683725244 11.769468709924928 16
1615683817073 11.529190751682474 17
1615683909339 11.574633775829644 18
1615684001641 11.640681254601798 19
1615684094553 12.199811635957134 20
1615684187593 10.798655245855404 21
1615684280313 11.677384573975692 22
1615684373153 12.327537484874775 23
1615684466119 13.32068123041124 24
1615684558472 11.975172300928277 25
1615684650248 10.639754489951255 26
1615684742567 10.71019056329858 27
1615684834779 10.66144285797377 28
1615684926544 10.768522882770213 29
1615685019032 11.53622609819202 30
1615685111861 11.28487048351948 31
1615685204601 10.657288747572668 32
1615685297354 11.071382619126506 33
1615685389974 10.461433058749192 34
1615685482757 10.50728676636144 35
1615685575100 12.057570130850497 36
1615685668195 13.200539853274284 37
1615685760955 12.704610944112309 38
1615685853915 11.368140173447348 39
1615685946935 10.774100378001906 40
1615686040721 12.377334485993574 41
1615686133334 10.908455581328232 42
1615686226029 11.632598334489666 43
1615686318727 10.037849818276404 44
1615686411215 11.8447143230436 45
1615686504205 12.499934739197863 46
1615686596653 10.579032119664749 47
1615686689371 10.51191256355214 48
1615686782150 10.211293079603267 49
1615686875055 11.443532403524014 50
1615686967896 10.966717122758327 51
1615687060422 10.539407297498448 52
1615687152943 10.377090481330201 53
1615687245489 11.021250990734682 54
1615687338158 10.962142986353735 55
1615687430822 10.688336324931598 56
1615687523538 10.452575171679166 57
1615687617008 10.540672883119774 58
1615687709872 9.800338962892662 59
1615687802509 11.686229512338228 60
1615687895168 10.026817252956743 61
1615687987606 10.076645208042788 62
1615688080013 10.156841379442104 63
1615688172791 9.936986294371255 64
1615688265620 9.343978714287978 65
1615688358518 10.617212390765005 66
1615688451176 9.83163814545879 67
1615688544006 10.789778922082915 68
1615688636690 9.930222377733534 69
1615688729394 9.894779912653675 70
1615688821579 11.098646785976486 71
1615688913180 9.492030857977042 72
1615689005320 9.156230076403132 73
1615689097434 9.426153310063318 74
1615689188879 10.732007776080112 75
1615689281138 9.53939222143285 76
1615689372739 9.4918447430202 77
1615689464879 10.117268241200513 78
1615689557097 9.833691581156708 79
1615689649911 9.014843806992165 80
1615689742633 9.82768983409027 81
1615689835598 9.567961837899135 82
1615689928285 9.33868114027735 83
1615690021089 8.869881379762768 84
1615690113686 8.905546146444877 85
1615690206569 10.081168213149583 86
1615690299078 9.94804698475723 87
1615690391771 12.034865919015804 88
1615690484299 10.115210384027387 89
1615690577120 10.396606383953996 90
1615690669662 11.832263005996499 91
1615690762223 10.098560087348925 92
1615690855219 9.284591207243968 93
1615690947604 9.040123594791071 94
1615691040336 10.041260986167408 95
1615691133267 9.224941980635643 96
1615691225064 10.17897655567323 97
1615691317084 9.248881674833354 98
1615691409594 8.868629431691486 99
1615691502267 8.916616357805914 100
1615691595209 9.60645259940826 101
1615691686934 8.45783811137812 102
1615691779036 10.139929626164236 103
1615691871560 10.095020917580161 104
1615691963446 8.83439364650138 105
1615692055765 10.175892424291561 106
1615692148759 9.338179967810445 107
1615692240899 9.047612158444428 108
1615692333933 9.204802869961428 109
1615692426754 9.483045610802867 110
1615692519270 8.915515590467518 111
1615692612000 10.510062963094148 112
1615692704798 9.18277856337123 113
1615692797509 8.458721974442074 114
1615692890288 9.087699770719075 115
1615692983173 9.026185103673964 116
1615693075881 8.780259533938503 117
1615693167901 9.632030933388561 118
1615693260436 8.765334318485728 119
1615693353153 8.543934510465895 120
1615693445658 9.316691483948341 121
1615693538348 8.422801238057845 122
1615693630063 8.672586902783317 123
1615693722786 8.700153063880885 124
1615693815608 8.975991655135623 125
1615693907820 8.804703808378909 126
1615694000466 8.456136326272716 127
1615694093024 9.644299633689691 128
1615694186044 9.3002940484167 129
1615694279393 10.851721038519367 130
1615694371997 8.724751486236983 131
1615694464510 9.124740080988575 132
1615694557476 11.518210737215766 133
1615694650777 12.626735670465107 134
1615694743522 10.077238269979937 135
1615694835056 9.073906215071265 136
1615694927545 9.358715136777159 137
1615695020366 9.230170846130049 138
1615695113230 9.960760693575466 139
1615695205886 9.863643723158907 140
1615695298794 7.4764612120786795 141
1615695391856 8.758177215139728 142
1615695484594 9.684652974153055 143
1615695577698 9.344093917635726 144
1615695670489 9.440561504148766 145
1615695763573 9.056337426523752 146
1615695856743 8.38514056712086 147
1615695949484 9.407932758021534 148
1615696042055 8.394542779998941 149
1615696134933 8.552407691397686 150
1615696227889 9.384034166238198 151
1615696320623 8.953694104554891 152
1615696413663 8.678224921122316 153
1615696506803 8.627586784179968 154
1615696599291 9.533158171057815 155
1615696692169 8.62611221518235 156
1615696784848 9.019665505638605 157
1615696877772 7.967665178553302 158
1615696970918 7.661407058529236 159
1615697063897 8.259749228879507 160
1615697156967 8.029916461919083 161
1615697249719 9.179852202597639 162
1615697342806 8.77487858318439 163
1615697435459 8.714264421981193 164
1615697527319 8.235510738306075 165
1615697619954 10.105046707090349 166
1615697712873 8.845526474423846 167
1615697805969 9.465392917336885 168
1615697898816 9.10924700954505 169
1615697991961 8.17855931313921 170
1615698084868 8.356003820582966 171
1615698177646 9.761628626738476 172
1615698269379 8.83233732246545 173
1615698362029 8.639733642910056 174
1615698455029 7.856522699214277 175
1615698548071 8.566520190865944 176
1615698641286 9.540984822326678 177
1615698734117 8.28866367553107 178
1615698827056 7.9915846659924386 179
1615698920338 9.719096029617214 180
1615699013113 8.091177731094024 181
1615699106141 9.452921473851296 182
1615699199187 8.494348942510133 183
1615699292168 9.657788654915766 184
1615699384875 8.209132361797185 185
1615699477817 8.581334809373603 186
1615699570656 9.688537176514334 187
1615699664229 9.540687781077965 188
1615699757385 9.969023713413906 189
1615699851155 8.53675338738336 190
1615699944984 8.747393216355269 191
1615700037897 8.526485734666078 192
1615700130982 8.892198387840137 193
1615700223603 8.462227502744854 194
1615700316727 8.052463192147059 195
1615700409642 8.123765158359596 196
1615700502405 6.977274661737809 197
1615700595431 7.729002419616612 198
1615700687797 8.067845652549806 199
1615700780837 7.19053009125864 200
1615700874023 8.825582619975107 201
1615700966907 9.022122661834201 202
1615701060254 9.133450430686706 203
1615701153563 10.370679194144213 204
1615701246749 9.339766088357223 205
1615701339899 8.341021544904617 206
1615701433119 8.0198498680536 207
1615701526004 7.645278804061752 208
1615701619398 7.476832553327817 209
1615701712457 7.645990639864281 210
1615701805102 8.08073707097611 211
1615701897993 10.576351113098685 212
1615701990698 7.572869260790766 213
1615702083660 8.649312629022383 214
1615702177052 10.097920670560411 215
1615702270448 9.418481905170665 216
1615702363590 10.644171231826562 217
1615702456408 10.442352105232143 218
1615702549935 9.174002333329483 219
1615702642802 7.915257346929222 220
1615702735702 7.841756631345822 221
1615702828734 7.745766982192583 222
1615702921522 6.716398541684713 223
1615703014448 8.157103811849064 224
1615703107909 8.683104397746234 225
1615703200751 7.192224760331351 226
1615703293359 8.966062199019776 227
1615703385960 7.4209658635635085 228
1615703478679 8.224903343973576 229
1615703571584 7.89096920321118 230
1615703664698 8.580427177544983 231
1615703757991 8.038262472540808 232
1615703850936 7.275376574598258 233
1615703943905 9.442479224133857 234
1615704036705 8.690552510555706 235
1615704129643 7.9921773653227115 236
1615704222712 7.57001388850667 237
1615704315767 7.449955954661507 238
1615704408570 7.315101498609114 239
1615704501802 9.187382999824747 240
1615704595047 9.772066245587215 241
1615704687876 7.291477842988898 242
1615704781029 6.7682163770542365 243
1615704873959 6.39397959674552 244
1615704966850 7.609164515401785 245
1615705059972 8.525244059439698 246
1615705153215 7.745143675018189 247
1615705246074 7.476931699132465 248
1615705339031 8.024115605509976 249
