1611756072486 0.33024894835344004 0
1611756141832 0.22185926650887106 1
1611756210317 0.1943379507135989 2
1611756279416 0.16473175073737528 3
1611756348425 0.11835028876119585 4
1611756417185 0.21183541461602964 5
1611756486072 0.17246667929549717 6
1611756554851 0.15542667748323127 7
1611756624982 0.1572085503321975 8
1611756693361 0.13621175467078364 9
1611756762122 0.16504770962160026 10
1611756830932 0.13522371427336735 11
1611756901346 0.22914357683551845 12
1611756970572 0.15598584288981424 13
1611757039435 0.11662073544601896 14
