1612547089245 0.3809055410214324 0
1612547158140 0.3120370952051077 1
1612547228451 0.2666692232611167 2
1612547297948 0.25574025489501095 3
1612547366755 0.24503965021958987 4
1612547435858 0.2343672497652063 5
1612547504893 0.2262181548167393 6
1612547573521 0.213091845054235 7
1612547643040 0.21142444800381635 8
1612547713163 0.2007238313333312 9
1612547783122 0.19656616473618482 10
1612547853202 0.19026967423472232 11
1612547922805 0.18501410925018796 12
1612547991868 0.1820007659224813 13
1612548061530 0.17780756843623827 14
1612548130792 0.17962430962430895 15
1612548200607 0.1779005849330021 16
1612548271433 0.17461102400253065 17
1612548341128 0.17285150036695707 18
1612548412237 0.17053839146201288 19
1612548482902 0.16765832871346922 20
1612548552427 0.16682322357694035 21
1612548622178 0.16459807712949767 22
1612548692981 0.16296596265402596 23
1612548763141 0.1615171376271034 24
1612548832834 0.15946058383217906 25
1612548903430 0.157701314088717 26
1612548972905 0.15546229608785872 27
1612549041795 0.15351493071479028 28
1612549111120 0.15262502105674927 29
1612549180232 0.1512956484958536 30
1612549249143 0.150266388208786 31
1612549318346 0.14962685779444715 32
1612549388358 0.1477771475976553 33
1612549458173 0.14644786650692215 34
1612549527127 0.1446746665348065 35
1612549596246 0.14397387172291956 36
1612549665071 0.1432923786254352 37
1612549735634 0.14264388495918617 38
1612549805938 0.14177664522804428 39
1612549875627 0.14051744006614833 40
1612549945238 0.1394566314688115 41
1612550014355 0.1384453532886935 42
1612550084242 0.1374726320744531 43
1612550155427 0.13669026435706547 44
1612550224621 0.13587258026090862 45
1612550294615 0.1354891077682456 46
1612550364262 0.13439759656564512 47
1612550433928 0.13324800160030673 48
1612550503714 0.1325438830211981 49
1612550573386 0.13267477970915925 50
1612550643496 0.13177737905018364 51
1612550712742 0.13113669731757296 52
1612550783566 0.13072003367330698 53
1612550852529 0.12969244123313933 54
1612550923342 0.1289615368188571 55
1612550993160 0.12843011111668745 56
1612551062312 0.12781116498295814 57
1612551131044 0.12706792932083838 58
1612551201034 0.12621085703076412 59
1612551271133 0.12559155495265364 60
1612551341908 0.1247717441276225 61
1612551411311 0.12397373238041397 62
1612551480316 0.12331850982424036 63
1612551549914 0.12267077151176986 64
1612551619286 0.12214994493893828 65
1612551689268 0.12149936652550002 66
1612551758401 0.1208498643039087 67
1612551827393 0.12020321082377779 68
1612551897465 0.11949288599780881 69
1612551967573 0.11887154795678945 70
1612552037024 0.11822238594145323 71
1612552105813 0.11787564991880989 72
1612552174537 0.11762662365966478 73
1612552243782 0.11693221509753175 74
1612552314434 0.11625834178100491 75
1612552384900 0.1158858118974139 76
1612552454026 0.11544008617468644 77
1612552523383 0.11493660585879831 78
1612552592729 0.1144297069800434 79
1612552663587 0.11393798990145956 80
1612552733476 0.11368118872588709 81
1612552802757 0.11336890391963912 82
1612552872637 0.11291569053025305 83
1612552943037 0.11252443030594317 84
1612553012054 0.11196616015803358 85
1612553081783 0.11161842141067173 86
1612553151582 0.11156519376034656 87
1612553220495 0.1112217787286489 88
1612553289272 0.11075791698783194 89
1612553359710 0.11043240681073112 90
1612553428668 0.1102740916723868 91
1612553497751 0.11022544373977707 92
1612553566915 0.1100493867308725 93
1612553637038 0.10980432772392941 94
1612553706114 0.10983892493135304 95
1612553775926 0.10942414970210122 96
1612553844945 0.10904305423500697 97
1612553916264 0.10878391083811235 98
1612553986190 0.10862037253913596 99
1612554056929 0.10831168254756747 100
1612554126035 0.10802272026707009 101
1612554196918 0.10767957936541067 102
1612554265863 0.10729332923478568 103
1612554336463 0.10731450299803215 104
1612554405566 0.1073795667553378 105
1612554474505 0.10703911167222732 106
1612554543965 0.10684572901595292 107
1612554612920 0.10663344468153718 108
1612554682181 0.10631637751975248 109
1612554752052 0.10600253000717194 110
1612554821946 0.10586592679751962 111
1612554892951 0.10554327080357172 112
1612554963187 0.10530496274934886 113
1612555031829 0.10517436974548351 114
1612555101057 0.10505440062735417 115
1612555170218 0.10494592691930768 116
1612555240218 0.1047345440945021 117
1612555309341 0.10441359617801917 118
1612555378714 0.10416222348142026 119
1612555448966 0.10389102381667065 120
1612555519736 0.10364322948053292 121
1612555589229 0.10360786220052695 122
1612555658540 0.10366762395397537 123
1612555727745 0.10349860194192002 124
1612555796871 0.10325504918850814 125
1612555865937 0.1032922643936539 126
1612555935440 0.103000785196339 127
1612556005632 0.10279709962759664 128
1612556074657 0.10270013940594362 129
1612556143825 0.10255099239308074 130
1612556212948 0.10228536676654228 131
1612556282384 0.10203500572458658 132
1612556352492 0.10175673298804948 133
1612556421912 0.10160815692066552 134
1612556491105 0.10134815233019592 135
1612556560321 0.10106052366889033 136
1612556629338 0.10075065189307318 137
1612556698392 0.10045381214057263 138
1612556767849 0.10025160559204851 139
1612556837543 0.10001612049038984 140
1612556908312 0.09975928098232727 141
1612556978380 0.09951732767336231 142
1612557047646 0.09924506522084944 143
1612557116751 0.09897403502304776 144
1612557186646 0.09872718016152196 145
1612557256918 0.09853912347560607 146
1612557326040 0.09842361538051453 147
1612557396586 0.09818442703953227 148
1612557465524 0.0980457439529362 149
1612557535229 0.09795610870758371 150
1612557604323 0.097840452635513 151
1612557673382 0.09762585919004059 152
1612557746298 0.09748541848977008 153
1612557816665 0.09738716343359473 154
1612557885945 0.09717446322692934 155
1612557955231 0.09694588958950752 156
1612558024884 0.09678523946569657 157
1612558094873 0.09656198759051228 158
1612558164728 0.09634086499685672 159
1612558233719 0.09621595040611598 160
1612558303714 0.09606729235046363 161
1612558373709 0.0958827504110952 162
1612558442947 0.09581893555546049 163
1612558511977 0.09571103725105537 164
1612558582308 0.09557131715246166 165
1612558651380 0.09540248854207826 166
1612558720105 0.09519992698336122 167
1612558791561 0.09499704205062315 168
1612558860554 0.09478674817231791 169
1612558929826 0.0946060430684139 170
1612559000715 0.09453688461058092 171
1612559071869 0.09434510887918741 172
1612559141146 0.09414850374523004 173
1612559210669 0.09410375770983664 174
1612559282141 0.09394114604535711 175
1612559352062 0.09374932965758638 176
1612559421324 0.09356703162793044 177
1612559490493 0.09343675353216349 178
1612559559424 0.09328696620998098 179
1612559629881 0.09315614374155577 180
1612559700022 0.0930634750652376 181
1612559768944 0.0928615820309669 182
1612559837934 0.09266689789132744 183
1612559906864 0.09248000195835233 184
1612559975528 0.09228619573931696 185
1612560044533 0.0920968737974448 186
1612560113832 0.09192797130404978 187
1612560182902 0.09179753542868985 188
1612560252257 0.09161629727855036 189
1612560322446 0.09145668588448871 190
1612560391465 0.09129472855775068 191
1612560460586 0.09110434402326875 192
1612560529487 0.09093492373005578 193
1612560600910 0.09075279884123047 194
1612560671026 0.09056321049731497 195
1612560741924 0.09046631969731093 196
1612560812945 0.0903354596583063 197
1612560881954 0.0903803552430005 198
1612560952030 0.09042202665734647 199
1612561022713 0.09038683933413992 200
1612561094475 0.09037959984350508 201
1612561164542 0.09025886641487586 202
1612561233322 0.09012014056668494 203
1612561301915 0.08998424401923792 204
1612561372051 0.08993661044784396 205
1612561441753 0.0897894662505608 206
1612561511793 0.08963965979136365 207
1612561581078 0.08950615291007033 208
1612561651701 0.08942481605567743 209
1612561721465 0.08928872838320182 210
1612561790786 0.08918270548022454 211
1612561860927 0.08908061166842428 212
1612561930107 0.0889358853741759 213
1612561998602 0.08879331176953777 214
1612562069629 0.08861916826913341 215
1612562139358 0.08849966767910168 216
1612562208512 0.08843175599416052 217
1612562277254 0.08842619794737558 218
1612562346325 0.08833383189127594 219
1612562415976 0.08819073578729612 220
1612562485513 0.0880919426811852 221
1612562555530 0.08798639743684418 222
1612562624502 0.08787197645094345 223
1612562693622 0.08773653578797774 224
1612562762669 0.08760852581316907 225
1612562832181 0.08746143137964238 226
1612562902018 0.08738962057358493 227
1612562970862 0.08728323764878096 228
1612563040448 0.08713101369463566 229
1612563110356 0.08702625916849432 230
1612563179614 0.08696852785468527 231
1612563248840 0.08682568162540306 232
1612563317919 0.08688802586585403 233
1612563387044 0.08677991113423462 234
1612563456113 0.08664341550249702 235
1612563525122 0.08651071830047778 236
1612563597343 0.08640023601723476 237
1612563668661 0.08627151823919293 238
1612563737863 0.08611750324715423 239
1612563808100 0.08595791117077585 240
1612563878241 0.08588609248638675 241
1612563948443 0.08577252412177686 242
1612564018901 0.08562854126347337 243
1612564088387 0.0855075191805139 244
1612564158563 0.08537101806360105 245
1612564227525 0.08532884106318225 246
1612564296615 0.08520574216292802 247
1612564365720 0.08511469521797191 248
1612564435867 0.08509030382668788 249
1612564505402 0.08500984117761756 250
1612564574560 0.08488608530999014 251
1612564643874 0.08482803563003821 252
1612564713977 0.084721803868303 253
1612564784368 0.0846135057236389 254
1612564853373 0.08450763903335841 255
1612564923106 0.08439438394556138 256
1612564992272 0.08430283300015677 257
1612565061603 0.08422299304324755 258
1612565130695 0.08409927437075511 259
1612565201138 0.0839598212607791 260
1612565271511 0.08385714985004947 261
1612565340750 0.0837560268625837 262
1612565410752 0.0836335096536907 263
1612565479912 0.08353426637732783 264
1612565551238 0.08342314697572129 265
1612565620009 0.0832997001572194 266
1612565689251 0.08318276194812825 267
1612565758718 0.08310155325034327 268
1612565827877 0.08296727248817065 269
1612565898516 0.08287611726347076 270
1612565967705 0.08277320535403782 271
1612566036868 0.08266554435824136 272
1612566107386 0.08261406891472466 273
1612566177362 0.08253413416799074 274
1612566246444 0.08240480894086262 275
1612566316339 0.08227912385926567 276
1612566387084 0.08217083939955049 277
1612566457159 0.08204356558293692 278
1612566526580 0.08191961478322801 279
1612566596838 0.08180038294663253 280
1612566666817 0.08166486906591408 281
1612566736687 0.08162288208135055 282
1612566805853 0.08150894422728591 283
1612566875634 0.0813858630458045 284
1612566945048 0.0812889439846152 285
1612567015419 0.08117465502919821 286
1612567084322 0.08104810925821455 287
1612567153564 0.08093980562524997 288
1612567222881 0.08085628433198083 289
1612567291643 0.08079377612059016 290
1612567360895 0.08068542266837701 291
1612567430696 0.0805953756133413 292
1612567500653 0.0804775368079205 293
1612567569925 0.0803807801757617 294
1612567639034 0.08033605237589475 295
1612567708663 0.08024064780683438 296
1612567777768 0.08019130847968255 297
1612567848471 0.08008348272950372 298
1612567917659 0.07997034746319494 299
1612567987488 0.0798882293010754 300
1612568056344 0.07979922630964342 301
1612568126488 0.07969249715875983 302
1612568195759 0.07960012057636626 303
1612568267075 0.07949044387673636 304
1612568336211 0.07937622251434792 305
1612568407097 0.07929512837381823 306
1612568476014 0.0791854116517597 307
1612568546094 0.0790758011957553 308
1612568616017 0.07901416757557898 309
1612568685744 0.07890629710016978 310
1612568756970 0.07880655335390009 311
1612568826108 0.07871134624444358 312
1612568896416 0.07860918562781022 313
1612568965612 0.07849936353400593 314
1612569036572 0.07840709512127422 315
1612569105452 0.07829564916441518 316
1612569174673 0.07818328101098065 317
1612569243517 0.07807791808388531 318
1612569313008 0.07797533171946425 319
1612569382880 0.07786424342251362 320
1612569452031 0.07774770868225706 321
1612569520910 0.07766600265712685 322
1612569590390 0.07755943701997384 323
1612569660503 0.07753448391617637 324
1612569730337 0.07752156302929136 325
1612569799448 0.07743043140283569 326
1612569868479 0.07733371964488667 327
1612569937911 0.07722704863638045 328
1612570008045 0.0771265655284227 329
1612570077617 0.07704729684368801 330
1612570146884 0.07696485397220187 331
1612570215726 0.07694364353840073 332
1612570285745 0.07685860457971376 333
1612570354865 0.07676854673752298 334
1612570424707 0.07666441643585438 335
1612570494632 0.07657320503168714 336
1612570563464 0.07646067978099154 337
1612570633801 0.07637072231444884 338
1612570703979 0.07626662020938657 339
1612570773334 0.07616313120705938 340
1612570845071 0.07606545220736981 341
1612570914466 0.07600916607158617 342
1612570984217 0.07592291793023405 343
1612571055380 0.0758238544098979 344
1612571124249 0.07572301131051332 345
1612571194791 0.07563246703721137 346
1612571264599 0.07566471573244662 347
1612571334198 0.07560266573792189 348
1612571403277 0.07551574702456047 349
1612571474700 0.07551979732720239 350
1612571545289 0.07544755439806011 351
1612571614645 0.07537616754121529 352
1612571684979 0.0753641039125532 353
1612571754662 0.07535305206881411 354
1612571823680 0.0753044474850599 355
1612571893202 0.07523702220766428 356
1612571962046 0.07514890442695284 357
1612572032306 0.07507733491504577 358
1612572102508 0.07500673298713179 359
1612572172849 0.07492003560820301 360
1612572242270 0.07482888049645636 361
1612572311594 0.07480160229633784 362
1612572380896 0.07473335867145514 363
1612572450357 0.07464827034912618 364
1612572522103 0.07456461720283433 365
1612572592378 0.07452076050287783 366
1612572663547 0.07443321424208232 367
1612572733670 0.07435105942755948 368
1612572804659 0.07429895831625896 369
1612572873752 0.07421100340322295 370
1612572943368 0.07412425171906135 371
1612573013000 0.07404955430103514 372
1612573083130 0.07395809493505215 373
1612573154166 0.07387574965443773 374
1612573223409 0.07380147408439677 375
1612573293573 0.07370378451343759 376
1612573363625 0.07364240967953435 377
1612573433859 0.0735813489328508 378
1612573503276 0.0735146605842055 379
1612573572484 0.07344661799852743 380
1612573641927 0.07337026802359065 381
1612573711264 0.07327642613749476 382
1612573781722 0.07319425252632267 383
1612573851647 0.07311749673208583 384
1612573921085 0.07302860088842886 385
1612573991075 0.07294662905657043 386
1612574060350 0.07285285687782261 387
1612574129429 0.07275767178709815 388
1612574200071 0.0726642124323474 389
1612574269057 0.0725791440595446 390
1612574339557 0.07249732923070137 391
1612574410624 0.07244028596129046 392
1612574480481 0.07238747260003152 393
1612574550213 0.07232480946412363 394
1612574619680 0.07226340558290585 395
1612574689346 0.0721756807596747 396
1612574758637 0.0721027128343096 397
1612574827957 0.07200781739984824 398
1612574897192 0.07192340236101574 399
1612574966256 0.07182718771323156 400
1612575036462 0.07175456315086473 401
1612575106145 0.07167293222907434 402
1612575175077 0.0715884665310497 403
1612575244191 0.07151497612567108 404
1612575314490 0.07143492683243478 405
1612575384530 0.07135366790649356 406
1612575454398 0.07126853075821493 407
1612575524141 0.07118794245993623 408
1612575593031 0.07110793559300406 409
1612575662730 0.07102582665896166 410
1612575731487 0.07094662280561885 411
1612575800762 0.07090229878414048 412
1612575869975 0.0708162263094867 413
1612575941446 0.07078291980767071 414
1612576010626 0.0707048684461245 415
1612576080938 0.07062040590609298 416
1612576150432 0.07053202939128851 417
1612576219225 0.07045188973475087 418
1612576288953 0.07037849958771578 419
1612576358459 0.07030566328363946 420
1612576427844 0.07023700471139233 421
1612576496998 0.0701682695760828 422
1612576565679 0.07011348782492768 423
1612576635005 0.07003063435927095 424
1612576704827 0.06996136083682092 425
1612576774658 0.06992073741236343 426
1612576844622 0.06987047238668513 427
1612576913536 0.0698132497016022 428
1612576983064 0.06976324475006027 429
1612577052172 0.06969233185984805 430
1612577122167 0.0696047976810738 431
1612577192595 0.06951959318633259 432
1612577261579 0.06944292776767794 433
1612577331395 0.06938129688213199 434
1612577402117 0.0693417994490914 435
1612577471689 0.06927018468263282 436
1612577540754 0.06919509100741761 437
1612577610598 0.06911862688460463 438
1612577679516 0.06904603874303265 439
1612577749705 0.06897161784549528 440
1612577818723 0.06890525015682017 441
1612577887902 0.06884233421651358 442
1612577957050 0.06878688247217929 443
1612578025878 0.06870589035580504 444
1612578095950 0.06863213345816345 445
1612578164692 0.06855719788030148 446
1612578234584 0.06848283432948306 447
1612578304360 0.06841163211366069 448
1612578373334 0.06835219945282876 449
1612578441862 0.06827775159424826 450
1612578512155 0.06820632020960453 451
1612578581338 0.06812947261691274 452
1612578650706 0.06804789765494539 453
1612578719490 0.06797400582358738 454
1612578789328 0.06790039588851618 455
1612578859917 0.06787743099354297 456
1612578929637 0.06784524233992463 457
1612578998612 0.06784280174725058 458
1612579067956 0.06779707323065982 459
1612579137198 0.06773624436723394 460
1612579206997 0.0676695235155885 461
1612579277750 0.06760792542824309 462
1612579348688 0.06754852711724912 463
1612579417804 0.06748153265703737 464
1612579487183 0.06740584629326225 465
1612579557056 0.06733473720400879 466
1612579627199 0.06726063862262381 467
1612579696562 0.06721784190802599 468
1612579765896 0.06715282286943497 469
1612579835093 0.06709108967236638 470
1612579905092 0.06702056362972418 471
1612579974439 0.06696389542889575 472
1612580043746 0.06688951330390935 473
1612580113326 0.06682024532476934 474
1612580184644 0.06674818680387477 475
1612580253387 0.06669969291120635 476
1612580323354 0.06662852350176439 477
1612580392174 0.06658740466981135 478
1612580462123 0.06653664189747611 479
1612580532359 0.06647353900904154 480
1612580601531 0.06641130153886404 481
1612580671090 0.06635675728385539 482
1612580740325 0.06628538734693479 483
1612580809867 0.06623431301828638 484
1612580878892 0.06617988567959725 485
1612580948847 0.06613287748818872 486
1612581017921 0.06606469376471619 487
1612581087489 0.06600376086273904 488
1612581157395 0.06598124792762472 489
1612581227509 0.0659197485221897 490
1612581297222 0.06586033944119642 491
1612581368068 0.06582926749454081 492
1612581437006 0.06576762007646986 493
1612581508651 0.0657047108667173 494
1612581580034 0.06563577681894649 495
1612581650456 0.06557257109251982 496
1612581720209 0.06550884896357095 497
1612581790261 0.06544631591227003 498
1612581859942 0.06537980286576854 499
1612581928679 0.06533406524771562 500
1612581998417 0.0652674593440331 501
1612582067349 0.06519717975050605 502
1612582136285 0.06513390798290258 503
1612582206469 0.06509069937695705 504
1612582277021 0.06503028861646926 505
1612582347049 0.06497312238174358 506
1612582418071 0.06491517930792114 507
1612582486795 0.06484155803224095 508
1612582555740 0.0647727653842102 509
1612582625510 0.06470953877271571 510
1612582695852 0.06464043969927884 511
1612582764659 0.06457091714841195 512
1612582835953 0.06451685885441788 513
1612582906012 0.06444947012022532 514
1612582976071 0.06438666858131599 515
1612583045321 0.06432539554662188 516
1612583115213 0.06427181839413967 517
1612583184435 0.06421547493051387 518
1612583254160 0.06414488238698443 519
1612583323131 0.06407925721434975 520
1612583392532 0.0640113481054204 521
1612583462032 0.06395662057304835 522
1612583531744 0.06389906246440483 523
1612583601179 0.06386061218840568 524
1612583670453 0.06380300992774976 525
1612583740376 0.0637665754244529 526
1612583809768 0.06370494998940945 527
1612583878888 0.06366806715164325 528
1612583948414 0.06361224481637162 529
1612584017557 0.06355665477253615 530
1612584086487 0.06349697992692238 531
1612584155609 0.06343704120389979 532
1612584224908 0.0633925418432206 533
1612584294416 0.06333946134109915 534
1612584365766 0.06328184879929541 535
1612584437690 0.06322432877723937 536
1612584506896 0.0631679008441344 537
1612584576598 0.0631031488347621 538
1612584647157 0.06304273413583812 539
1612584716555 0.06299424242650371 540
1612584786053 0.06293527251719355 541
1612584856349 0.06288781084421528 542
1612584926616 0.0628281517708192 543
1612584996955 0.06277664685337478 544
1612585065854 0.06271599528794868 545
1612585136032 0.06265304004444415 546
1612585205525 0.0626058765019528 547
1612585277088 0.06254557631900734 548
1612585348953 0.06248552951431016 549
1612585419545 0.062424068153267794 550
1612585488336 0.06236565583019888 551
1612585557195 0.06229930492564672 552
1612585628233 0.06224545414922207 553
1612585700324 0.06222252941138003 554
1612585769333 0.06216687588530172 555
1612585839556 0.06210995257426255 556
1612585908666 0.06205029668372036 557
1612585978061 0.0620008996420192 558
1612586046962 0.061946678909856355 559
1612586117197 0.06189132469860627 560
1612586186612 0.061861203159991884 561
1612586255507 0.06180015980686968 562
1612586324641 0.061743930264529776 563
1612586394207 0.06174772067108424 564
1612586463042 0.06171254359193946 565
1612586532224 0.06165510469847495 566
1612586601520 0.06159494146125164 567
1612586671710 0.06156029790476491 568
1612586741271 0.0615077466201832 569
1612586810780 0.06145207162969928 570
1612586880146 0.06140355709207266 571
1612586949689 0.06137163106661923 572
1612587020448 0.061327894452246914 573
1612587091693 0.06127934484184753 574
1612587161451 0.06125019586631164 575
1612587230434 0.06119412737269638 576
1612587299422 0.06114247054198686 577
1612587368839 0.06109373833240574 578
1612587438186 0.061035418625474264 579
1612587508931 0.06100107836503447 580
1612587578816 0.06096388540610584 581
1612587650470 0.06092516140424966 582
1612587719508 0.06086386062632889 583
1612587790623 0.06081631967707817 584
1612587859804 0.060792327164012616 585
1612587928732 0.06074705546797449 586
1612587997586 0.06069695963624987 587
1612588066477 0.06064194128794448 588
1612588138209 0.060594710060050114 589
1612588207343 0.06053447204066436 590
1612588276546 0.06047270789490007 591
1612588345349 0.060424319183657496 592
1612588414492 0.060365338131760655 593
1612588484650 0.060311178770535365 594
1612588553970 0.06025305402597729 595
1612588623500 0.060193840026938894 596
1612588694046 0.06017094219325394 597
1612588765648 0.060109136106544156 598
1612588834668 0.06005507196804776 599
1612588904078 0.06001594615372794 600
1612588973425 0.05995962629623485 601
1612589042807 0.059903694424858524 602
1612589112802 0.059863707816764575 603
1612589182274 0.059823098218851255 604
1612589251783 0.05977674154869811 605
1612589321631 0.059735486142421766 606
1612589391413 0.05968510414834389 607
1612589460947 0.059637822806973946 608
1612589530366 0.05959791814840479 609
1612589600492 0.059551262574811234 610
1612589669645 0.05949756188684993 611
1612589739823 0.05945199526432256 612
1612589810094 0.0594242363494431 613
1612589879080 0.05942461063757407 614
1612589948138 0.05939438433916584 615
1612590019138 0.05936834424537304 616
1612590088973 0.059317758434528106 617
1612590158517 0.05927323214994504 618
1612590227378 0.05922553978921361 619
1612590297219 0.05917662483551309 620
1612590366919 0.0591234951280281 621
1612590435877 0.059074337194403505 622
1612590505315 0.05904417777832469 623
1612590574791 0.05899980029775137 624
1612590643835 0.058947677946779665 625
1612590713189 0.058919177430163415 626
1612590783830 0.05891584338587902 627
1612590853556 0.05887320072602314 628
1612590923344 0.05884408458265981 629
1612590992737 0.05881172543366959 630
1612591062583 0.058772195790060856 631
1612591132524 0.058717656523732044 632
1612591201996 0.058669007279407166 633
1612591271289 0.05861884581242737 634
1612591341940 0.058568857336764986 635
1612591412051 0.0585145569232554 636
1612591481023 0.05846575263681798 637
1612591551145 0.05841286184129905 638
1612591620391 0.05836208532494842 639
1612591690544 0.05833543164962069 640
1612591760759 0.05831101606867385 641
1612591830133 0.05830118449511673 642
1612591900619 0.05826679754132326 643
1612591969470 0.05824528558516579 644
1612592039243 0.05820344094400306 645
1612592108477 0.05816357982879435 646
1612592177097 0.05811997404058096 647
1612592245986 0.05807443419208586 648
1612592315101 0.058027975270449804 649
1612592384479 0.057979915802757104 650
1612592453725 0.05793131477486117 651
1612592523676 0.05788895199986635 652
1612592593109 0.05783387876187029 653
1612592663396 0.05778422594559389 654
1612592733032 0.057738435852351895 655
1612592803794 0.05769170712692406 656
1612592872756 0.0576683893473272 657
1612592941765 0.057636668411405065 658
1612593012014 0.057591630459802305 659
1612593081281 0.05754492795348673 660
1612593152208 0.05753872267649594 661
1612593221574 0.057494803482515636 662
1612593291272 0.057456840545801885 663
1612593361452 0.057416199415089415 664
1612593430707 0.05737144305696301 665
1612593502081 0.05733239452795525 666
1612593572184 0.057282703322777864 667
1612593641502 0.05723328440979199 668
1612593710574 0.05720193180801026 669
1612593779957 0.057160978583007026 670
1612593849004 0.057114189811045615 671
1612593918268 0.05706660410079946 672
1612593987845 0.057025469925697264 673
1612594058228 0.05699066836640215 674
1612594128569 0.05694311464263454 675
1612594199567 0.05690838998423549 676
1612594270448 0.05687668072323407 677
1612594339307 0.05683979915539615 678
1612594408537 0.05680823910121232 679
1612594478462 0.056762791519650795 680
1612594549205 0.05672116645390436 681
1612594618678 0.056678186076751465 682
1612594688595 0.05662837308630161 683
1612594759068 0.05659455854215579 684
1612594828888 0.056565036859168305 685
1612594900419 0.05652700868481963 686
1612594969620 0.05648488496035513 687
1612595040256 0.056457704775250195 688
1612595109791 0.05641277605466659 689
1612595178784 0.05637339741827785 690
1612595249320 0.056330861581759255 691
1612595318305 0.05628310661641881 692
1612595388322 0.056237917060959514 693
1612595457472 0.056203887145936285 694
1612595527057 0.05616551579491804 695
1612595596286 0.05612854427355903 696
1612595665818 0.0560894477259321 697
1612595734813 0.05605336532788668 698
1612595803587 0.05600270929494138 699
1612595872606 0.055958919405904195 700
1612595943071 0.055914968335821644 701
1612596012220 0.0558792796651967 702
1612596083535 0.055849434486925205 703
1612596153264 0.05581842526766665 704
1612596224559 0.05577578955556338 705
1612596293895 0.05574109620653772 706
1612596364058 0.05570079464515955 707
1612596433307 0.05565914184001236 708
1612596502417 0.055610975811705515 709
1612596572066 0.05556357125605144 710
1612596640890 0.05551990723347037 711
1612596710828 0.05549906381585815 712
1612596779907 0.05545633424010693 713
1612596849968 0.055413072114945866 714
1612596919475 0.055381492232546785 715
1612596989208 0.055339582861381784 716
1612597058546 0.05529834143794195 717
1612597128585 0.05525725106182562 718
1612597197799 0.05522976992512818 719
1612597267071 0.0551896472803632 720
1612597336924 0.05514958240998982 721
1612597406990 0.055110797137455765 722
1612597477031 0.055065606295978925 723
1612597546871 0.05502150656326617 724
1612597616114 0.054979692918631536 725
1612597685430 0.05493302234311804 726
1612597756292 0.054891816719362 727
1612597825902 0.05484566009447602 728
1612597894670 0.054808259185801955 729
1612597964828 0.05477429511005432 730
1612598033715 0.05472885151227745 731
1612598103084 0.054703620757110195 732
1612598173784 0.054672651307086144 733
1612598243498 0.05463836739566537 734
1612598314741 0.054596082940165845 735
1612598384692 0.05457758549344713 736
1612598454834 0.054542400538668226 737
1612598524189 0.05451251782104171 738
1612598593488 0.054486124405653175 739
1612598662206 0.054443599349516425 740
1612598731166 0.054419763624541054 741
1612598802017 0.05438985382001228 742
1612598871429 0.05435323821031882 743
1612598940804 0.05431471735039015 744
1612599011261 0.05427563312574481 745
1612599081252 0.05423555217848409 746
1612599150135 0.05419602319128412 747
1612599220558 0.05416001796418351 748
1612599289651 0.05411917224689504 749
1612599358539 0.05407996144220728 750
1612599428103 0.05405923224708778 751
1612599497734 0.05402229851989837 752
1612599566993 0.05398367803417414 753
1612599636202 0.05394615272388307 754
1612599708275 0.05390518385139413 755
1612599777585 0.053866027957194085 756
1612599847745 0.05382965578417159 757
1612599917729 0.05378981909658032 758
1612599986977 0.05375594697945342 759
1612600056516 0.05371458027000757 760
1612600127220 0.05367532538724161 761
1612600196756 0.0536416728475891 762
1612600266180 0.05360568606304809 763
1612600335700 0.05356940306659886 764
1612600407203 0.05353167124885516 765
1612600476455 0.053493135880921965 766
1612600547456 0.053453728426896524 767
1612600616811 0.05341349093367951 768
1612600686388 0.0533816096705969 769
1612600755835 0.05335945568980662 770
1612600825681 0.05333727895729542 771
1612600894658 0.05329850175814309 772
1612600965657 0.05325929097289029 773
1612601036494 0.05322160769036945 774
1612601106068 0.05317854531972588 775
1612601175983 0.05314361090326597 776
1612601248141 0.05310629371972314 777
1612601318007 0.05309407115427988 778
1612601387043 0.05306353395668612 779
1612601456863 0.05302118347788615 780
1612601525879 0.05298169069004938 781
1612601595103 0.052941305831735695 782
1612601665084 0.052905726876022484 783
1612601734727 0.05286556876921726 784
1612601806169 0.052839476766997774 785
1612601875612 0.052810089678461326 786
1612601945397 0.052781414820602605 787
1612602014967 0.05276450006671779 788
1612602084585 0.05272398951732436 789
1612602153591 0.05268989033858022 790
1612602223134 0.052675920093372276 791
1612602293177 0.05263789313841675 792
1612602362372 0.05261117374096122 793
1612602432551 0.05257657926362145 794
1612602502459 0.05254097628453075 795
1612602571664 0.05250831152536034 796
1612602641361 0.052471303973932674 797
1612602710337 0.05245481876434185 798
1612602779868 0.05241974144173206 799
1612602850195 0.05238129207241929 800
1612602920060 0.05234454943745346 801
1612602989039 0.05230435486458129 802
1612603058255 0.05226390561131938 803
1612603128477 0.052224203445520895 804
1612603198272 0.0521878025453712 805
1612603269965 0.05215184088299551 806
1612603339992 0.05211478831458169 807
1612603410124 0.05207884759455881 808
1612603479920 0.05204816532987292 809
1612603549368 0.05201511214609926 810
1612603619056 0.05197654851315068 811
1612603688721 0.051937647176041456 812
1612603757730 0.05189546871125851 813
1612603827103 0.051864535009977814 814
1612603896503 0.051826297001624846 815
1612603965595 0.05179774017924948 816
1612604034793 0.051758909083646464 817
1612604104238 0.05172581917113437 818
1612604174242 0.051690753154160995 819
1612604242961 0.051653418565963706 820
1612604312071 0.05161627017127434 821
1612604381381 0.051581752469755375 822
1612604450944 0.0515487984302182 823
1612604520087 0.05151097830147403 824
1612604589656 0.051476909579998446 825
1612604660086 0.051446154320723476 826
1612604730012 0.05141824829620519 827
1612604800036 0.05138508772872789 828
1612604869424 0.051358723572916425 829
1612604939251 0.05132816671256734 830
1612605008195 0.051299572696676225 831
1612605078408 0.05127151250450493 832
1612605148124 0.051244458756393434 833
1612605217618 0.05121340965263668 834
1612605287593 0.05118781431210109 835
1612605358750 0.05117299698030018 836
1612605428461 0.0511448326142858 837
1612605498160 0.05111682650615117 838
1612605568296 0.051105518690982295 839
1612605639058 0.05107814303319823 840
1612605708178 0.051049426079142965 841
1612605777006 0.05102306038636718 842
1612605846667 0.05099049839502417 843
1612605916877 0.050956348715701934 844
1612605986452 0.050924338941655566 845
1612606056108 0.0508880109526004 846
1612606125885 0.05085828116253312 847
1612606195262 0.05083052686352926 848
1612606266144 0.0508035975092854 849
1612606336052 0.05077953815903453 850
1612606406075 0.05076309702661362 851
1612606474940 0.05073159723356455 852
1612606544188 0.050697593550792286 853
1612606615878 0.050663323299187914 854
1612606684978 0.050630799511442136 855
1612606754236 0.050592552313006356 856
1612606823944 0.05056018800293031 857
1612606894091 0.050525535091903065 858
1612606966118 0.05049050886860249 859
1612607037577 0.050455853821142836 860
1612607106578 0.05042099868173389 861
1612607175475 0.05038880603480572 862
1612607245474 0.05037589192765241 863
1612607314118 0.05038205602625474 864
1612607383496 0.050359700774625496 865
1612607452826 0.050339417803455626 866
1612607522367 0.05031840650905273 867
1612607592277 0.0502876473480905 868
1612607662273 0.05026192058828119 869
1612607732350 0.05024573693844242 870
1612607801865 0.0502145929749447 871
1612607871141 0.050185274239965515 872
1612607940469 0.050161233435131874 873
1612608009588 0.05012961927405812 874
1612608079248 0.05009550161561722 875
1612608149101 0.05006103228126095 876
1612608218001 0.05003158967059602 877
1612608287069 0.050004602279134905 878
1612608357101 0.049970547927687625 879
1612608426308 0.04994119713993773 880
1612608496393 0.04991301507979205 881
1612608566428 0.049882574555026045 882
1612608635482 0.04985906928123565 883
1612608705258 0.04983221275105389 884
1612608775570 0.04979828757150677 885
1612608844704 0.04976987758207791 886
1612608913821 0.049735420216583746 887
1612608983103 0.049704705763421196 888
1612609052857 0.04966942428463005 889
1612609122702 0.049639099380755454 890
1612609192335 0.04961243152945538 891
1612609262537 0.049589907837500675 892
1612609331725 0.049560089343823895 893
1612609400884 0.049522750725352976 894
1612609470481 0.04950062606606819 895
1612609540399 0.04947173093888198 896
1612609609632 0.04944021243409975 897
1612609678361 0.04941212659124945 898
1612609747624 0.04938564544194576 899
1612609817283 0.04935623824291312 900
1612609886804 0.04932306986268239 901
1612609956254 0.04929968912883908 902
1612610026367 0.049266597712438354 903
1612610095576 0.0492377410729661 904
1612610164907 0.04920806196163189 905
1612610234276 0.04917638950066678 906
1612610305147 0.04914556511098707 907
1612610375669 0.04911403607228373 908
1612610444561 0.049086839796500845 909
1612610515348 0.04905302765633591 910
1612610584647 0.049026443207215595 911
1612610654093 0.048993842844517146 912
1612610723166 0.04896476023762253 913
1612610793768 0.04893197634997744 914
1612610864643 0.04889897345032013 915
1612610934632 0.04886514185834664 916
1612611004684 0.048834914696436416 917
1612611074323 0.04880630107968578 918
1612611144316 0.04877454966287351 919
1612611214168 0.048744412153698034 920
1612611283441 0.04871729516306075 921
1612611352898 0.04869293486192398 922
1612611422762 0.04867051182683147 923
1612611492075 0.048648180746176245 924
1612611562032 0.04862735613256842 925
1612611631335 0.04860477735393995 926
1612611701286 0.04857781024604687 927
1612611770648 0.04855212276542646 928
1612611840601 0.04852300187669396 929
1612611909599 0.048492220488803535 930
1612611978754 0.04847846043941483 931
1612612047545 0.048456032199377254 932
1612612116557 0.04842841853143434 933
1612612185523 0.04839990327112581 934
1612612255012 0.04838318167873789 935
1612612325974 0.04835485156988851 936
1612612395068 0.04832434577603198 937
1612612464385 0.048293788558929455 938
1612612533429 0.04826306127279141 939
1612612602710 0.04823140285205212 940
1612612672162 0.04820089016168617 941
1612612741219 0.04817140148990197 942
1612612810111 0.04815228659798161 943
1612612878891 0.048123929033269675 944
1612612948241 0.04809576184942729 945
1612613017549 0.048065991451949654 946
1612613086653 0.04804172720031664 947
1612613155863 0.048011744129049023 948
1612613224902 0.04799701991272277 949
1612613293721 0.047966239803795364 950
1612613363143 0.04793721687426674 951
1612613432433 0.04790659532168226 952
1612613503093 0.0478751081754756 953
1612613574282 0.047844398282529496 954
1612613643855 0.04781415440923369 955
1612613712855 0.04778528284986768 956
1612613782475 0.047755583012438006 957
1612613852610 0.047723699956118915 958
1612613921333 0.04769195123988009 959
1612613990702 0.04766357188966339 960
1612614060099 0.047634211686312496 961
1612614130600 0.04760820038717241 962
1612614201046 0.04758115579463712 963
1612614272867 0.04754858766093667 964
1612614342713 0.047521379716294485 965
1612614412181 0.047492108997261466 966
1612614481361 0.047463350848100584 967
1612614550919 0.04743333060829234 968
1612614620042 0.04740393692978644 969
1612614690032 0.047384335049504456 970
1612614759425 0.047356336698412944 971
1612614829382 0.04735501259243064 972
1612614899334 0.04733489478407875 973
1612614968501 0.047328182620834346 974
1612615038410 0.04730712582298212 975
1612615108455 0.04728326921285711 976
1612615178547 0.04725828093603064 977
1612615248396 0.04723320858344024 978
1612615319444 0.04720755857717619 979
1612615389419 0.04717975166573184 980
1612615459092 0.047150340008366785 981
1612615528912 0.04712185339247038 982
1612615598027 0.04709782118054362 983
1612615669602 0.04707042469618151 984
1612615738885 0.04704322815320355 985
1612615807895 0.04701624528508953 986
1612615879707 0.046990642937168044 987
1612615948656 0.04696385908801111 988
1612616018028 0.046943363262017236 989
1612616090003 0.04693295139845363 990
1612616161412 0.04691264411406733 991
1612616233083 0.04688927650799269 992
1612616302859 0.04687757647829755 993
1612616372324 0.04686763867213939 994
1612616441347 0.04684103471851391 995
1612616510777 0.04681381076879048 996
1612616579891 0.046787003112431926 997
1612616648944 0.046774110531473206 998
1612616718911 0.04674592610615405 999
