1612547089243 0.3809055410214324 0
1612547158138 0.24316864938878302 1
1612547228449 0.17593347937313478 2
1612547297946 0.2229533497966937 3
1612547366753 0.20223723151790562 4
1612547435857 0.18100524749328842 5
1612547504891 0.17732358512593738 6
1612547573519 0.12120767671670486 7
1612547643038 0.19808527160046704 8
1612547713161 0.10441828129896477 9
1612547783120 0.15498949876472132 10
1612547853200 0.12100827871863522 11
1612547922804 0.12194732943577553 12
1612547991866 0.1428273026622943 13
1612548061528 0.1191028036288361 14
1612548130790 0.206875427445369 15
1612548200605 0.15032098987209264 16
1612548271431 0.1186884881845161 17
1612548341127 0.14118007492663256 18
1612548412235 0.12658932226807323 19
1612548482900 0.11005707374259607 20
1612548552425 0.14928601570983432 21
1612548622176 0.11564485528575841 22
1612548692978 0.125427329718177 23
1612548763139 0.12674533698096205 24
1612548832833 0.10804673895907047 25
1612548903428 0.11196030075870343 26
1612548972903 0.09500881006468588 27
1612549041794 0.09898870026887353 28
1612549111118 0.12681764097356085 29
1612549180230 0.11141447166898358 30
1612549249142 0.11835931930969011 31
1612549318344 0.12916188453560445 32
1612549388356 0.08673671110352474 33
1612549458171 0.1012523094219948 34
1612549527126 0.08261266751075859 35
1612549596245 0.1187452584949892 36
1612549665069 0.11807713401851369 37
1612549735632 0.11800112564172317 38
1612549805936 0.10795429571351009 39
1612549875625 0.09014923359031107 40
1612549945237 0.09596347897800046 41
1612550014353 0.09597166972373848 42
1612550084240 0.0956456198621152 43
1612550155426 0.10226608479200903 44
1612550224620 0.09907679593385156 45
1612550294614 0.1178493731057466 46
1612550364261 0.0830965700434215 47
1612550433926 0.0780674432640645 48
1612550503712 0.09804207264487423 49
1612550573384 0.13921961410721737 50
1612550643494 0.08600994544242745 51
1612550712741 0.0978212472218186 52
1612550783565 0.10863686052720938 53
1612550852527 0.07420244946408627 54
1612550923341 0.08876179403333521 55
1612550993159 0.09867027179518742 56
1612551062310 0.09253123536038754 57
1612551131042 0.08396026091789131 58
1612551201032 0.0756435919163832 59
1612551271131 0.08843343026602446 60
1612551341907 0.07476328380072295 61
1612551411309 0.07449700405348593 62
1612551480315 0.08203948878530246 63
1612551549912 0.08121551951365684 64
1612551619284 0.08829621770488683 65
1612551689266 0.07856119123857412 66
1612551758399 0.07733321545728997 67
1612551827392 0.07623077417487528 68
1612551897463 0.07048047300594956 69
1612551967571 0.07537788508543328 70
1612552037022 0.07213188285258279 71
1612552105812 0.09291065628848859 72
1612552174536 0.09944770674207318 73
1612552243781 0.06554598149968617 74
1612552314432 0.06571784304149116 75
1612552384899 0.08757354074449682 76
1612552454025 0.08111920552467232 77
1612552523381 0.07566514121952342 78
1612552592727 0.07438469555840563 79
1612552663585 0.07460062361475248 80
1612552733474 0.0928802935045157 81
1612552802756 0.08776154980730655 82
1612552872635 0.07529897921120943 83
1612552943035 0.07965857146391228 84
1612553012052 0.06451319758571795 85
1612553081782 0.08171288913755274 86
1612553151581 0.10693438818205649 87
1612553220493 0.0810012559392559 88
1612553289270 0.06947422205512203 89
1612553359709 0.08113649087165718 90
1612553428666 0.09586741408305381 91
1612553497750 0.10574983393968042 92
1612553566913 0.09367608490274913 93
1612553637036 0.08676878107127858 94
1612553706112 0.11312565963659714 95
1612553775924 0.06960572769392782 96
1612553844943 0.0720767939268653 97
1612553916262 0.08338785794243883 98
1612553986188 0.09243008094047432 99
1612554056927 0.07744268339071701 100
1612554126034 0.07883752993683317 101
1612554196916 0.07267920739615141 102
1612554265861 0.06750956578041191 103
1612554336462 0.109516574375665 104
1612554405564 0.11421126127243042 105
1612554474503 0.07095087286251694 106
1612554543963 0.08615378479459393 107
1612554612918 0.08370673656463623 108
1612554682179 0.07175605688522112 109
1612554752050 0.07147930362331334 110
1612554821944 0.09070297052611166 111
1612554892950 0.06940579948140614 112
1612554963185 0.07837615262216596 113
1612555031827 0.09028676730483326 114
1612555101055 0.09125795204248001 115
1612555170217 0.092362976785916 116
1612555240216 0.08000275359224918 117
1612555309340 0.06654174203303323 118
1612555378712 0.07424887258615066 119
1612555448964 0.0713470640467174 120
1612555519735 0.07366011480786908 121
1612555589227 0.09929305403979856 122
1612555658538 0.11101831962813193 123
1612555727743 0.08253987244705656 124
1612555796869 0.07281095501202256 125
1612555865935 0.10798138024202034 126
1612555935438 0.06598292713734641 127
1612556005630 0.07672534682857457 128
1612556074655 0.0901922708127036 129
1612556143823 0.08316188072090719 130
1612556212947 0.0674884096900029 131
1612556282382 0.06898734818643598 132
1612556352490 0.0647464590286141 133
1612556421911 0.0816989638912144 134
1612556491103 0.06624753261680033 135
1612556560319 0.061943025731328705 136
1612556629336 0.05829821860612328 137
1612556698390 0.05948992629549397 138
1612556767847 0.07214489534719666 139
1612556837542 0.06704820625817598 140
1612556908311 0.06354491034550454 141
1612556978379 0.06515995780033852 142
1612557047645 0.060311534511509224 143
1612557116749 0.05994568653960726 144
1612557186644 0.06293322524028037 145
1612557256917 0.07108284733188686 146
1612557326038 0.0814439254020577 147
1612557396584 0.06278455257415771 148
1612557465522 0.07738196405012217 149
1612557535227 0.08451082190470909 150
1612557604322 0.0803763857528345 151
1612557673381 0.0650076554782355 152
1612557746292 0.07599799134838048 153
1612557816663 0.08225588478259187 154
1612557885944 0.064205931193793 155
1612557955230 0.06128840215170561 156
1612558024882 0.071563170027377 157
1612558094871 0.06128819131139499 158
1612558164726 0.061182372605622704 159
1612558233718 0.0762296158875992 160
1612558303712 0.0721333453904337 161
1612558373707 0.06598695623340892 162
1612558442945 0.08541711408700516 163
1612558511975 0.0780157153286151 164
1612558582306 0.07251750088449735 165
1612558651378 0.06737693921843571 166
1612558720104 0.061372146677615036 167
1612558791559 0.06091237335062739 168
1612558860553 0.059247082738734004 169
1612558929825 0.06388617540473368 170
1612559000713 0.0827107883211392 171
1612559071868 0.06135968307950603 172
1612559141144 0.06013581557060355 173
1612559210668 0.08631794755138568 174
1612559282139 0.0654841047614368 175
1612559352060 0.059989645409939896 176
1612559421322 0.06130028037882563 177
1612559490491 0.07024725248564535 178
1612559559422 0.06647503553931393 179
1612559629879 0.06960809942501694 180
1612559700020 0.0762904446516464 181
1612559768942 0.056117049793698894 182
1612559837933 0.05703970033731034 183
1612559906862 0.05809115029093045 184
1612559975526 0.056432045217770246 185
1612560044532 0.056882992609223325 186
1612560113831 0.060343205039180926 187
1612560182900 0.06727559086102158 188
1612560252255 0.0573622869021857 189
1612560322445 0.06113052101277593 190
1612560391464 0.06036087915078917 191
1612560460584 0.054550513402739566 192
1612560529486 0.058236807139951795 193
1612560600908 0.05542057040912002 194
1612560671024 0.05359348343379462 195
1612560741922 0.07147572289651899 196
1612560812944 0.06455603197439393 197
1612560881953 0.09926968101245254 198
1612560952028 0.09871463811219629 199
1612561022712 0.08334937469283146 200
1612561094473 0.08892446222589977 201
1612561164540 0.06587071383177344 202
1612561233320 0.06195879338392571 203
1612561301913 0.06226134834004872 204
1612561372049 0.08017172831207958 205
1612561441752 0.059477761610230405 206
1612561511791 0.05862972273755429 207
1612561581076 0.06173672160105919 208
1612561651699 0.0724254134875625 209
1612561721464 0.06071031716332507 210
1612561790784 0.06681187295201998 211
1612561860925 0.067436723566767 212
1612561930106 0.058109184699272044 213
1612561998601 0.05828256037697863 214
1612562069627 0.05117831568219768 215
1612562139356 0.0626875402322456 216
1612562208510 0.07369492036193165 217
1612562277252 0.08721454374825777 218
1612562346323 0.06810566560545964 219
1612562415975 0.05670959291173451 220
1612562485511 0.06625866623067145 221
1612562555528 0.06455535319314074 222
1612562624500 0.06235609659508093 223
1612562693620 0.057397827283659976 224
1612562762668 0.0588062814812162 225
1612562832179 0.05421808940261157 226
1612562902016 0.07108856759854217 227
1612562970860 0.06302793079347753 228
1612563040446 0.05227172819536124 229
1612563110354 0.06293271815598901 230
1612563179613 0.07363259436479255 231
1612563248838 0.05368535643193259 232
1612563317917 0.101414233890932 233
1612563387042 0.06148106393529408 234
1612563456111 0.05456694204415848 235
1612563525120 0.055194178623939626 236
1612563597341 0.060215934888640445 237
1612563668659 0.05563668706523838 238
1612563737861 0.0493079201499028 239
1612563808098 0.04765581283996354 240
1612563878239 0.06857778954861769 241
1612563948442 0.0582889798861831 242
1612564018899 0.05064070669572745 243
1612564088386 0.055978130938401864 244
1612564158561 0.05192824441995194 245
1612564227524 0.07495329896015908 246
1612564296613 0.054800313800128536 247
1612564365718 0.06253505286885731 248
1612564435865 0.07901684739696446 249
1612564505400 0.06489417891004193 250
1612564574558 0.053823362535505154 251
1612564643872 0.07019951628215278 252
1612564713975 0.05784516814929336 253
1612564784366 0.05710577697896246 254
1612564853371 0.05751163301183217 255
1612564923104 0.05540108146952159 256
1612564992271 0.0607742400311712 257
1612565061601 0.06362428416067095 258
1612565130693 0.05205613819520865 259
1612565201136 0.04770201266701542 260
1612565271509 0.05705991164961858 261
1612565340748 0.05726180414655315 262
1612565410750 0.05141148371482963 263
1612565479910 0.05733404141753467 264
1612565551236 0.053976505549985974 265
1612565620007 0.05046284643571768 266
1612565689249 0.05196026012079039 267
1612565758716 0.061337622243966626 268
1612565827875 0.04684574746373874 269
1612565898515 0.05826420659449563 270
1612565967703 0.054884077897712366 271
1612566036867 0.05338175350160741 272
1612566107384 0.06856127283466396 273
1612566177360 0.06063201356289992 274
1612566246442 0.046840371480628626 275
1612566316338 0.04759004133850781 276
1612566387082 0.05217604405844389 277
1612566457157 0.04666144456436385 278
1612566526578 0.047337341664442374 279
1612566596836 0.04841546869989651 280
1612566666815 0.0435854685840322 281
1612566736686 0.06978255243443732 282
1612566805851 0.04926453152699257 283
1612566875632 0.04643080750508095 284
1612566945047 0.05366701154566523 285
1612567015418 0.04848801377993911 286
1612567084320 0.04472947298590817 287
1612567153562 0.04974835933144413 288
1612567222879 0.05671863057720127 289
1612567291641 0.06266639481729536 290
1612567360894 0.049154568074354484 291
1612567430694 0.05430163554291227 292
1612567500651 0.04595076681962654 293
1612567569924 0.05193433032106998 294
1612567639032 0.06714135141515021 295
1612567708661 0.05200089536496063 296
1612567777766 0.06553752831558683 297
1612567848469 0.04795140917621442 298
1612567917657 0.046142902836870794 299
1612567987487 0.0552527806652126 300
1612568056342 0.05300932588861949 301
1612568126487 0.04746029359191211 302
1612568195757 0.05161001611111769 303
1612568267073 0.04614872718924907 304
1612568336210 0.04453870698587218 305
1612568407095 0.054480321371733254 306
1612568476012 0.04550237797979099 307
1612568546092 0.04531578074640302 308
1612568616015 0.0599693789410947 309
1612568685743 0.045466449723314886 310
1612568756969 0.04778624826402807 311
1612568826107 0.04900672809401555 312
1612568896415 0.04663291262156928 313
1612568965611 0.04401522607945684 314
1612569036570 0.049342545110787915 315
1612569105451 0.04307872679696154 316
1612569174672 0.04256257637223201 317
1612569243516 0.044572507267567646 318
1612569313006 0.045250281469145816 319
1612569382878 0.04231598839830997 320
1612569452029 0.040340057059900084 321
1612569520909 0.051356662565202854 322
1612569590388 0.04313873621954847 323
1612569660501 0.06944967828579802 324
1612569730336 0.07332227479166059 325
1612569799447 0.04772152117828825 326
1612569868477 0.045708974795555 327
1612569937909 0.04223895784634263 328
1612570008043 0.04406762301032223 329
1612570077615 0.050888630881238336 330
1612570146883 0.04967626351029126 331
1612570215724 0.06990177951641936 332
1612570285743 0.04854063133695232 333
1612570354863 0.046689227445801694 334
1612570424705 0.04178076537687387 335
1612570494630 0.04592617323149496 336
1612570563463 0.03853967029656937 337
1612570633800 0.04596509862301955 338
1612570703977 0.04097600659327721 339
1612570773332 0.040976870415815665 340
1612570845069 0.042756913313225134 341
1612570914465 0.056759307633585006 342
1612570984216 0.04633980544645395 343
1612571055378 0.04174600341426792 344
1612571124247 0.04093214202283034 345
1612571194790 0.044304148474736 346
1612571264597 0.08685501297908042 347
1612571334197 0.05400926764331647 348
1612571403275 0.045181116061424144 349
1612571474699 0.07693740325187569 350
1612571545287 0.050090286269116754 351
1612571614643 0.0502479939318415 352
1612571684977 0.07110564299483797 353
1612571754661 0.07144069938517328 354
1612571823678 0.05804982025231888 355
1612571893200 0.05123362345481986 356
1612571962045 0.0436908567129676 357
1612572032304 0.049455449652315964 358
1612572102507 0.04966064086600916 359
1612572172847 0.04370897919384401 360
1612572242269 0.04192188515591977 361
1612572311593 0.06492689385342953 362
1612572380894 0.04996092283903663 363
1612572450355 0.04367612102138462 364
1612572522101 0.04403121880630949 365
1612572592376 0.05846920831879573 366
1612572663546 0.04230373653013315 367
1612572733669 0.044118087683151015 368
1612572804658 0.05507364824636659 369
1612572873750 0.04166768557989775 370
1612572943366 0.04193937689510744 371
1612573012998 0.04626211479528627 372
1612573083128 0.039843751423394504 373
1612573154165 0.043078614704644504 374
1612573223407 0.04594813531904078 375
1612573293572 0.03697250583278599 376
1612573363623 0.05050409729801007 377
1612573433857 0.05050038668646741 378
1612573503273 0.04823977644763776 379
1612573572482 0.04759043544086058 380
1612573641926 0.04428092757267738 381
1612573711262 0.03742882564886293 382
1612573781720 0.041721759447410925 383
1612573851645 0.04364327174514087 384
1612573921083 0.038803701080493073 385
1612573991073 0.04130550195921713 386
1612574060349 0.03656302370242218 387
1612574129427 0.035825856586000814 388
1612574200069 0.036308523434311596 389
1612574269055 0.03940247866644788 390
1612574339555 0.040507731153004205 391
1612574410622 0.050079324352207466 392
1612574480480 0.05163182162526828 393
1612574550212 0.04763553391641645 394
1612574619678 0.048008872501885715 395
1612574689344 0.03743665076013821 396
1612574758635 0.043134446464367766 397
1612574827956 0.0342394344842256 398
1612574897190 0.03824180186684452 399
1612574966254 0.033341328599559725 400
1612575036461 0.04263211364176736 401
1612575106143 0.0388573016693343 402
1612575175076 0.03754879022712138 403
1612575244190 0.04182485235271169 404
1612575314488 0.03901496307173772 405
1612575384529 0.038362543974349746 406
1612575454396 0.03661771140881439 407
1612575524140 0.038307916762223886 408
1612575593029 0.03838512701774711 409
1612575662728 0.03736116370158409 410
1612575731485 0.03839383908172152 411
1612575800761 0.052640801935053584 412
1612575869973 0.03526829427747584 413
1612575941444 0.0569940280558458 414
1612576010624 0.038313553404452194 415
1612576080936 0.035483989252972956 416
1612576150431 0.03367902271783174 417
1612576219224 0.03695351330202017 418
1612576288951 0.03962802798000734 419
1612576358457 0.03971441557158285 420
1612576427842 0.041331745795349574 421
1612576496997 0.041162042475458405 422
1612576565677 0.04694080708631829 423
1612576635003 0.03490076492081827 424
1612576704825 0.0405201137955509 425
1612576774656 0.05261515859347671 426
1612576844620 0.04840730642204854 427
1612576913534 0.04532194048611086 428
1612576983062 0.04831112053856921 429
1612577052171 0.03919978906859213 430
1612577122166 0.03187756662938132 431
1612577192593 0.032711251458125326 432
1612577261577 0.036246801490214337 433
1612577331393 0.04263349255519127 434
1612577402115 0.05216041607643241 435
1612577471688 0.03804614650669383 436
1612577540752 0.036379154938370434 437
1612577610597 0.03562734109252246 438
1612577679514 0.037179844592934226 439
1612577749703 0.03622642292905209 440
1612577818721 0.03963709945109353 441
1612577887900 0.04103348860100134 442
1612577957048 0.044221759732089826 443
1612578025876 0.03274539068563661 444
1612578095948 0.03581031400765946 445
1612578164690 0.035135930153860975 446
1612578234582 0.03524232711364974 447
1612578304358 0.036513039425237856 448
1612578373332 0.041666934739297896 449
1612578441861 0.03477621523301993 450
1612578512153 0.035990765735284605 451
1612578581336 0.03339436072022168 452
1612578650704 0.031094439883730306 453
1612578719488 0.03442711438705672 454
1612578789327 0.03440787543111773 455
1612578859915 0.057405438885759955 456
1612578929636 0.05313502763634297 457
1612578998610 0.0667250103025294 458
1612579067954 0.046807684115509486 459
1612579137196 0.03975496719132608 460
1612579206995 0.03691121090703936 461
1612579277748 0.03914960907466376 462
1612579348686 0.04004710912704468 463
1612579417802 0.036396103118782615 464
1612579487181 0.032211687137831506 465
1612579557054 0.03419790161189748 466
1612579627197 0.032656601115838804 467
1612579696560 0.04718897947624548 468
1612579765894 0.036658893770246365 469
1612579835091 0.03807648705012763 470
1612579905090 0.033802797545248 471
1612579974437 0.040216504637874774 472
1612580043744 0.0317067681853451 473
1612580113324 0.0339872232123987 474
1612580184643 0.03252038937896045 475
1612580253385 0.04361660000103623 476
1612580323352 0.03268071519794749 477
1612580392172 0.04693260299625682 478
1612580462121 0.04222127394889718 479
1612580532357 0.03618415256044758 480
1612580601529 0.03647507838348844 481
1612580671088 0.04006642636968129 482
1612580740323 0.03181370781428779 483
1612580809866 0.04151433795245726 484
1612580878890 0.039782626415366555 485
1612580948845 0.04328689646365037 486
1612581017919 0.03285922043359102 487
1612581087487 0.03626850469788508 488
1612581157393 0.05497242265672826 489
1612581227507 0.035785039859031566 490
1612581297220 0.036690480673491066 491
1612581368066 0.050541869739987956 492
1612581437004 0.03537544296748603 493
1612581508650 0.034627561248950105 494
1612581580032 0.03151342317239562 495
1612581650454 0.03422253078489161 496
1612581720207 0.033838950875979754 497
1612581790259 0.034304856364406756 498
1612581859941 0.03218979266152453 499
1612581928677 0.04246525622125882 500
1612581998415 0.03189790159908693 501
1612582067347 0.029916823799930402 502
1612582136283 0.03330820887836058 503
1612582206468 0.04331356198040407 504
1612582277020 0.034522854570132586 505
1612582347047 0.03604700761054879 506
1612582418069 0.03553804087994704 507
1612582486794 0.027441949986699802 508
1612582555739 0.029757307536566434 509
1612582625509 0.03246396691051882 510
1612582695850 0.029330813173037856 511
1612582764657 0.0289753711045678 512
1612582835951 0.03678495403546006 513
1612582906011 0.029811660745250646 514
1612582976069 0.032043876043006556 515
1612583045319 0.03270850964446566 516
1612583115212 0.03657243056083793 517
1612583184434 0.035029560772340686 518
1612583254158 0.027507352295206552 519
1612583323130 0.02995416744431453 520
1612583392530 0.0286307023532355 521
1612583462030 0.03538884867483111 522
1612583531742 0.03379617164384073 523
1612583601177 0.043712667564847575 524
1612583670452 0.03356182308339361 525
1612583740375 0.04460202669029805 526
1612583809767 0.03122834572151526 527
1612583878886 0.04419392881108754 528
1612583948412 0.03408222945768442 529
1612584017555 0.0340939315397348 530
1612584086486 0.03180963690601178 531
1612584155607 0.031549640555879964 532
1612584224907 0.03967438260121132 533
1612584294414 0.03499447320824239 534
1612584365764 0.03245913893429201 535
1612584437689 0.03239359695519974 536
1612584506895 0.032866100766765535 537
1612584576596 0.028266567792465436 538
1612584647155 0.030479211415817487 539
1612584716553 0.03680871938591573 540
1612584786052 0.031032551580400608 541
1612584856347 0.037163584089990875 542
1612584926614 0.030433274916748503 543
1612584996953 0.03475797176361084 544
1612585065853 0.02966089213072364 545
1612585136030 0.02827947709097791 546
1612585205524 0.036807418759189435 547
1612585277087 0.02950107606489267 548
1612585348952 0.029519833735565642 549
1612585419544 0.028620319579964252 550
1612585488334 0.03018046581923072 551
1612585557193 0.02567360561285446 552
1612585628231 0.03246597478638834 553
1612585700322 0.04952222464689568 554
1612585769331 0.031279168911834264 555
1612585839554 0.030460591636486907 556
1612585908664 0.028821965651725654 557
1612585978059 0.03443735037276994 558
1612586046960 0.031637289630832954 559
1612586117196 0.030892966398552282 560
1612586186610 0.0449630199973263 561
1612586255506 0.027493795352195625 562
1612586324639 0.03008669792716183 563
1612586394206 0.06388550996780396 564
1612586463040 0.041837493875133455 565
1612586532223 0.02914469099756497 566
1612586601519 0.02748238595563974 567
1612586671708 0.0418827578203002 568
1612586741269 0.03160606569318629 569
1612586810779 0.02971732705386717 570
1612586880145 0.033701756107273384 571
1612586949687 0.04310994450725726 572
1612587020446 0.036266814416913845 573
1612587091691 0.03341186847259749 574
1612587161450 0.04448953493317561 575
1612587230432 0.028898675050308454 576
1612587299420 0.03133647922259658 577
1612587368838 0.032926521194514946 578
1612587438184 0.02726830831214563 579
1612587508929 0.04108372730995292 580
1612587578814 0.039354776268574726 581
1612587650468 0.03838779232395229 582
1612587719506 0.025125507098525318 583
1612587790622 0.03305240531465901 584
1612587859802 0.04675670702065995 585
1612587928730 0.03421784158962876 586
1612587997584 0.031290706413895336 587
1612588066475 0.028291152484381375 588
1612588138208 0.03277551683027353 589
1612588207341 0.024994040603068337 590
1612588276545 0.023970097748201285 591
1612588345348 0.03177820212805449 592
1612588414491 0.025389574356933137 593
1612588484648 0.028140518202710508 594
1612588553968 0.02566883101392148 595
1612588623498 0.02490229660005712 596
1612588694044 0.04650093548333467 597
1612588765647 0.023149096254092543 598
1612588834666 0.027670653008702976 599
1612588904077 0.036540457561834536 600
1612588973423 0.0261113919428925 601
1612589042805 0.026232707856306388 602
1612589112800 0.03575178313611159 603
1612589182272 0.035294901079206326 604
1612589251782 0.031730956106043574 605
1612589321629 0.03473470993896029 606
1612589391411 0.02910323374306978 607
1612589460945 0.03089076725404654 608
1612589530365 0.035295981079784794 609
1612589600490 0.03109136268274108 610
1612589669644 0.026686441542497323 611
1612589739821 0.031565222277570124 612
1612589810092 0.04240802152832942 613
1612589879078 0.059654423549993715 614
1612589948136 0.04080521081810567 615
1612590019136 0.04332764646900234 616
1612590088972 0.02810631314320351 617
1612590158515 0.03175598827760611 618
1612590227376 0.02970396849646497 619
1612590297217 0.028849353541189164 620
1612590366917 0.026129946779848923 621
1612590435875 0.028498102479906223 622
1612590505313 0.04025486156122008 623
1612590574789 0.0313082524199984 624
1612590643833 0.02637120858946843 625
1612590713187 0.041077854028388636 626
1612590783828 0.05682539761956058 627
1612590853554 0.03209361033653146 628
1612590923343 0.04053003040712271 629
1612590992735 0.038425461569828775 630
1612591062581 0.033828990672951316 631
1612591132522 0.024248840203925745 632
1612591201994 0.02787403562175694 633
1612591271288 0.026816475747236564 634
1612591341938 0.026826175291146805 635
1612591412049 0.023979493931158266 636
1612591481021 0.027377422176190276 637
1612591551144 0.024668534300220545 638
1612591620389 0.025915891376893912 639
1612591690542 0.04127707943987491 640
1612591760758 0.042660628681752216 641
1612591830132 0.051989314271442925 642
1612591900618 0.03615598625211573 643
1612591969468 0.04439158581975681 644
1612592039241 0.03121364739403796 645
1612592108475 0.03241329940397348 646
1612592177096 0.029907029066512835 647
1612592245984 0.028564612367259924 648
1612592315100 0.027876135128647533 649
1612592384478 0.026741261802502532 650
1612592453723 0.026292045614612635 651
1612592523674 0.030268422703244792 652
1612592593107 0.02187105435044018 653
1612592663394 0.025311284100831444 654
1612592733031 0.027745924778838655 655
1612592803793 0.027037663246268658 656
1612592872754 0.04234860815219025 657
1612592941763 0.036764292574640534 658
1612593012013 0.027911620353584857 659
1612593081279 0.02672127378520681 660
1612593152206 0.053437034585582674 661
1612593221573 0.028420297067556808 662
1612593291271 0.03228741350458629 663
1612593361450 0.030430488622010643 664
1612593430705 0.027608464902906277 665
1612593502080 0.03132607420878624 666
1612593572182 0.024138669469463293 667
1612593641500 0.024221450535219107 668
1612593710572 0.036227041216038945 669
1612593779955 0.029722317830840155 670
1612593849002 0.025718923824936596 671
1612593918266 0.025089006815383685 672
1612593987843 0.029342170081921477 673
1612594058226 0.033534417401498824 674
1612594128567 0.024844351099498237 675
1612594199565 0.03343452090647683 676
1612594270447 0.0354095110252722 677
1612594339305 0.03183409616128722 678
1612594408535 0.03537896231039247 679
1612594478461 0.02585843605781669 680
1612594549202 0.028374496680587086 681
1612594618677 0.02736556885847405 682
1612594688593 0.022606100609053426 683
1612594759066 0.03346541034641551 684
1612594828886 0.036342684012740406 685
1612594900417 0.030439681081629512 686
1612594969618 0.02754588625324306 687
1612595040254 0.037757737423056985 688
1612595109789 0.02545688757255896 689
1612595178782 0.029202138310048118 690
1612595249318 0.02693859854740883 691
1612595318302 0.02323667060083418 692
1612595388320 0.024921555127670515 693
1612595457470 0.032587126119812924 694
1612595527055 0.029497426837237915 695
1612595596284 0.030396365407687514 696
1612595665817 0.028839154029960064 697
1612595734811 0.030867851492184312 698
1612595803585 0.02059414226617386 699
1612595872605 0.025305997079877712 700
1612595943069 0.0251052682079486 701
1612596012219 0.030825832886482354 702
1612596083533 0.034868274162064734 703
1612596153262 0.03398793490964975 704
1612596224557 0.025717612522751537 705
1612596293894 0.031247591794426762 706
1612596364056 0.027207590750793913 707
1612596433305 0.02616895579580051 708
1612596502415 0.021461261742150607 709
1612596572064 0.021906336741660957 710
1612596640888 0.024474787178324228 711
1612596710827 0.04065855047596035 712
1612596779906 0.024990146729483534 713
1612596849966 0.02452391474994261 714
1612596919473 0.03280187631720927 715
1612596989207 0.025332473107238313 716
1612597058544 0.025728240831574396 717
1612597128583 0.025754361010309475 718
1612597197797 0.035470832639665745 719
1612597267069 0.026301343049576032 720
1612597336921 0.026262810870782652 721
1612597406988 0.027107830367871184 722
1612597477029 0.02239262790822271 723
1612597546869 0.02309330007923183 724
1612597616113 0.02466480055851723 725
1612597685429 0.021050184520322885 726
1612597756291 0.02493532824872145 727
1612597825900 0.02124363717748158 728
1612597894668 0.0275429967624038 729
1612597964827 0.029980519814277764 730
1612598033713 0.021509581537389043 731
1612598103082 0.03623470797467587 732
1612598173783 0.031972044439458135 733
1612598243496 0.029473976412815833 734
1612598314739 0.02351700814802255 735
1612598384691 0.040963464708470586 736
1612598454833 0.02861108886661814 737
1612598524187 0.032459072212674724 738
1612598593486 0.034981390433524974 739
1612598662204 0.022975057808320914 740
1612598731165 0.03675749141778519 741
1612598802016 0.03219677885966515 742
1612598871427 0.027147840208082058 743
1612598940802 0.025655197563456064 744
1612599011259 0.02515788576496181 745
1612599081250 0.024335165521991785 746
1612599150133 0.02466786975291238 747
1612599220556 0.027228108092920103 748
1612599289649 0.02352572999783416 749
1612599358538 0.024671857926382948 750
1612599428101 0.03849160671234131 751
1612599497732 0.026248135673466014 752
1612599566991 0.024902452283830784 753
1612599636200 0.025652068764416138 754
1612599708273 0.022973685122247952 755
1612599777584 0.024264171941956476 756
1612599847743 0.0262959208061446 757
1612599917728 0.02359360990239613 758
1612599986975 0.02804701008013825 759
1612600056516 0.02227588109116056 760
1612600127219 0.02380235960234457 761
1612600196754 0.027998437632375688 762
1612600266178 0.02614776945825833 763
1612600335698 0.02584919377939025 764
1612600407202 0.02466683067492585 765
1612600476454 0.02397504404409608 766
1612600547454 0.023228211189383893 767
1612600616809 0.022511096143010837 768
1612600686386 0.028864918360069616 769
1612600755833 0.03630089048129409 770
1612600825679 0.03623901819115254 771
1612600894656 0.0233625040125491 772
1612600965655 0.022949353972477698 773
1612601036492 0.024054747019241107 774
1612601106067 0.01980520807095428 775
1612601175981 0.026034503730375375 776
1612601248139 0.024110842106947257 777
1612601318005 0.04358491523941951 778
1612601387041 0.029275057031147515 779
1612601456861 0.01998781001389916 780
1612601525878 0.0221378233895373 781
1612601595102 0.02136034663043805 782
1612601665083 0.02504740455257359 783
1612601734725 0.02138161303392097 784
1612601806167 0.03235725502469646 785
1612601875610 0.02971183808881845 786
1612601945396 0.030214301685788737 787
1612602014965 0.039435674005479954 788
1612602084584 0.020761166045914835 789
1612602153589 0.025751539130709065 790
1612602223132 0.04162545613388517 791
1612602293176 0.022520544813640082 792
1612602362371 0.03142269155872402 793
1612602432549 0.02510856425584252 794
1612602502458 0.02423660790742333 795
1612602571662 0.02650716322571484 796
1612602641359 0.022976285486078975 797
1612602710336 0.03929962151086153 798
1612602779867 0.024392960676506384 799
1612602850193 0.021621796622205137 800
1612602920059 0.022913698829821687 801
1612602989037 0.020068307421100672 802
1612603058253 0.019783155242008948 803
1612603128476 0.020303662143536468 804
1612603198271 0.022885077924870732 805
1612603269964 0.023166741008189187 806
1612603339991 0.022213365604628377 807
1612603410122 0.0230387458160742 808
1612603479918 0.027226213198989185 809
1612603549366 0.025242033289439643 810
1612603619054 0.020701442191849894 811
1612603688719 0.02034976144335163 812
1612603757728 0.017604376842726522 813
1612603827101 0.026684502167488213 814
1612603896501 0.020662320193959707 815
1612603965593 0.02849537312094845 816
1612604034791 0.020033903975984944 817
1612604104237 0.02465827073623885 818
1612604174240 0.022971685252972503 819
1612604242960 0.021039056244181162 820
1612604312069 0.02111743813130393 821
1612604381379 0.023208201821170636 822
1612604450942 0.024427623891118747 823
1612604520085 0.020347192216275345 824
1612604589655 0.02337021436264266 825
1612604660084 0.026042310159597824 826
1612604730010 0.028339966019587732 827
1612604800034 0.023928137857522538 828
1612604869422 0.02950283840521058 829
1612604939249 0.0259659726228287 830
1612605008193 0.02753794549116448 831
1612605078406 0.0279254326179846 832
1612605148123 0.028708686579519242 833
1612605217617 0.02531845711950046 834
1612605287591 0.029815704964879734 835
1612605358749 0.03878570759474342 836
1612605428460 0.027571258260242974 837
1612605498158 0.027647707889329142 838
1612605568295 0.04161826176429862 839
1612605639056 0.028082590494582903 840
1612605708176 0.02689846771866528 841
1612605777004 0.0288231470691624 842
1612605846666 0.023540739692858796 843
1612605916874 0.02213401936773044 844
1612605986450 0.023876079872472963 845
1612606056106 0.020154532211930004 846
1612606125883 0.025677148975543122 847
1612606195260 0.02729488130825669 848
1612606266142 0.027940575756243806 849
1612606336049 0.03032909044578894 850
1612606406073 0.03677169333642988 851
1612606474938 0.023893773555755615 852
1612606544186 0.021692452146046197 853
1612606615876 0.02139652842905984 854
1612606684977 0.02282296098879914 855
1612606754235 0.017852950451978995 856
1612606823942 0.02282397426776032 857
1612606894089 0.02079333743052696 858
1612606966116 0.02040298305340667 859
1612607037575 0.020652513005840246 860
1612607106576 0.0204107236506334 861
1612607175473 0.022638744382715938 862
1612607245472 0.039231017454346616 863
1612607314116 0.055707837218668926 864
1612607383494 0.031022408115330028 865
1612607452825 0.03277436477034839 866
1612607522366 0.03210161426174107 867
1612607592275 0.023588695632877636 868
1612607662271 0.02790536631399126 869
1612607732348 0.036165961578710756 870
1612607801863 0.023088200768428064 871
1612607871139 0.02461933733812019 872
1612607940468 0.029173610815361364 873
1612608009586 0.022498842495590893 874
1612608079246 0.02024255047983198 875
1612608149100 0.01986589538517283 876
1612608218000 0.024210420117449404 877
1612608287067 0.026309672576278004 878
1612608357098 0.020036773005528235 879
1612608426306 0.02411250392002846 880
1612608496392 0.025084620091452528 881
1612608566426 0.02303403171140756 882
1612608635481 0.029103912524322966 883
1612608705256 0.02609104007037718 884
1612608775569 0.01977450367230088 885
1612608844702 0.02459862694811465 886
1612608913819 0.019171737023253938 887
1612608983101 0.022430271355073843 888
1612609052856 0.018304189639305 889
1612609122700 0.022649934932367125 890
1612609192332 0.02585137602108628 891
1612609262536 0.029498774613907087 892
1612609331724 0.02293217449045893 893
1612609400882 0.01614202581234832 894
1612609470479 0.029699056006189602 895
1612609540397 0.02358169698003513 896
1612609609630 0.02116811364444334 897
1612609678359 0.024191039711681763 898
1612609747622 0.025579092217915093 899
1612609817281 0.02288975911353951 900
1612609886802 0.019438359274793027 901
1612609956253 0.028210267202178046 902
1612610026366 0.019385048702581606 903
1612610095574 0.023151338990054914 904
1612610164905 0.02234846620417353 905
1612610234274 0.020481139866273795 906
1612610305146 0.02118784367148556 907
1612610375668 0.02048566892965516 908
1612610444559 0.02436542510986328 909
1612610515346 0.018283980106239887 910
1612610584646 0.024808010058616523 911
1612610654091 0.01926231206353031 912
1612610723165 0.022412340142833654 913
1612610793766 0.018967503042363408 914
1612610864641 0.018701320263876844 915
1612610934630 0.017875403610628043 916
1612611004682 0.02111660722476333 917
1612611074321 0.022539000902602923 918
1612611144314 0.019594997612398062 919
1612611214166 0.02101790371225841 920
1612611283439 0.023742546786123246 921
1612611352896 0.026232737213817994 922
1612611422761 0.027974050436446917 923
1612611492073 0.028014262220752772 924
1612611562030 0.029364588545329535 925
1612611631334 0.02769682834397501 926
1612611701284 0.023579301229163782 927
1612611770646 0.024714140749689358 928
1612611840599 0.021469696244197107 929
1612611909597 0.0198655297507101 930
1612611978753 0.035667854458538456 931
1612612047544 0.02755291248435405 932
1612612116555 0.022664866340694142 933
1612612185522 0.021766650142954355 934
1612612255010 0.032748492796029614 935
1612612325973 0.021837869686866875 936
1612612395066 0.01974041693246187 937
1612612464383 0.019631118916753513 938
1612612533427 0.019410139589167354 939
1612612602708 0.018472487357125353 940
1612612672160 0.019488448527321886 941
1612612741218 0.02039307266918581 942
1612612810110 0.030126943517087112 943
1612612878890 0.02135438794520364 944
1612612948239 0.021477773118374954 945
1612613017547 0.019903195438100332 946
1612613086652 0.02506348090385323 947
1612613155862 0.01958779256735275 948
1612613224900 0.034023738619106916 949
1612613293719 0.01872513632276165 950
1612613363141 0.020336410892543507 951
1612613432432 0.018754877261261443 952
1612613503091 0.01786785784052379 953
1612613574281 0.01854716041194859 954
1612613643853 0.018931255411745895 955
1612613712853 0.020184072095956376 956
1612613782473 0.01933283859224462 957
1612613852608 0.01717973200242911 958
1612613921331 0.017244932366840875 959
1612613990700 0.020419395681637437 960
1612614060097 0.01941905626610144 961
1612614130598 0.022585330614403112 962
1612614201044 0.021537213183161038 963
1612614272865 0.016152906773695304 964
1612614342711 0.02126571313658757 965
1612614412180 0.01921659441136602 966
1612614481359 0.01965422060952258 967
1612614550917 0.01837373847392068 968
1612614620041 0.018921462457571456 969
1612614690031 0.02837051117598121 970
1612614759424 0.020169937788550533 971
1612614829380 0.046067981577631256 972
1612614899332 0.02776026725769043 973
1612614968500 0.04079053562078903 974
1612615038408 0.02677674791706142 975
1612615108453 0.023999217730849537 976
1612615178546 0.022844734476573432 977
1612615248394 0.022712447750034618 978
1612615319443 0.022096202444674362 979
1612615389417 0.019928978450262723 980
1612615459090 0.018297504133252956 981
1612615528910 0.019147996582202058 982
1612615598025 0.023474156856536865 983
1612615669600 0.020112284083864583 984
1612615738884 0.02025463331991167 985
1612615807893 0.020411137324660572 986
1612615879706 0.021721125538669415 987
1612615948654 0.020501416120956194 988
1612616018027 0.02667299135407405 989
1612616090001 0.0366252064704895 990
1612616161410 0.02678812528724101 991
1612616233081 0.023708611281950082 992
1612616302857 0.035259446991023735 993
1612616372322 0.03698945935092755 994
1612616441345 0.02037010086116506 995
1612616510775 0.019698756844250122 996
1612616579889 0.020059769722952772 997
1612616648942 0.033907314734672435 998
1612616718908 0.018589685212320357 999
