1611757108055 0.31558018477995003 0
1611757176648 0.1819231056455356 1
1611757244996 0.1934535752481489 2
1611757313757 0.17836297803850315 3
1611757382204 0.20335031089498035 4
1611757451277 0.1914832841104536 5
1611757519787 0.1527538637616741 6
1611757588646 0.13370186713204454 7
1611757659335 0.16851910637385809 8
1611757727755 0.1596360749273158 9
1611757796055 0.18633982227809393 10
1611757864561 0.1687624258781547 11
1611757932830 0.13440557558145097 12
1611758001525 0.1371159482358107 13
1611758070129 0.11386806662402936 14
1611758138794 0.1768684814225382 15
1611758207337 0.11553964508113576 16
1611758276212 0.13444254469515673 17
1611758346560 0.14591319881268403 18
1611758415524 0.09139218437137889 19
1611758484250 0.11060015390168375 20
1611758554608 0.10123350193251425 21
1611758623051 0.10953701609995828 22
1611758691439 0.17767265483514585 23
1611758759874 0.12366283028873044 24
1611758828803 0.19145561421095436 25
1611758897467 0.13278274304831206 26
1611758966288 0.11263109498949193 27
