1614756054983 0.4721155908513576 0
1614756144258 0.4918528224955848 1
1614756233233 0.4612978348336744 2
1614756321913 0.4473037366022138 3
1614756409937 0.4356538120419421 4
1614756497977 0.4177935142598465 5
1614756586470 0.409464175679854 6
1614756674827 0.3996531555845224 7
1614756763091 0.39365975330660813 8
1614756851327 0.38615519279178157 9
1614756939512 0.3809725213831928 10
1614757027623 0.3746801256037033 11
1614757115693 0.3713644491340934 12
1614757206891 0.36868596309654433 13
1614757295284 0.3634797488279799 14
1614757383232 0.35949173195168693 15
1614757471745 0.3574197209056686 16
1614757559843 0.3529905707225309 17
1614757648148 0.35046494112236365 18
1614757736633 0.34613078208045756 19
1614757825742 0.3420535174086161 20
1614757914382 0.34114151175279794 21
1614758002432 0.33902051485558 22
1614758090489 0.33794956310843743 23
1614758178538 0.335462140187304 24
1614758266798 0.3346778967321748 25
1614758354990 0.332201668189749 26
1614758443114 0.3302958956678995 27
1614758531128 0.3293101477244717 28
1614758619262 0.3285635066634797 29
1614758707765 0.3260878271991534 30
1614758796034 0.3254578158635884 31
1614758883964 0.3242911933618043 32
1614758971997 0.3230748792226719 33
1614759060179 0.32260382048400704 34
1614759148312 0.32202519644183897 35
1614759236551 0.32049990086342295 36
1614759324414 0.319515245763245 37
1614759412294 0.3195030891518904 38
1614759500519 0.3182134827143176 39
1614759588793 0.3179337385564378 40
1614759676963 0.3174759336514163 41
1614759765408 0.31696180666565077 42
1614759855252 0.3161154891250789 43
1614759944052 0.3148058780242225 44
1614760032656 0.3138152258823886 45
1614760121405 0.313376890590702 46
1614760209911 0.3125103897983143 47
1614760298889 0.3117210647714848 48
1614760387061 0.3114852943429922 49
1614760475596 0.31055536231319014 50
1614760563742 0.31089153357990296 51
1614760652234 0.3101058952265095 52
1614760740766 0.3093358337471131 53
1614760829034 0.30855506727007187 54
1614760917389 0.3084337965169169 55
1614761005606 0.30774881229772416 56
1614761093761 0.3076652907318848 57
1614761182052 0.30706393648861896 58
1614761270187 0.3066070507789123 59
1614761358654 0.30568560872020356 60
1614761446830 0.30556095970504366 61
1614761535110 0.30527010298472773 62
1614761623141 0.30438134958719876 63
1614761711396 0.30362740139402267 64
1614761799618 0.30353444804714275 65
1614761887852 0.3028735004367811 66
1614761975991 0.3028837261227273 67
1614762064420 0.3027673129898657 68
1614762152741 0.3023046768635602 69
1614762241085 0.30140934213058196 70
1614762329132 0.3008918425389709 71
1614762417510 0.30050345485162994 72
1614762505797 0.29987478079386765 73
1614762594057 0.29953796629258933 74
1614762682230 0.2990415721770881 75
1614762770479 0.2985079360765033 76
1614762858905 0.2983120235289812 77
1614762947003 0.2977260800754241 78
1614763035284 0.29745342768431504 79
1614763123500 0.29679105244919424 80
1614763211477 0.29670642514881784 81
1614763299766 0.2959248653873973 82
1614763388182 0.29554779522438 83
1614763476424 0.29476166247892593 84
1614763564851 0.2943960274332367 85
1614763653106 0.29416073729550823 86
1614763741269 0.29403714824204896 87
1614763829538 0.29374977562085824 88
1614763917646 0.2936907231640379 89
1614764006202 0.2930927858564908 90
1614764094202 0.29269542194520376 91
1614764182323 0.2925673402510064 92
1614764270660 0.29236089969420664 93
1614764359003 0.29230392188217585 94
1614764447637 0.2919106739102566 95
1614764535758 0.2918328063116769 96
1614764624124 0.29148288620809765 97
1614764712350 0.29110058547171147 98
1614764800369 0.2909781185323571 99
1614764888834 0.29054761628932474 100
1614764976949 0.29066463226967676 101
1614765065115 0.29043186488670036 102
1614765153473 0.29009498298280983 103
1614765241682 0.28974894963680436 104
1614765329955 0.28950334717723347 105
1614765418244 0.28952333550151316 106
1614765506380 0.2891268704821913 107
1614765594429 0.28909589558557663 108
1614765682759 0.28915457297801056 109
1614765770908 0.2887141779393604 110
1614765858973 0.28847930786882087 111
1614765947183 0.2880231577035365 112
1614766035418 0.2878469274396348 113
1614766123497 0.2874679889843544 114
1614766211382 0.28753747562696763 115
1614766299492 0.2872655214994176 116
1614766387652 0.28690757610916745 117
1614766476921 0.2868891755848638 118
1614766565356 0.28640357489162616 119
1614766654351 0.2861629883785417 120
1614766742952 0.2856359069723211 121
1614766831245 0.28544270395111343 122
1614766920110 0.28530824429936597 123
1614767008346 0.2851356844388424 124
1614767096695 0.28475852380986355 125
1614767184785 0.28443055405581213 126
1614767272822 0.2841561361459986 127
1614767361018 0.28375420834775145 128
1614767449140 0.28361932683169067 129
1614767537467 0.2833014534257228 130
1614767625351 0.2828896466046956 131
1614767713329 0.2825962399402069 132
1614767801565 0.28224412806831345 133
1614767889851 0.28198487651075693 134
1614767977949 0.28187583324304777 135
1614768065981 0.2816880733558093 136
1614768153927 0.28151540082801546 137
1614768242120 0.28123160202290537 138
1614768330412 0.28125256315654995 139
1614768418862 0.2808675827449788 140
1614768506871 0.2806656992859449 141
1614768594882 0.2805966101237625 142
1614768683057 0.28029302576277193 143
1614768771410 0.2798236399069047 144
1614768859607 0.2795936520502115 145
1614768947769 0.27923010510468926 146
1614769035704 0.2789574100112714 147
1614769123643 0.2786712706398619 148
1614769211621 0.27849627882981987 149
1614769299817 0.27845784993541745 150
1614769387911 0.27822777119904246 151
1614769475828 0.27813169395699 152
1614769563929 0.277700647816235 153
1614769651992 0.27732370113602395 154
1614769740019 0.2769960950510308 155
1614769828302 0.2767649207257623 156
1614769916376 0.2764827832514399 157
1614770004544 0.27633094462874785 158
1614770092480 0.2760735105465544 159
1614770180880 0.275792609821467 160
1614770269267 0.2756331422840059 161
1614770357578 0.2754706106170665 162
1614770445964 0.27537059417786114 163
1614770533889 0.27524986831191517 164
1614770621809 0.2751553681304489 165
1614770710014 0.2747913211178767 166
1614770798448 0.27471144716873425 167
1614770886362 0.27445788823192907 168
1614770974802 0.27426664158189035 169
1614771063002 0.27407675516381785 170
1614771151215 0.2739074061297983 171
1614771239137 0.2737243008223602 172
1614771327250 0.27359429843938793 173
1614771415407 0.27343528737594297 174
1614771503317 0.27325040034902953 175
1614771591247 0.2731217250347941 176
1614771679888 0.2730402569276507 177
1614771768117 0.272813317785167 178
1614771856099 0.272740751844842 179
1614771944163 0.2728097022930255 180
1614772032195 0.272696173430423 181
1614772120375 0.27255112766126355 182
1614772208513 0.2722741484135446 183
1614772296150 0.2721051475957526 184
1614772384244 0.2719048889355151 185
1614772472346 0.2716627934190389 186
1614772560686 0.27140746347904693 187
1614772649069 0.2711913246201374 188
1614772736988 0.2709684957836705 189
1614772825335 0.2707106944165691 190
1614772913538 0.27069690202260466 191
1614773001812 0.27057068654184196 192
1614773089846 0.27050693774480244 193
1614773178499 0.2702485215624077 194
1614773267466 0.27015742968769507 195
1614773355618 0.27010480676641774 196
1614773443786 0.27004124466453916 197
1614773532081 0.26984232848919004 198
1614773620070 0.26965776585478424 199
1614773708219 0.26949715789325085 200
1614773796486 0.26940157434451656 201
1614773884622 0.2691855351731983 202
1614773972661 0.2689779868468326 203
1614774060755 0.2687962595901159 204
1614774149169 0.2685383092992946 205
1614774237513 0.26831547793750293 206
1614774325897 0.2681006978608138 207
1614774413914 0.2679070439942468 208
1614774501923 0.26786599840172465 209
1614774589894 0.2678011288717833 210
1614774677695 0.26754445642448255 211
1614774765614 0.2673880672527919 212
1614774853642 0.26719673216486645 213
1614774941745 0.26709431423291846 214
1614775030175 0.2669620182291056 215
1614775118259 0.2667631004467726 216
1614775206310 0.2667565875067339 217
1614775294573 0.26657937112629254 218
1614775382475 0.26638411574851106 219
1614775470488 0.2663086175221366 220
1614775558597 0.2661052552145207 221
1614775646742 0.2660312473748366 222
1614775734657 0.2658715169214415 223
1614775822527 0.26567949705794636 224
1614775910689 0.26543479271491216 225
1614775998980 0.2653110853521796 226
1614776086964 0.26517072070102155 227
1614776175086 0.2650279362472164 228
1614776263282 0.2648044979563337 229
1614776351439 0.2646654815032793 230
1614776439503 0.2644373164679624 231
1614776527501 0.2644091554165688 232
1614776615476 0.2641468676751144 233
1614776703396 0.26407042729228597 234
1614776791218 0.26389950566266507 235
1614776879246 0.26370714103533993 236
1614776967210 0.2634731189562777 237
1614777055469 0.2633395061267646 238
1614777143497 0.2631158987799964 239
1614777232036 0.2630550479252457 240
1614777320114 0.2628221024019068 241
1614777408182 0.2627617114313811 242
1614777496246 0.2626032855372746 243
1614777584474 0.2623893977965007 244
1614777672766 0.26218236619025054 245
1614777760622 0.26205792411095175 246
1614777848955 0.26184813317528943 247
1614777937225 0.2616540074557268 248
1614778026235 0.26149276818081435 249
1614778114909 0.2614158147157649 250
1614778203174 0.26125887515792706 251
1614778291449 0.26122499798372006 252
1614778379394 0.2611409090478072 253
1614778467682 0.2610128082835432 254
1614778556090 0.2608653344892021 255
1614778644251 0.26074249707967345 256
1614778732478 0.2606751878996082 257
1614778820478 0.26063997405283196 258
1614778908470 0.2605124114398311 259
1614778996485 0.26031922125066626 260
1614779084629 0.2602126715383821 261
1614779172752 0.2599999441965438 262
1614779260875 0.2598284160511763 263
1614779348973 0.2596581789455182 264
1614779437062 0.25954359190705706 265
1614779524970 0.25937184554012876 266
1614779612994 0.25930024375864014 267
1614779701160 0.2592090798613653 268
1614779789252 0.2591303263710912 269
1614779877721 0.25904984739828074 270
1614779965717 0.2590499444677029 271
1614780054030 0.25893056621686067 272
1614780141966 0.2587497811871513 273
1614780230134 0.2585807554980083 274
1614780318220 0.2584866984723516 275
1614780406599 0.25838706241160186 276
1614780494759 0.2582677002812595 277
1614780582709 0.25817295544381874 278
1614780671317 0.2580196642200818 279
1614780759783 0.25797734379163634 280
1614780847740 0.2577903433407063 281
1614780935798 0.2576734065305412 282
1614781024052 0.25754884377502624 283
1614781112542 0.25739185418620775 284
1614781200930 0.2572094429996027 285
1614781289069 0.25708326754848676 286
1614781377313 0.25686156187299 287
1614781465446 0.25677359947592077 288
1614781553531 0.2567236274814267 289
1614781641971 0.25659709306903805 290
1614781729941 0.25657725992417935 291
1614781817981 0.2564872124088777 292
1614781906088 0.2564547112631349 293
1614781994191 0.2563011805229012 294
1614782082401 0.2561508931624991 295
1614782170591 0.2559645862677322 296
1614782258618 0.2559031002275625 297
1614782346698 0.2558101787314903 298
1614782434822 0.255613264529999 299
1614782522942 0.25554626706005157 300
1614782611041 0.2554614635506441 301
1614782699001 0.2552849295796363 302
1614782787045 0.2551889537126015 303
1614782875174 0.2550375909239502 304
1614782963244 0.2549368793992092 305
1614783051352 0.25482452789941057 306
1614783139403 0.25469489855746874 307
1614783227651 0.25462123393398894 308
1614783315835 0.2545361629981925 309
1614783403959 0.2544584822011866 310
1614783491994 0.25438776668120516 311
1614783580086 0.2543632137747364 312
1614783668395 0.25425497432563604 313
1614783756497 0.25408179729532776 314
1614783844524 0.2539928471195491 315
1614783932496 0.2538998388366553 316
1614784020772 0.25383650357516585 317
1614784108930 0.2537358024614208 318
1614784197009 0.2535633017061319 319
1614784285051 0.2534723664298304 320
1614784373464 0.2532762211092823 321
1614784461809 0.25322086522676535 322
1614784550126 0.2530465107274152 323
1614784638566 0.2529783212606919 324
1614784726603 0.25282476194841863 325
1614784814619 0.2527385140831055 326
1614784902587 0.25264866579832446 327
1614784990428 0.2525086640234268 328
1614785078906 0.25238917800354665 329
1614785167251 0.2523018447206334 330
1614785255200 0.25218632322027273 331
1614785343311 0.2520647623684108 332
1614785431276 0.252006194429563 333
1614785519345 0.2519467048827298 334
1614785607268 0.2518329010274273 335
1614785695490 0.2517209224423132 336
1614785783447 0.2516206175723913 337
1614785871474 0.2514355035455133 338
1614785959382 0.25136744103211456 339
1614786047364 0.2512028195134077 340
1614786135335 0.2510926528807502 341
1614786223373 0.251048743468783 342
1614786311465 0.2509733884015159 343
1614786399609 0.25083071644929983 344
1614786487672 0.2508063169871803 345
1614786575804 0.25068998282336835 346
1614786663662 0.25056517115953786 347
1614786751708 0.2504660969341516 348
1614786839629 0.2503189640582785 349
1614786927753 0.2501901251687265 350
1614787015850 0.2501536390050161 351
1614787103746 0.25003840338920824 352
1614787192046 0.24990306003931612 353
1614787280176 0.24985043476080332 354
1614787368413 0.24980798159097434 355
1614787456349 0.24971770885089584 356
1614787544289 0.24955310712395873 357
1614787632194 0.24946206842223423 358
1614787720045 0.249311250881523 359
1614787808085 0.24920438744381113 360
1614787898712 0.2490816046037694 361
1614787987727 0.24896118886750027 362
1614788076072 0.24889342217978974 363
1614788164156 0.24885018645057996 364
1614788252130 0.2487709128471438 365
1614788340071 0.24860442365702237 366
1614788428247 0.24857139218168683 367
1614788516185 0.24856449773745945 368
1614788604024 0.2484968966499715 369
1614788692725 0.24837546544341246 370
1614788780782 0.24829584078360833 371
1614788868922 0.24821159030470114 372
1614788956849 0.24807233547874263 373
1614789045062 0.24801968248727457 374
1614789132937 0.2479228225598619 375
1614789221046 0.2478223916901523 376
1614789308936 0.2477161930132747 377
1614789396578 0.24762834595944094 378
1614789484473 0.2475257746996263 379
1614789572790 0.24746546671797207 380
1614789660663 0.24733415541850234 381
1614789748616 0.24724536732440974 382
1614789836745 0.24711239430041976 383
1614789924673 0.24704461290374174 384
1614790012609 0.2469957720210277 385
1614790100654 0.2468954574273114 386
1614790188425 0.24682254739224987 387
1614790276449 0.24669103144801438 388
1614790364626 0.24656684197265938 389
1614790452727 0.24646932336537694 390
1614790540694 0.24634590795905814 391
1614790628603 0.24624756938455108 392
1614790716490 0.24614234035467522 393
1614790804465 0.2460428913325319 394
1614790892396 0.24593424825780383 395
1614790980465 0.24576234994395768 396
1614791069254 0.24561298922708794 397
1614791157724 0.2455351340707073 398
1614791245500 0.2454231120749039 399
1614791333735 0.24539819871124707 400
1614791421834 0.24530028660811345 401
1614791510037 0.24524558213798586 402
1614791597965 0.24517593264881116 403
1614791685870 0.24509304802809007 404
1614791773869 0.2449985806267099 405
1614791861799 0.2449044754837829 406
1614791949706 0.24482933460576642 407
1614792037613 0.2447407273555799 408
1614792125477 0.24472141729548882 409
1614792213408 0.2446416511947711 410
1614792301609 0.24458430767593373 411
1614792389563 0.2444809689069204 412
1614792477634 0.24436346893317004 413
1614792565529 0.2442660387113625 414
1614792653390 0.24411926071126006 415
1614792741222 0.2439818671632268 416
1614792829067 0.24388986727984882 417
1614792917105 0.24379717398850853 418
1614793005068 0.2436842473669179 419
1614793093124 0.24356199735488002 420
1614793181196 0.24351334149968124 421
1614793269367 0.24344364519080972 422
1614793357306 0.24341251373770317 423
1614793445156 0.24335612837490952 424
1614793533457 0.24331348244651166 425
1614793621356 0.2432818459118108 426
1614793709322 0.24317406944235712 427
1614793797382 0.2431492848784708 428
1614793885460 0.24307835523088864 429
1614793973321 0.2429805305221991 430
1614794061403 0.24289805155230565 431
1614794149399 0.24278743564441863 432
1614794237354 0.24266890050951653 433
1614794325236 0.24258069626278175 434
1614794413046 0.2425127813060628 435
1614794501279 0.2424645276883571 436
1614794589320 0.24242584427669722 437
1614794677253 0.24233674371649988 438
1614794765327 0.24223438453530924 439
1614794853450 0.24211510582703688 440
1614794941447 0.24200459661829615 441
1614795029530 0.24196436534909513 442
1614795117457 0.2418557188673759 443
1614795205621 0.2417613762723624 444
1614795293615 0.24165492157257473 445
1614795381420 0.2415827767741456 446
1614795469418 0.24152971664089762 447
1614795557584 0.24145111070830846 448
1614795645489 0.24143138838716147 449
1614795733549 0.2413388310066117 450
1614795821437 0.2412310068081202 451
1614795909471 0.24113412353803604 452
1614795997535 0.24101848261198136 453
1614796085705 0.24092861509034644 454
1614796173478 0.2408819881444446 455
1614796261369 0.24077327289993225 456
1614796349261 0.24074605123575077 457
1614796437382 0.24065364832495004 458
1614796525350 0.2405236524995847 459
