1614756054985 0.5285128618527476 0
1614756144293 0.48614993871088885 1
1614756233234 0.5209225296738338 2
1614756321915 0.5425955481078214 3
1614756409939 0.5608511724194576 4
1614756497979 0.5808337016956494 5
1614756586472 0.5920961237118851 6
1614756674829 0.6063532946957498 7
1614756763093 0.6151775086236013 8
1614756851329 0.6249316004832461 9
1614756939514 0.6315768841326421 10
1614757027625 0.6402480088560557 11
1614757115695 0.6444134795263021 12
1614757206893 0.6482036077030905 13
1614757295286 0.6549026297824153 14
1614757383234 0.6597015073435075 15
1614757471747 0.6628670323276064 16
1614757559844 0.6682081957349193 17
1614757648150 0.6713725018529217 18
1614757736635 0.6771118908690149 19
1614757825744 0.6820110244576115 20
1614757914384 0.6833954707914689 21
1614758002434 0.6862209521136957 22
1614758090490 0.6876290738304708 23
1614758178540 0.6906508518639335 24
1614758266799 0.6918853242045598 25
1614758354992 0.6948741173320703 26
1614758443116 0.6968135481632144 27
1614758531130 0.698095374266217 28
1614758619264 0.6994431593108444 29
1614758707767 0.702619207304928 30
1614758796036 0.7035315232995261 31
1614758883965 0.7048723993647478 32
1614758971999 0.7066248188834993 33
1614759060181 0.70755285634097 34
1614759148314 0.7084219583794485 35
1614759236553 0.7105052456514248 36
1614759324416 0.7117060194261211 37
1614759412296 0.7118560440086034 38
1614759500520 0.7134400084709099 39
1614759588795 0.7139226637592557 40
1614759676965 0.7144706663120244 41
1614759765409 0.715240939343243 42
1614759855254 0.7163528058513903 43
1614759944057 0.717983807958493 44
1614760032658 0.7191378209081745 45
1614760121406 0.7197602490891019 46
1614760209913 0.7209526853511025 47
1614760298894 0.7218866495517469 48
1614760387063 0.7220822855143934 49
1614760475597 0.723276593921867 50
1614760563744 0.7229630785904744 51
1614760652236 0.7240894496155826 52
1614760740768 0.7249210203602635 53
1614760829036 0.7258820376168509 54
1614760917391 0.7261969353682882 55
1614761005607 0.7271011382491619 56
1614761093763 0.7273267128700805 57
1614761182054 0.7280430471556001 58
1614761270188 0.7286342771565344 59
1614761358656 0.729799221664741 60
1614761446831 0.7299122074226231 61
1614761535113 0.7302986423630694 62
1614761623143 0.7313015416700179 63
1614761711398 0.7321546469492447 64
1614761799620 0.7323188815382741 65
1614761887854 0.7331856877395958 66
1614761975993 0.7332268544222841 67
1614762064421 0.7334819586768014 68
1614762152743 0.7341906798136092 69
1614762241087 0.7352437215466967 70
1614762329134 0.7359673634642794 71
1614762417512 0.7365339754863438 72
1614762505799 0.7373748040289362 73
1614762594058 0.7377546141867254 74
1614762682232 0.7383222045721669 75
1614762770480 0.7390802700570581 76
1614762858906 0.7393509281697224 77
1614762947004 0.739897749524506 78
1614763035286 0.7403332171069026 79
1614763123501 0.7411763601329451 80
1614763211478 0.741293554193287 81
1614763299768 0.7422028134979924 82
1614763388184 0.7427000732003665 83
1614763476426 0.7435998242528348 84
1614763564853 0.7440527441562989 85
1614763653108 0.7443711256300941 86
1614763741271 0.7445804931029997 87
1614763829540 0.7449971786206184 88
1614763917647 0.7451619416124161 89
1614764006204 0.7459062477560203 90
1614764094204 0.7463616325126444 91
1614764182325 0.7465748505889529 92
1614764270662 0.7468886406522957 93
1614764359005 0.7470385937221367 94
1614764447639 0.7475546066697604 95
1614764535760 0.7476929319248056 96
1614764624126 0.7481303496634819 97
1614764712352 0.7485805561933505 98
1614764800370 0.7487919159213513 99
1614764888836 0.7493171796816046 100
1614764976951 0.749292849560165 101
1614765065116 0.7496010009189507 102
1614765153475 0.7499923202138621 103
1614765241684 0.7504440140283136 104
1614765329957 0.7507952561783192 105
1614765418246 0.7508955974505057 106
1614765506381 0.7514271483853087 107
1614765594431 0.7515289111270217 108
1614765682761 0.7514836872335436 109
1614765770910 0.7519974935076656 110
1614765858975 0.7522941889038278 111
1614765947185 0.7528649640864793 112
1614766035420 0.753124168743834 113
1614766123499 0.7536001987115637 114
1614766211384 0.753565804914416 115
1614766299494 0.7539525372475322 116
1614766387654 0.7544338312134619 117
1614766476924 0.7545443828023456 118
1614766565358 0.7550901031635253 119
1614766654353 0.7554123015591654 120
1614766742954 0.7560813478853825 121
1614766831248 0.7563528509088114 122
1614766920112 0.7565299068425617 123
1614767008348 0.7568066679415534 124
1614767096697 0.7572399193332766 125
1614767184787 0.7576619508150285 126
1614767272823 0.7580195745593353 127
1614767361020 0.75850994481853 128
1614767449142 0.758704445477522 129
1614767537469 0.7590831030155731 130
1614767625353 0.7595133844478058 131
1614767713331 0.7599111480969387 132
1614767801567 0.760338737662825 133
1614767889853 0.7606758688182855 134
1614767977951 0.7608350268968428 135
1614768065983 0.7610503659237706 136
1614768153929 0.7612945638890571 137
1614768242122 0.7616477356269142 138
1614768330414 0.7616184482800259 139
1614768418864 0.7620919168457662 140
1614768506873 0.7623233434262271 141
1614768594883 0.7624107312903522 142
1614768683059 0.7627341577427954 143
1614768771412 0.7632811113213349 144
1614768859609 0.763600051721619 145
1614768947771 0.7640082332024711 146
1614769035705 0.7643214076580901 147
1614769123645 0.7646781820005685 148
1614769211623 0.7649083636175902 149
1614769299819 0.7650075334366903 150
1614769387913 0.7652718709913274 151
1614769475830 0.7654270503594334 152
1614769563931 0.7659015390867494 153
1614769651994 0.7663377059903829 154
1614769740022 0.7667234080770493 155
1614769828304 0.7670178708917506 156
1614769916378 0.7673247334722607 157
1614770004546 0.7675415882183201 158
1614770092482 0.7678759281477469 159
1614770180882 0.7682267784218998 160
1614770269269 0.7684543155614607 161
1614770357580 0.7686678091100384 162
1614770445966 0.7688068651746388 163
1614770533891 0.768966058321395 164
1614770621811 0.7690977536564669 165
1614770710016 0.7695465324563472 166
1614770798450 0.7696864490648853 167
1614770886364 0.769968903626373 168
1614770974804 0.7702294123375334 169
1614771063004 0.7705049055530794 170
1614771151217 0.7707188945707372 171
1614771239139 0.770929989194794 172
1614771327252 0.77110347216914 173
1614771415409 0.7713396068684918 174
1614771503318 0.7715387641699197 175
1614771591249 0.7717004346825055 176
1614771679890 0.7718450138883084 177
1614771768119 0.772103832054691 178
1614771856101 0.7721738151149766 179
1614771944165 0.7721007909837272 180
1614772032197 0.7722529660098078 181
1614772120377 0.7724417469791509 182
1614772208514 0.7727668505555539 183
1614772296151 0.7729442030428846 184
1614772384246 0.7731638713834851 185
1614772472347 0.7734549836048131 186
1614772560688 0.7737286521399462 187
1614772649071 0.7740186265372793 188
1614772736990 0.7742600349045342 189
1614772825337 0.7745804361361358 190
1614772913540 0.7746168016059932 191
1614773001814 0.774757920536345 192
1614773089849 0.7748406839824952 193
1614773178501 0.7751604145113111 194
1614773267468 0.7753129792878697 195
1614773355620 0.775412909017366 196
1614773443789 0.7754965177660456 197
1614773532083 0.7757388310035837 198
1614773620072 0.7759728037975476 199
1614773708221 0.7761617403517788 200
1614773796488 0.7762993581239629 201
1614773884624 0.7765524754647319 202
1614773972663 0.776790945963486 203
1614774060757 0.7770207384012472 204
1614774149171 0.7773503055243538 205
1614774237514 0.7776297879528872 206
1614774325898 0.7779103525613403 207
1614774413916 0.7781313037940087 208
1614774501925 0.7782001738573154 209
1614774589895 0.7783321796303053 210
1614774677697 0.7786350451872197 211
1614774765616 0.7788219564591308 212
1614774853644 0.7790464060286951 213
1614774941747 0.779139066389309 214
1614775030177 0.7793246990676869 215
1614775118261 0.779569098110912 216
1614775206312 0.7796198211742142 217
1614775294575 0.7798442347509957 218
1614775382476 0.7800565008197148 219
1614775470490 0.7801610362491538 220
1614775558599 0.7804119555467732 221
1614775646745 0.7805347351958256 222
1614775734659 0.7807319884781864 223
1614775822529 0.7809693408058768 224
1614775910691 0.781240162427778 225
1614775998982 0.781422425169468 226
1614776086966 0.7816037165319296 227
1614776175089 0.7817930406597688 228
1614776263284 0.782053077952435 229
1614776351441 0.7822358920191452 230
1614776439504 0.7825176316869795 231
1614776527503 0.7825912773690434 232
1614776615478 0.782902214736928 233
1614776703399 0.7830167960999876 234
1614776791220 0.7832339925353784 235
1614776879248 0.7834736763586492 236
1614776967212 0.7837466741376331 237
1614777055471 0.7839379313312952 238
1614777143499 0.7841956954787539 239
1614777232039 0.7842841288546397 240
1614777320116 0.7845521134859522 241
1614777408184 0.7846612126505776 242
1614777496248 0.7848489980566858 243
1614777584476 0.7850999991977543 244
1614777672768 0.7853479964010792 245
1614777760625 0.785482245098313 246
1614777848957 0.7857380294230975 247
1614777937227 0.7859769751275802 248
1614778026237 0.7861612566745921 249
1614778114911 0.7862681873203713 250
1614778203176 0.7864558133687571 251
1614778291451 0.786522006630823 252
1614778379396 0.786628958437537 253
1614778467685 0.7867677965560497 254
1614778556092 0.7869377831572395 255
1614778644253 0.7870816291261723 256
1614778732480 0.7871826314558087 257
1614778820480 0.7872452178442862 258
1614778908472 0.787395778643118 259
1614778996487 0.7876096550450037 260
1614779084631 0.7877635837112545 261
1614779172754 0.7880281118593269 262
1614779260878 0.7882514490415929 263
1614779348975 0.7884435572020204 264
1614779437064 0.7885949759605623 265
1614779524972 0.7887930513755953 266
1614779612997 0.7888749616050919 267
1614779701162 0.7889777486817438 268
1614779789254 0.7890943784142445 269
1614779877724 0.789183645642128 270
1614779965720 0.7892140966325848 271
1614780054032 0.7893731624409137 272
1614780141968 0.789589212889174 273
1614780230138 0.7897939405540179 274
1614780318222 0.7899297444072335 275
1614780406602 0.7900679670005231 276
1614780494761 0.7902141543313641 277
1614780582711 0.7903228927720887 278
1614780671319 0.7905121445852147 279
1614780759785 0.7905890194084134 280
1614780847742 0.7908169665971949 281
1614780935802 0.790974277821262 282
1614781024054 0.7911138521542764 283
1614781112544 0.79130203075663 284
1614781200932 0.7915317527607333 285
1614781289071 0.7916937088094584 286
1614781377316 0.7919535226288487 287
1614781465448 0.7920765479833248 288
1614781553533 0.7921297937835534 289
1614781641973 0.7923045974912045 290
1614781729943 0.7923360533280666 291
1614781817984 0.7924671408405065 292
1614781906090 0.7925163002153909 293
1614781994192 0.7927028288117438 294
1614782082403 0.7928788860448404 295
1614782170593 0.7930988004622298 296
1614782258620 0.793184218559593 297
1614782346700 0.7933092757365489 298
1614782434824 0.7935424224894819 299
1614782522944 0.7936313225488324 300
1614782611043 0.7937370913194801 301
1614782699003 0.7939424794472538 302
1614782787047 0.7940544289581566 303
1614782875176 0.7942496177889765 304
1614782963246 0.794361472069175 305
1614783051354 0.7944888207354373 306
1614783139405 0.7946536095094704 307
1614783227653 0.7947630634841557 308
1614783315838 0.7948663440748454 309
1614783403961 0.7949665832293032 310
1614783491996 0.7950462429113337 311
1614783580088 0.795063553919671 312
1614783668397 0.7951941009612379 313
1614783756499 0.7953911610302878 314
1614783844526 0.7955045126297731 315
1614783932498 0.7956224216631135 316
1614784020774 0.7957137573439009 317
1614784108932 0.795838732201053 318
1614784197012 0.7960434680327643 319
1614784285054 0.7961718339822664 320
1614784373466 0.7964080173201696 321
1614784461811 0.7964750005713596 322
1614784550129 0.7967028844877861 323
1614784638569 0.7968052203063406 324
1614784726605 0.7969931835093209 325
1614784814621 0.7970951963336497 326
1614784902589 0.7972039767399064 327
1614784990430 0.7973589687354707 328
1614785078909 0.797509669798778 329
1614785167253 0.7976317336122264 330
1614785255203 0.7977917691627584 331
1614785343313 0.7979421965317667 332
1614785431279 0.7980158374961035 333
1614785519347 0.7980912384096974 334
1614785607270 0.7982359199601854 335
1614785695492 0.7983787278697708 336
1614785783449 0.7985190950322917 337
1614785871476 0.7987426206187114 338
1614785959384 0.7988366901104292 339
1614786047366 0.7990241134033197 340
1614786135337 0.7991703129231219 341
1614786223375 0.799259189246889 342
1614786311467 0.7993493715584297 343
1614786399611 0.7995316563091902 344
1614786487675 0.7995731505567779 345
1614786575807 0.7997059630521155 346
1614786663664 0.7998564744243387 347
1614786751710 0.7999803334255232 348
1614786839631 0.800158746503893 349
1614786927755 0.8003316054068607 350
1614787015852 0.8003925452542795 351
1614787103748 0.8005368036850653 352
1614787192048 0.8007000036861299 353
1614787280178 0.8007877215667154 354
1614787368415 0.8008552607029951 355
1614787456351 0.8009608512151266 356
1614787544292 0.8011615379278179 357
1614787632196 0.801285213189892 358
1614787720047 0.801455562549258 359
1614787808087 0.8015955302386835 360
1614787898714 0.8017483413929027 361
1614787987729 0.8018959925372949 362
1614788076075 0.8019911789956987 363
1614788164158 0.8020621601573649 364
1614788252132 0.8021574970913637 365
1614788340073 0.8023463907690911 366
1614788428250 0.8023921099068613 367
1614788516187 0.8024126990701196 368
1614788604026 0.8024945152573754 369
1614788692727 0.802649228636224 370
1614788780784 0.8027559464644713 371
1614788868924 0.8028713581163234 372
1614788956851 0.8030414907314503 373
1614789045065 0.803108585714139 374
1614789132939 0.8032079517585431 375
1614789221048 0.8033371404322295 376
1614789308938 0.803470614213207 377
1614789396580 0.8035827253119951 378
1614789484475 0.8037113513261221 379
1614789572792 0.8037869452644324 380
1614789660665 0.8039465949434133 381
1614789748619 0.8040538107183464 382
1614789836747 0.8042154256391195 383
1614789924675 0.8043073338825855 384
1614790012611 0.8043827425061174 385
1614790100656 0.8045064949940135 386
1614790188427 0.8045918425154056 387
1614790276451 0.8047530281496 388
1614790364628 0.804906659060685 389
1614790452730 0.8050198785984143 390
1614790540696 0.8051703521637765 391
1614790628606 0.8052870252837578 392
1614790716492 0.8054148488057283 393
1614790804467 0.8055338136763854 394
1614790892398 0.8056647772020943 395
1614790980467 0.8058566050714698 396
1614791069256 0.8060410995467684 397
1614791157726 0.8061518778490111 398
1614791245502 0.8062806078266452 399
1614791333737 0.8063270566358913 400
1614791421837 0.8064437541553584 401
1614791510039 0.8065225631904447 402
1614791597967 0.8066146885537169 403
1614791685872 0.8067218103781544 404
1614791773873 0.8068428275727565 405
1614791861801 0.806952235369961 406
1614791949708 0.8070554744928903 407
1614792037615 0.8071609379189222 408
1614792125479 0.8072037786247344 409
1614792213410 0.8072956454398502 410
1614792301611 0.8073703198586127 411
1614792389565 0.8075019549832124 412
1614792477637 0.807639115138951 413
1614792565531 0.8077646930718733 414
1614792653392 0.8079288443028005 415
1614792741225 0.8080895327189354 416
1614792829069 0.8082112414533642 417
1614792917108 0.808328722543522 418
1614793005071 0.8084624859285856 419
1614793093126 0.8086106710278248 420
1614793181199 0.8086790059692287 421
1614793269370 0.8087776577366653 422
1614793357308 0.8088242224370816 423
1614793445159 0.8088953576882728 424
1614793533459 0.8089588044692282 425
1614793621358 0.8090041089030091 426
1614793709325 0.8091348546295422 427
1614793797384 0.8091806890539347 428
1614793885462 0.8092690687205198 429
1614793973323 0.8093864917508541 430
1614794061405 0.8094837071420754 431
1614794149401 0.809618349589644 432
1614794237356 0.8097597770371096 433
1614794325238 0.8098729575648184 434
1614794413048 0.8099583782836505 435
1614794501281 0.8100342865662431 436
1614794589322 0.8100962947696323 437
1614794677255 0.8101999958571952 438
1614794765329 0.8103324244089478 439
1614794853452 0.8104852242519056 440
1614794941449 0.8106147585399676 441
1614795029532 0.8106687593457289 442
1614795117459 0.8108039178345243 443
1614795205623 0.8109229512093642 444
1614795293618 0.8110578130803269 445
1614795381423 0.8111578639827404 446
1614795469420 0.8112288199288568 447
1614795557586 0.8113216871420202 448
1614795645491 0.8113528476535569 449
1614795733551 0.8114632449747116 450
1614795821439 0.811595642430632 451
1614795909473 0.8117126216586413 452
1614795997537 0.8118558944877042 453
1614796085707 0.8119725099359298 454
1614796173481 0.8120280375657513 455
1614796261371 0.812146571990772 456
1614796349262 0.81219879136083 457
1614796437385 0.8123142144246208 458
1614796525352 0.8124707382503983 459
