1614756054982 0.5285128618527476 0
1614756144256 0.44378701556903005 1
1614756233231 0.5904677115997236 2
1614756321911 0.6076146034097841 3
1614756409936 0.6338736696660028 4
1614756497975 0.6807463480766083 5
1614756586469 0.6596706558092991 6
1614756674826 0.7061534915828025 7
1614756763090 0.6857712200464128 8
1614756851325 0.712718427220049 9
1614756939510 0.6980297206266021 10
1614757027621 0.7356303808136055 11
1614757115689 0.6943991275692589 12
1614757206889 0.6974752740013402 13
1614757295282 0.7486889388929638 14
1614757383231 0.7316846707598902 15
1614757471743 0.713515432073188 16
1614757559841 0.7590079736592394 17
1614757648146 0.7283300119769675 18
1614757736632 0.7861602821747863 19
1614757825740 0.779993696229543 20
1614757914380 0.7124688438024749 21
1614758002430 0.7483815412026841 22
1614758090487 0.7200158733162987 23
1614758178535 0.763173524667038 24
1614758266796 0.7227471327202187 25
1614758354988 0.772582738647341 26
1614758443112 0.7491781806041088 27
1614758531126 0.7339865051502927 28
1614758619261 0.7385289256050381 29
1614758707763 0.7979006471274339 30
1614758796032 0.7318133191320668 31
1614758883962 0.7477804334518424 32
1614758971995 0.7644546630022966 33
1614759060177 0.7391061298949744 34
1614759148310 0.7388405297261973 35
1614759236549 0.7855035874425716 36
1614759324413 0.7561346490898829 37
1614759412292 0.717556978142925 38
1614759500516 0.7752146225008699 39
1614759588791 0.733228875293086 40
1614759676961 0.7369387709755408 41
1614759765406 0.7475924066544234 42
1614759855250 0.7641630657017231 43
1614759944047 0.7897479006710152 44
1614760032655 0.7710684036438384 45
1614760121403 0.7483919454117616 46
1614760209909 0.7769971896651322 47
1614760298883 0.7667169311826818 48
1614760387059 0.7316684476840734 49
1614760475594 0.7829920142955545 50
1614760563740 0.7069737966894434 51
1614760652232 0.7826607429212139 52
1614760740764 0.7689942698283442 53
1614760829033 0.7777769694725672 54
1614760917387 0.7435163116973379 55
1614761005604 0.7777364995780882 56
1614761093760 0.74018446626244 57
1614761182050 0.7695904357157376 58
1614761270185 0.7635168472116582 59
1614761358652 0.7996958921571354 60
1614761446828 0.7368043386534359 61
1614761535108 0.7542576086707413 62
1614761623139 0.7944841980077755 63
1614761711395 0.7867533848197623 64
1614761799616 0.7429941298251741 65
1614761887850 0.7903948970268377 66
1614761975989 0.7359850221623977 67
1614762064418 0.7508290479839831 68
1614762152739 0.7830924382533437 69
1614762241084 0.8089566428628233 70
1614762329130 0.7873459396126506 71
1614762417508 0.777330041074982 72
1614762505795 0.798755287638177 73
1614762594055 0.7658605658631216 74
1614762682228 0.7808914834802801 75
1614762770477 0.7966932469087976 76
1614762858903 0.7601916028448613 77
1614762947001 0.7825498151976396 78
1614763035282 0.774735156116226 79
1614763123498 0.8086278022163444 80
1614763211475 0.7507862730809812 81
1614763299764 0.8167620764838325 82
1614763388180 0.7839726284974151 83
1614763476422 0.8191789126601713 84
1614763564850 0.7825509359507443 85
1614763653103 0.7717519323764876 86
1614763741267 0.762795463245776 87
1614763829536 0.7816655041710676 88
1614763917644 0.7598258478824141 89
1614764006200 0.8128938006804042 90
1614764094200 0.7878016453654378 91
1614764182321 0.7661909136093326 92
1614764270658 0.7760711165431601 93
1614764359001 0.7611341822871959 94
1614764447635 0.7965758366940113 95
1614764535756 0.7609721564091323 96
1614764624122 0.7905598703150948 97
1614764712348 0.7927007961204682 98
1614764800367 0.7697165289934239 99
1614764888832 0.8018435557069403 100
1614764976947 0.746835507294764 101
1614765065113 0.7810324395150918 102
1614765153472 0.7902982075897496 103
1614765241680 0.7974201707312694 104
1614765329953 0.7876756819289016 105
1614765418243 0.7615317723022834 106
1614765506378 0.8083030984092218 107
1614765594427 0.762519287232023 108
1614765682757 0.7465542828444434 109
1614765770906 0.80851618366109 110
1614765858971 0.7852273778778247 111
1614765947181 0.8167917845434406 112
1614766035416 0.7824142950249242 113
1614766123495 0.8078676150327517 114
1614766211380 0.7496105182424395 115
1614766299490 0.7988134878890022 116
1614766387650 0.8107452252272355 117
1614766476919 0.7675894702906194 118
1614766565354 0.8200308261439204 119
1614766654349 0.7940761090359754 120
1614766742950 0.8370359533576555 121
1614766831243 0.7894762197671377 122
1614766920108 0.7783077866938483 123
1614767008344 0.7911250442165233 124
1614767096694 0.8113963432986749 125
1614767184783 0.8108379175157651 126
1614767272819 0.8034377900863087 127
1614767361016 0.8212773379954424 128
1614767449138 0.7837950304874943 129
1614767537465 0.808308582962229 130
1614767625349 0.8158802520702867 131
1614767713326 0.8124159497824768 132
1614767801563 0.8172081499257021 133
1614767889849 0.805851443649994 134
1614767977947 0.7823213675020573 135
1614768065979 0.790336473585954 136
1614768153925 0.7947496851333059 137
1614768242118 0.8103854354511906 138
1614768330411 0.7575475070625544 139
1614768418860 0.8283775160494058 140
1614768506869 0.7949544912712141 141
1614768594880 0.7748198079961267 142
1614768683055 0.8089841404421763 143
1614768771408 0.842042426631022 144
1614768859605 0.8098464097628104 145
1614768947767 0.8236027294068745 146
1614769035702 0.8103580526340838 147
1614769123641 0.8174807846873671 148
1614769211619 0.7992054245538182 149
1614769299815 0.7798830063017034 150
1614769387909 0.8051868417415391 151
1614769475826 0.7890143143115463 152
1614769563926 0.8384983143660911 153
1614769651991 0.8335074091499503 154
1614769740017 0.8265072315103478 155
1614769828300 0.8129540699851382 156
1614769916374 0.8155021586123554 157
1614770004542 0.8018046380957062 158
1614770092478 0.8210359769265937 159
1614770180878 0.8243628222863753 160
1614770269265 0.805087795030776 161
1614770357577 0.8032537639796079 162
1614770445962 0.7914730037045148 163
1614770533887 0.7950737343894111 164
1614770621807 0.7908274839433391 165
1614770710012 0.8440438132364672 166
1614770798446 0.7930525226907416 167
1614770886360 0.8174212699563339 168
1614770974800 0.8142553845236262 169
1614771063000 0.8173387521958869 170
1614771151213 0.807311016590231 171
1614771239135 0.8072382645325714 172
1614771327248 0.801116026731001 173
1614771415405 0.8124270445557051 174
1614771503315 0.806391291919796 175
1614771591245 0.8001544448976101 176
1614771679886 0.797435533315424 177
1614771768114 0.8181734656708108 178
1614771856097 0.7847007829060947 179
1614771944160 0.7589564473588265 180
1614772032193 0.7997966457303847 181
1614772120374 0.8067998833996192 182
1614772208511 0.8322608050372865 183
1614772296148 0.8055770607117344 184
1614772384242 0.8138025143945758 185
1614772472344 0.8276018567718146 186
1614772560684 0.8249046682098577 187
1614772649067 0.8285338132358764 188
1614772736986 0.8198862163157299 189
1614772825333 0.8354566701404427 190
1614772913536 0.7815626063487596 191
1614773001810 0.8018527551638809 192
1614773089845 0.7908140290894786 193
1614773178497 0.8371881371016031 194
1614773267464 0.8050631107167995 195
1614773355616 0.7949991359986285 196
1614773443785 0.7919674412559099 197
1614773532079 0.8237168520361513 198
1614773620068 0.8225333897963815 199
1614773708218 0.813949051197995 200
1614773796484 0.8039605303329753 201
1614773884620 0.8276821783000834 202
1614773972659 0.8252004572105679 203
1614774060752 0.8238983957045194 204
1614774149167 0.8449115657612033 205
1614774237511 0.8352031682307521 206
1614774325895 0.8359872265111493 207
1614774413912 0.8240891601890326 208
1614774501921 0.7925940170884133 209
1614774589892 0.8060533919581964 210
1614774677693 0.8425396776961527 211
1614774765613 0.8184471461042929 212
1614774853640 0.8268541643458805 213
1614774941743 0.7989683835606637 214
1614775030173 0.8192357249189537 215
1614775118257 0.8323592914475335 216
1614775206308 0.7906267259107984 217
1614775294571 0.8287663944893413 218
1614775382473 0.8265427698691686 219
1614775470486 0.8031588307257449 220
1614775558595 0.8358651203206844 221
1614775646741 0.8077918172854445 222
1614775734655 0.8247194704446164 223
1614775822525 0.8341362622085509 224
1614775910687 0.8421750273555517 225
1614775998978 0.8226138047914031 226
1614776086962 0.822756855810682 227
1614776175084 0.8249589418071311 228
1614776263280 0.8416016179729592 229
1614776351437 0.8242831273625294 230
1614776439501 0.8475994949566794 231
1614776527499 0.7996770756078824 232
1614776615474 0.8553506214540083 233
1614776703394 0.8098288350559485 234
1614776791216 0.8342751548522048 235
1614776879243 0.8400390586505334 236
1614776967208 0.848447147756815 237
1614777055467 0.829457143422864 238
1614777143494 0.8458013267213986 239
1614777232034 0.805508139067226 240
1614777320112 0.8491364096322757 241
1614777408180 0.8110632104899294 242
1614777496244 0.8304808517409996 243
1614777584472 0.8463442776184739 244
1614777672764 0.8461073112156656 245
1614777760620 0.8185074246178071 246
1614777848953 0.8489167576448785 247
1614777937223 0.8452355098393228 248
1614778026233 0.8320473618805408 249
1614778114907 0.8130008487651745 250
1614778203172 0.8335499515136083 251
1614778291446 0.8032027086713812 252
1614778379392 0.8136877655362089 253
1614778467680 0.8220326786582497 254
1614778556087 0.8302843664606688 255
1614778644249 0.8239061971729494 256
1614778732476 0.8131402301723543 257
1614778820476 0.8033925060714994 258
1614778908467 0.826391025540534 259
1614778996483 0.8432175195352598 260
1614779084627 0.8279389656027374 261
1614779172750 0.8573344866542713 262
1614779260873 0.8469891279775609 263
1614779348970 0.8391601115548879 264
1614779437060 0.8287209469741315 265
1614779524968 0.8414811117743904 266
1614779612992 0.8107449928806587 267
1614779701158 0.8165246852244554 268
1614779789250 0.8204677764569288 269
1614779877719 0.8132857971706953 270
1614779965715 0.7974663150463519 271
1614780054028 0.8326390623063832 272
1614780141963 0.8485709852642483 273
1614780230133 0.8458893207212289 274
1614780318218 0.8272758040415205 275
1614780406597 0.8282174027484396 276
1614780494757 0.8307080449743404 277
1614780582708 0.8205521792935376 278
1614780671315 0.8433134004473686 279
1614780759781 0.8121139699040534 280
1614780847738 0.8548701266447704 281
1614780935797 0.8353360430081631 282
1614781024050 0.8306133883973855 283
1614781112540 0.8447447538250283 284
1614781200928 0.8570025239301764 285
1614781289066 0.8380131387448573 286
1614781377311 0.8665200887938563 287
1614781465443 0.8275078500724501 288
1614781553529 0.8075178300496191 289
1614781641968 0.8429976727100129 290
1614781729939 0.8014897018549388 291
1614781817979 0.8307446944729789 292
1614781906086 0.8069199970565163 293
1614781994188 0.8475422361394861 294
1614782082399 0.8448157698083459 295
1614782170589 0.8581934680094879 296
1614782258616 0.8185533934764648 297
1614782346696 0.8305763144693945 298
1614782434820 0.8632533016164651 299
1614782522939 0.8203013403539996 300
1614782611039 0.8255734912844168 301
1614782698999 0.8559696940349394 302
1614782787043 0.8279751307616773 303
1614782875171 0.8535870223582446 304
1614782963242 0.8284770275296812 305
1614783051350 0.8334575126116927 306
1614783139401 0.8452437631376497 307
1614783227649 0.828474887687227 308
1614783315834 0.8267800465979603 309
1614783403957 0.8260407211112507 310
1614783491991 0.819820404022813 311
1614783580083 0.800464588520902 312
1614783668392 0.8360553249716759 313
1614783756495 0.8572680227119814 314
1614783844521 0.8312102664675978 315
1614783932494 0.8328816761987077 316
1614784020770 0.8246671681535309 317
1614784108928 0.8355807367754117 318
1614784197007 0.8613541983486561 319
1614784285049 0.8372489378229807 320
1614784373462 0.8722228687870633 321
1614784461806 0.8180436074545376 322
1614784550124 0.8703093894935668 323
1614784638565 0.8299620255180027 324
1614784726601 0.8580812244779534 325
1614784814616 0.8303513770647855 326
1614784902584 0.8327751695858628 327
1614784990426 0.8481963432805483 328
1614785078904 0.8470903196268611 329
1614785167248 0.8379127920501762 330
1614785255197 0.8507635363888356 331
1614785343309 0.8478840830425421 332
1614785431274 0.8225382786202297 333
1614785519343 0.823275143550081 334
1614785607266 0.8467042393736787 335
1614785695488 0.8463621854904916 336
1614785783445 0.8458228288018095 337
1614785871471 0.8742942688285663 338
1614785959380 0.8307262478027861 339
1614786047362 0.8627480329861018 340
1614786135333 0.8490243491757176 341
1614786223370 0.829654891975224 342
1614786311463 0.8302819044168653 343
1614786399607 0.8622376105707624 344
1614786487670 0.813888665974567 345
1614786575802 0.8456590864388795 346
1614786663660 0.8520839205858383 347
1614786751706 0.8430832658376959 348
1614786839627 0.8624249108549621 349
1614786927750 0.8608322214455374 350
1614787015848 0.8217824316982713 351
1614787103744 0.851315771321674 352
1614787192044 0.8583096040619744 353
1614787280173 0.8318398512939933 354
1614787368411 0.8248316540822878 355
1614787456347 0.8385510735339328 356
1614787544287 0.8728066943585873 357
1614787632192 0.845560957012432 358
1614787720043 0.8626109825616534 359
1614787808082 0.8519838984318815 360
1614787898703 0.8569131680660778 361
1614787987725 0.8553457068072425 362
1614788076070 0.8365438633962817 363
1614788164154 0.8278993030038216 364
1614788252128 0.836955478000972 365
1614788340068 0.87148147681728 366
1614788428245 0.8191710334685114 367
1614788516183 0.809989511149211 368
1614788604021 0.8326846883547577 369
1614788692723 0.8598931788102441 370
1614788780780 0.8423482607442724 371
1614788868920 0.8458044926052565 372
1614788956846 0.8665009561737769 373
1614789045060 0.8282021092397444 374
1614789132935 0.8404702184100946 375
1614789221043 0.851912081738313 376
1614789308934 0.8537902296417289 377
1614789396576 0.8459607206538997 378
1614789484471 0.8524606106802821 379
1614789572788 0.8325126418222983 380
1614789660660 0.8647731226351526 381
1614789748614 0.8450102367427912 382
1614789836742 0.8661139402952459 383
1614789924671 0.839600099373486 384
1614790012607 0.8334150625658887 385
1614790100651 0.8522749553219631 386
1614790188423 0.8376213332941366 387
1614790276447 0.8672930542170332 388
1614790364623 0.8646690834727552 389
1614790452725 0.8491754983128472 390
1614790540692 0.8640055162204283 391
1614790628601 0.8510228883164624 392
1614790716487 0.8556494929401329 393
1614790804462 0.8524059727152978 394
1614790892394 0.857395369857105 395
1614790980463 0.8818204413442051 396
1614791069252 0.8792854062403026 397
1614791157721 0.8502416421416337 398
1614791245498 0.8576438689026339 399
1614791333733 0.824906580334345 400
1614791421832 0.853239459461636 401
1614791510034 0.8382037952951678 402
1614791597963 0.8437412099523859 403
1614791685867 0.8499990274508794 404
1614791773868 0.8558547913866199 405
1614791861797 0.8513718010349707 406
1614791949704 0.8490737975251091 407
1614792037611 0.8501900157399391 408
1614792125475 0.8247256273019087 409
1614792213406 0.8449610396373001 410
1614792301606 0.8380615059700277 411
1614792389561 0.8617356263182976 412
1614792477632 0.8642862594590105 413
1614792565527 0.8597539573017022 414
1614792653388 0.8760516051376281 415
1614792741220 0.8749359138309956 416
1614792829064 0.8589637837102336 417
1614792917104 0.8574358182294028 418
1614793005066 0.8645093442702835 419
1614793093122 0.8708484127082758 420
1614793181195 0.8374480163003062 421
1614793269365 0.8504087035949139 422
1614793357304 0.8285210907131761 423
1614793445154 0.8390567041933537 424
1614793533455 0.8359236863752206 425
1614793621353 0.8283037976937347 426
1614793709321 0.8649632798591524 427
1614793797380 0.8287978226939837 428
1614793885458 0.8471839456855623 429
1614793973319 0.859878394794598 430
1614794061401 0.8513835407584236 431
1614794149397 0.8677838869392872 432
1614794237352 0.8709978617897088 433
1614794325233 0.8589933065904511 434
1614794413044 0.8471163909756736 435
1614794501277 0.8431302977766356 436
1614794589318 0.8371938796506988 437
1614794677251 0.8556210722096942 438
1614794765325 0.868468558628355 439
1614794853448 0.8777171551533367 440
1614794941445 0.8677393795753067 441
1614795029528 0.8345371154921778 442
1614795117455 0.870679128370928 443
1614795205619 0.8637737696382708 444
1614795293613 0.8710713456587299 445
1614795381418 0.8557805664591737 446
1614795469416 0.8429461278428789 447
1614795557582 0.8529261986393182 448
1614795645486 0.825343917333521 449
1614795733546 0.8611420394943303 450
1614795821434 0.8713068950507376 451
1614795909469 0.8645872327188651 452
1614795997533 0.8767584860531821 453
1614796085703 0.8649159234303695 454
1614796173476 0.8372931091345093 455
1614796261367 0.8661982698002081 456
1614796349259 0.836063043477254 457
1614796437380 0.8651779776408368 458
1614796525347 0.8843151742822668 459
