1614756054979 0.4721155908513576 0
1614756144254 0.511590054139812 1
1614756233229 0.4001878595098536 2
1614756321909 0.405321441907832 3
1614756409933 0.3890541138008554 4
1614756497973 0.32849202534936844 5
1614756586467 0.3594881441998989 6
1614756674824 0.3309760149172012 7
1614756763088 0.3457125350832939 8
1614756851323 0.31861414815834227 9
1614756939508 0.32914580729730586 10
1614757027619 0.3054637720293187 11
1614757115657 0.3315763314987751 12
1614757206887 0.3338656446084063 13
1614757295281 0.2905927490680776 14
1614757383229 0.2996714788072921 15
1614757471740 0.32426754416937525 16
1614757559838 0.2776950176091904 17
1614757648144 0.3050036083193535 18
1614757736630 0.2637817602842412 19
1614757825738 0.2605082239717879 20
1614757914378 0.32198939298061613 21
1614758002428 0.29235858311678503 22
1614758090485 0.3133176729241584 23
1614758178534 0.27576399008010294 24
1614758266793 0.31507181035394366 25
1614758354986 0.26781972608667737 26
1614758443110 0.2788400375779639 27
1614758531124 0.30170920530849316 28
1614758619258 0.30691091589471126 29
1614758707761 0.2518174432693644 30
1614758796030 0.30592746446107294 31
1614758883959 0.286959273304711 32
1614758971993 0.2829365126313047 33
1614759060175 0.30658782336940155 34
1614759148308 0.30177335496595564 35
1614759236547 0.26558926004044553 36
1614759324411 0.2830830070566624 37
1614759412290 0.31904113792041516 38
1614759500514 0.2679188316489788 39
1614759588789 0.30674397224124444 40
1614759676959 0.2987059325455351 41
1614759765404 0.295368473263497 42
1614759855248 0.27972383488048896 43
1614759944041 0.257182989586541 44
1614760032652 0.26923587949986155 45
1614760121401 0.2932134671731198 46
1614760209906 0.2717848525560917 47
1614760298878 0.2738334634836684 48
1614760387057 0.2999325433468565 49
1614760475592 0.2640587608230875 50
1614760563738 0.3280362681822574 51
1614760652230 0.2692527008500505 52
1614760740763 0.2685225753391043 53
1614760829030 0.26639367750984555 54
1614760917385 0.3017639050933909 55
1614761005601 0.26938969602293156 56
1614761093757 0.30290456147904093 57
1614761182047 0.2721853903792006 58
1614761270183 0.279650793906222 59
1614761358650 0.250399085197677 60
1614761446826 0.2979573697802868 61
1614761535106 0.2872369863251422 62
1614761623136 0.24838988554287464 63
1614761711392 0.2553747170307535 64
1614761799614 0.2974924804999473 65
1614761887847 0.25925095815290794 66
1614761975987 0.3035688470811286 67
1614762064415 0.2948512199552769 68
1614762152737 0.27038278414848005 69
1614762241081 0.23873591082210235 70
1614762329127 0.26414937153458595 71
1614762417507 0.27253954136308206 72
1614762505793 0.2539815745772199 73
1614762594053 0.274613693197991 74
1614762682226 0.26181201351449845 75
1614762770475 0.2579515924320576 76
1614762858901 0.283226757369777 77
1614762946998 0.25202249069797233 78
1614763035280 0.2759138887867014 79
1614763123496 0.24380103363952738 80
1614763211472 0.28985161381833097 81
1614763299761 0.2318369649509166 82
1614763388178 0.2642509716939419 83
1614763476420 0.22872651186078152 84
1614763564848 0.2633170485496521 85
1614763653101 0.27392578545085927 86
1614763741265 0.28328490059109446 87
1614763829535 0.2684609849560768 88
1614763917641 0.2884350545070273 89
1614764006197 0.2392784281772502 90
1614764094198 0.25653530601808366 91
1614764182319 0.28078382438484656 92
1614764270656 0.2731619279118294 93
1614764358999 0.28694800755127947 94
1614764447633 0.25455211657792964 95
1614764535754 0.28435751684802646 96
1614764624119 0.25754063616090633 97
1614764712346 0.25363511330586797 98
1614764800364 0.2788538915362764 99
1614764888829 0.247497391986086 100
1614764976944 0.30248324628523054 101
1614765065111 0.26668959182310614 102
1614765153469 0.2553961468820876 103
1614765241678 0.25376148165223444 104
1614765329951 0.2637150889222926 105
1614765418241 0.2916420978751588 106
1614765506376 0.24670511341475426 107
1614765594425 0.2857506067511883 108
1614765682755 0.29555040875330885 109
1614765770903 0.24027072368784153 110
1614765858969 0.2624087300389371 111
1614765947179 0.23693433919168533 112
1614766035414 0.2679329076187408 113
1614766123492 0.24426900508238913 114
1614766211378 0.29552843952749636 115
1614766299488 0.2557188427036113 116
1614766387648 0.2450279654499064 117
1614766476917 0.2847179137170315 118
1614766565352 0.2286170923963506 119
1614766654347 0.2572926068084037 120
1614766742947 0.22185905681962662 121
1614766831241 0.2618719353637797 122
1614766920105 0.26876970713442944 123
1614767008341 0.26373826173391746 124
1614767096691 0.23761344518750271 125
1614767184780 0.24310636504533442 126
1614767272817 0.24930506159967564 127
1614767361014 0.23230745017211488 128
1614767449136 0.26621961125985105 129
1614767537462 0.2419779106499033 130
1614767625347 0.22894295305013657 131
1614767713324 0.2438665602276934 132
1614767801560 0.23541324910648326 133
1614767889846 0.24724516779818434 134
1614767977945 0.2671549921023085 135
1614768065977 0.25615272869138006 136
1614768153922 0.25785926452025454 137
1614768242115 0.2420673669177167 138
1614768330408 0.28416616073314177 139
1614768418857 0.22697032512502469 140
1614768506866 0.252200131562162 141
1614768594877 0.27078594909386433 142
1614768683052 0.23688046214111308 143
1614768771406 0.21223207666201793 144
1614768859602 0.24624541282970855 145
1614768947764 0.22615225105843645 146
1614769035699 0.23887123127884052 147
1614769123638 0.23632264367126404 148
1614769211616 0.25242249913355136 149
1614769299813 0.2726935157750515 150
1614769387907 0.24348588200642707 151
1614769475823 0.26352795316500865 152
1614769563924 0.21175058828072346 153
1614769651988 0.21927391238352087 154
1614769740015 0.22621715187709382 155
1614769828297 0.24070172598387332 156
1614769916372 0.23218719978281793 157
1614770004539 0.2523404422434086 158
1614770092475 0.23514149147779384 159
1614770180876 0.23084849380749337 160
1614770269263 0.2499588687527687 161
1614770357574 0.24914048057287297 162
1614770445960 0.2590679145873861 163
1614770533885 0.25545082629678095 164
1614770621805 0.2595628381885113 165
1614770710010 0.21435951703089348 166
1614770798443 0.26137249766195075 167
1614770886358 0.23185998684865364 168
1614770974797 0.24194595772535243 169
1614771062998 0.24179606409148968 170
1614771151211 0.244948721312462 171
1614771239132 0.24223018794300707 172
1614771327246 0.2511038861851743 173
1614771415402 0.24576736233652907 174
1614771503312 0.24089517063917 175
1614771591242 0.25047486972935656 176
1614771679884 0.2586204019632745 177
1614771768112 0.232418150423055 178
1614771856095 0.25975144852666143 179
1614771944158 0.28522078296605574 180
1614772032191 0.25214744929937605 181
1614772120371 0.24615279767424503 182
1614772208509 0.22158694608097382 183
1614772296145 0.24100899712202398 184
1614772384240 0.23485703679158332 185
1614772472341 0.22663302735445348 186
1614772560682 0.2236607647005548 187
1614772649065 0.23055721914514582 188
1614772736984 0.22885384569142728 189
1614772825330 0.22172843466730827 190
1614772913534 0.26806255477540036 191
1614773001808 0.24633731423540317 192
1614773089842 0.25820341991617324 193
1614773178495 0.22011578217782873 194
1614773267462 0.25239451411873737 195
1614773355613 0.2597907141960682 196
1614773443783 0.2575195105944542 197
1614773532077 0.23045692577006968 198
1614773620065 0.23292980160801968 199
1614773708215 0.237375565586572 200
1614773796482 0.2501892810489269 201
1614773884617 0.22554562256691305 202
1614773972656 0.22684567659459215 203
1614774060750 0.23172389921989847 204
1614774149164 0.21565849968093506 205
1614774237509 0.22241221740841866 206
1614774325892 0.22364122198617203 207
1614774413910 0.22762703974830342 208
1614774501919 0.2592874695646002 209
1614774589889 0.2541785275841013 210
1614774677690 0.2133865700440204 211
1614774765610 0.23423356285437624 212
1614774853638 0.22644235843673666 213
1614774941741 0.24517687679605282 214
1614775030171 0.2385183774093364 215
1614775118255 0.22379685946284456 216
1614775206305 0.2653432795183456 217
1614775294567 0.22794620019007236 218
1614775382470 0.22362318801436018 219
1614775470483 0.24969900771975517 220
1614775558592 0.22116218523142187 221
1614775646739 0.24960150696495745 222
1614775734652 0.23025162581433642 223
1614775822522 0.22266704763503783 224
1614775910684 0.21037631553221256 225
1614775998976 0.2373532213746233 226
1614776086960 0.23330794488813014 227
1614776175081 0.23247308077964376 228
1614776263277 0.21363712934420465 229
1614776351434 0.23269169730074862 230
1614776439498 0.21173119330976872 231
1614776527497 0.2578757914932484 232
1614776615471 0.20303382391625263 233
1614776703391 0.24618337771042864 234
1614776791213 0.22373292270175954 235
1614776879241 0.21830908898660478 236
1614776967205 0.20800988621851232 237
1614777055464 0.2315396527026562 238
1614777143491 0.20967374290240573 239
1614777232031 0.24845084278507434 240
1614777320109 0.2066822312772274 241
1614777408178 0.248147096564161 242
1614777496242 0.22410579326939076 243
1614777584469 0.21020078904768255 244
1614777672762 0.2114596226589477 245
1614777760618 0.23144517260346006 246
1614777848950 0.21002977206668955 247
1614777937220 0.21351082900420149 248
1614778026230 0.22134418872759698 249
1614778114904 0.2421774484534213 250
1614778203169 0.2218670461406099 251
1614778291444 0.25268795008355 252
1614778379389 0.239866408261847 253
1614778467678 0.22847521416050323 254
1614778556084 0.22325951693222879 255
1614778644246 0.22929612024033325 256
1614778732473 0.24337672862283727 257
1614778820474 0.2515548015845583 258
1614778908465 0.2274736946726099 259
1614778996480 0.21008977206780555 260
1614779084624 0.232403196632228 261
1614779172747 0.20426538063490646 262
1614779260871 0.21471651381951698 263
1614779348968 0.21471558305177282 264
1614779437057 0.2291780267148576 265
1614779524965 0.21368731193720025 266
1614779612989 0.24018256810117275 267
1614779701155 0.2347771553917134 268
1614779789247 0.23794563748735062 269
1614779877716 0.2373205247394582 270
1614779965712 0.25907625028110565 271
1614780054026 0.22645968198776245 272
1614780141961 0.20939546807649287 273
1614780230130 0.21226771667282632 274
1614780318215 0.23262101641677796 275
1614780406595 0.23088750964466562 276
1614780494754 0.2252043901764332 277
1614780582705 0.23183389063528242 278
1614780671312 0.21525141279748145 279
1614780759777 0.24612762382689943 280
1614780847736 0.20524321662935804 281
1614780935794 0.22469722606400225 282
1614781024047 0.22229758396427682 283
1614781112537 0.21280681096175882 284
1614781200925 0.20522225481715609 285
1614781289063 0.2209970885293281 286
1614781377308 0.1932320330054202 287
1614781465440 0.2314404291199877 288
1614781553526 0.24228172107262813 289
1614781641966 0.2199021134763322 290
1614781729935 0.25080581477030794 291
1614781817977 0.23019333794078928 292
1614781906083 0.24693187556051194 293
1614781994185 0.21116314289417673 294
1614782082396 0.21181612184390108 295
1614782170586 0.2008177454167224 296
1614782258613 0.23764174629716164 297
1614782346693 0.2281195729019794 298
1614782434817 0.19673591828409662 299
1614782522937 0.23544702607583493 300
1614782611036 0.229935607218996 301
1614782698996 0.2019716703352776 302
1614782787040 0.22610826600105205 303
1614782875169 0.20902330317395798 304
1614782963239 0.22421986435322053 305
1614783051347 0.22044496896102073 306
1614783139399 0.21489869058132172 307
1614783227646 0.23193252990220456 308
1614783315831 0.22824924383708772 309
1614783403954 0.23037743512937364 310
1614783491989 0.23239523996698094 311
1614783580080 0.24670270695648294 312
1614783668389 0.22037602675722 313
1614783756492 0.19970420977853715 314
1614783844519 0.22597354174928463 315
1614783932492 0.2245092214422023 316
1614784020767 0.23375922568300936 317
1614784108925 0.22171284829048402 318
1614784197004 0.19853556076896953 319
1614784285047 0.22437307801335415 320
1614784373459 0.19031357321333378 321
1614784461804 0.23539627105631727 322
1614784550122 0.1967300074373154 323
1614784638562 0.23088493404236246 324
1614784726598 0.20291798545959147 325
1614784814613 0.22462170999100867 326
1614784902582 0.2232682766749504 327
1614784990422 0.20658808185699137 328
1614785078902 0.2130782774629745 329
1614785167246 0.22348186135926146 330
1614785255195 0.21394870660089432 331
1614785343305 0.2117065595502549 332
1614785431271 0.2325030707932533 333
1614785519340 0.2320771962404251 334
1614785607263 0.21370860950109807 335
1614785695486 0.21409611784397287 336
1614785783442 0.21781787640870887 337
1614785871469 0.18886696246076137 338
1614785959377 0.22829424898992193 339
1614786047360 0.19523150315310092 340
1614786135331 0.21352583114454088 341
1614786223368 0.23603172457598626 342
1614786311460 0.22512660032891213 343
1614786399604 0.2017515648869758 344
1614786487668 0.24238850255595876 345
1614786575800 0.21043836214440934 346
1614786663657 0.2072555238103613 347
1614786751703 0.2159882664997527 348
1614786839625 0.19896959037856854 349
1614786927748 0.20509651382552815 350
1614787015846 0.23734699554265815 351
1614787103740 0.20947546662485345 352
1614787192041 0.20212685752739298 353
1614787280171 0.23122108616727463 354
1614787368409 0.23473710630168307 355
1614787456343 0.2175806133829533 356
1614787544284 0.1907902906074169 357
1614787632189 0.2168702132048759 358
1614787720040 0.19516775376619178 359
1614787808079 0.2107335498675387 360
1614787898691 0.2047569993487064 361
1614787987722 0.2053706923380811 362
1614788076068 0.2242941145408661 363
1614788164151 0.23311238101822265 364
1614788252125 0.21983604759294936 365
1614788340065 0.18766938007258355 366
1614788428243 0.23644884073353828 367
1614788516180 0.24602734226178616 368
1614788604019 0.2235520953669193 369
1614788692721 0.2034459190165743 370
1614788780777 0.21875509199626902 371
1614788868918 0.21687041215123015 372
1614788956844 0.19613028539622085 373
1614789045057 0.228327463678223 374
1614789132932 0.21160034978009284 375
1614789221041 0.2100603846793479 376
1614789308931 0.20767929183041794 377
1614789396573 0.21442215961027652 378
1614789484468 0.20865126722987662 379
1614789572785 0.22454843368936092 380
1614789660657 0.19730455032054414 381
1614789748612 0.21332831538103997 382
1614789836740 0.1961837261122592 383
1614789924668 0.22101655657938185 384
1614790012604 0.22819203217612935 385
1614790100649 0.20817402425281545 386
1614790188420 0.2186063638234392 387
1614790276445 0.19566284508464185 388
1614790364621 0.1982571360595683 389
1614790452723 0.20843706652522087 390
1614790540689 0.19809048408840566 391
1614790628598 0.20769884817777795 392
1614790716485 0.20478733161345442 393
1614790804459 0.20685997660806837 394
1614790892392 0.20302023374019784 395
1614790980461 0.17769061766089278 396
1614791069249 0.18631678462979642 397
1614791157718 0.21454878183121376 398
1614791245495 0.20072633574934715 399
1614791333730 0.23543285324852517 400
1614791421829 0.20603753325152904 401
1614791510032 0.2232543851466889 402
1614791597960 0.21710718851140204 403
1614791685864 0.2116076612567648 404
1614791773865 0.2067392830677489 405
1614791861794 0.2066977874554218 406
1614791949701 0.2142469972530578 407
1614792037608 0.20858896927947693 408
1614792125472 0.23682360271824168 409
1614792213403 0.21193754990050134 410
1614792301604 0.2210161214337704 411
1614792389558 0.20190539607342253 412
1614792477629 0.19583597977427727 413
1614792565525 0.203929926883033 414
1614792653385 0.18320639066873712 415
1614792741217 0.1868261511814087 416
1614792829062 0.20552591591122302 417
1614792917101 0.205051378208272 418
1614793005064 0.19636799292044438 419
1614793093118 0.19221699229897338 420
1614793181191 0.2230292264609895 421
1614793269363 0.21403180284703033 422
1614793357301 0.2302439090736369 423
1614793445152 0.21944873455039998 424
1614793533452 0.22518896287743081 425
1614793621351 0.22980468212924104 426
1614793709318 0.19715351698563455 427
1614793797377 0.23254149153511575 428
1614793885455 0.21264953641815387 429
1614793973316 0.20091590578568744 430
1614794061398 0.20734961552822845 431
1614794149394 0.1950013634372265 432
1614794237349 0.1913431870969052 433
1614794325231 0.20430005317989816 434
1614794413041 0.21296977513331047 435
1614794501274 0.22142595036866816 436
1614794589315 0.22552119338131965 437
1614794677248 0.20331069835005922 438
1614794765322 0.19729870399262042 439
1614794853444 0.18963247418720672 440
1614794941442 0.19327003556363126 441
1614795029526 0.22418214436224165 442
1614795117452 0.1937253274657625 443
1614795205617 0.19987326408637332 444
1614795293610 0.19428258016705513 445
1614795381416 0.20940619667476795 446
1614795469414 0.21781183707904309 447
1614795557579 0.2062356529083658 448
1614795645483 0.23257606619216026 449
1614795733544 0.19968800975921305 450
1614795821432 0.1926022932884541 451
1614795909466 0.1973428854599912 452
1614795997530 0.18863314310921 453
1614796085701 0.20012876026807946 454
1614796173474 0.21966672775910256 455
1614796261364 0.19119912140229914 456
1614796349256 0.2283057507048262 457
1614796437377 0.1983331151782198 458
1614796525345 0.18085556865689603 459
