1617020318794 0.5372553818606514 0
1617020318796 0.5372553818606514 0
1617020447904 0.4906882146550491 1
1617020447911 0.4906882146550491 1
1617020575335 0.5303346037427921 2
1617020575343 0.5303346037427921 2
1617020701867 0.5755609903751471 3
1617020701876 0.5755609903751471 3
1617020828811 0.6032746269751558 4
1617020828818 0.6032746269751558 4
1617020956042 0.6273572407338804 5
1617020956048 0.6273572407338804 5
1617021082313 0.6479696595712598 6
1617021082321 0.6479696595712598 6
1617021208585 0.6665122615564503 7
1617021208588 0.6665122615564503 7
1617021334830 0.6835054212581997 8
1617021334833 0.6835054212581997 8
1617021461182 0.6973882847925043 9
1617021461184 0.6973882847925043 9
1617021587603 0.7091804557452671 10
1617021587605 0.7091804557452671 10
1617021713958 0.7205850734140729 11
1617021713960 0.7205850734140729 11
1617021840277 0.7285025399059184 12
1617021840279 0.7285025399059184 12
1617021967510 0.735000112295235 13
1617021967512 0.735000112295235 13
1617022093989 0.7412806610189584 14
1617022093994 0.7412806610189584 14
1617022220004 0.7476236519054356 15
1617022220013 0.7476236519054356 15
1617022346177 0.753537472971795 16
1617022346185 0.753537472971795 16
1617022472195 0.7588017065802245 17
1617022472197 0.7588017065802245 17
1617022598356 0.7640054770491779 18
1617022598358 0.7640054770491779 18
1617022724921 0.7692229773890737 19
1617022724923 0.7692229773890737 19
1617022851266 0.7735373508507738 20
1617022851268 0.7735373508507738 20
1617022977579 0.7778217727950584 21
1617022977582 0.7778217727950584 21
1617023104075 0.7816894458579162 22
1617023104077 0.7816894458579162 22
1617023230239 0.7843349162880426 23
1617023230242 0.7843349162880426 23
1617023356271 0.7872268601873037 24
1617023356273 0.7872268601873037 24
1617023482750 0.7902001629961458 25
1617023482753 0.7902001629961458 25
1617023609421 0.7931799056894921 26
1617023609423 0.7931799056894921 26
1617023735878 0.7961632351457453 27
1617023735880 0.7961632351457453 27
1617023862082 0.7988381615307532 28
1617023862085 0.7988381615307532 28
1617023988334 0.8010768694130636 29
1617023988337 0.8010768694130636 29
1617024114374 0.8030390921513443 30
1617024114376 0.8030390921513443 30
1617024240425 0.805437457480366 31
1617024240427 0.805437457480366 31
1617024366527 0.8076510031875039 32
1617024366529 0.8076510031875039 32
1617024492690 0.8097613144956121 33
1617024492692 0.8097613144956121 33
1617024619721 0.8114451417219287 34
1617024619723 0.8114451417219287 34
1617024745741 0.8133804365975964 35
1617024745743 0.8133804365975964 35
1617024871685 0.8143635431970733 36
1617024871687 0.8143635431970733 36
1617024998894 0.8152244124700191 37
1617024998896 0.8152244124700191 37
1617025124927 0.8163032737768314 38
1617025124929 0.8163032737768314 38
1617025250888 0.8178510299854989 39
1617025250891 0.8178510299854989 39
1617025376984 0.8193545941782442 40
1617025376986 0.8193545941782442 40
1617025503268 0.8209091583833891 41
1617025503270 0.8209091583833891 41
1617025629508 0.8224373523567047 42
1617025629510 0.8224373523567047 42
1617025755571 0.823884519515193 43
1617025755574 0.823884519515193 43
1617025881768 0.8251763631451827 44
1617025881770 0.8251763631451827 44
1617026011547 0.8263444293887368 45
1617026011550 0.8263444293887368 45
1617026140226 0.8273707710193806 46
1617026140229 0.8273707710193806 46
1617026267228 0.828604280595342 47
1617026267230 0.828604280595342 47
1617026393449 0.8298039204121082 48
1617026393451 0.8298039204121082 48
1617026519426 0.8304009412992694 49
1617026519429 0.8304009412992694 49
1617026645775 0.8311569437707429 50
1617026645777 0.8311569437707429 50
1617026771991 0.8319584123012462 51
1617026771993 0.8319584123012462 51
1617026898365 0.832928300778994 52
1617026898367 0.832928300778994 52
1617027024339 0.8334860517003749 53
1617027024341 0.8334860517003749 53
1617027150280 0.8343968870218013 54
1617027150282 0.8343968870218013 54
1617027276312 0.8353504386724433 55
1617027276315 0.8353504386724433 55
1617027402543 0.8360660655281077 56
1617027402546 0.8360660655281077 56
1617027528468 0.836898446024541 57
1617027528470 0.836898446024541 57
1617027654641 0.8377861019630606 58
1617027654643 0.8377861019630606 58
1617027780726 0.8386348818173486 59
1617027780728 0.8386348818173486 59
1617027907056 0.8394922837370368 60
1617027907059 0.8394922837370368 60
1617028033102 0.8402704835776329 61
1617028033105 0.8402704835776329 61
1617028159038 0.8411343749369401 62
1617028159040 0.8411343749369401 62
1617028284977 0.8420055346488804 63
1617028284980 0.8420055346488804 63
1617028411470 0.8428008546905461 64
1617028411473 0.8428008546905461 64
1617028537781 0.8435948999188768 65
1617028537784 0.8435948999188768 65
1617028663871 0.8443755720530844 66
1617028663873 0.8443755720530844 66
1617028789923 0.8450503603024583 67
1617028789925 0.8450503603024583 67
1617028915955 0.8456447618477577 68
1617028915958 0.8456447618477577 68
1617029042015 0.8462703451335023 69
1617029042017 0.8462703451335023 69
1617029168601 0.8468850180631426 70
1617029168603 0.8468850180631426 70
1617029294605 0.8476053723334148 71
1617029294607 0.8476053723334148 71
1617029420566 0.8482651503585329 72
1617029420568 0.8482651503585329 72
1617029546696 0.8489321374077565 73
1617029546698 0.8489321374077565 73
1617029672935 0.849602308990021 74
1617029672937 0.849602308990021 74
1617029799164 0.8502735123446822 75
1617029799166 0.8502735123446822 75
1617029925083 0.8509179295021078 76
1617029925085 0.8509179295021078 76
1617030050999 0.8515538348011749 77
1617030051001 0.8515538348011749 77
1617030177047 0.8520697439279263 78
1617030177050 0.8520697439279263 78
1617030302954 0.8522713247945928 79
1617030302957 0.8522713247945928 79
1617030429399 0.8528067017338322 80
1617030429401 0.8528067017338322 80
1617030555652 0.8527591809613692 81
1617030555654 0.8527591809613692 81
1617030681450 0.8530794109442209 82
1617030681453 0.8530794109442209 82
1617030807599 0.85353334444679 83
1617030807601 0.85353334444679 83
1617030933630 0.8540516852107901 84
1617030933633 0.8540516852107901 84
1617031059959 0.8543072861221347 85
1617031059962 0.8543072861221347 85
1617031186028 0.854697608780186 86
1617031186030 0.854697608780186 86
1617031312223 0.8550685932190306 87
1617031312225 0.8550685932190306 87
1617031438042 0.8555268715363269 88
1617031438046 0.8555268715363269 88
1617031563937 0.8560111617952796 89
1617031563939 0.8560111617952796 89
1617031690949 0.8564274758994788 90
1617031690951 0.8564274758994788 90
1617031818681 0.8568809373615022 91
1617031818683 0.8568809373615022 91
1617031944839 0.8573544477728761 92
1617031944841 0.8573544477728761 92
1617032072871 0.8578318958140543 93
1617032072873 0.8578318958140543 93
1617032199144 0.8582790173353835 94
1617032199147 0.8582790173353835 94
1617032325338 0.8587435876100806 95
1617032325340 0.8587435876100806 95
1617032451371 0.8591781865805158 96
1617032451373 0.8591781865805158 96
1617032576966 0.8596259337724731 97
1617032576969 0.8596259337724731 97
1617032703035 0.8600742816313951 98
1617032703038 0.8600742816313951 98
1617032829289 0.8605290931500272 99
1617032829292 0.8605290931500272 99
1617032955323 0.8609004642490854 100
1617032955326 0.8609004642490854 100
1617033081427 0.8610997500387414 101
1617033081429 0.8610997500387414 101
1617033207879 0.8613034016985989 102
1617033207881 0.8613034016985989 102
1617033335397 0.8616318497781422 103
1617033335399 0.8616318497781422 103
1617033461583 0.8619893523234483 104
1617033461585 0.8619893523234483 104
1617033588226 0.8623512648566988 105
1617033588228 0.8623512648566988 105
1617033714075 0.8627368798315891 106
1617033714077 0.8627368798315891 106
1617033839768 0.8631162825166543 107
1617033839770 0.8631162825166543 107
1617033965836 0.8635185770986193 108
1617033965839 0.8635185770986193 108
1617034091462 0.863906078657162 109
1617034091464 0.863906078657162 109
1617034217375 0.8642806676741598 110
1617034217378 0.8642806676741598 110
1617034343325 0.8646549977541003 111
1617034343327 0.8646549977541003 111
1617034471840 0.8650345490091691 112
1617034471843 0.8650345490091691 112
1617034598102 0.8654088409008285 113
1617034598105 0.8654088409008285 113
1617034724209 0.8657833823247874 114
1617034724213 0.8657833823247874 114
1617034850259 0.8661592729040314 115
1617034850262 0.8661592729040314 115
1617034976221 0.8665169637961686 116
1617034976223 0.8665169637961686 116
1617035102235 0.8668723905324515 117
1617035102238 0.8668723905324515 117
1617035228278 0.867208315429322 118
1617035228280 0.867208315429322 118
1617035356729 0.867415041593182 119
1617035356731 0.867415041593182 119
1617035484780 0.8676508767035244 120
1617035484782 0.8676508767035244 120
1617035610675 0.867957203354789 121
1617035610677 0.867957203354789 121
1617035736685 0.8682719732951104 122
1617035736688 0.8682719732951104 122
1617035862821 0.8686151445451905 123
1617035862824 0.8686151445451905 123
1617035989357 0.8689495182745455 124
1617035989359 0.8689495182745455 124
1617036116408 0.8692484732333999 125
1617036116411 0.8692484732333999 125
1617036242263 0.8695262888508996 126
1617036242265 0.8695262888508996 126
1617036368327 0.8698321429681118 127
1617036368329 0.8698321429681118 127
1617036494527 0.8701065993565801 128
1617036494529 0.8701065993565801 128
1617036620416 0.8704048177210133 129
1617036620418 0.8704048177210133 129
1617036746401 0.8706988902239899 130
1617036746404 0.8706988902239899 130
1617036872181 0.8709953801595176 131
1617036872184 0.8709953801595176 131
1617036997882 0.8712868023863829 132
1617036997885 0.8712868023863829 132
1617037123827 0.8715700903398556 133
1617037123830 0.8715700903398556 133
1617037249673 0.8718668459716743 134
1617037249676 0.8718668459716743 134
1617037375571 0.8721662067727034 135
1617037375574 0.8721662067727034 135
1617037501482 0.8724668542516304 136
1617037501484 0.8724668542516304 136
1617037627521 0.8727426040919193 137
1617037627524 0.8727426040919193 137
1617037753279 0.8730186963132403 138
1617037753281 0.8730186963132403 138
1617037879190 0.8732838691230191 139
1617037879193 0.8732838691230191 139
1617038005245 0.8735509329469819 140
1617038005248 0.8735509329469819 140
1617038131192 0.8738241622896338 141
1617038131195 0.8738241622896338 141
1617038256978 0.8741073440240303 142
1617038256981 0.8741073440240303 142
1617038383061 0.8743698528991308 143
1617038383063 0.8743698528991308 143
1617038508911 0.8746414241822648 144
1617038508914 0.8746414241822648 144
1617038634920 0.8749083005594755 145
1617038634922 0.8749083005594755 145
1617038760846 0.8751372649108968 146
1617038760849 0.8751372649108968 146
1617038886575 0.8753969501750416 147
1617038886578 0.8753969501750416 147
1617039012367 0.8756617569112439 148
1617039012370 0.8756617569112439 148
1617039138244 0.8759146774251999 149
1617039138246 0.8759146774251999 149
1617039264422 0.8761434497967963 150
1617039264424 0.8761434497967963 150
1617039390126 0.8763736361622442 151
1617039390129 0.8763736361622442 151
1617039516346 0.8766027756164175 152
1617039516349 0.8766027756164175 152
1617039642248 0.8768508449688194 153
1617039642251 0.8768508449688194 153
1617039768307 0.8770812998604018 154
1617039768309 0.8770812998604018 154
1617039894420 0.877330110444781 155
1617039894423 0.877330110444781 155
1617040020528 0.8775674501874812 156
1617040020530 0.8775674501874812 156
1617040146388 0.877788702563619 157
1617040146390 0.877788702563619 157
1617040272173 0.8780139104546144 158
1617040272176 0.8780139104546144 158
1617040398068 0.8782487231052458 159
1617040398070 0.8782487231052458 159
1617040524095 0.8784738163770708 160
1617040524097 0.8784738163770708 160
1617040650000 0.8786980002267538 161
1617040650003 0.8786980002267538 161
1617040775781 0.8789267887161233 162
1617040775783 0.8789267887161233 162
1617040901648 0.8788259069426885 163
1617040901651 0.8788259069426885 163
1617041027541 0.8787396511010663 164
1617041027544 0.8787396511010663 164
1617041153454 0.8788285423057582 165
1617041153457 0.8788285423057582 165
1617041279277 0.8789561631914106 166
1617041279280 0.8789561631914106 166
1617041405117 0.8791261230504632 167
1617041405119 0.8791261230504632 167
1617041530876 0.8792914988852992 168
1617041530879 0.8792914988852992 168
1617041656930 0.8794811205163836 169
1617041656932 0.8794811205163836 169
1617041782764 0.879656166745512 170
1617041782767 0.879656166745512 170
1617041908487 0.8797118243169015 171
1617041908490 0.8797118243169015 171
1617042034339 0.8798575901177522 172
1617042034342 0.8798575901177522 172
1617042160067 0.8800324306265337 173
1617042160070 0.8800324306265337 173
1617042285952 0.8801587063379198 174
1617042285954 0.8801587063379198 174
1617042411559 0.8803101563989948 175
1617042411561 0.8803101563989948 175
1617042537302 0.880456577448826 176
1617042537305 0.880456577448826 176
1617042663300 0.8806299844777472 177
1617042663302 0.8806299844777472 177
1617042789000 0.8807852005360243 178
1617042789003 0.8807852005360243 178
1617042914948 0.8809374935675597 179
1617042914951 0.8809374935675597 179
1617043041053 0.8811220650152082 180
1617043041055 0.8811220650152082 180
1617043166707 0.8812865166324816 181
1617043166710 0.8812865166324816 181
1617043292502 0.8814527819101659 182
1617043292506 0.8814527819101659 182
1617043418544 0.8816228265583578 183
1617043418547 0.8816228265583578 183
1617043544304 0.8817946331702375 184
1617043544307 0.8817946331702375 184
1617043670369 0.8819295059975465 185
1617043670372 0.8819295059975465 185
1617043796225 0.8820724835565119 186
1617043796228 0.8820724835565119 186
1617043922128 0.8822098766442855 187
1617043922131 0.8822098766442855 187
1617044047818 0.882346750270434 188
1617044047821 0.882346750270434 188
1617044173470 0.8824994190102161 189
1617044173472 0.8824994190102161 189
1617044299168 0.8826380661482022 190
1617044299171 0.8826380661482022 190
1617044424776 0.8827543254655864 191
1617044424778 0.8827543254655864 191
1617044550550 0.8828780462796619 192
1617044550552 0.8828780462796619 192
1617044676474 0.8828756486466119 193
1617044676477 0.8828756486466119 193
1617044802126 0.8829305470682237 194
1617044802128 0.8829305470682237 194
1617044927867 0.8829658881997542 195
1617044927869 0.8829658881997542 195
1617045053629 0.8829194662806468 196
1617045053632 0.8829194662806468 196
1617045179200 0.8829437568376883 197
1617045179203 0.8829437568376883 197
1617045304844 0.8826497979515359 198
1617045304847 0.8826497979515359 198
1617045430290 0.8824281899830602 199
1617045430292 0.8824281899830602 199
