1617020318790 0.43322083029024144 0
1617020447902 0.45045668691238194 1
1617020575333 0.40443582182869003 2
1617020701865 0.35698215680276146 3
1617020828808 0.3281169171821564 4
1617020956041 0.3043217083822329 5
1617021082311 0.2840433849989915 6
1617021208584 0.26570645555299016 7
1617021334828 0.24948621916873095 8
1617021461180 0.23615983289844814 9
1617021587601 0.22473165974727108 10
1617021713955 0.21404356422259455 11
1617021840275 0.20648230261393444 12
1617021967508 0.20031719054958835 13
1617022093987 0.19416120510601198 14
1617022220002 0.18804943498763993 15
1617022346174 0.18249339372437165 16
1617022472193 0.17740507884585163 17
1617022598354 0.17247240864520547 18
1617022724919 0.16766364286415916 19
1617022851264 0.16351578064666725 20
1617022977577 0.15945413370114145 21
1617023104072 0.1557080423214734 22
1617023230237 0.15312386425922078 23
1617023356269 0.15041261165224493 24
1617023482748 0.14754467664222476 25
1617023609418 0.1445924748414856 26
1617023735876 0.1416551948278735 27
1617023862080 0.13904480207014505 28
1617023988332 0.13677964991103886 29
1617024114372 0.13478457303136057 30
1617024240422 0.13245184815667094 31
1617024366525 0.1302786359015845 32
1617024492688 0.12821867543730758 33
1617024619719 0.12651009568972882 34
1617024745739 0.12455801306243977 35
1617024871683 0.12345801476258496 36
1617024998891 0.12246095696996068 37
1617025124924 0.12123954173409168 38
1617025250886 0.11964548047919303 39
1617025376982 0.11811286542993805 40
1617025503266 0.11646270188960611 41
1617025629506 0.11485663518809126 42
1617025755569 0.113320430429973 43
1617025881765 0.11196275618253168 44
1617026011544 0.1106537142871887 45
1617026140224 0.10948418244009527 46
1617026267224 0.10815549121528918 47
1617026393447 0.106823988404421 48
1617026519424 0.10599537326577815 49
1617026645772 0.10504289137135027 50
1617026771988 0.10415877424082957 51
1617026898363 0.10303747100252339 52
1617027024336 0.1022885709012425 53
1617027150277 0.10123565118810311 54
1617027276310 0.10016774263489132 55
1617027402541 0.09929706232838498 56
1617027528465 0.09828327506198464 57
1617027654638 0.09724650751789944 58
1617027780723 0.09622015411840054 59
1617027907054 0.09520322454552081 60
1617028033100 0.0942255636564007 61
1617028159036 0.09316295310817171 62
1617028284975 0.09211242111044335 63
1617028411468 0.09114195501520234 64
1617028537779 0.09018046764757784 65
1617028663868 0.08921230028694864 66
1617028789921 0.08832418129433216 67
1617028915953 0.08750208684381398 68
1617029042012 0.08666162451412136 69
1617029168598 0.08582248060819204 70
1617029294603 0.08489526735660546 71
1617029420563 0.0840042266965942 72
1617029546693 0.08313566653964088 73
1617029672933 0.0822395771189679 74
1617029799162 0.0813519993266623 75
1617029925080 0.08048708884430984 76
1617030050996 0.07962767663221267 77
1617030177045 0.07887234836224838 78
1617030302952 0.07836861183044525 79
1617030429397 0.07758136511158222 80
1617030555649 0.07726964034980092 81
1617030681448 0.07664181591627298 82
1617030807596 0.0758892881621257 83
1617030933628 0.07510551020283915 84
1617031059957 0.07456293955347601 85
1617031186026 0.07389724583702802 86
1617031312220 0.07319383361810063 87
1617031438041 0.07247191255463784 88
1617031563935 0.07170716546427454 89
1617031690947 0.07098412369712163 90
1617031818678 0.0702213815537908 91
1617031944836 0.06946783536566573 92
1617032072869 0.06867075934158721 93
1617032199142 0.06794462274855959 94
1617032325335 0.06718699535762016 95
1617032451368 0.06649124611375018 96
1617032576963 0.06573857967484999 97
1617032703033 0.0649656616975973 98
1617032829287 0.06419957149357716 99
1617032955321 0.06351843798207014 100
1617033081425 0.06295455379771367 101
1617033207877 0.062366812851990285 102
1617033335395 0.061688069442787076 103
1617033461581 0.06097250413470419 104
1617033588224 0.06027323279727219 105
1617033714073 0.05957112019593823 106
1617033839765 0.05882522461816988 107
1617033965834 0.05807016344958049 108
1617034091459 0.05733378642964641 109
1617034217372 0.0566318108472964 110
1617034343323 0.0559077332679842 111
1617034471838 0.05518332396051212 112
1617034598100 0.0544496728387182 113
1617034724207 0.05369433055370771 114
1617034850256 0.052951984913433454 115
1617034976218 0.05220574122342274 116
1617035102232 0.05148354995095001 117
1617035228275 0.050755134735062615 118
1617035356726 0.05012851746188121 119
1617035484773 0.04945561500485311 120
1617035610672 0.04874592618337848 121
1617035736682 0.048019066896651114 122
1617035862818 0.04728192795248923 123
1617035989355 0.04652412779851165 124
1617036116406 0.04581813767177458 125
1617036242260 0.04512982423596547 126
1617036368324 0.04439751455000544 127
1617036494524 0.04370988053891029 128
1617036620413 0.043000626553813356 129
1617036746399 0.04229244372683561 130
1617036872178 0.04155098891554031 131
1617036997880 0.04083513521647893 132
1617037123825 0.04009421181469618 133
1617037249671 0.039361797241748014 134
1617037375569 0.038591135476974646 135
1617037501479 0.03780703641960811 136
1617037627519 0.03708083587194641 137
1617037753276 0.03632862138672103 138
1617037879188 0.03559898897541242 139
1617038005243 0.03483078220216367 140
1617038131190 0.03407242583727161 141
1617038256975 0.033289176552435774 142
1617038383059 0.03251791202510548 143
1617038508909 0.031722766335340276 144
1617038634917 0.030942702556669043 145
1617038760843 0.03018762437859383 146
1617038886573 0.029385250969240998 147
1617039012364 0.028596338336960438 148
1617039138241 0.02782321119707423 149
1617039264419 0.027032947657626975 150
1617039390124 0.026277926002320415 151
1617039516344 0.02549247935693026 152
1617039642246 0.024707836347819215 153
1617039768305 0.023893638139535663 154
1617039894418 0.0230565035525929 155
1617040020526 0.022254117122615432 156
1617040146385 0.02145808541190624 157
1617040272171 0.020652133796541548 158
1617040398065 0.01984244472591178 159
1617040524092 0.01903257073499278 160
1617040649998 0.01817873150183881 161
1617040775778 0.017367144819565937 162
1617040901646 0.016835813983232396 163
1617041027539 0.01616486539802414 164
1617041153452 0.015385062980910375 165
1617041279275 0.014584627176247809 166
1617041405115 0.01373313470412634 167
1617041530874 0.012897429499614785 168
1617041656927 0.01203581852056274 169
1617041782762 0.011188727386999893 170
1617041908485 0.010403176392488498 171
1617042034336 0.009563057205147617 172
1617042160064 0.008651797500090298 173
1617042285949 0.007799364730296812 174
1617042411557 0.006940961102119659 175
1617042537300 0.006075605454252719 176
1617042663297 0.005160461903674203 177
1617042788997 0.00429303566240547 178
1617042914946 0.0034042084964441524 179
1617043041050 0.0024925566755609305 180
1617043166704 0.0015902650098997852 181
1617043292500 0.0006902516903887513 182
1617043418541 -0.00024746363014618947 183
1617043544301 -0.0011552499749126178 184
1617043670367 -0.0021111624129691686 185
1617043796223 -0.0030193203198810785 186
1617043922126 -0.003925774278759609 187
1617044047816 -0.004844364619724834 188
1617044173467 -0.005805374139164794 189
1617044299166 -0.006774632708331661 190
1617044424772 -0.007727164823691106 191
1617044550547 -0.008723777651952295 192
1617044676472 -0.009686116316742049 193
1617044802123 -0.01068363088725232 194
1617044927864 -0.011666313958652724 195
1617045053627 -0.01262781142262886 196
1617045179198 -0.013642246153154779 197
1617045304842 -0.01447805838062354 198
1617045430287 -0.015460806923294226 199
