1617020318788 26.47416496148701 0
1617020447899 inf 1
1617020575331 24.17164945377538 2
1617020701863 20.000004032446764 3
1617020828806 20.042207504138958 4
1617020956038 19.320723862068323 5
1617021082309 19.141909891525714 6
1617021208581 16.91299030003857 7
1617021334826 15.145797014930173 8
1617021461177 16.439884175197783 9
1617021587599 15.758639208113946 10
1617021713953 14.093002884248023 11
1617021840273 16.235970052287197 12
1617021967506 16.599209325164612 13
1617022093984 15.017059579038632 14
1617022220000 14.71627863886102 15
1617022346171 14.25522830346275 16
1617022472190 13.973451223210587 17
1617022598351 14.159692038066945 18
1617022724917 12.666213731609446 19
1617022851262 13.721208018322255 20
1617022977575 14.170720136663505 21
1617023104070 13.983274496513133 22
1617023230235 15.74324874263623 23
1617023356267 13.209795155488397 24
1617023482746 13.49563303227229 25
1617023609416 13.055851741064682 26
1617023735873 13.300022229276559 27
1617023862078 13.385233338586135 28
1617023988330 12.779492153897781 29
1617024114370 13.11852907045095 30
1617024240420 12.19768349666327 31
1617024366522 12.143510937777616 32
1617024492685 13.367494773178787 33
1617024619716 11.978200530207438 34
1617024745736 12.304900448745004 35
1617024871680 14.16036966064728 36
1617024998889 14.266277884991108 37
1617025124922 14.489947117308011 38
1617025250884 11.953517555482222 39
1617025376979 12.424600148186354 40
1617025503264 11.615297890383422 41
1617025629504 12.183586899296213 42
1617025755566 11.622572398783277 43
1617025881763 11.514301138703432 44
1617026011542 11.444746227519424 45
1617026140212 12.753934574936714 46
1617026267220 11.879551708227195 47
1617026393445 10.826197950998568 48
1617026519422 14.834859519252296 49
1617026645770 12.395642996847446 50
1617026771986 13.336687902418086 51
1617026898360 11.819775660226561 52
1617027024334 12.555350721914845 53
1617027150275 11.5382168358876 54
1617027276308 11.897998079127781 55
1617027402539 12.423059555542945 56
1617027528463 11.96440488768214 57
1617027654636 10.679387324877172 58
1617027780721 11.50425039779145 59
1617027907052 10.705339611571869 60
1617028033098 10.58573030452438 61
1617028159034 10.634255600445899 62
1617028284972 10.941142323020243 63
1617028411466 10.731086523898366 64
1617028537777 10.544615798214801 65
1617028663866 10.727515123111003 66
1617028789919 10.654372544029139 67
1617028915951 11.1090238896221 68
1617029042010 11.34909748421394 69
1617029168596 12.334886010640083 70
1617029294600 10.651253005243282 71
1617029420561 10.604833342491716 72
1617029546691 10.277960378176527 73
1617029672930 10.384657310565352 74
1617029799160 9.529638372114215 75
1617029925078 10.094139240142468 76
1617030050994 9.503406892431176 77
1617030177043 11.019399563854517 78
1617030302950 12.793359691283667 79
1617030429394 11.123348359016509 80
1617030555647 13.161244294516838 81
1617030681446 11.866514917394577 82
1617030807594 11.560135150630934 83
1617030933625 10.340221531886145 84
1617031059955 11.232868767867807 85
1617031186023 11.00617096743487 86
1617031312218 10.93151790707533 87
1617031438038 10.499187245662892 88
1617031563932 9.653570776630525 89
1617031690945 11.671938036103779 90
1617031818673 9.44803433651449 91
1617031944830 9.359247644089725 92
1617032072863 10.029789945290199 93
1617032199139 9.677357009018623 94
1617032325333 9.760362529459632 95
1617032451366 9.509929441593485 96
1617032576961 9.488945547279119 97
1617032703031 10.277104884191758 98
1617032829285 9.199009217977242 99
1617032955319 10.35490688082337 100
1617033081423 11.81260881126244 101
1617033207875 10.343226165859372 102
1617033335393 10.754269462199044 103
1617033461579 10.690941776315876 104
1617033588221 9.784812645077055 105
1617033714070 10.223934017565854 106
1617033839763 10.069461377172598 107
1617033965831 9.229107685469167 108
1617034091457 9.25346492097695 109
1617034217370 9.898757095456046 110
1617034343320 9.116012256844737 111
1617034471835 8.954719803315742 112
1617034598097 9.956243944092222 113
1617034724204 10.400959215786342 114
1617034850254 9.038975685851812 115
1617034976216 9.694510732205929 116
1617035102230 8.982901867208861 117
1617035228273 9.415327604066668 118
1617035356724 10.524139851346352 119
1617035484766 11.098977279140847 120
1617035610666 9.669156349673193 121
1617035736680 8.924920365720029 122
1617035862816 8.674467444057793 123
1617035989353 9.669500829418862 124
1617036116404 9.562077110594368 125
1617036242258 9.87853721780276 126
1617036368322 9.306568738105547 127
1617036494521 9.517181554332954 128
1617036620411 9.67724920971521 129
1617036746397 9.371582826882417 130
1617036872176 9.639377952820848 131
1617036997877 8.78841532391382 132
1617037123822 9.600525674400192 133
1617037249668 9.027247199247947 134
1617037375566 9.062961358382282 135
1617037501477 8.589951289618298 136
1617037627516 10.057210778643073 137
1617037753274 8.689599242789717 138
1617037879186 9.23606203121585 139
1617038005240 9.204438748722612 140
1617038131186 8.62987886438333 141
1617038256972 9.175211319759066 142
1617038383056 8.698348502020844 143
1617038508907 9.424241914597575 144
1617038634915 9.289508694116416 145
1617038760840 9.306581123986202 146
1617038886570 8.998783783562242 147
1617039012362 8.828597180673787 148
1617039138239 8.430548920416916 149
1617039264417 8.711019739653972 150
1617039390121 8.672897906808164 151
1617039516341 8.842480294317333 152
1617039642243 9.011871689432011 153
1617039768302 8.948541981355174 154
1617039894415 10.095434687732698 155
1617040020523 8.775097624144053 156
1617040146382 8.877298884723725 157
1617040272168 8.57875812916613 158
1617040398063 8.836602619413371 159
1617040524089 8.38565489230378 160
1617040649995 8.565366759778238 161
1617040775775 7.869468507475697 162
1617040901643 12.80582518059561 163
1617041027536 13.356307567947335 164
1617041153449 10.54605717138325 165
1617041279273 9.997850034561075 166
1617041405112 9.358199947668394 167
1617041530872 9.240928372387796 168
1617041656925 9.182801205388984 169
1617041782759 10.281698062521077 170
1617041908482 10.806339359994459 171
1617042034333 9.694656416067064 172
1617042160061 9.293835355088675 173
1617042285947 9.564626227243647 174
1617042411554 9.686229207635353 175
1617042537298 9.044947942237986 176
1617042663295 8.734904965508955 177
1617042788994 9.046433850143478 178
1617042914943 8.847003142868477 179
1617043041048 8.54006215605891 180
1617043166701 8.930949583008497 181
1617043292498 8.748824148020278 182
1617043418538 8.307481645661014 183
1617043544299 8.832898218809564 184
1617043670364 8.928688645344234 185
1617043796220 8.757149936951059 186
1617043922124 9.092662410675036 187
1617044047812 9.34658984763735 188
1617044173465 8.412928211758889 189
1617044299163 8.842019583654642 190
1617044424770 9.987204851726887 191
1617044550544 9.611075707317266 192
1617044676469 10.894314908405303 193
1617044802120 10.4378069354892 194
1617044927862 9.762235590396962 195
1617045053624 11.52337832689619 196
1617045179195 10.09959474800244 197
1617045304839 14.107277334938038 198
1617045430284 14.205433962776505 199
