1617020318786 0.5372553818606514 0
1617020447897 0.4441210474494468 1
1617020575329 0.6096273819182781 2
1617020701861 0.7112401502722121 3
1617020828804 0.7141291733751906 4
1617020956036 0.7477703095275037 5
1617021082307 0.7716441725955364 6
1617021208579 0.7963104754527832 7
1617021334824 0.8194506988721959 8
1617021461175 0.8223340566012454 9
1617021587597 0.8271021652728954 10
1617021713951 0.8460358677709356 11
1617021840271 0.8235121378080642 12
1617021967504 0.8194685533563507 13
1617022093982 0.8292083431510849 14
1617022219998 0.8427685152025933 15
1617022346169 0.8481586100335451 16
1617022472188 0.8482936779235272 17
1617022598348 0.8576733454903389 18
1617022724914 0.8683554838470956 19
1617022851259 0.8598248200847748 20
1617022977572 0.8677946336250356 21
1617023104068 0.8667782532407883 22
1617023230232 0.8451807361809497 23
1617023356264 0.8566335137695709 24
1617023482743 0.8645327332171988 25
1617023609414 0.8706532157164939 26
1617023735871 0.8767131304645792 27
1617023862076 0.8737361003109749 28
1617023988327 0.8659993980000628 29
1617024114367 0.8619057742997687 30
1617024240418 0.8797867826800397 31
1617024366520 0.8784844658159195 32
1617024492683 0.8794015876631788 33
1617024619715 0.8686952674166953 34
1617024745734 0.8811157572459667 35
1617024871679 0.8497553807782366 36
1617024998887 0.8470765755690158 37
1617025124920 0.8573000034357005 38
1617025250881 0.8782135221235295 39
1617025376978 0.8794971618880617 40
1617025503262 0.884646290794332 41
1617025629501 0.8866214992359598 42
1617025755564 0.8861127073301914 43
1617025881761 0.8820174828647299 44
1617026011540 0.8789074103486665 45
1617026140206 0.874582486029001 46
1617026267214 0.8865792306655265 47
1617026393442 0.8873866316168866 48
1617026519419 0.8596549647701706 49
1617026645768 0.8689570673444169 50
1617026771983 0.8728333073569104 51
1617026898358 0.8833625016218805 52
1617027024332 0.8630468505335614 53
1617027150272 0.8835819943788203 54
1617027276305 0.8877957794577518 55
1617027402536 0.8761411694453117 56
1617027528461 0.8843441343212382 57
1617027654634 0.8892701463972 58
1617027780718 0.8887128932203384 59
1617027907048 0.8909363989183243 60
1617028033095 0.8877406738539959 61
1617028159031 0.8946956392139831 62
1617028284970 0.8968885965011222 63
1617028411464 0.8937013373571507 64
1617028537775 0.8952078397603745 65
1617028663864 0.8958999329107873 66
1617028789916 0.8902611730105066 67
1617028915948 0.8860640669281178 68
1617029042007 0.889435591849875 69
1617029168594 0.8899121231379661 70
1617029294598 0.8987505255227394 71
1617029420559 0.8957691681670382 72
1617029546688 0.8976221920010892 73
1617029672928 0.899195006077594 74
1617029799157 0.9006137639442657 75
1617029925076 0.8998936334664517 76
1617030050992 0.9005185428293462 77
1617030177040 0.8923106558145361 78
1617030302947 0.8681962132612442 79
1617030429392 0.8956368568729847 80
1617030555645 0.848909998391854 81
1617030681444 0.8793382695380677 82
1617030807591 0.8912098251600215 83
1617030933623 0.8975923093868062 84
1617031059952 0.8760333635864106 85
1617031186020 0.8882653573726086 86
1617031312216 0.88734423939852 87
1617031438036 0.895855363458395 88
1617031563930 0.8991129948420727 89
1617031690943 0.8938957452774048 90
1617031818670 0.898145930405627 91
1617031944824 0.9009174056192661 92
1617032072857 0.902234563643628 93
1617032199137 0.9003084403403262 94
1617032325331 0.9028777637063189 95
1617032451364 0.9008996877422992 96
1617032576959 0.9030574113923184 97
1617032703029 0.9040123718057541 98
1617032829282 0.9055554334946135 99
1617032955316 0.8980375741548995 100
1617033081420 0.8812276147940057 101
1617033207873 0.8820758710040691 102
1617033335391 0.8954620019711078 103
1617033461576 0.8991696170352875 104
1617033588219 0.9003520808479888 105
1617033714068 0.9036120671699656 106
1617033839761 0.9037123698186367 107
1617033965828 0.9069663919508457 108
1617034091455 0.9061437485382912 109
1617034217368 0.9054854595439231 110
1617034343314 0.9062056366274965 111
1617034471833 0.9075442895768805 112
1617034598095 0.9077038246583431 113
1617034724202 0.9084811046561028 114
1617034850251 0.9093866895170922 115
1617034976213 0.9080091072840893 116
1617035102227 0.9084573186775471 117
1617035228270 0.9068474532600413 118
1617035356722 0.8920154550925214 119
1617035484764 0.8959510899446113 120
1617035610660 0.9050227281578044 121
1617035736678 0.9066739060143207 122
1617035862814 0.9108252083050444 123
1617035989351 0.9104118607145675 124
1617036116402 0.9066178430902198 125
1617036242255 0.9045310566558483 126
1617036368319 0.9086756158540857 127
1617036494519 0.9052370170805049 128
1617036620408 0.9088749867328938 129
1617036746394 0.9089283156109617 130
1617036872174 0.9098355617136398 131
1617036997874 0.9097545363326022 132
1617037123819 0.9092473881517319 133
1617037249665 0.9116321006353866 134
1617037375564 0.9125799149116303 135
1617037501475 0.9133549113856986 136
1617037627514 0.9105203322115096 137
1617037753271 0.9111194228555294 138
1617037879183 0.9101428896822827 139
1617038005238 0.9109398683017873 140
1617038131184 0.9123494996035353 141
1617038256970 0.9143191503083452 142
1617038383054 0.9119086220384912 143
1617038508904 0.9137476889535467 144
1617038634912 0.9136053752550419 145
1617038760838 0.9085660602184052 146
1617038886568 0.9135706840043373 147
1617039012358 0.9148531538691926 148
1617039138236 0.9135998340046152 149
1617039264414 0.9104593055362397 150
1617039390118 0.9111317773448661 151
1617039516338 0.9114319726507715 152
1617039642241 0.9148054558863031 153
1617039768300 0.912571353164125 154
1617039894412 0.9158957510235461 155
1617040020521 0.9145924500486953 156
1617040146380 0.9125253256172576 157
1617040272166 0.9135967572318747 158
1617040398060 0.9155839345556624 159
1617040524086 0.914488739869062 160
1617040649993 0.9147916000257147 161
1617040775773 0.915990523993969 162
1617040901641 0.862382177872821 163
1617041027533 0.8645936930750279 164
1617041153446 0.8934955910799351 165
1617041279269 0.9001412302097107 166
1617041405110 0.9075094195122414 167
1617041530869 0.9070746391377551 168
1617041656923 0.911527176169639 169
1617041782756 0.9094140256973023 170
1617041908480 0.8892292690245395 171
1617042034331 0.9049293078640674 172
1617042160059 0.9102798386457118 173
1617042285944 0.9021306801191036 174
1617042411552 0.9068139170871136 175
1617042537295 0.9062266822190995 176
1617042663292 0.9113230285967918 177
1617042788992 0.9084136589093411 178
1617042914941 0.9081979462123931 179
1617043041045 0.9143449255919203 180
1617043166699 0.911052259358954 181
1617043292495 0.9117130624487045 182
1617043418536 0.9127409971774892 183
1617043544296 0.9134070497561009 184
1617043670362 0.9068809790497131 185
1617043796218 0.9086663095240898 186
1617043922121 0.9079023840579581 187
1617044047810 0.9080789919863356 188
1617044173463 0.911353810829051 189
1617044299160 0.9089810223655498 190
1617044424768 0.9049598550859917 191
1617044550542 0.9066324425821609 192
1617044676467 0.8824129054679516 193
1617044802118 0.8935808408609096 194
1617044927859 0.8898574088482146 195
1617045053622 0.8738207701355853 196
1617045179192 0.8877289965748787 197
1617045304836 0.8244459384933431 198
1617045430282 0.838328204256423 199
