1617020318783 0.43322083029024144 0
1617020447895 0.4676925435345224 1
1617020575327 0.31239409166130616 2
1617020701858 0.21462116172497578 3
1617020828801 0.2126559586997362 4
1617020956034 0.185345664382615 5
1617021082304 0.1623734446995436 6
1617021208575 0.13734794943098058 7
1617021334820 0.11972432809465743 8
1617021461171 0.11622235646590273 9
1617021587593 0.11044992823550041 10
1617021713947 0.09647451345115265 11
1617021840269 0.11574716331001292 12
1617021967501 0.12017073371308915 13
1617022093980 0.10797740889594276 14
1617022219995 0.0963728832120591 15
1617022346166 0.09359673351207946 16
1617022472185 0.09090372591101109 17
1617022598346 0.08368434503357461 18
1617022724911 0.07629709302427921 19
1617022851256 0.08055853629682927 20
1617022977570 0.07415954784509983 21
1617023104065 0.07329403196877622 22
1617023230229 0.09368776882741045 23
1617023356261 0.08534254908482446 24
1617023482741 0.07584630139172077 25
1617023609411 0.06783522802226721 26
1617023735868 0.0623486344603465 27
1617023862074 0.06595380485374877 28
1617023988325 0.0710902372969592 29
1617024114365 0.0749322666410119 30
1617024240415 0.060137377041292954 31
1617024366517 0.06073584373881842 32
1617024492681 0.0602399801161695 33
1617024619712 0.06841838427205035 34
1617024745731 0.05623512110732337 35
1617024871676 0.08385807596781153 36
1617024998885 0.0855698186428623 37
1617025124918 0.07482576277107 38
1617025250879 0.05747709153814519 39
1617025376975 0.056808263459738266 40
1617025503259 0.048805996735996386 41
1617025629499 0.04740183372446831 42
1617025755561 0.04726362583088748 43
1617025881758 0.05222508929511334 44
1617026011537 0.05174682899675471 45
1617026140198 0.055685717473797344 46
1617026267208 0.04570700364940344 47
1617026393439 0.0429118534827486 48
1617026519416 0.0653932314722779 49
1617026645765 0.05741879664995569 50
1617026771981 0.059068800584274404 51
1617026898355 0.04472970261060177 52
1617027024329 0.06259686553335571 53
1617027150270 0.04437798667857622 54
1617027276303 0.04143277220824297 55
1617027402533 0.05053896516402985 56
1617027528458 0.04049740087716503 57
1617027654632 0.03711398996095708 58
1617027780716 0.03566530354796572 59
1617027907046 0.03418745017273629 60
1617028033092 0.034588249420073436 61
1617028159029 0.027281099117975285 62
1617028284967 0.02592890525355618 63
1617028411461 0.029032124919777223 64
1617028537772 0.027683788751985166 65
1617028663861 0.02531325448542199 66
1617028789913 0.028820208789027753 67
1617028915945 0.0315996642085783 68
1617029042004 0.028669723765330113 69
1617029168591 0.027082407193139514 70
1617029294595 0.019063126493958717 71
1617029420556 0.019849299175783673 72
1617029546685 0.01973077508204795 73
1617029672925 0.015928959989167275 74
1617029799155 0.014783664903742201 75
1617029925073 0.014753892185523155 76
1617030050989 0.013452936300730451 77
1617030177037 0.019956743305033827 78
1617030302945 0.0385734258179969 79
1617030429389 0.014601627602539163 80
1617030555641 0.052019934645517074 81
1617030681441 0.02516021236698044 82
1617030807589 0.013429484567902189 83
1617030933620 0.009268161622767753 84
1617031059949 0.028444434357608888 85
1617031186017 0.016647586222500243 86
1617031312213 0.011996970571419026 87
1617031438033 0.008942858969911616 88
1617031563926 0.0036446744219419806 89
1617031690940 0.005910364653360337 90
1617031818663 0.0008118465106855047 91
1617031944808 0.00014158605815882378 92
1617032072851 -0.0054573108977142805 93
1617032199135 -0.0003122169960369455 94
1617032325328 -0.004787606781626002 95
1617032451361 -0.0003006812977664014 96
1617032576957 -0.007270064898469346 97
1617032703025 -0.01078030007316711 98
1617032829280 -0.011643358704416042 99
1617032955313 -0.0045949131686319694 100
1617033081417 0.006002251177709153 101
1617033207870 0.0024172363882052138 102
1617033335388 -0.008222501705143046 103
1617033461574 -0.013446287905916255 104
1617033588216 -0.013150257633087482 105
1617033714065 -0.014852815545461279 106
1617033839758 -0.020985602203043217 107
1617033965826 -0.023476442758073198 108
1617034091451 -0.02293130874316743 109
1617034217366 -0.02058550321120531 110
1617034343305 -0.024464878035669633 111
1617034471830 -0.025950518476360655 112
1617034598090 -0.028452903923994684 113
1617034724197 -0.03241468993748756 114
1617034850246 -0.032417763718106646 115
1617034976207 -0.03435852681782017 116
1617035102222 -0.03301282892835901 117
1617035228265 -0.03519786073964961 118
1617035356720 -0.024438938046706483 119
1617035484757 -0.03129267983851915 120
1617035610653 -0.0371264212150523 121
1617035736675 -0.04065776608408766 122
1617035862811 -0.04338616217942314 123
1617035989349 -0.0474430912947084 124
1617036116398 -0.04243062817035837 125
1617036242252 -0.041597668675983204 126
1617036368316 -0.04860581556691768 127
1617036494516 -0.044307272881269455 128
1617036620405 -0.04849313752369044 129
1617036746391 -0.049771323780271604 130
1617036872171 -0.05557959136414401 131
1617036997872 -0.053657553059623594 132
1617037123817 -0.058448600622409204 133
1617037249663 -0.05878175553330715 134
1617037375560 -0.0654482027674292 135
1617037501472 -0.0688304353822419 136
1617037627510 -0.06240863915770612 137
1617037753268 -0.06747697757438142 138
1617037879181 -0.06581991619648452 139
1617038005236 -0.07271816605266104 140
1617038131182 -0.072855821612509 141
1617038256967 -0.07793222189425154 142
1617038383050 -0.07777291538312714 143
1617038508901 -0.08277821299084957 144
1617038634909 -0.0821665453506594 145
1617038760835 -0.0800537896203868 146
1617038886565 -0.08856364020562553 147
1617039012356 -0.08816273124056294 148
1617039138234 -0.08737273264597072 149
1617039264412 -0.09150658325946077 150
1617039390116 -0.08773034394897045 151
1617039516335 -0.09389541074237291 152
1617039642238 -0.09534254404617117 153
1617039768297 -0.10149288593613087 154
1617039894409 -0.10669935742353505 155
1617040020517 -0.10291816595386952 156
1617040146377 -0.10351889316943731 157
1617040272163 -0.1066882214310797 158
1617040398057 -0.10889811750422133 159
1617040524083 -0.1105472678120466 160
1617040649990 -0.11928938503595109 161
1617040775771 -0.11410989770863919 162
1617040901638 -0.06977111233913517 163
1617041027530 -0.09387070257612999 164
1617041153444 -0.1132823358428605 165
1617041279267 -0.1182877163977382 166
1617041405107 -0.12846610814015916 167
1617041530866 -0.1275010448583263 168
1617041656920 -0.13357643693923316 169
1617041782753 -0.1328167653186841 170
1617041908477 -0.12392604366896 171
1617042034328 -0.13493744301748403 172
1617042160056 -0.14899613147482593 173
1617042285941 -0.14052393721376963 174
1617042411549 -0.1432796738288821 175
1617042537293 -0.14622698857032873 176
1617042663289 -0.15681994654872317 177
1617042788990 -0.15010883528342905 178
1617042914938 -0.15569585421063165 179
1617043041043 -0.161604771083419 180
1617043166696 -0.16172452647476754 181
1617043292492 -0.16311217246061943 182
1617043418533 -0.17184936728804034 183
1617043544293 -0.1681879374119354 184
1617043670359 -0.17895496345343107 185
1617043796215 -0.17193669100549627 186
1617043922118 -0.17343266458904488 187
1617044047807 -0.17753934872118718 188
1617044173460 -0.18743617331331713 189
1617044299158 -0.1909337608500364 190
1617044424765 -0.18966079885734521 191
1617044550539 -0.20007344067810065 192
1617044676464 -0.19541747862116454 193
1617044802116 -0.2042014575662448 194
1617044927856 -0.20328951288173172 195
1617045053619 -0.20108131436195145 196
1617045179190 -0.21348588806676103 197
1617045304834 -0.17996887941943837 198
1617045430280 -0.2110277669147608 199
