1615307723342 0.4274518303017118 0
1615307843365 0.327347251461513 1
1615307963457 0.2798133373853579 2
1615308083661 0.25060346900527153 3
1615308203715 0.2306616429072707 4
1615308323483 0.21836904566086346 5
1615308443543 0.2063700921499907 6
1615308568927 0.19631667957821888 7
1615308688872 0.1882418427696671 8
1615308808534 0.181560722927549 9
1615308928600 0.17689191979663182 10
1615309048552 0.17237251077718405 11
1615309168928 0.16931004420213666 12
1615309288810 0.16684978456893712 13
1615309408681 0.1634182705808042 14
1615309528312 0.16024529511359203 15
1615309647322 0.15735649727644685 16
1615309767085 0.15566039663642203 17
1615309887447 0.15362059798469155 18
1615310007189 0.15151140996769294 19
1615310126948 0.14946371770193162 20
1615310246653 0.14756659627607754 21
1615310366130 0.1458385920540069 22
1615310485616 0.14416373639705765 23
1615310605224 0.14261396952529454 24
1615310724728 0.14116928186673935 25
1615310844838 0.13988560210808398 26
1615310964534 0.1385301267668637 27
1615311084308 0.13729161867700285 28
1615311204129 0.13611109677831926 29
1615311324187 0.13504950111739958 30
1615311444196 0.13397993016710033 31
1615311563928 0.13298151577721348 32
1615311683823 0.13193076160835318 33
1615311803890 0.13095156035697791 34
1615311923642 0.12997938566540013 35
1615312043694 0.12906430576923827 36
1615312163265 0.12903932160686904 37
1615312282490 0.1284868283103902 38
1615312401866 0.127863388208311 39
1615312521532 0.12712870012598557 40
1615312640833 0.1266279376476643 41
1615312760542 0.12619977688797646 42
1615312880723 0.1256568447220439 43
1615312999454 0.12504232971624754 44
1615313119096 0.12443669270881196 45
1615313238570 0.12379044392783518 46
1615313358228 0.12315387642057384 47
1615313478185 0.12251328405286714 48
1615313596888 0.12188888619195172 49
1615313716447 0.12127494208464543 50
1615313836350 0.1206704333989136 51
1615313956169 0.12009206465417924 52
1615314076009 0.11949516446502123 53
1615314195823 0.11891232242092513 54
1615314315172 0.11837850147282393 55
1615314434972 0.11784180543846598 56
1615314554749 0.11731423596346804 57
1615314674228 0.11678923272555793 58
1615314793870 0.11627357404920001 59
1615314913447 0.11578672157396803 60
1615315032965 0.11528692539058516 61
1615315152557 0.11478589009515654 62
1615315272170 0.11434584943605448 63
1615315391583 0.11387224144010402 64
1615315511078 0.11343470226580717 65
1615315630779 0.11299876421590403 66
1615315750434 0.11253661113522156 67
1615315870159 0.11210131980422357 68
1615315989055 0.11163631743713738 69
1615316108623 0.1112112161715742 70
1615316227921 0.11074335486388721 71
1615316347381 0.11029662340848974 72
1615316466840 0.10984295392623109 73
1615316586199 0.10940554438538813 74
1615316705924 0.10899545273393137 75
1615316825846 0.1088791848453678 76
1615316944852 0.10943767969014316 77
1615317064552 0.10950837605125216 78
1615317183977 0.10944056951287968 79
1615317302998 0.1092633599511866 80
1615317422607 0.10904884020501934 81
1615317541916 0.10878853040340886 82
1615317661612 0.1085181644116214 83
1615317781449 0.10822303254317568 84
1615317901347 0.10791395113766918 85
1615318020980 0.10759599922778657 86
1615318140727 0.10726649582062518 87
1615318260606 0.1069250797117874 88
1615318380213 0.10657863949068742 89
1615318499694 0.10624637561918224 90
1615318619317 0.10591178444938797 91
1615318739034 0.10557434033130762 92
1615318859051 0.10521703783426258 93
1615318978881 0.10486447837347135 94
1615319098180 0.10453781447563303 95
1615319217993 0.10422529454670755 96
1615319337974 0.1038760503018153 97
1615319458096 0.10354176653863868 98
1615319577993 0.10320062776999687 99
1615319697819 0.10287568013213913 100
1615319817914 0.10254468755098263 101
1615319937745 0.10220531403474263 102
1615320057535 0.10190679572616733 103
1615320177486 0.10160489633054536 104
1615320297318 0.10128687300738466 105
1615320417058 0.100975240652058 106
1615320536803 0.1006948040492499 107
1615320656451 0.1004130477841939 108
1615320776141 0.10010786762554578 109
1615320896255 0.0998667873280879 110
1615321015816 0.09959307961118247 111
1615321135900 0.09949878725346131 112
1615321255557 0.09932515488678512 113
1615321375309 0.09906830260848008 114
1615321495117 0.09880394034175853 115
1615321614598 0.098522437973767 116
1615321734411 0.09822904000606772 117
1615321854089 0.09797274259735675 118
1615321974162 0.09769388059181952 119
1615322094153 0.0974154513964777 120
1615322214238 0.09714808823107389 121
1615322334028 0.09687080048860934 122
1615322454325 0.09660203523169818 123
1615322574350 0.09633924966783665 124
1615322694233 0.09605515119702408 125
1615322814379 0.09577808031703516 126
1615322934229 0.09553489007000159 127
1615323054459 0.09527866451825504 128
1615323174238 0.095024924929736 129
1615323294326 0.09475235702970569 130
1615323414485 0.09451824336340933 131
1615323534577 0.09429907325862996 132
1615323654557 0.09405491417275955 133
1615323774822 0.09382196142239885 134
1615323894550 0.09357857078156835 135
1615324014295 0.09333518519226483 136
1615324134723 0.09309328992903658 137
1615324254479 0.0928446401987042 138
1615324374287 0.09263863048827978 139
1615324494195 0.09240240671274534 140
1615324613956 0.09216135749051069 141
1615324734109 0.09193018588003492 142
1615324853979 0.09168449319763167 143
1615324974118 0.09145022225146801 144
1615325094009 0.09122900248329421 145
1615325213832 0.09099631296679361 146
1615325333792 0.09077330751734522 147
1615325454209 0.09055686720050696 148
1615325574251 0.09032962653767411 149
1615325694664 0.09009261841569904 150
1615325814298 0.0898630583171571 151
1615325934250 0.08964623846480724 152
1615326054198 0.08942855079175428 153
1615326174187 0.0892146532387474 154
1615326294075 0.08901927523511698 155
1615326413910 0.08882232161231884 156
1615326533816 0.08860704293778955 157
1615326653929 0.08842165572177992 158
1615326774025 0.08821636609621902 159
1615326900184 0.08801076539731771 160
1615327019802 0.08780673238504916 161
1615327139670 0.08763385201076833 162
1615327259498 0.08748909646070868 163
1615327379748 0.08733331464847685 164
1615327500249 0.08713803945567793 165
1615327620511 0.08694676261813726 166
1615327740680 0.08676641239032055 167
1615327859785 0.08660460902346874 168
1615327979586 0.08643894157355246 169
1615328099527 0.08625813088534005 170
1615328218999 0.08607195030687088 171
1615328339059 0.08588417868033732 172
1615328458897 0.08571423831761528 173
1615328579033 0.0855237635366444 174
1615328699076 0.08533691419250607 175
1615328818883 0.08515085368024147 176
1615328938917 0.08495366209488518 177
1615329058557 0.0847688066564767 178
1615329178341 0.08458756253889348 179
1615329298398 0.08440388678285467 180
1615329418053 0.08423206091846076 181
1615329537811 0.08405003462789812 182
1615329657713 0.08388976779349978 183
1615329777705 0.08371416215888916 184
1615329897458 0.08356227612747964 185
1615330017609 0.08340566445066809 186
1615330137526 0.0832439189621213 187
1615330257232 0.08308053435584924 188
1615330377653 0.08292470981732002 189
1615330497510 0.08275190729121266 190
1615330617398 0.08259468820335263 191
1615330737408 0.08243090561026076 192
1615330857570 0.08226484940279119 193
1615330977506 0.08208836844448295 194
1615331097207 0.0819189228909502 195
1615331217243 0.08174377403906674 196
1615331337325 0.08158676399736052 197
1615331457875 0.08142261901924998 198
1615331577926 0.08126374469764201 199
1615331698066 0.08112057528074794 200
1615331818166 0.0809590646676974 201
1615331938203 0.08081324636809104 202
1615332058300 0.080650859996175 203
1615332178269 0.08049861840174166 204
1615332298175 0.08035614091129417 205
1615332418092 0.08020041213089568 206
1615332537953 0.0800367936868345 207
1615332657693 0.07987063399963722 208
1615332778016 0.079721169469199 209
1615332897958 0.07955847352230884 210
1615333018359 0.07940854613494287 211
1615333139230 0.079254980979742 212
1615333259474 0.07911731334540087 213
1615333379778 0.0789737128334218 214
1615333500080 0.07883001419557537 215
1615333620145 0.07868647902939542 216
1615333740269 0.0785359819262188 217
1615333860218 0.07838335172015211 218
1615333980333 0.0782399621068057 219
1615334100820 0.07810534885139467 220
1615334221078 0.07796046628303809 221
1615334341097 0.07785708043687152 222
1615334461617 0.07772688189549236 223
1615334581872 0.07761404209469092 224
1615334701375 0.07747726777934791 225
1615334821117 0.07735623838523885 226
1615334941552 0.07722033570811028 227
1615335060814 0.0770972501397918 228
1615335181221 0.07696187510883401 229
1615335301400 0.07681732019605107 230
1615335421663 0.0766752076728775 231
1615335542124 0.0765476672075597 232
1615335662215 0.07642417831344257 233
1615335782501 0.07629112367896515 234
1615335902949 0.07616424433888892 235
1615336023173 0.07604146901227435 236
1615336143180 0.07589809094724703 237
1615336263355 0.07576339702904582 238
1615336384094 0.07563606018747265 239
1615336504572 0.07551451227189057 240
1615336624762 0.07537830672194108 241
1615336744810 0.07524742150100223 242
1615336864942 0.07512798914122996 243
1615336985875 0.07499793042433615 244
1615337106425 0.07488635839109441 245
1615337226613 0.07475873968580914 246
1615337347131 0.07464173541269341 247
1615337467950 0.07451295200629264 248
1615337588168 0.07438757886815428 249
1615337708653 0.07426598215667404 250
1615337828299 0.07415128663249335 251
1615337948683 0.07404317400686285 252
1615338068615 0.07392513152364699 253
1615338188667 0.07380996081506017 254
1615338309074 0.07369282376716164 255
1615338428956 0.07358433603651954 256
1615338548748 0.0734618915895559 257
1615338668967 0.07333867882594097 258
1615338789043 0.07322559771732129 259
1615338909281 0.07310690661404345 260
1615339029385 0.07300204322823525 261
1615339149420 0.07287610927847739 262
1615339269610 0.07275867980093181 263
1615339389822 0.07264879304769843 264
1615339509701 0.07253359737935096 265
1615339628734 0.0724250402663271 266
1615339748533 0.07230599251787176 267
1615339868546 0.07220818916661144 268
1615339988565 0.07209489732041682 269
1615340108638 0.07198551531411046 270
1615340228353 0.0718839700522655 271
1615340348776 0.07175863222559428 272
1615340468796 0.07165352499346052 273
1615340589051 0.07155349825583447 274
1615340709073 0.07144592927695093 275
1615340829094 0.07136047051521882 276
1615340949059 0.07126749274516403 277
1615341068957 0.07116850559002182 278
1615341188495 0.07105895338663414 279
1615341308278 0.07095926728410437 280
1615341428034 0.07085563405690475 281
1615341548057 0.07074345397041362 282
1615341667896 0.07064101712679144 283
1615341788044 0.070519289763756 284
1615341908250 0.07041746768009784 285
1615342028123 0.07029711891122041 286
1615342148399 0.07019291336263588 287
1615342268166 0.0701183954872622 288
1615342387977 0.0700338355916956 289
1615342508186 0.06993920105313277 290
1615342627897 0.06985183236570205 291
1615342748291 0.06976279148014167 292
1615342868271 0.06966799378988159 293
1615342988141 0.06956972043000982 294
1615343108110 0.06947741414953401 295
1615343228167 0.0693899292587377 296
1615343348509 0.06929991709902994 297
1615343468581 0.06921168787947238 298
1615343588701 0.06912064999786773 299
1615343708842 0.0690276578882249 300
1615343829035 0.06893669170589561 301
1615343949014 0.06884066556264691 302
1615344068129 0.06875006225946277 303
1615344187822 0.06865966081152573 304
1615344307712 0.0685619999869092 305
1615344427768 0.06847715444746565 306
1615344547658 0.06837967396025091 307
1615344667278 0.06829906766935052 308
1615344787530 0.0682156930993713 309
1615344908007 0.06813632965076445 310
1615345028447 0.06805294933466903 311
1615345148583 0.06796435841469908 312
1615345268577 0.06787137908903358 313
1615345388609 0.0677781730939697 314
1615345508636 0.06769886824599557 315
1615345628554 0.06760948735602665 316
1615345749035 0.0675239775686166 317
1615345868924 0.06743525148849168 318
1615345989186 0.0673434278719238 319
1615346109811 0.06726566084415532 320
1615346230138 0.06718314956876069 321
1615346350386 0.06709427405767585 322
1615346470725 0.06700524203142931 323
1615346590881 0.06692532622307774 324
1615346710499 0.06684354677893235 325
1615346830423 0.06676483741664747 326
1615346950813 0.06668095637830244 327
1615347071078 0.06659901789732407 328
1615347190892 0.0665346085971321 329
1615347310931 0.06645947129022126 330
1615347430989 0.06637525380547363 331
1615347551199 0.06629691651163357 332
1615347671596 0.06622361974897728 333
1615347791295 0.06614738273896782 334
1615347911470 0.06606374931202001 335
1615348031622 0.06599265233245166 336
1615348151955 0.06591998846731154 337
1615348272072 0.06584129019950412 338
1615348392356 0.06576378028103921 339
1615348512839 0.0656760145747886 340
1615348632818 0.06558590962997722 341
1615348752851 0.06551325653703291 342
1615348873049 0.0654387065196194 343
1615348992832 0.06536273286117246 344
1615349112288 0.06528126444214728 345
1615349232271 0.06520115959756606 346
1615349351527 0.0651262167423866 347
1615349471730 0.06505196569045744 348
1615349591818 0.06497349272658827 349
1615349712571 0.06489961743278758 350
1615349832438 0.06482000019163739 351
1615349952682 0.06474331465237616 352
1615350072896 0.06466491785909102 353
1615350192368 0.06457687388805622 354
1615350312445 0.06450524397410541 355
1615350432320 0.06443696612572956 356
1615350552547 0.06436212696206485 357
1615350672930 0.06429052253535286 358
1615350793126 0.06420514323620453 359
1615350913374 0.06413486413495942 360
1615351033611 0.06406637243517961 361
1615351153453 0.06399807447293326 362
1615351273063 0.06392491055655247 363
1615351393208 0.0638546236427594 364
1615351513699 0.06377995519524889 365
1615351633968 0.06371110514823831 366
1615351754499 0.06364021124892384 367
1615351874985 0.06356531458032537 368
1615351995278 0.06353292103109938 369
1615352116159 0.06347616546021752 370
1615352236315 0.06341650341644156 371
1615352355640 0.06334790664342911 372
1615352476210 0.06327698287641126 373
1615352596478 0.06321056093149514 374
1615352716878 0.06314292106222595 375
1615352836849 0.06307476231791236 376
1615352957295 0.06300988168049164 377
1615353077324 0.06300075914073615 378
1615353197783 0.0629539130924259 379
1615353317794 0.06289637488521593 380
1615353437808 0.06283817692427852 381
1615353557715 0.06277855288735709 382
1615353677933 0.06271292842618785 383
1615353797153 0.06265554219212818 384
1615353917123 0.06259133033589817 385
1615354036478 0.06252455404709661 386
1615354156706 0.06246680232685771 387
1615354276586 0.06240070724470836 388
1615354395548 0.06233967932713152 389
1615354515313 0.062279255400542334 390
1615354635366 0.06221043761959169 391
1615354754825 0.06214680075577533 392
1615354874208 0.062082615767710916 393
1615354994555 0.06201589246699786 394
1615355114600 0.06194491273773104 395
1615355234862 0.061878471899948634 396
1615355354582 0.06180930026990387 397
1615355474488 0.06174431389681046 398
1615355594746 0.06167815875206418 399
1615355715018 0.061619084113079085 400
1615355834791 0.06154903728995401 401
1615355954524 0.06148300914251202 402
1615356074492 0.06141436017650045 403
1615356194462 0.06135269742831791 404
1615356314564 0.061290992508389604 405
1615356434185 0.06123170621971548 406
1615356554627 0.06116507858918846 407
1615356674882 0.06110938019601634 408
1615356794638 0.06105184102214634 409
1615356914675 0.06099343793811318 410
1615357034778 0.06093043448648283 411
1615357154801 0.06086687061638537 412
1615357274946 0.06079660572540836 413
1615357395321 0.0607368480599713 414
1615357515236 0.060678706005061644 415
1615357635295 0.0606233607558285 416
1615357755355 0.06056534535057549 417
1615357875637 0.06050821210416316 418
1615357995894 0.0604604591714124 419
1615358116375 0.06040898191851521 420
1615358236654 0.060353383534681636 421
1615358356774 0.06029896665522104 422
1615358476907 0.06024558769795496 423
1615358596662 0.060191752029365324 424
1615358716372 0.0601410257040297 425
1615358836578 0.06008685268314559 426
1615358956690 0.06002573415165181 427
1615359076650 0.059975549161332534 428
1615359197082 0.05991723144770245 429
1615359317762 0.059857691825003785 430
1615359437901 0.05980422041770696 431
1615359557675 0.059762213281168125 432
1615359678262 0.059705525450139386 433
1615359798953 0.05965333628314989 434
1615359919168 0.05960625528016022 435
1615360039033 0.059552193549109345 436
1615360159287 0.059503946942573945 437
1615360279187 0.059451771354746594 438
1615360399336 0.05940148687265618 439
1615360518612 0.05934544917342663 440
1615360638614 0.05929158874645553 441
1615360758621 0.059236384501238214 442
1615360878866 0.05918427089200922 443
1615360998544 0.059134988798384226 444
1615361118466 0.05908442245901414 445
1615361238716 0.05902497423260773 446
1615361358747 0.058965774850725204 447
1615361478511 0.05891351803968318 448
1615361608035 0.05886225152173838 449
1615361728413 0.058818254024002384 450
1615361849058 0.058774836531656584 451
1615361969693 0.05872772390070802 452
1615362089501 0.058673260509242764 453
1615362209297 0.05862002525834815 454
1615362329257 0.05857834316503316 455
1615362448372 0.05852662611024819 456
1615362567264 0.05846823724441387 457
1615362687158 0.05842198915405279 458
1615362807244 0.0583674892096609 459
1615362927223 0.058310732142685257 460
1615363046812 0.058261046714543005 461
1615363166924 0.05821306836477872 462
1615363286573 0.05816227905893226 463
1615363405720 0.058115415419301666 464
1615363524653 0.058063381897342475 465
1615363644050 0.05802311968409456 466
1615363765679 0.05797667196323439 467
1615363885439 0.057927410375630706 468
1615364006536 0.05788109573382125 469
1615364129147 0.05784274213995607 470
1615364251023 0.057802379135086714 471
1615364372103 0.057746247414900705 472
1615364493095 0.05769764034729608 473
1615364614561 0.05764936549965077 474
1615364735774 0.0575910361359174 475
1615364855176 0.057537230488475075 476
1615364975478 0.057489411793158314 477
1615365094820 0.057444300620125656 478
1615365213778 0.0573951182377279 479
1615365332838 0.05736020238569587 480
1615365451651 0.05731892359657627 481
1615365570747 0.057275204621155235 482
1615365689811 0.0572355024776668 483
1615365808532 0.057189154476362976 484
1615365927044 0.05715204379488417 485
1615366045967 0.05710985148591294 486
1615366164600 0.057073620679634 487
1615366283297 0.05702898533677629 488
1615366402172 0.05698245422091382 489
1615366520943 0.05693842413889496 490
1615366639242 0.056892701025842915 491
1615366757935 0.05685277931054522 492
1615366876538 0.05680321422334348 493
1615366995561 0.056758579069468525 494
1615367114256 0.05671259234258055 495
1615367233017 0.05666739498374302 496
1615367351527 0.05662529214190354 497
1615367470432 0.056581335826797655 498
1615367589413 0.05654300527786139 499
