1615307723344 0.5502462970343098 0
1615307723346 0.5502462970343098 0
1615307843367 0.6424469372062985 1
1615307843369 0.6424469372062985 1
1615307963459 0.6897388412176969 2
1615307963460 0.6897388412176969 2
1615308083663 0.7201506334370863 3
1615308083665 0.7201506334370863 3
1615308203717 0.7410639183845982 4
1615308203718 0.7410639183845982 4
1615308323485 0.7539522078963209 5
1615308323487 0.7539522078963209 5
1615308443545 0.7668527533202918 6
1615308443547 0.7668527533202918 6
1615308568929 0.7776419831815161 7
1615308568931 0.7776419831815161 7
1615308688874 0.7864027176342694 8
1615308688876 0.7864027176342694 8
1615308808535 0.7935741727754696 9
1615308808537 0.7935741727754696 9
1615308928602 0.7986837246858361 10
1615308928604 0.7986837246858361 10
1615309048554 0.8035634931649512 11
1615309048556 0.8035634931649512 11
1615309168930 0.8068382369330844 12
1615309168932 0.8068382369330844 12
1615309288812 0.8093654184079947 13
1615309288814 0.8093654184079947 13
1615309408683 0.8131477180886921 14
1615309408685 0.8131477180886921 14
1615309528314 0.8166336741110783 15
1615309528316 0.8166336741110783 15
1615309647324 0.8197867484424751 16
1615309647326 0.8197867484424751 16
1615309767087 0.8215615558492061 17
1615309767089 0.8215615558492061 17
1615309887449 0.8238147953371552 18
1615309887451 0.8238147953371552 18
1615310007191 0.8261480478569867 19
1615310007192 0.8261480478569867 19
1615310126951 0.828397538481173 20
1615310126953 0.828397538481173 20
1615310246655 0.8305008667906598 21
1615310246657 0.8305008667906598 21
1615310366132 0.8324508780056321 22
1615310366134 0.8324508780056321 22
1615310485618 0.8343110116342297 23
1615310485620 0.8343110116342297 23
1615310605226 0.8360470185462221 24
1615310605228 0.8360470185462221 24
1615310724730 0.8376629877211068 25
1615310724732 0.8376629877211068 25
1615310844840 0.8391041197788823 26
1615310844843 0.8391041197788823 26
1615310964536 0.8406116067350453 27
1615310964538 0.8406116067350453 27
1615311084310 0.8419968365522404 28
1615311084312 0.8419968365522404 28
1615311204131 0.8433019034397694 29
1615311204133 0.8433019034397694 29
1615311324190 0.844486614641701 30
1615311324191 0.844486614641701 30
1615311444198 0.8456934913384745 31
1615311444200 0.8456934913384745 31
1615311563930 0.8468053214157644 32
1615311563932 0.8468053214157644 32
1615311683825 0.8479777575536741 33
1615311683827 0.8479777575536741 33
1615311803892 0.8490554222118246 34
1615311803894 0.8490554222118246 34
1615311923644 0.8501507275217334 35
1615311923646 0.8501507275217334 35
1615312043696 0.8511768115031453 36
1615312043698 0.8511768115031453 36
1615312163267 0.851193201743529 37
1615312163269 0.851193201743529 37
1615312282492 0.8518054177902622 38
1615312282495 0.8518054177902622 38
1615312401868 0.8525047862109968 39
1615312401870 0.8525047862109968 39
1615312521534 0.8533300521509257 40
1615312521536 0.8533300521509257 40
1615312640835 0.8539049599197907 41
1615312640837 0.8539049599197907 41
1615312760544 0.8543928160743661 42
1615312760546 0.8543928160743661 42
1615312880725 0.8550008054243926 43
1615312880727 0.8550008054243926 43
1615312999456 0.8557032553475988 44
1615312999458 0.8557032553475988 44
1615313119098 0.8563844916325531 45
1615313119100 0.8563844916325531 45
1615313238572 0.8571099227216842 46
1615313238574 0.8571099227216842 46
1615313358230 0.8578348978485136 47
1615313358232 0.8578348978485136 47
1615313478187 0.8585590047389043 48
1615313478189 0.8585590047389043 48
1615313596890 0.8592746863047135 49
1615313596892 0.8592746863047135 49
1615313716449 0.8599616570645148 50
1615313716451 0.8599616570645148 50
1615313836352 0.8606342867361094 51
1615313836354 0.8606342867361094 51
1615313956172 0.8612911827732178 52
1615313956174 0.8612911827732178 52
1615314076011 0.8619652991932177 53
1615314076013 0.8619652991932177 53
1615314195825 0.8626168719352588 54
1615314195827 0.8626168719352588 54
1615314315174 0.8632406669625168 55
1615314315176 0.8632406669625168 55
1615314434974 0.8638472823534894 56
1615314434977 0.8638472823534894 56
1615314554751 0.8644506342822187 57
1615314554753 0.8644506342822187 57
1615314674230 0.8650413690280485 58
1615314674232 0.8650413690280485 58
1615314793872 0.8656174920953404 59
1615314793875 0.8656174920953404 59
1615314913449 0.8661789676483976 60
1615314913451 0.8661789676483976 60
1615315032967 0.8667437296278228 61
1615315032969 0.8667437296278228 61
1615315152559 0.8673105152785865 62
1615315152561 0.8673105152785865 62
1615315272172 0.8678110290654075 63
1615315272174 0.8678110290654075 63
1615315391585 0.8683590376939964 64
1615315391587 0.8683590376939964 64
1615315511081 0.8688666301622334 65
1615315511083 0.8688666301622334 65
1615315630781 0.8693554474467836 66
1615315630783 0.8693554474467836 66
1615315750436 0.8698821063860729 67
1615315750438 0.8698821063860729 67
1615315870161 0.8703755097217551 68
1615315870163 0.8703755097217551 68
1615315989057 0.8709055651837131 69
1615315989059 0.8709055651837131 69
1615316108625 0.8713965387926813 70
1615316108627 0.8713965387926813 70
1615316227923 0.8719277780659029 71
1615316227926 0.8719277780659029 71
1615316347383 0.8724412437184864 72
1615316347385 0.8724412437184864 72
1615316466842 0.8729580483223137 73
1615316466844 0.8729580483223137 73
1615316586201 0.8734536406627641 74
1615316586202 0.8734536406627641 74
1615316705926 0.8739287994095278 75
1615316705929 0.8739287994095278 75
1615316825847 0.8740578457376634 76
1615316825850 0.8740578457376634 76
1615316944854 0.8733915968185421 77
1615316944856 0.8733915968185421 77
1615317064554 0.8733063821518795 78
1615317064557 0.8733063821518795 78
1615317183979 0.8733836508654896 79
1615317183981 0.8733836508654896 79
1615317303000 0.87358430543956 80
1615317303002 0.87358430543956 80
1615317422609 0.8738283428760513 81
1615317422611 0.8738283428760513 81
1615317541918 0.8741326683794259 82
1615317541920 0.8741326683794259 82
1615317661615 0.8744410937095982 83
1615317661617 0.8744410937095982 83
1615317781451 0.8747784630504225 84
1615317781453 0.8747784630504225 84
1615317901349 0.8751296319438587 85
1615317901351 0.8751296319438587 85
1615318020982 0.875500189262187 86
1615318020984 0.875500189262187 86
1615318140729 0.8758750107711791 87
1615318140731 0.8758750107711791 87
1615318260607 0.8762673746145365 88
1615318260609 0.8762673746145365 88
1615318380215 0.8766658503253317 89
1615318380218 0.8766658503253317 89
1615318499696 0.8770514635849738 90
1615318499699 0.8770514635849738 90
1615318619319 0.8774336887617814 91
1615318619321 0.8774336887617814 91
1615318739035 0.8778193928432866 92
1615318739038 0.8778193928432866 92
1615318859053 0.8782276061679087 93
1615318859055 0.8782276061679087 93
1615318978883 0.8786324027694548 94
1615318978885 0.8786324027694548 94
1615319098182 0.8790065379962745 95
1615319098184 0.8790065379962745 95
1615319217995 0.8793749900961506 96
1615319217997 0.8793749900961506 96
1615319337976 0.8797730768432471 97
1615319337978 0.8797730768432471 97
1615319458098 0.8801610491098271 98
1615319458100 0.8801610491098271 98
1615319577995 0.8805557114314013 99
1615319577998 0.8805557114314013 99
1615319697820 0.8809268566299064 100
1615319697823 0.8809268566299064 100
1615319817916 0.8813092883835466 101
1615319817918 0.8813092883835466 101
1615319937747 0.881701595011876 102
1615319937749 0.881701595011876 102
1615320057537 0.8820417846069728 103
1615320057539 0.8820417846069728 103
1615320177488 0.8823859834239981 104
1615320177490 0.8823859834239981 104
1615320297320 0.8827562576279958 105
1615320297321 0.8827562576279958 105
1615320417060 0.8831161151756131 106
1615320417062 0.8831161151756131 106
1615320536805 0.8834403368339127 107
1615320536807 0.8834403368339127 107
1615320656453 0.8837592827553306 108
1615320656455 0.8837592827553306 108
1615320776142 0.8841102997177211 109
1615320776144 0.8841102997177211 109
1615320896257 0.8843818879351313 110
1615320896259 0.8843818879351313 110
1615321015819 0.8846983245513375 111
1615321015821 0.8846983245513375 111
1615321135902 0.8848093734576113 112
1615321135904 0.8848093734576113 112
1615321255560 0.8850064700555706 113
1615321255563 0.8850064700555706 113
1615321375311 0.8853060169649507 114
1615321375313 0.8853060169649507 114
1615321495119 0.8856119560010685 115
1615321495121 0.8856119560010685 115
1615321614600 0.8859353564843103 116
1615321614602 0.8859353564843103 116
1615321734413 0.8862746038695373 117
1615321734415 0.8862746038695373 117
1615321854091 0.8865675215917634 118
1615321854094 0.8865675215917634 118
1615321974164 0.8868872684871418 119
1615321974167 0.8868872684871418 119
1615322094155 0.8872121093040871 120
1615322094157 0.8872121093040871 120
1615322214240 0.8875169634462637 121
1615322214243 0.8875169634462637 121
1615322334030 0.8878403051692247 122
1615322334033 0.8878403051692247 122
1615322454328 0.8881456954718592 123
1615322454330 0.8881456954718592 123
1615322574352 0.8884487346094937 124
1615322574354 0.8884487346094937 124
1615322694235 0.8887742676129453 125
1615322694237 0.8887742676129453 125
1615322814381 0.8890968664516565 126
1615322814384 0.8890968664516565 126
1615322934231 0.8893795127710223 127
1615322934233 0.8893795127710223 127
1615323054462 0.8896756583979274 128
1615323054465 0.8896756583979274 128
1615323174240 0.8899730987226683 129
1615323174242 0.8899730987226683 129
1615323294328 0.8902891157068703 130
1615323294331 0.8902891157068703 130
1615323414488 0.8905613186766239 131
1615323414490 0.8905613186766239 131
1615323534579 0.8908135647706887 132
1615323534581 0.8908135647706887 132
1615323654559 0.8910959171901789 133
1615323654561 0.8910959171901789 133
1615323774824 0.8913678530292691 134
1615323774826 0.8913678530292691 134
1615323894552 0.8916500714236316 135
1615323894554 0.8916500714236316 135
1615324014297 0.8919348327140849 136
1615324014299 0.8919348327140849 136
1615324134725 0.8922092299312095 137
1615324134727 0.8922092299312095 137
1615324254482 0.8924960777108304 138
1615324254483 0.8924960777108304 138
1615324374289 0.8927412567318662 139
1615324374291 0.8927412567318662 139
1615324494198 0.8930198789053782 140
1615324494200 0.8930198789053782 140
1615324613959 0.8932991452677231 141
1615324613961 0.8932991452677231 141
1615324734111 0.8935688802226485 142
1615324734113 0.8935688802226485 142
1615324853981 0.8938558817540714 143
1615324853983 0.8938558817540714 143
1615324974120 0.8941260292109946 144
1615324974123 0.8941260292109946 144
1615325094012 0.8943823147024349 145
1615325094014 0.8943823147024349 145
1615325213834 0.8946521462862604 146
1615325213837 0.8946521462862604 146
1615325333794 0.8949110371925876 147
1615325333796 0.8949110371925876 147
1615325454212 0.8951634688713919 148
1615325454214 0.8951634688713919 148
1615325574254 0.8954268485326232 149
1615325574256 0.8954268485326232 149
1615325694667 0.8957012142178555 150
1615325694670 0.8957012142178555 150
1615325814300 0.8959690511262506 151
1615325814302 0.8959690511262506 151
1615325934252 0.8962189414096997 152
1615325934254 0.8962189414096997 152
1615326054200 0.8964721739344861 153
1615326054202 0.8964721739344861 153
1615326174189 0.8967213887708749 154
1615326174191 0.8967213887708749 154
1615326294077 0.8969444187509148 155
1615326294079 0.8969444187509148 155
1615326413912 0.897168052437395 156
1615326413914 0.897168052437395 156
1615326533818 0.897417561327921 157
1615326533821 0.897417561327921 157
1615326653931 0.8976332539395111 158
1615326653933 0.8976332539395111 158
1615326774027 0.8978716935284801 159
1615326774029 0.8978716935284801 159
1615326900185 0.8981122314184701 160
1615326900187 0.8981122314184701 160
1615327019804 0.8983469686242862 161
1615327019806 0.8983469686242862 161
1615327139672 0.8985473650119874 162
1615327139674 0.8985473650119874 162
1615327259500 0.8987150092846214 163
1615327259502 0.8987150092846214 163
1615327379750 0.8988971413654452 164
1615327379753 0.8988971413654452 164
1615327500251 0.8991221626957582 165
1615327500253 0.8991221626957582 165
1615327620514 0.8993415698986406 166
1615327620516 0.8993415698986406 166
1615327740682 0.8995492817121135 167
1615327740685 0.8995492817121135 167
1615327859788 0.8997393032866725 168
1615327859790 0.8997393032866725 168
1615327979588 0.8999232288711659 169
1615327979590 0.8999232288711659 169
1615328099529 0.9001339626409675 170
1615328099532 0.9001339626409675 170
1615328219001 0.9003527405500772 171
1615328219003 0.9003527405500772 171
1615328339061 0.9005695915471703 172
1615328339063 0.9005695915471703 172
1615328458899 0.9007626530441284 173
1615328458902 0.9007626530441284 173
1615328579035 0.9009831937534346 174
1615328579037 0.9009831937534346 174
1615328699078 0.901199724964022 175
1615328699080 0.901199724964022 175
1615328818885 0.9014173979562423 176
1615328818887 0.9014173979562423 176
1615328938920 0.9016500298107497 177
1615328938922 0.9016500298107497 177
1615329058559 0.9018630971048796 178
1615329058562 0.9018630971048796 178
1615329178343 0.9020719528312537 179
1615329178345 0.9020719528312537 179
1615329298400 0.9022818820464568 180
1615329298402 0.9022818820464568 180
1615329418056 0.9024830148634009 181
1615329418058 0.9024830148634009 181
1615329537813 0.9026947752228889 182
1615329537815 0.9026947752228889 182
1615329657715 0.9028804892765351 183
1615329657717 0.9028804892765351 183
1615329777707 0.9030879957741937 184
1615329777709 0.9030879957741937 184
1615329897460 0.9032627368395781 185
1615329897463 0.9032627368395781 185
1615330017611 0.9034408500769072 186
1615330017613 0.9034408500769072 186
1615330137528 0.903625587406919 187
1615330137530 0.903625587406919 187
1615330257235 0.9038184945240136 188
1615330257237 0.9038184945240136 188
1615330377654 0.904003041272417 189
1615330377657 0.904003041272417 189
1615330497513 0.9042037930309011 190
1615330497515 0.9042037930309011 190
1615330617400 0.9043916613712044 191
1615330617402 0.9043916613712044 191
1615330737410 0.9045832469484947 192
1615330737413 0.9045832469484947 192
1615330857572 0.9047780896113263 193
1615330857574 0.9047780896113263 193
1615330977508 0.9049843664617889 194
1615330977510 0.9049843664617889 194
1615331097209 0.9051824705578796 195
1615331097212 0.9051824705578796 195
1615331217245 0.9053875772982863 196
1615331217247 0.9053875772982863 196
1615331337327 0.9055698641937986 197
1615331337329 0.9055698641937986 197
1615331457876 0.9057599834327755 198
1615331457879 0.9057599834327755 198
1615331577928 0.9059438788571132 199
1615331577930 0.9059438788571132 199
1615331698068 0.9061104407070798 200
1615331698071 0.9061104407070798 200
1615331818167 0.9062990014228954 201
1615331818170 0.9062990014228954 201
1615331938205 0.9064675104096243 202
1615331938207 0.9064675104096243 202
1615332058302 0.9066555167678914 203
1615332058304 0.9066555167678914 203
1615332178272 0.9068334307712798 204
1615332178274 0.9068334307712798 204
1615332298178 0.9069930652266867 205
1615332298180 0.9069930652266867 205
1615332418094 0.9071750504731794 206
1615332418096 0.9071750504731794 206
1615332537955 0.907365742569627 207
1615332537957 0.907365742569627 207
1615332657695 0.9075587902717986 208
1615332657697 0.9075587902717986 208
1615332778018 0.9077326161364611 209
1615332778020 0.9077326161364611 209
1615332897960 0.9079218862147825 210
1615332897962 0.9079218862147825 210
1615333018361 0.9080964854413027 211
1615333018364 0.9080964854413027 211
1615333139233 0.9082760883266934 212
1615333139236 0.9082760883266934 212
1615333259476 0.9084373752772705 213
1615333259479 0.9084373752772705 213
1615333379780 0.9086050889874057 214
1615333379783 0.9086050889874057 214
1615333500082 0.9087737948641968 215
1615333500085 0.9087737948641968 215
1615333620147 0.9089400323851028 216
1615333620149 0.9089400323851028 216
1615333740272 0.9091156044321737 217
1615333740274 0.9091156044321737 217
1615333860220 0.9092942648400647 218
1615333860223 0.9092942648400647 218
1615333980336 0.9094626471756616 219
1615333980338 0.9094626471756616 219
1615334100822 0.9096204138856487 220
1615334100825 0.9096204138856487 220
1615334221080 0.909789542895358 221
1615334221083 0.909789542895358 221
1615334341099 0.9099089549656801 222
1615334341102 0.9099089549656801 222
1615334461619 0.9100622951635409 223
1615334461622 0.9100622951635409 223
1615334581874 0.9101965879002714 224
1615334581877 0.9101965879002714 224
1615334701378 0.9103561769600154 225
1615334701380 0.9103561769600154 225
1615334821119 0.9104981580432572 226
1615334821122 0.9104981580432572 226
1615334941555 0.910655517991692 227
1615334941557 0.910655517991692 227
1615335060816 0.9107977968936176 228
1615335060818 0.9107977968936176 228
1615335181223 0.9109552388811349 229
1615335181225 0.9109552388811349 229
1615335301402 0.9111224682743491 230
1615335301404 0.9111224682743491 230
1615335421666 0.911288863945488 231
1615335421668 0.911288863945488 231
1615335542127 0.9114383938353329 232
1615335542129 0.9114383938353329 232
1615335662217 0.9115825547025395 233
1615335662219 0.9115825547025395 233
1615335782504 0.9117385484760872 234
1615335782506 0.9117385484760872 234
1615335902952 0.9118870808506165 235
1615335902954 0.9118870808506165 235
1615336023175 0.9120306058340066 236
1615336023177 0.9120306058340066 236
1615336143182 0.9121986706740572 237
1615336143184 0.9121986706740572 237
1615336263357 0.9123550772637621 238
1615336263359 0.9123550772637621 238
1615336384096 0.9125030936657069 239
1615336384098 0.9125030936657069 239
1615336504574 0.9126433344148256 240
1615336504578 0.9126433344148256 240
1615336624764 0.912802399935568 241
1615336624766 0.912802399935568 241
1615336744813 0.9129538038535819 242
1615336744815 0.9129538038535819 242
1615336864945 0.9130927153619417 243
1615336864947 0.9130927153619417 243
1615336985877 0.9132447802901107 244
1615336985880 0.9132447802901107 244
1615337106427 0.9133742578811797 245
1615337106430 0.9133742578811797 245
1615337226615 0.9135232828724072 246
1615337226618 0.9135232828724072 246
1615337347133 0.913660706538119 247
1615337347135 0.913660706538119 247
1615337467952 0.9138107149241154 248
1615337467955 0.9138107149241154 248
1615337588171 0.9139576728871067 249
1615337588173 0.9139576728871067 249
1615337708656 0.9140994234162653 250
1615337708658 0.9140994234162653 250
1615337828301 0.9142328541127058 251
1615337828304 0.9142328541127058 251
1615337948685 0.9143577245722343 252
1615337948689 0.9143577245722343 252
1615338068618 0.9144963875313562 253
1615338068620 0.9144963875313562 253
1615338188670 0.9146303447597396 254
1615338188672 0.9146303447597396 254
1615338309076 0.9147657980656326 255
1615338309079 0.9147657980656326 255
1615338428958 0.9148935973793538 256
1615338428960 0.9148935973793538 256
1615338548750 0.9150386769552982 257
1615338548752 0.9150386769552982 257
1615338668970 0.9151824443833837 258
1615338668973 0.9151824443833837 258
1615338789045 0.9153171143008035 259
1615338789047 0.9153171143008035 259
1615338909284 0.9154561722620556 260
1615338909286 0.9154561722620556 260
1615339029387 0.9155794330511293 261
1615339029390 0.9155794330511293 261
1615339149423 0.9157277527363822 262
1615339149425 0.9157277527363822 262
1615339269613 0.9158650596128218 263
1615339269615 0.9158650596128218 263
1615339389825 0.915994204473148 264
1615339389827 0.915994204473148 264
1615339509703 0.9161294681284397 265
1615339509705 0.9161294681284397 265
1615339628736 0.9162575037565514 266
1615339628739 0.9162575037565514 266
1615339748536 0.916395992269056 267
1615339748538 0.916395992269056 267
1615339868549 0.916512906851691 268
1615339868551 0.916512906851691 268
1615339988567 0.9166449232672528 269
1615339988569 0.9166449232672528 269
1615340108641 0.9167718974249806 270
1615340108643 0.9167718974249806 270
1615340228355 0.9168893247869363 271
1615340228357 0.9168893247869363 271
1615340348778 0.9170352981204486 272
1615340348781 0.9170352981204486 272
1615340468799 0.9171572944108993 273
1615340468801 0.9171572944108993 273
1615340589053 0.917274439046349 274
1615340589056 0.917274439046349 274
1615340709076 0.9173986796632557 275
1615340709078 0.9173986796632557 275
1615340829097 0.9174995283068857 276
1615340829099 0.9174995283068857 276
1615340949062 0.9176088184557081 277
1615340949064 0.9176088184557081 277
1615341068960 0.9177236543544933 278
1615341068962 0.9177236543544933 278
1615341188498 0.9178512617558447 279
1615341188500 0.9178512617558447 279
1615341308280 0.917969041697136 280
1615341308283 0.917969041697136 280
1615341428037 0.9180909840653699 281
1615341428039 0.9180909840653699 281
1615341548059 0.9182220989809066 282
1615341548062 0.9182220989809066 282
1615341667898 0.9183411674412694 283
1615341667900 0.9183411674412694 283
1615341788047 0.9184838486511018 284
1615341788049 0.9184838486511018 284
1615341908252 0.9186026924438971 285
1615341908254 0.9186026924438971 285
1615342028125 0.9187421332966303 286
1615342028127 0.9187421332966303 286
1615342148402 0.9188641509928108 287
1615342148405 0.9188641509928108 287
1615342268169 0.918950782999437 288
1615342268171 0.918950782999437 288
1615342387979 0.919049701454502 289
1615342387981 0.919049701454502 289
1615342508188 0.919160829682067 290
1615342508191 0.919160829682067 290
1615342627899 0.91926412533533 291
1615342627902 0.91926412533533 291
1615342748293 0.9193684731200081 292
1615342748296 0.9193684731200081 292
1615342868275 0.9194783172737067 293
1615342868277 0.9194783172737067 293
1615342988144 0.9195933026143592 294
1615342988146 0.9195933026143592 294
1615343108112 0.9197013704051736 295
1615343108115 0.9197013704051736 295
1615343228169 0.9198026182604088 296
1615343228172 0.9198026182604088 296
1615343348511 0.9199073940739789 297
1615343348514 0.9199073940739789 297
1615343468584 0.9200114018929476 298
1615343468586 0.9200114018929476 298
1615343588704 0.9201168911249854 299
1615343588706 0.9201168911249854 299
1615343708844 0.9202262129433825 300
1615343708847 0.9202262129433825 300
1615343829037 0.9203333293059334 301
1615343829039 0.9203333293059334 301
1615343949016 0.9204450849647176 302
1615343949018 0.9204450849647176 302
1615344068131 0.9205513640951789 303
1615344068134 0.9205513640951789 303
1615344187825 0.9206578221967829 304
1615344187828 0.9206578221967829 304
1615344307715 0.9207721140138267 305
1615344307717 0.9207721140138267 305
1615344427770 0.9208718070923277 306
1615344427772 0.9208718070923277 306
1615344547660 0.920984940083286 307
1615344547662 0.920984940083286 307
1615344667280 0.9210794811306027 308
1615344667283 0.9210794811306027 308
1615344787532 0.9211775986885773 309
1615344787535 0.9211775986885773 309
1615344908009 0.9212691329649167 310
1615344908012 0.9212691329649167 310
1615345028449 0.9213673075234428 311
1615345028452 0.9213673075234428 311
1615345148586 0.9214704420068837 312
1615345148588 0.9214704420068837 312
1615345268580 0.9215790948257085 313
1615345268582 0.9215790948257085 313
1615345388611 0.9216882595059441 314
1615345388614 0.9216882595059441 314
1615345508639 0.9217808654622623 315
1615345508641 0.9217808654622623 315
1615345628556 0.9218851088983963 316
1615345628559 0.9218851088983963 316
1615345749038 0.921984557628017 317
1615345749040 0.921984557628017 317
1615345868926 0.9220882784393077 318
1615345868928 0.9220882784393077 318
1615345989189 0.9221954245170672 319
1615345989191 0.9221954245170672 319
1615346109813 0.9222849879919447 320
1615346109816 0.9222849879919447 320
1615346230140 0.9223821057274186 321
1615346230142 0.9223821057274186 321
1615346350389 0.922486310428054 322
1615346350391 0.922486310428054 322
1615346470728 0.9225911386971745 323
1615346470730 0.9225911386971745 323
1615346590884 0.9226837696761196 324
1615346590887 0.9226837696761196 324
1615346710502 0.9227786015677556 325
1615346710504 0.9227786015677556 325
1615346830425 0.9228718370429426 326
1615346830427 0.9228718370429426 326
1615346950816 0.9229701296395839 327
1615346950818 0.9229701296395839 327
1615347071080 0.9230662028353859 328
1615347071083 0.9230662028353859 328
1615347190895 0.9231413765314649 329
1615347190897 0.9231413765314649 329
1615347310933 0.9232295140778249 330
1615347310936 0.9232295140778249 330
1615347430991 0.9233275761374304 331
1615347430994 0.9233275761374304 331
1615347551202 0.9234196678614468 332
1615347551204 0.9234196678614468 332
1615347671599 0.9235047098653387 333
1615347671601 0.9235047098653387 333
1615347791298 0.9235948160866647 334
1615347791301 0.9235948160866647 334
1615347911472 0.9236917173168564 335
1615347911475 0.9236917173168564 335
1615348031625 0.923775048058547 336
1615348031627 0.923775048058547 336
1615348151958 0.9238617294104848 337
1615348151960 0.9238617294104848 337
1615348272075 0.9239542001193022 338
1615348272077 0.9239542001193022 338
1615348392358 0.9240452385563941 339
1615348392361 0.9240452385563941 339
1615348512841 0.9241477408505763 340
1615348512843 0.9241477408505763 340
1615348632820 0.9242520298268406 341
1615348632822 0.9242520298268406 341
1615348752854 0.9243378572027854 342
1615348752856 0.9243378572027854 342
1615348873052 0.9244259316656843 343
1615348873055 0.9244259316656843 343
1615348992834 0.9245146571863028 344
1615348992836 0.9245146571863028 344
1615349112290 0.924609416531732 345
1615349112293 0.924609416531732 345
1615349232274 0.9247027456376165 346
1615349232277 0.9247027456376165 346
1615349351530 0.9247918198713423 347
1615349351532 0.9247918198713423 347
1615349471732 0.924878076564052 348
1615349471735 0.924878076564052 348
1615349591821 0.9249697585586607 349
1615349591824 0.9249697585586607 349
1615349712574 0.9250564394237477 350
1615349712576 0.9250564394237477 350
1615349832441 0.925149867534315 351
1615349832443 0.925149867534315 351
1615349952684 0.9252394138174256 352
1615349952686 0.9252394138174256 352
1615350072898 0.9253318211179499 353
1615350072900 0.9253318211179499 353
1615350192371 0.9254341999204725 354
1615350192373 0.9254341999204725 354
1615350312448 0.925518511886968 355
1615350312450 0.925518511886968 355
1615350432322 0.9255984956659089 356
1615350432325 0.9255984956659089 356
1615350552549 0.9256861910541103 357
1615350552551 0.9256861910541103 357
1615350672933 0.9257695142493974 358
1615350672935 0.9257695142493974 358
1615350793129 0.925870254985018 359
1615350793131 0.925870254985018 359
1615350913377 0.9259530070822743 360
1615350913379 0.9259530070822743 360
1615351033614 0.9260322054193912 361
1615351033616 0.9260322054193912 361
1615351153457 0.9261119304872226 362
1615351153459 0.9261119304872226 362
1615351273065 0.9261972953850908 363
1615351273068 0.9261972953850908 363
1615351393210 0.926278882981888 364
1615351393213 0.926278882981888 364
1615351513701 0.9263657087849214 365
1615351513704 0.9263657087849214 365
1615351633971 0.9264470186163136 366
1615351633973 0.9264470186163136 366
1615351754501 0.9265300277785241 367
1615351754503 0.9265300277785241 367
1615351874988 0.9266178006019166 368
1615351874991 0.9266178006019166 368
1615351995280 0.9266550425857832 369
1615351995282 0.9266550425857832 369
1615352116161 0.9267212855889082 370
1615352116164 0.9267212855889082 370
1615352236317 0.9267922353142635 371
1615352236319 0.9267922353142635 371
1615352355643 0.9268720438377066 372
1615352355646 0.9268720438377066 372
1615352476213 0.9269556922882541 373
1615352476215 0.9269556922882541 373
1615352596481 0.9270331566803786 374
1615352596483 0.9270331566803786 374
1615352716880 0.9271122652982002 375
1615352716883 0.9271122652982002 375
1615352836852 0.9271924480696455 376
1615352836854 0.9271924480696455 376
1615352957298 0.9272693372404738 377
1615352957300 0.9272693372404738 377
1615353077326 0.9272798678390594 378
1615353077329 0.9272798678390594 378
1615353197785 0.9273344183785479 379
1615353197788 0.9273344183785479 379
1615353317796 0.9274012583216383 380
1615353317799 0.9274012583216383 380
1615353437810 0.9274700820858512 381
1615353437812 0.9274700820858512 381
1615353557717 0.9275391643421868 382
1615353557719 0.9275391643421868 382
1615353677936 0.9276157293003341 383
1615353677938 0.9276157293003341 383
1615353797156 0.927682648849137 384
1615353797158 0.927682648849137 384
1615353917125 0.9277567601494138 385
1615353917128 0.9277567601494138 385
1615354036480 0.9278357297693842 386
1615354036483 0.9278357297693842 386
1615354156708 0.9279025524728838 387
1615354156710 0.9279025524728838 387
1615354276588 0.9279805113213154 388
1615354276591 0.9279805113213154 388
1615354395550 0.9280513703100268 389
1615354395552 0.9280513703100268 389
1615354515315 0.9281221745257651 390
1615354515318 0.9281221745257651 390
1615354635368 0.9282024506846297 391
1615354635370 0.9282024506846297 391
1615354754828 0.9282771265928972 392
1615354754830 0.9282771265928972 392
1615354874210 0.9283523395245747 393
1615354874213 0.9283523395245747 393
1615354994557 0.9284307867289994 394
1615354994559 0.9284307867289994 394
1615355114603 0.9285135023807239 395
1615355114605 0.9285135023807239 395
1615355234865 0.9285911013640757 396
1615355234867 0.9285911013640757 396
1615355354584 0.9286725661467077 397
1615355354587 0.9286725661467077 397
1615355474491 0.9287487988424012 398
1615355474493 0.9287487988424012 398
1615355594749 0.9288249592645675 399
1615355594751 0.9288249592645675 399
1615355715021 0.9288943650656933 400
1615355715023 0.9288943650656933 400
1615355834793 0.9289763258758903 401
1615355834796 0.9289763258758903 401
1615355954526 0.9290535672570577 402
1615355954528 0.9290535672570577 402
1615356074495 0.9291342108197882 403
1615356074497 0.9291342108197882 403
1615356194465 0.92920664993314 404
1615356194467 0.92920664993314 404
1615356314566 0.9292790538039553 405
1615356314568 0.9292790538039553 405
1615356434187 0.9293484565035486 406
1615356434189 0.9293484565035486 406
1615356554629 0.9294261050869551 407
1615356554632 0.9294261050869551 407
1615356674885 0.9294919207542877 408
1615356674887 0.9294919207542877 408
1615356794641 0.9295590285073474 409
1615356794643 0.9295590285073474 409
1615356914678 0.9296279056027827 410
1615356914680 0.9296279056027827 410
1615357034780 0.9297013531898255 411
1615357034783 0.9297013531898255 411
1615357154803 0.9297756454543019 412
1615357154806 0.9297756454543019 412
1615357274948 0.9298576083626818 413
1615357274951 0.9298576083626818 413
1615357395323 0.9299281910612487 414
1615357395326 0.9299281910612487 414
1615357515239 0.9299965075231351 415
1615357515241 0.9299965075231351 415
1615357635297 0.9300619959347223 416
1615357635299 0.9300619959347223 416
1615357755357 0.9301307603935262 417
1615357755360 0.9301307603935262 417
1615357875639 0.9301977356861896 418
1615357875642 0.9301977356861896 418
1615357995896 0.9302539190319816 419
1615357995899 0.9302539190319816 419
1615358116377 0.9303139910215731 420
1615358116380 0.9303139910215731 420
1615358236656 0.9303788061378168 421
1615358236659 0.9303788061378168 421
1615358356777 0.9304425955521428 422
1615358356779 0.9304425955521428 422
1615358476909 0.9305056862967671 423
1615358476911 0.9305056862967671 423
1615358596665 0.9305679500235129 424
1615358596667 0.9305679500235129 424
1615358716375 0.9306275393494333 425
1615358716377 0.9306275393494333 425
1615358836580 0.9306911414341289 426
1615358836583 0.9306911414341289 426
1615358956692 0.9307621905703835 427
1615358956694 0.9307621905703835 427
1615359076652 0.930820999337393 428
1615359076655 0.930820999337393 428
1615359197085 0.9308892877405865 429
1615359197087 0.9308892877405865 429
1615359317764 0.930959346896564 430
1615359317767 0.930959346896564 430
1615359437903 0.9310221166081976 431
1615359437905 0.9310221166081976 431
1615359557678 0.9310696670058551 432
1615359557680 0.9310696670058551 432
1615359678263 0.9311363152329181 433
1615359678266 0.9311363152329181 433
1615359798955 0.931197364331135 434
1615359798957 0.931197364331135 434
1615359919170 0.9312542138986442 435
1615359919172 0.9312542138986442 435
1615360039035 0.9313175884796273 436
1615360039037 0.9313175884796273 436
1615360159289 0.9313743455783733 437
1615360159291 0.9313743455783733 437
1615360279190 0.9314360875493596 438
1615360279192 0.9314360875493596 438
1615360399338 0.9314956034667624 439
1615360399340 0.9314956034667624 439
1615360518615 0.9315610951789247 440
1615360518617 0.9315610951789247 440
1615360638616 0.9316245671985623 441
1615360638618 0.9316245671985623 441
1615360758623 0.9316897185959313 442
1615360758625 0.9316897185959313 442
1615360878869 0.9317506165905513 443
1615360878871 0.9317506165905513 443
1615360998546 0.931808741521524 444
1615360998548 0.931808741521524 444
1615361118468 0.9318679383439833 445
1615361118471 0.9318679383439833 445
1615361238718 0.9319368577446743 446
1615361238720 0.9319368577446743 446
1615361358749 0.9320057564836263 447
1615361358751 0.9320057564836263 447
1615361478513 0.9320670311826388 448
1615361478515 0.9320670311826388 448
1615361608038 0.9321268311529655 449
1615361608040 0.9321268311529655 449
1615361728415 0.9321790364632152 450
1615361728418 0.9321790364632152 450
1615361849060 0.9322294884903435 451
1615361849062 0.9322294884903435 451
1615361969696 0.9322848372723044 452
1615361969698 0.9322848372723044 452
1615362089503 0.9323486098158067 453
1615362089506 0.9323486098158067 453
1615362209300 0.9324115355196486 454
1615362209302 0.9324115355196486 454
1615362329259 0.9324593874362483 455
1615362329262 0.9324593874362483 455
1615362448374 0.9325196697115418 456
1615362448377 0.9325196697115418 456
1615362567267 0.932588249123129 457
1615362567269 0.932588249123129 457
1615362687161 0.9326420116557759 458
1615362687163 0.9326420116557759 458
1615362807246 0.9327053628776082 459
1615362807247 0.9327053628776082 459
1615362927226 0.9327714711662394 460
1615362927228 0.9327714711662394 460
1615363046815 0.9328293252472522 461
1615363046817 0.9328293252472522 461
1615363166926 0.9328861020801806 462
1615363166929 0.9328861020801806 462
1615363286575 0.9329455540709845 463
1615363286578 0.9329455540709845 463
1615363405722 0.9329994074612867 464
1615363405724 0.9329994074612867 464
1615363524655 0.9330606931561235 465
1615363524657 0.9330606931561235 465
1615363644052 0.9331073474560804 466
1615363644054 0.9331073474560804 466
1615363765681 0.9331612917680743 467
1615363765683 0.9331612917680743 467
1615363885442 0.9332190068164847 468
1615363885444 0.9332190068164847 468
1615364006538 0.9332729164387928 469
1615364006540 0.9332729164387928 469
1615364129149 0.9333174201909912 470
1615364129152 0.9333174201909912 470
1615364251026 0.9333647698765465 471
1615364251028 0.9333647698765465 471
1615364372105 0.9334303817416802 472
1615364372108 0.9334303817416802 472
1615364493098 0.9334870042209328 473
1615364493100 0.9334870042209328 473
1615364614563 0.9335436327727352 474
1615364614566 0.9335436327727352 474
1615364735777 0.9336114425905288 475
1615364735779 0.9336114425905288 475
1615364855178 0.9336738720247846 476
1615364855181 0.9336738720247846 476
1615364975479 0.9337301077842866 477
1615364975481 0.9337301077842866 477
1615365094822 0.9337823715669077 478
1615365094825 0.9337823715669077 478
1615365213780 0.9338394142192695 479
1615365213782 0.9338394142192695 479
1615365332840 0.933880499440626 480
1615365332842 0.933880499440626 480
1615365451653 0.9339281577681985 481
1615365451656 0.9339281577681985 481
1615365570749 0.9339792423858763 482
1615365570752 0.9339792423858763 482
1615365689813 0.9340248210295896 483
1615365689815 0.9340248210295896 483
1615365808535 0.9340796600550907 484
1615365808537 0.9340796600550907 484
1615365927046 0.9341233915674346 485
1615365927048 0.9341233915674346 485
1615366045969 0.9341723738530089 486
1615366045972 0.9341723738530089 486
1615366164602 0.934214734613502 487
1615366164604 0.934214734613502 487
1615366283299 0.9342668523917987 488
1615366283301 0.9342668523917987 488
1615366402174 0.9343217941767556 489
1615366402177 0.9343217941767556 489
1615366520946 0.9343739551728335 490
1615366520948 0.9343739551728335 490
1615366639244 0.9344276357228545 491
1615366639246 0.9344276357228545 491
1615366757938 0.934473408118649 492
1615366757940 0.934473408118649 492
1615366876541 0.9345314613366117 493
1615366876543 0.9345314613366117 493
1615366995564 0.9345838245257705 494
1615366995566 0.9345838245257705 494
1615367114259 0.934637935343949 495
1615367114261 0.934637935343949 495
1615367233020 0.9346909549113795 496
1615367233022 0.9346909549113795 496
1615367351530 0.9347397989832315 497
1615367351532 0.9347397989832315 497
1615367470434 0.9347906869443121 498
1615367470437 0.9347906869443121 498
1615367589416 0.9348333523038825 499
1615367589418 0.9348333523038825 499
