1615307723335 0.4274518303017118 0
1615307843358 0.2272426726213142 1
1615307963450 0.18474550923304772 2
1615308083654 0.16297386386501256 3
1615308203709 0.15089433851526746 4
1615308323477 0.1569060594288271 5
1615308443537 0.13437637108475414 6
1615308568920 0.12594279157581614 7
1615308688866 0.12364314830125268 8
1615308808526 0.12143064434848615 9
1615308928592 0.13020388848746 10
1615309048544 0.12265901156325838 11
1615309168920 0.13256044530156832 12
1615309288803 0.13486640933734267 13
1615309408674 0.11537707474694323 14
1615309528305 0.11265066310540954 15
1615309647313 0.1111357318821238 16
1615309767076 0.12682668575600012 17
1615309887438 0.11690422225354323 18
1615310007181 0.11143683764471937 19
1615310126940 0.10850987238670463 20
1615310246645 0.10772704633314219 21
1615310366122 0.10782249916845293 22
1615310485609 0.10564205628722462 23
1615310605215 0.10541956460297998 24
1615310724720 0.10505209040285936 25
1615310844830 0.10650992838304434 26
1615310964525 0.1019322925539159 27
1615311084300 0.1026133921608996 28
1615311204120 0.10187596171649534 29
1615311324179 0.1032016312898095 30
1615311444188 0.10082323070782334 31
1615311563920 0.101032255300835 32
1615311683815 0.09725587403596338 33
1615311803883 0.09765871781021801 34
1615311923635 0.09595327146017729 35
1615312043686 0.09612142950741213 36
1615312163257 0.12811490759920718 37
1615312282483 0.10749208304419447 38
1615312401858 0.10354922422722204 39
1615312521524 0.09774117683296774 40
1615312640825 0.1060966760364931 41
1615312760534 0.10821702498108593 42
1615312880715 0.10231076158694367 43
1615312999447 0.0980036694612076 44
1615313119087 0.09718302737421064 45
1615313238562 0.09406300000290373 46
1615313358220 0.09323520357929059 47
1615313478177 0.09176485040294591 48
1615313596880 0.09129339100709602 49
1615313716439 0.09057773671933074 50
1615313836343 0.08984049042659019 51
1615313956161 0.09001688992799219 52
1615314076001 0.08785945443964716 53
1615314195815 0.08743885203973571 54
1615314315164 0.0890183493272582 55
1615314434964 0.0877868275144207 56
1615314554742 0.08724277588858534 57
1615314674220 0.08633904492677148 58
1615314793863 0.08584971214408305 59
1615314913439 0.08657557306004994 60
1615315032958 0.08479935820422956 61
1615315152549 0.08372170177858267 62
1615315272163 0.08662328791262498 63
1615315391575 0.08356132969927432 64
1615315511070 0.08499465593651159 65
1615315630770 0.08422685292229723 66
1615315750426 0.08157235472949582 67
1615315870150 0.0825015092963603 68
1615315989048 0.07955115410818983 69
1615316108615 0.0814541275821515 70
1615316227914 0.0775252020181115 71
1615316347373 0.07813195861987214 72
1615316466833 0.07672508172134855 73
1615316586191 0.07703723836300978 74
1615316705916 0.07823857887467342 75
1615316825838 0.10004282531453602 76
1615316944844 0.1524417827378458 77
1615317064545 0.11502269221775567 78
1615317183969 0.1040838529814535 79
1615317302990 0.09508659501573932 80
1615317422599 0.09167274076547195 81
1615317541908 0.08744312667134982 82
1615317661605 0.08607778709326218 83
1615317781442 0.08343195559373542 84
1615317901339 0.0816420316696167 85
1615318020973 0.08025213497788158 86
1615318140719 0.07859969939758528 87
1615318260598 0.07688046213406236 88
1615318380206 0.0757454598127906 89
1615318499687 0.07634262718371491 90
1615318619309 0.07546398799810837 91
1615318739026 0.074529481467916 92
1615318859043 0.07198790560907392 93
1615318978873 0.07172388905909524 94
1615319098172 0.07350474418099247 95
1615319217985 0.0742233813698612 96
1615319337966 0.06999935854726763 97
1615319458088 0.0707819577473313 98
1615319577986 0.06942788967445715 99
1615319697811 0.07038091634636495 100
1615319817906 0.06911443685417745 101
1615319937737 0.06758921537826311 102
1615320057527 0.07115940994291163 103
1615320177478 0.07020735918585934 104
1615320297310 0.06789442407551097 105
1615320417050 0.06794221098743268 106
1615320536795 0.07068808754878257 107
1615320656443 0.06998337115814436 108
1615320776132 0.06684323033290122 109
1615320896247 0.07334795460772159 110
1615321015809 0.06921152303467935 111
1615321135892 0.08893804318869292 112
1615321255549 0.07970469745237437 113
1615321375301 0.06978714288170658 114
1615321495108 0.06840227966877951 115
1615321614590 0.06586816328674999 116
1615321734403 0.06390147778525282 117
1615321854081 0.06772964836946174 118
1615321974154 0.06450930193289002 119
1615322094144 0.06400394795545891 120
1615322214230 0.06479714521721228 121
1615322334020 0.06304169590793439 122
1615322454317 0.06354390863162368 123
1615322574330 0.06375383974900886 124
1615322694225 0.060542842345451243 125
1615322814370 0.060867149438431016 126
1615322934221 0.06464972869673771 127
1615323054451 0.06248179389469659 128
1615323174231 0.06229251801077999 129
1615323294318 0.059318530025766855 130
1615323414477 0.06384935307858595 131
1615323534569 0.06536861942775214 132
1615323654548 0.06158175575199412 133
1615323774814 0.0626062928740658 134
1615323894542 0.06072083426945245 135
1615324014287 0.060234745046985685 136
1615324134714 0.059953638866766176 137
1615324254471 0.058530977412835875 138
1615324374279 0.06400328073928606 139
1615324494186 0.059331078137924424 140
1615324613948 0.05817341715542238 141
1615324734099 0.059103817192476184 142
1615324853969 0.05655043961396858 143
1615324974109 0.05771520600390079 144
1615325094001 0.05915213609809306 145
1615325213823 0.057023643557705096 146
1615325333782 0.05799150644843258 147
1615325454200 0.05852370030844389 148
1615325574243 0.05647076777557829 149
1615325694655 0.05454140011943988 150
1615325814290 0.055199483437324635 151
1615325934240 0.056689620907626935 152
1615326054189 0.056122336814652625 153
1615326174178 0.05627443007568815 154
1615326294065 0.058735684672398356 155
1615326413901 0.05809755645581146 156
1615326533806 0.054808291036691235 157
1615326653918 0.05913047559225737 158
1615326774017 0.05557531563203726 159
1615326900175 0.05511465357310737 160
1615327019792 0.05495741740981145 161
1615327139660 0.05962723137727424 162
1615327259489 0.06389394180098576 163
1615327379741 0.061785097442456145 164
1615327500243 0.05491763264385622 165
1615327620503 0.055194807586385244 166
1615327740673 0.05664792434493108 167
1615327859778 0.05942164339236359 168
1615327979579 0.058441142537700594 169
1615328099521 0.055520313889233036 170
1615328218992 0.054235071388643176 171
1615328339052 0.05358745891656449 172
1615328458891 0.05631455556670232 173
1615328579026 0.05238115164771009 174
1615328699069 0.05263827896829861 175
1615328818876 0.05240420352167158 176
1615328938911 0.05005075148682096 177
1615329058551 0.05186453861976737 178
1615329178334 0.05214486549149698 179
1615329298391 0.051342250695869104 180
1615329418047 0.05313157946316164 181
1615329537805 0.05092124974549706 182
1615329657706 0.05456093709860275 183
1615329777697 0.0514027253905339 184
1615329897451 0.0554633603167178 185
1615330017602 0.05427589256372025 186
1615330137519 0.052997512603873635 187
1615330257226 0.052364228376701696 188
1615330377646 0.05347387203529699 189
1615330497504 0.04991942733081419 190
1615330617391 0.052565842422086805 191
1615330737401 0.05098464773662055 192
1615330857563 0.05021600136116369 193
1615330977500 0.047851062532681135 194
1615331097201 0.048877039952064626 195
1615331217235 0.047414599069908483 196
1615331337318 0.05065578578123406 197
1615331457868 0.048921913353364856 198
1615331577919 0.049647754697657344 199
1615331698060 0.0524866919019329 200
1615331818158 0.048495431444538176 201
1615331938196 0.051357949847605694 202
1615332058293 0.04768642649721744 203
1615332178263 0.0494413331373414 204
1615332298169 0.051148255369556486 205
1615332418085 0.04812028336880812 206
1615332537946 0.046167775766173404 207
1615332657686 0.045309419062600206 208
1615332778009 0.0484830826076109 209
1615332897951 0.045392324675374955 210
1615333018352 0.0477738674007245 211
1615333139223 0.046699168077155725 212
1615333259465 0.04979410723074159 213
1615333379768 0.04824320326990156 214
1615333500071 0.04793480705859056 215
1615333620136 0.04768288313452877 216
1615333740259 0.045878110536888464 217
1615333860209 0.04510996679761516 218
1615333980324 0.04683763678394147 219
1615334100809 0.04849043266097112 220
1615334221068 0.045941418676234004 221
1615334341087 0.0549054225878929 222
1615334461607 0.048692607167941424 223
1615334581862 0.0523379267151676 224
1615334701366 0.046703046827173945 225
1615334821108 0.05000359531658799 226
1615334941543 0.046370427999923476 227
1615335060803 0.04903374056317913 228
1615335181211 0.04596099301950255 229
1615335301390 0.043569690255976436 230
1615335421653 0.04384721481978004 231
1615335542114 0.04695827925383155 232
1615335662205 0.0476512659841509 233
1615335782492 0.04515633921125042 234
1615335902940 0.0463475994209745 235
1615336023163 0.04706649193123205 236
1615336143170 0.04191748953577298 237
1615336263344 0.043706244497156856 238
1615336384083 0.04520255505149044 239
1615336504562 0.04634301253219149 240
1615336624752 0.04255276918411255 241
1615336744801 0.043573198033802545 242
1615336864933 0.046105925716570954 243
1615336985866 0.04326360350224509 244
1615337106415 0.04755121024686899 245
1615337226603 0.04336453818563205 246
1615337347121 0.045741679953105414 247
1615337467940 0.04257466721890578 248
1615337588158 0.04316966747170064 249
1615337708643 0.04386680428661517 250
1615337828288 0.045362710063137225 251
1615337948673 0.04679879234797919 252
1615338068606 0.044060383270035926 253
1615338188658 0.04455660083400669 254
1615338309064 0.04382287655303727 255
1615338428946 0.0458114769921374 256
1615338548739 0.041993668719903746 257
1615338668957 0.0415497858132889 258
1615338789033 0.04393759058482612 259
1615338909272 0.042247219761805746 260
1615339029374 0.04563269953229534 261
1615339149410 0.03988141444192004 262
1615339269600 0.041874727206443675 263
1615339389813 0.04363869019408724 264
1615339509690 0.04200674526727022 265
1615339628724 0.043548848201979455 266
1615339748524 0.04052024368029922 267
1615339868536 0.04599689102884549 268
1615339988554 0.0416193906940631 269
1615340108628 0.04245237361139326 270
1615340228343 0.044365204092281965 271
1615340348766 0.03766674337102406 272
1615340468788 0.042959250620941615 273
1615340589041 0.04414617214629899 274
1615340709063 0.04186446008397572 275
1615340829085 0.04777385227715791 276
1615340949049 0.04551265043998832 277
1615341068947 0.04365007646048247 278
1615341188486 0.04049388864147129 279
1615341308269 0.043047158575769684 280
1615341428024 0.04173469721381344 281
1615341548047 0.0391086695799187 282
1615341667887 0.041651390381713414 283
1615341788035 0.03594871866169261 284
1615341908240 0.041398173837519404 285
1615342028113 0.0358773710122749 286
1615342148390 0.04028592091887744 287
1615342268156 0.048657247379644594 288
1615342387967 0.045596025772948766 289
1615342508176 0.042495184869908574 290
1615342627887 0.044427544323366076 291
1615342748281 0.043762852896505326 292
1615342868262 0.04189227054368204 293
1615342988131 0.04067735262771151 294
1615343108100 0.04224706140916739 295
1615343228157 0.04349440158303104 296
1615343348499 0.04256630566582751 297
1615343468572 0.04291938045131626 298
1615343588691 0.041900323398077664 299
1615343708832 0.04113002499537682 300
1615343829025 0.041555870824785374 301
1615343949004 0.03984077030153417 302
1615344068119 0.04129726139467154 303
1615344187813 0.04117762063866231 304
1615344307702 0.03877544847886954 305
1615344427758 0.04251441937773975 306
1615344547648 0.03845316438532587 307
1615344667269 0.04347233007203287 308
1615344787521 0.042452950975788176 309
1615344907997 0.043533660582642054 310
1615345028437 0.042121671028991246 311
1615345148574 0.04032399138407921 312
1615345268567 0.03876885015573075 313
1615345388600 0.03851149064391406 314
1615345508627 0.04271784113414252 315
1615345628544 0.03936512612584812 316
1615345749026 0.04041737495963253 317
1615345868914 0.039220358008769024 318
1615345989176 0.03805169418676576 319
1615346109801 0.042380211958244665 320
1615346230128 0.04069703016708146 321
1615346350376 0.03847635948835914 322
1615346470716 0.03824789755379976 323
1615346590872 0.04103260431716691 324
1615346710491 0.04026522743168162 325
1615346830413 0.04110558531177578 326
1615346950803 0.039251856839478905 327
1615347071069 0.03972319613641767 328
1615347190882 0.045343948833978 329
1615347310921 0.041664160009640364 330
1615347430979 0.038499266354005725 331
1615347551189 0.04028893495673564 332
1615347671586 0.04181579778443521 333
1615347791285 0.0406842213958057 334
1615347911459 0.03804655128450536 335
1615348031612 0.042104067197486536 336
1615348151945 0.0414322659150878 337
1615348272064 0.03924127568059893 338
1615348392346 0.03948791792143637 339
1615348512829 0.03583567444957904 340
1615348632809 0.03486012344929709 341
1615348752841 0.04066589875007743 342
1615348873040 0.03986805054678846 343
1615348992822 0.039227794355420925 344
1615349112279 0.03717465987846033 345
1615349232261 0.0374848833724634 346
1615349351518 0.039121045995114456 347
1615349471720 0.03921259961911102 348
1615349591808 0.03758642833624313 349
1615349712562 0.03904326460254726 350
1615349832428 0.03687434854792125 351
1615349952672 0.037750004832424335 352
1615350072885 0.03699084982943179 353
1615350192358 0.03340930814173684 354
1615350312435 0.03907662452156864 355
1615350432310 0.040130052103925104 356
1615350552537 0.037644545533763826 357
1615350672921 0.038656137772460485 358
1615350793116 0.033553974841957664 359
1615350913364 0.0388343876867152 360
1615351033601 0.03934086881466766 361
1615351153443 0.03927421213975593 362
1615351273054 0.03736640891032433 363
1615351393198 0.03827018702208106 364
1615351513690 0.03652597185391099 365
1615351633958 0.038511987942368237 366
1615351754488 0.03762215020051643 367
1615351874976 0.036003340536089085 368
1615351995268 0.05157970136670924 369
1615352116149 0.0424766042339268 370
1615352236305 0.04128188517556262 371
1615352355631 0.03782990708279965 372
1615352476200 0.0368224177787553 373
1615352596468 0.03836875353286515 374
1615352716870 0.03777797008628276 375
1615352836840 0.03744707445600139 376
1615352957285 0.0385498813728788 377
1615353077314 0.05955243911316146 378
1615353197774 0.045199260782839645 379
1615353317783 0.04103185614543175 380
1615353437798 0.04066475380712481 381
1615353557706 0.04000217078337029 382
1615353677925 0.03757875979836307 383
1615353797144 0.0406192283132183 384
1615353917113 0.03786976568734468 385
1615354036468 0.03674890656969441 386
1615354156696 0.040116886594402254 387
1615354276576 0.03675581537075897 388
1615354395538 0.03859981938974181 389
1615354515303 0.03871392403075944 390
1615354635356 0.035302685267889676 391
1615354754815 0.03720115013976595 392
1615354874198 0.03685791545839452 393
1615354994546 0.0357269119860521 394
1615355114591 0.03390791967733583 395
1615355234853 0.03556790013811482 396
1615355354573 0.03434816314213311 397
1615355474478 0.03587973740563464 398
1615355594737 0.035282255998298304 399
1615355715008 0.03798922851904115 400
1615355834781 0.03346026121680416 401
1615355954513 0.03493969387082911 402
1615356074482 0.033748826873836235 403
1615356194452 0.036440947162571236 404
1615356314553 0.03630049993742758 405
1615356434176 0.03716147301801995 406
1615356554616 0.034047632964689344 407
1615356674872 0.03838443578179203 408
1615356794630 0.0375183189093177 409
1615356914665 0.03704817348451757 410
1615357034770 0.035036015866407706 411
1615357154792 0.03467855613623092 412
1615357274937 0.03177720575190302 413
1615357395311 0.03599717456903031 414
1615357515226 0.036549753217554805 415
1615357635285 0.037599737074837755 416
1615357755346 0.03637292136007281 417
1615357875627 0.03662651510380987 418
1615357995884 0.040451980348843244 419
1615358116366 0.03878853570169477 420
1615358236643 0.036946463940748527 421
1615358356765 0.03733504352284901 422
1615358476898 0.037666288774404956 423
1615358596652 0.037365428547361 424
1615358716362 0.03858233743639135 425
1615358836568 0.037009145786513147 426
1615358956681 0.033928121203806866 427
1615359076640 0.03849637330468021 428
1615359197072 0.03489893230039682 429
1615359317752 0.034255654064577014 430
1615359437891 0.036758043872776314 431
1615359557666 0.04161513029639401 432
1615359678256 0.03515969461469508 433
1615359798944 0.03700323780970787 434
1615359919160 0.03912601897965616 435
1615360039026 0.035981278810928115 436
1615360159279 0.03842017988660442 437
1615360279179 0.03659886388636347 438
1615360399327 0.03732659923496531 439
1615360518605 0.03468886151242612 440
1615360638606 0.035539140452199906 441
1615360758613 0.03483610811518199 442
1615360878859 0.03609794200356327 443
1615360998536 0.037253739228889124 444
1615361118458 0.03658240143932513 445
1615361238708 0.03251106525535014 446
1615361358739 0.03250365114923733 447
1615361478468 0.03550246669285333 448
1615361608028 0.03584358496452445 449
1615361728406 0.03901938004280204 450
1615361849051 0.03919354748370042 451
1615361969686 0.03743281471195506 452
1615362089493 0.034001344175481084 453
1615362209290 0.03445122135219289 454
1615362329250 0.03961299070671423 455
1615362448365 0.03494364912830182 456
1615362567257 0.031784525558130064 457
1615362687151 0.03724036376867721 458
1615362807238 0.033352014733784234 459
1615362927216 0.03220248133388918 460
1615363046805 0.035356064340961516 461
1615363166917 0.03604707077367982 462
1615363286563 0.03464683045202227 463
1615363405710 0.03637068663070451 464
1615363524644 0.03386779418632166 465
1615363644044 0.039260928310565095 466
1615363765653 0.03628558632153184 467
1615363885412 0.03487298737710981 468
1615364006508 0.036159528725182834 469
1615364129123 0.03981655302332408 470
1615364250992 0.0387914038416165 471
1615364372072 0.03125207548710837 472
1615364493065 0.03470649737030713 473
1615364614530 0.03476708771577522 474
1615364735746 0.029884588362565682 475
1615364855145 0.03192574230592642 476
1615364975450 0.0346798941270629 477
1615365094792 0.03588115991051517 478
1615365213773 0.03383675706920339 479
1615365332832 0.040600593410321136 480
1615365451644 0.03746382603004797 481
1615365570739 0.03620265846821799 482
1615365689800 0.038059367172753635 483
1615365808522 0.034756721845313684 484
1615365927034 0.03915336327766305 485
1615366045958 0.036604389325896304 486
1615366164590 0.03942921802179137 487
1615366283289 0.03524693802221498 488
1615366402162 0.03422873856416389 489
1615366520932 0.03536368394965556 490
1615366639232 0.034442652517290256 491
1615366757921 0.03721129538407966 492
1615366876529 0.03236762623288738 493
1615366995551 0.03470881305523773 494
1615367114247 0.03394916253303414 495
1615367233010 0.03424950500032795 496
1615367351517 0.03570017974768112 497
1615367470417 0.03469109090406503 498
1615367589403 0.037416061358665355 499
