1615307723337 0.5502462970343098 0
1615307843361 0.7346475773782872 1
1615307963453 0.7843226492404938 2
1615308083656 0.8113860100952547 3
1615308203711 0.8247170581746457 4
1615308323480 0.8183936554549346 5
1615308443539 0.8442560258641172 6
1615308568923 0.8531665922100864 7
1615308688868 0.8564885932562957 8
1615308808530 0.8581172690462711 9
1615308928596 0.8497792437895021 10
1615309048548 0.8572409464352166 11
1615309168924 0.846135162150682 12
1615309288807 0.842218777581827 13
1615309408678 0.8660999136184578 14
1615309528308 0.8689230144468706 15
1615309647317 0.8702359377448239 16
1615309767080 0.8517332817636319 17
1615309887442 0.8643731061202377 18
1615310007185 0.8704798457337849 19
1615310126944 0.873387350964902 20
1615310246649 0.8746707612898812 21
1615310366125 0.8753511247350209 22
1615310485612 0.8770940850919752 23
1615310605219 0.8777111844340367 24
1615310724724 0.8780622170932257 25
1615310844834 0.8765735532810439 26
1615310964529 0.8813137545514462 27
1615311084304 0.8807832714337022 28
1615311204124 0.8811488431781086 29
1615311324183 0.8800279506996497 30
1615311444192 0.8831066689384517 31
1615311563924 0.8823838838890418 32
1615311683819 0.8866681501046935 33
1615311803886 0.885696020588946 34
1615311923639 0.8884864133685383 35
1615312043690 0.8881158348339707 36
1615312163261 0.8517996406377252 37
1615312282487 0.875069627566124 38
1615312401861 0.879780154619644 39
1615312521528 0.8863406897480808 40
1615312640829 0.877476178443254 41
1615312760538 0.8748827745665365 42
1615312880719 0.8811443474755358 43
1615312999450 0.8866110519686742 44
1615313119091 0.8870401244554946 45
1615313238566 0.8904797528217088 46
1615313358224 0.891908728809499 47
1615313478180 0.8933161354776639 48
1615313596884 0.8943430830293627 49
1615313716443 0.8943101950545809 50
1615313836346 0.8949383999874343 51
1615313956165 0.8954497767028524 52
1615314076004 0.8976934694532138 53
1615314195819 0.8978018000054715 54
1615314315168 0.8975493934617114 55
1615314434968 0.8978177442479489 56
1615314554745 0.8988416942197885 57
1615314674224 0.8993039842861802 58
1615314793866 0.8996087530655648 59
1615314913443 0.8998675008318318 60
1615315032961 0.901194210372754 61
1615315152553 0.9024512256259349 62
1615315272166 0.8993433976351325 63
1615315391579 0.9034315899236879 64
1615315511074 0.9018601405976424 65
1615315630774 0.9016173882270927 66
1615315750430 0.9051682553184566 67
1615315870155 0.9039269365481476 68
1615315989051 0.9074793920588138 69
1615316108619 0.9057646914204555 70
1615316227917 0.9096457664646319 71
1615316347377 0.9094107707044972 72
1615316466836 0.9106847844017085 73
1615316586195 0.9101274738560862 74
1615316705920 0.9095657054168075 75
1615316825842 0.8838653666759605 76
1615316944848 0.8220904300461954 77
1615317064548 0.8666596381521937 78
1615317183973 0.8794878792406907 79
1615317302994 0.889636671365197 80
1615317422603 0.8935953752318425 81
1615317541912 0.8990873596561488 82
1615317661608 0.9000403961138939 83
1615317781446 0.9031174876796666 84
1615317901343 0.9049789878859449 85
1615318020976 0.9073681186384229 86
1615318140723 0.9084844820535005 87
1615318260601 0.9107953928299805 88
1615318380210 0.912130188586107 89
1615318499690 0.9117566569527583 90
1615318619312 0.9122161798512758 91
1615318739030 0.9133041683417648 92
1615318859047 0.916191445357764 93
1615318978877 0.9166832833147761 94
1615319098176 0.9145493845441448 95
1615319217989 0.9147463916842618 96
1615319337970 0.9183874913115999 97
1615319458092 0.9181823312346615 98
1615319577989 0.9196272812672516 99
1615319697815 0.9180413764804157 100
1615319817910 0.919934895501208 101
1615319937741 0.9217168711014648 102
1615320057531 0.9170813129019382 103
1615320177482 0.9181826603946401 104
1615320297314 0.9216350490477547 105
1615320417054 0.9212610152230334 106
1615320536799 0.9181320542719826 107
1615320656447 0.918205442268457 108
1615320776137 0.9223711486182996 109
1615320896251 0.9142565918502523 110
1615321015813 0.9198227889502226 111
1615321135896 0.8972468509602902 112
1615321255553 0.9072783856249568 113
1615321375305 0.9194543646342719 114
1615321495112 0.9207949451546171 115
1615321614593 0.9234498125403675 116
1615321734407 0.925966547941094 117
1615321854085 0.9211318128144563 118
1615321974158 0.924937149037176 119
1615322094148 0.9261930073375133 120
1615322214234 0.9244043146496388 121
1615322334024 0.9272879953704664 122
1615322454321 0.9257087026959034 123
1615322574338 0.9260255876761764 124
1615322694228 0.9294658930444005 125
1615322814374 0.9297443201292807 126
1615322934225 0.9252755953304803 127
1615323054455 0.9275822986417742 128
1615323174234 0.9283429006142403 129
1615323294322 0.9313713236531215 130
1615323414480 0.9262199077143598 131
1615323534572 0.9241100491872475 132
1615323654552 0.9286487889823629 133
1615323774818 0.9278072554673722 134
1615323894546 0.9297495546625621 135
1615324014291 0.9306623682157317 136
1615324134718 0.929801648677285 137
1615324254475 0.9320810712985138 138
1615324374283 0.9268211406558308 139
1615324494191 0.9320269831970557 140
1615324613952 0.9326757023583597 141
1615324734104 0.9318712438220409 142
1615324853974 0.9348971007475212 143
1615324974113 0.9330272630079469 144
1615325094005 0.9315437109612706 145
1615325213828 0.9340475575247807 146
1615325333787 0.9329680004226628 147
1615325454205 0.9325233573344216 148
1615325574247 0.9346704180560895 149
1615325694660 0.9368560670027092 150
1615325814293 0.9364124242939166 151
1615325934245 0.9342022644939707 152
1615326054193 0.9352167502268037 153
1615326174182 0.935100473574738 154
1615326294070 0.931514065657089 155
1615326413905 0.9320549075283221 156
1615326533811 0.9365904571405098 157
1615326653924 0.9317126865707227 158
1615326774021 0.9357835881745638 159
1615326900180 0.9365982938168654 160
1615327019797 0.9361396587606686 161
1615327139665 0.9310115798195796 162
1615327259494 0.926041025723984 163
1615327379743 0.9287668026205319 164
1615327500245 0.9362506821974 165
1615327620506 0.9357631655771341 166
1615327740676 0.9342371545620819 167
1615327859781 0.9316629278126047 168
1615327979581 0.9310066526505485 169
1615328099523 0.9359587035072383 170
1615328218994 0.937763763007833 171
1615328339055 0.9378679630471699 172
1615328458893 0.9341622920178655 173
1615328579029 0.9393572771727149 174
1615328699072 0.9390926868168276 175
1615328818878 0.9397278445870129 176
1615328938913 0.9428258680585605 177
1615329058553 0.9397890754600069 178
1615329178337 0.9394571278522263 179
1615329298394 0.9400691407829967 180
1615329418049 0.9388880547302872 181
1615329537807 0.9412351606497124 182
1615329657709 0.9368661610937831 183
1615329777699 0.9412691913433929 184
1615329897454 0.935589833935695 185
1615330017605 0.9365699122201151 186
1615330137521 0.9381714681191231 187
1615330257228 0.940085032537802 188
1615330377649 0.9388823767206562 189
1615330497506 0.942346627142892 190
1615330617393 0.9402745143691106 191
1615330737404 0.9413676777882363 192
1615330857566 0.9423827235378436 193
1615330977502 0.9450020754515235 194
1615331097203 0.9438127692955643 195
1615331217238 0.9455884984180108 196
1615331337321 0.9414803826097232 197
1615331457870 0.9434035927502077 198
1615331577921 0.9425390683003326 199
1615331698062 0.9394228107004023 200
1615331818161 0.9441997053018257 201
1615331938198 0.9405063257288577 202
1615332058295 0.9448208074961135 203
1615332178265 0.9431278874625021 204
1615332298171 0.9397181285851037 205
1615332418087 0.944664011250681 206
1615332537949 0.9468390065342632 207
1615332657689 0.9477127123234877 208
1615332778012 0.9440622218509218 209
1615332897953 0.9476686026623 210
1615333018354 0.9449369222370546 211
1615333139226 0.9463519000295383 212
1615333259470 0.9427914957501995 213
1615333379774 0.944495822956313 214
1615333500076 0.9450455583743195 215
1615333620140 0.9448473369007679 216
1615333740264 0.9472147386465499 217
1615333860213 0.9482422337603214 218
1615333980329 0.9463383786713899 219
1615334100815 0.9443290900828233 220
1615334221073 0.9471670540411081 221
1615334341092 0.9364184345772018 222
1615334461612 0.9442571592864706 223
1615334581867 0.9402781609279006 224
1615334701371 0.9462637154024038 225
1615334821112 0.9425858828558851 226
1615334941548 0.94637622628639 227
1615335060809 0.9432373865326839 228
1615335181216 0.9470094540225926 229
1615335301395 0.9495852287135907 230
1615335421659 0.9497262639785881 231
1615335542119 0.9461293282793529 232
1615335662210 0.9451720367616682 233
1615335782496 0.9482410914862334 234
1615335902944 0.9467921888650354 235
1615336023168 0.9459025019140386 236
1615336143175 0.9520300377660723 237
1615336263350 0.9495798456135081 238
1615336384089 0.9478790137305189 239
1615336504567 0.946301114203325 240
1615336624757 0.9511371904344701 241
1615336744806 0.9495935520129417 242
1615336864937 0.9468482118933949 243
1615336985871 0.9503486227633348 244
1615337106420 0.9450962676930783 245
1615337226608 0.9501834307143937 246
1615337347126 0.9476043519689076 247
1615337467945 0.9510127946512023 248
1615337588164 0.9505502056719651 249
1615337708648 0.9495370557059103 250
1615337828294 0.9477239589192974 251
1615337948679 0.945825080373394 252
1615338068611 0.9495781161891881 253
1615338188663 0.9486554807691432 254
1615338309069 0.9493063910683589 255
1615338428951 0.9476102216919856 256
1615338548743 0.9523241279730156 257
1615338668962 0.9522744408294336 258
1615338789038 0.9501966229125635 259
1615338909276 0.9516112421875569 260
1615339029380 0.9477504989994106 261
1615339149415 0.9545875102726381 262
1615339269605 0.9519767681164528 263
1615339389817 0.9500884475992687 264
1615339509696 0.9519743367807189 265
1615339628729 0.9503149808342777 266
1615339748529 0.9533724251078136 267
1615339868541 0.9478460149978524 268
1615339988560 0.9521573390533675 269
1615340108633 0.9510549200114919 270
1615340228348 0.9487121398769208 271
1615340348770 0.9567400448357881 272
1615340468792 0.950462281703949 273
1615340589046 0.9493720691595504 274
1615340709068 0.9515648493126257 275
1615340829090 0.945333753948781 276
1615340949054 0.9478821896795017 277
1615341068953 0.9496480342167527 278
1615341188491 0.9534537267329087 279
1615341308274 0.9509474252586934 280
1615341428029 0.9523567895391094 281
1615341548052 0.9551965051622533 282
1615341667891 0.952037541723963 283
1615341788039 0.9590053122435043 284
1615341908246 0.9524731733905736 285
1615342028118 0.9586222171783447 286
1615342148395 0.9538832297965661 287
1615342268161 0.9439008009077897 288
1615342387972 0.9476371349683449 289
1615342508181 0.9513880156759006 290
1615342627892 0.9493231604348368 291
1615342748286 0.9498380262460282 292
1615342868267 0.9516626543073512 293
1615342988137 0.9533989927661952 294
1615343108105 0.9515813686954442 295
1615343228162 0.9497719834099955 296
1615343348505 0.9510258107043025 297
1615343468577 0.9510057319456072 298
1615343588696 0.9516581715042911 299
1615343708837 0.9530227584625358 300
1615343829030 0.9525753544337714 301
1615343949009 0.9541952939175847 302
1615344068124 0.9527539406249772 303
1615344187817 0.9530210850843742 304
1615344307707 0.9556311182121733 305
1615344427763 0.9513778891136397 306
1615344547653 0.9557167683074723 307
1615344667274 0.9501981237041417 308
1615344787525 0.9514959241027263 309
1615344908002 0.9496447586301547 310
1615345028442 0.9518995952250352 311
1615345148579 0.9536484008404746 312
1615345268572 0.9555874271179313 313
1615345388604 0.9559659690999273 314
1615345508631 0.9509517417025211 315
1615345628549 0.9548260347167058 316
1615345749030 0.9535098049178052 317
1615345868919 0.955071496429728 318
1615345989181 0.9563750233223189 319
1615346109806 0.9509452999527774 320
1615346230133 0.9535568988145288 321
1615346350381 0.9560402240326156 322
1615346470721 0.956450669623133 323
1615346590877 0.9526962068543505 324
1615346710495 0.9535989663494167 325
1615346830418 0.9532666019539335 326
1615346950809 0.9551118087412706 327
1615347071073 0.9545782110584315 328
1615347190887 0.9478735225414162 329
1615347310926 0.952314904376642 330
1615347430983 0.9557861178668577 331
1615347551195 0.9539941202348737 332
1615347671592 0.9518236971613186 333
1615347791291 0.9536902940095361 334
1615347911465 0.9561536294310841 335
1615348031618 0.9517741772665906 336
1615348151951 0.9530733450135188 337
1615348272068 0.955209299699584 338
1615348392351 0.9549072687305621 339
1615348512834 0.9589985208724862 340
1615348632813 0.9598145707329707 341
1615348752846 0.9536908197758803 342
1615348873045 0.9546354724400079 343
1615348992827 0.9550362362790463 344
1615349112284 0.957301390704824 345
1615349232267 0.9569946162736238 346
1615349351522 0.9557005789742541 347
1615349471725 0.9548954056270087 348
1615349591814 0.9569667746771627 349
1615349712567 0.9553947422041822 350
1615349832433 0.9579431343434462 351
1615349952677 0.9567597054723483 352
1615350072891 0.9579515982030044 353
1615350192363 0.9616762960135047 354
1615350312441 0.9554492599928557 355
1615350432316 0.9540727209689012 356
1615350552542 0.9569934446420243 357
1615350672925 0.9555992181621381 358
1615350793121 0.9620361790728214 359
1615350913370 0.9557437620945831 360
1615351033607 0.9546228051185608 361
1615351153449 0.9549724050422213 362
1615351273058 0.9571847533112141 363
1615351393203 0.9559767682160905 364
1615351513694 0.9580571268921467 365
1615351633964 0.9562064169058159 366
1615351754494 0.9569943903097465 367
1615351874981 0.9589181996103543 368
1615351995273 0.9403973346325889 369
1615352116154 0.9512311967451181 370
1615352236309 0.9531145834211093 371
1615352355636 0.9565608145585701 372
1615352476205 0.9581565643424419 373
1615352596473 0.956004839334915 374
1615352716874 0.9567779969813218 375
1615352836845 0.9573411701330498 376
1615352957289 0.95625655464272 377
1615353077319 0.9312604341044355 378
1615353197778 0.9480090728446618 379
1615353317789 0.9528004366960099 380
1615353437803 0.9536919362509428 381
1615353557710 0.9539285862623755 382
1615353677929 0.9569401082707875 383
1615353797148 0.9533797555894994 384
1615353917117 0.9562896107559773 385
1615354036473 0.9583180030780052 386
1615354156701 0.9537629387271938 387
1615354276581 0.9582285445127914 388
1615354395543 0.9556155169188086 389
1615354515308 0.9557358186636398 390
1615354635361 0.9595904288007252 391
1615354754820 0.9575500826337444 392
1615354874203 0.9579110216738572 393
1615354994550 0.9593389852723079 394
1615355114595 0.961186184811948 395
1615355234858 0.95932029877136 396
1615355354577 0.9610140848515639 397
1615355474483 0.9590894117284177 398
1615355594742 0.9592129677089293 399
1615355715013 0.9566566855160158 400
1615355834786 0.9618426107648593 401
1615355954519 0.96010460248634 402
1615356074487 0.9616335666001733 403
1615356194457 0.958472051727238 404
1615356314559 0.9586026214841586 405
1615356434180 0.9575259525384476 406
1615356554621 0.9610290785334004 407
1615356674878 0.9563447130260183 408
1615356794634 0.9570060995087695 409
1615356914670 0.9578675147312791 410
1615357034774 0.9598883114643951 411
1615357154797 0.9603840584185586 412
1615357274941 0.9637082895236229 413
1615357395316 0.9591494282679771 414
1615357515232 0.9583478392060123 415
1615357635290 0.9573051751549564 416
1615357755350 0.9588055397147563 417
1615357875632 0.9581934080195071 418
1615357995889 0.953794740918857 419
1615358116370 0.9555442266499818 420
1615358236648 0.9576659700763759 421
1615358356770 0.9573617283977679 422
1615358476902 0.9571930712728358 423
1615358596657 0.9569677701636926 424
1615358716368 0.9559530028656348 425
1615358836573 0.957785629514438 426
1615358956685 0.9611001717510508 427
1615359076645 0.9559911516175341 428
1615359197077 0.9601850127106282 429
1615359317756 0.9610847839668616 430
1615359437896 0.9580758623222807 431
1615359557670 0.9516114387939225 432
1615359678258 0.9599949975511921 433
1615359798947 0.9576926729572353 434
1615359919163 0.9559837757651486 435
1615360039028 0.9589489057882509 436
1615360159281 0.9561771977303634 437
1615360279183 0.9584790708413765 438
1615360399331 0.9576230912066218 439
1615360518607 0.9603774485303395 440
1615360638609 0.9596157278587569 441
1615360758616 0.9604866362329739 442
1615360878862 0.9587284282072267 443
1615360998539 0.9576162108734473 444
1615361118462 0.9582105243383948 445
1615361238711 0.9626749104528285 446
1615361358742 0.9628034927951756 447
1615361478500 0.9595180963402363 448
1615361608030 0.9589770178296673 449
1615361728409 0.955671426075608 450
1615361849053 0.9549833527251855 451
1615361969689 0.9573024867185905 452
1615362089495 0.9612375720223384 453
1615362209293 0.9609798050638455 454
1615362329252 0.9542320094891449 455
1615362448367 0.960008387245349 456
1615362567260 0.9639290402184671 457
1615362687154 0.9572652516080372 458
1615362807240 0.9617835736986416 459
1615362927219 0.9631812839365718 460
1615363046807 0.9595000565941654 461
1615363166920 0.9591169988931115 462
1615363286568 0.9604718258131796 463
1615363405715 0.957987380561544 464
1615363524648 0.9615585412552108 465
1615363644046 0.9548482512360188 466
1615363765662 0.9583532854692259 467
1615363885421 0.9602296494725925 468
1615364006518 0.958556529301316 469
1615364129135 0.9542341837242468 470
1615364251004 0.9556664717731191 471
1615364372084 0.964399182084781 472
1615364493077 0.9602694369074124 473
1615364614542 0.9603855663271093 474
1615364735756 0.9658211060424349 475
1615364855157 0.963390282730558 476
1615364975460 0.9605545650667219 477
1615365094801 0.9587644596598042 478
1615365213775 0.9611628447005998 479
1615365332834 0.9536014056917447 480
1615365451646 0.9568518133305791 481
1615365570742 0.9586020281065756 482
1615365689806 0.9560393059431617 483
1615365808528 0.9606217483975994 484
1615365927039 0.955333175054237 485
1615366045962 0.9579777646420607 486
1615366164595 0.954844424973673 487
1615366283292 0.9597003282006107 488
1615366402167 0.9611883270206736 489
1615366520938 0.9599328432510148 490
1615366639237 0.960784785783113 491
1615366757931 0.956993426849593 492
1615366876534 0.963151697792224 493
1615366995557 0.960451239970193 494
1615367114252 0.9614227903423025 495
1615367233013 0.9609886603568917 496
1615367351522 0.959015302693666 497
1615367470427 0.9601328915624476 498
1615367589408 0.956123366729537 499
