1615307723339 29.33442896575949 0
1615307843363 18.783486753782178 1
1615307963455 16.618668234481206 2
1615308083659 15.515391058072622 3
1615308203713 14.817519496588751 4
1615308323481 17.03102303331927 5
1615308443541 13.463940456550775 6
1615308568925 13.562902955920825 7
1615308688870 12.678318616838535 8
1615308808532 13.688471637697264 9
1615308928598 13.924681210643163 10
1615309048550 12.614241681198203 11
1615309168926 15.078548257768091 12
1615309288808 15.038846289228156 13
1615309408680 12.128747983194048 14
1615309528310 11.902312809203401 15
1615309647320 12.085182432350255 16
1615309767082 13.116184534084578 17
1615309887444 12.720256944093705 18
1615310007187 11.93941611489395 19
1615310126946 11.61721378283978 20
1615310246651 11.658161968482124 21
1615310366128 11.051504552859381 22
1615310485614 11.326359562015512 23
1615310605222 11.628307526009328 24
1615310724727 11.169026916748244 25
1615310844836 12.220498904060298 26
1615310964531 10.726586889164011 27
1615311084306 11.498605943860259 28
1615311204126 10.97582128397521 29
1615311324185 11.575990341215176 30
1615311444194 10.59614995616999 31
1615311563926 11.545741665986325 32
1615311683821 10.961452784602022 33
1615311803888 10.55304583487282 34
1615311923641 10.460015411237908 35
1615312043692 10.470576672326368 36
1615312163263 16.27462707358552 37
1615312282488 11.590018455768664 38
1615312401864 11.347247006643201 39
1615312521530 10.116023250147627 40
1615312640831 10.734672928665546 41
1615312760540 11.754635522401097 42
1615312880721 10.7997937725251 43
1615312999452 10.310087052487209 44
1615313119094 10.244516082489874 45
1615313238568 9.922424698611445 46
1615313358226 9.888717946878193 47
1615313478183 10.234383793560363 48
1615313596886 9.736741041899046 49
1615313716445 9.45493274134839 50
1615313836348 9.335741036486477 51
1615313956167 9.575582756671555 52
1615314076007 10.216078460754717 53
1615314195821 9.3347034248961 54
1615314315170 10.529206478332496 55
1615314434970 9.692124728990953 56
1615314554747 8.972764866936675 57
1615314674226 9.377658478975901 58
1615314793868 10.970228521450773 59
1615314913445 9.768732099011864 60
1615315032963 8.75420145787816 61
1615315152555 8.801891772320685 62
1615315272169 9.867583040792448 63
1615315391581 10.315458645897376 64
1615315511076 10.18378163632259 65
1615315630776 10.478137850747716 66
1615315750432 9.132165874495964 67
1615315870157 8.564696144645437 68
1615315989053 9.27276347484455 69
1615316108621 8.725654275703558 70
1615316227919 8.491611654905473 71
1615316347379 9.439957284875472 72
1615316466838 8.313455174335877 73
1615316586197 8.173132425663862 74
1615316705922 9.93882320224282 75
1615316825844 12.769363920741423 76
1615316944850 16.544418490785127 77
1615317064550 12.858447353498239 78
1615317183975 11.0011497140522 79
1615317302996 10.208561156090715 80
1615317422605 10.953544691125664 81
1615317541914 10.162458358884344 82
1615317661610 10.59311205089315 83
1615317781447 9.377827484135913 84
1615317901345 9.9371906939193 85
1615318020978 9.007928059999474 86
1615318140725 9.851957021608298 87
1615318260603 8.5930148663357 88
1615318380211 9.473745856000463 89
1615318499692 9.136409959878023 90
1615318619314 8.905088716649033 91
1615318739032 8.730677986161481 92
1615318859049 8.108773648008748 93
1615318978879 9.486037787968538 94
1615319098178 8.077753671791868 95
1615319217991 8.989555312391982 96
1615319337972 9.190347246176618 97
1615319458094 8.101047679742733 98
1615319577991 9.26094376821484 99
1615319697817 9.266501628937577 100
1615319817912 8.831190465859352 101
1615319937743 8.271302410338594 102
1615320057533 9.281095264267602 103
1615320177484 8.59095032257392 104
1615320297316 8.712875774172016 105
1615320417056 8.586810532117488 106
1615320536801 9.508279846791305 107
1615320656449 8.50495656276191 108
1615320776139 9.359757235422938 109
1615320896253 10.909271749510056 110
1615321015814 8.447083176918188 111
1615321135898 12.848936055372715 112
1615321255555 11.117272275037829 113
1615321375307 8.632875991063678 114
1615321495114 8.210208134083416 115
1615321614596 8.848931106466171 116
1615321734409 8.506221152895986 117
1615321854087 8.812298258039338 118
1615321974160 8.387820554531679 119
1615322094150 9.475860766342606 120
1615322214236 7.2930456698919075 121
1615322334026 7.370376009008077 122
1615322454323 7.879566873817203 123
1615322574343 7.9764519023473435 124
1615322694231 8.264516942974842 125
1615322814377 8.56541385711517 126
1615322934227 8.107045675348267 127
1615323054457 8.887502204554426 128
1615323174237 8.295711024209822 129
1615323294324 8.50996416411736 130
1615323414483 7.7246660857762395 131
1615323534575 11.539594505968758 132
1615323654555 7.654702940862282 133
1615323774820 8.43242444426109 134
1615323894548 8.412583982033427 135
1615324014293 7.951901552147711 136
1615324134721 8.313840317888651 137
1615324254477 9.55651386724227 138
1615324374285 8.276770225107137 139
1615324494193 7.681470068971869 140
1615324613954 7.610449063498174 141
1615324734107 9.115360144216671 142
1615324853976 8.044109091180989 143
1615324974116 8.232352674947203 144
1615325094007 9.053280265576824 145
1615325213830 8.658742791627535 146
1615325333789 8.488321776729368 147
1615325454207 8.485591141249769 148
1615325574249 7.8756987812946475 149
1615325694662 8.343630159186201 150
1615325814296 8.5325628331601 151
1615325934247 8.482346674600304 152
1615326054195 8.090169211308677 153
1615326174184 7.704604967912209 154
1615326294072 9.523970055346963 155
1615326413907 10.1445739840187 156
1615326533814 7.9373355399034375 157
1615326653926 8.119099469978316 158
1615326774023 8.67618152950745 159
1615326900182 8.039395267302789 160
1615327019799 8.196314381791751 161
1615327139667 9.233453975354996 162
1615327259496 10.558718306843554 163
1615327379746 8.575539179268297 164
1615327500247 8.599703438394119 165
1615327620508 7.685864552177003 166
1615327740678 7.786151861760923 167
1615327859783 10.893642086457035 168
1615327979583 8.893212995183188 169
1615328099525 8.160108313000014 170
1615328218996 8.409101124913906 171
1615328339057 8.955807689257751 172
1615328458895 7.188108913847417 173
1615328579031 8.676046983059159 174
1615328699074 8.184993010230757 175
1615328818881 8.223661595598694 176
1615328938915 8.642933054197968 177
1615329058555 8.459260968432009 178
1615329178339 7.27544733575774 179
1615329298396 8.847651004732606 180
1615329418051 7.715952172773076 181
1615329537809 9.002994516285524 182
1615329657711 11.76485762684369 183
1615329777703 8.144039796988372 184
1615329897456 8.824794238847595 185
1615330017607 10.05747885726098 186
1615330137523 8.296247890621409 187
1615330257230 7.690112684093524 188
1615330377651 8.893739936980689 189
1615330497508 9.044477562203289 190
1615330617396 8.505790750566096 191
1615330737406 9.432681015865873 192
1615330857568 9.33543183038659 193
1615330977504 8.203834179784321 194
1615331097205 7.640787349850979 195
1615331217240 7.2455526837806765 196
1615331337323 7.585302909275621 197
1615331457872 9.860631001538543 198
1615331577924 7.8216186756687165 199
1615331698064 7.30011983355054 200
1615331818163 8.921927019202812 201
1615331938201 8.073637112877392 202
1615332058298 9.587039680065946 203
1615332178267 8.098122671347731 204
1615332298173 8.935028050085323 205
1615332418089 10.426850306483225 206
1615332537951 8.592910923530223 207
1615332657691 7.432962680872511 208
1615332778014 8.83133151990885 209
1615332897955 8.042648248193169 210
1615333018356 8.805190389369708 211
1615333139228 9.450758933046574 212
1615333259472 7.71881106761026 213
1615333379776 8.95981040452882 214
1615333500078 9.430429139865556 215
1615333620143 9.02452816974627 216
1615333740267 6.9691176685360325 217
1615333860215 8.166643209352326 218
1615333980331 7.410820790599657 219
1615334100818 9.703838715334037 220
1615334221076 7.455714506969524 221
1615334341095 11.259598476085396 222
1615334461615 9.120690463543657 223
1615334581870 9.88491150935662 224
1615334701373 6.581615236568556 225
1615334821114 9.292387064835479 226
1615334941550 9.180633766964625 227
1615335060811 9.095997374295353 228
1615335181218 7.787252886346448 229
1615335301397 7.936180694655813 230
1615335421661 10.446697146569928 231
1615335542122 9.654181880393745 232
1615335662212 8.856752682394916 233
1615335782499 8.523604682851982 234
1615335902947 9.169533523262652 235
1615336023170 8.320546140343989 236
1615336143177 9.401358183436622 237
1615336263352 8.0315801844366 238
1615336384091 8.189091738106523 239
1615336504570 8.255557768002518 240
1615336624759 8.518714948944883 241
1615336744808 9.175270070483808 242
1615336864940 7.026480472171774 243
1615336985873 6.882301996760176 244
1615337106423 8.92463356974767 245
1615337226610 7.628880878552057 246
1615337347128 9.529365960794205 247
1615337467948 7.876120132884701 248
1615337588166 8.400728239612842 249
1615337708651 9.250494702729924 250
1615337828296 9.038842088338438 251
1615337948681 10.012974643481641 252
1615338068613 7.648051344354789 253
1615338188665 8.701166900351097 254
1615338309071 7.663527533052412 255
1615338428953 9.425617463454355 256
1615338548745 6.993204854659429 257
1615338668964 8.505482444050932 258
1615338789041 8.592023501017389 259
1615338909277 9.461732338692897 260
1615339029382 7.2579870790525725 261
1615339149418 7.850497526099419 262
1615339269607 7.283727557692113 263
1615339389820 10.803838205110399 264
1615339509697 7.0133384493490345 265
1615339628731 9.021840525126313 266
1615339748531 8.80877387360792 267
1615339868543 8.67009650590914 268
1615339988562 7.3099988622837815 269
1615340108636 9.463561277086562 270
1615340228350 7.585859697570533 271
1615340348773 8.58881453561907 272
1615340468794 7.561852845850995 273
1615340589048 8.701765211178317 274
1615340709071 8.344440454929579 275
1615340829092 9.877430220583507 276
1615340949056 12.94809203733534 277
1615341068955 8.031784113719402 278
1615341188493 7.407872743385288 279
1615341308276 7.700177273715455 280
1615341428032 6.605075457462125 281
1615341548054 6.790327944460407 282
1615341667893 6.869329011582431 283
1615341788042 6.3481131576903165 284
1615341908248 7.611218165502686 285
1615342028120 7.318818999102511 286
1615342148397 8.865128630030446 287
1615342268164 12.670981536819362 288
1615342387974 6.7191439109559 289
1615342508184 6.610483250261626 290
1615342627894 8.42300284326566 291
1615342748288 10.20968518680784 292
1615342868269 6.396249525317325 293
1615342988139 7.094803523007062 294
1615343108108 9.185504562407951 295
1615343228164 8.091880809622909 296
1615343348507 7.796536164288007 297
1615343468579 7.170300646974966 298
1615343588699 8.091948895434586 299
1615343708840 8.600128242021295 300
1615343829033 6.265183185826377 301
1615343949011 6.594234600513368 302
1615344068126 8.01575140728964 303
1615344187820 7.452787909790458 304
1615344307710 8.164590336598199 305
1615344427765 8.552001145193596 306
1615344547655 8.141921649978386 307
1615344667276 8.831028699843003 308
1615344787528 9.397477807530535 309
1615344908005 10.373986417163845 310
1615345028445 8.262776506320385 311
1615345148580 7.193056147015941 312
1615345268575 7.36055723161541 313
1615345388606 7.953370143930653 314
1615345508634 6.997400843325077 315
1615345628550 7.715393234697623 316
1615345749033 11.421830685584574 317
1615345868921 6.889156831657999 318
1615345989183 7.304016805093401 319
1615346109809 9.258911459111543 320
1615346230134 8.253203041142799 321
1615346350384 7.735368943561196 322
1615346470723 7.876721519936628 323
1615346590879 8.98354046550473 324
1615346710497 9.1398002489832 325
1615346830420 8.532257400336578 326
1615346950811 6.727320797551234 327
1615347071076 9.584893267643976 328
1615347190890 9.344567424990522 329
1615347310929 8.13024406679529 330
1615347430985 7.214309007374301 331
1615347551197 7.3918789206035225 332
1615347671594 9.271362626155682 333
1615347791293 9.617574834968664 334
1615347911468 7.446993505890011 335
1615348031620 8.750408079515012 336
1615348151953 10.534845111565566 337
1615348272070 7.48798741773291 338
1615348392353 7.36258108720885 339
1615348512836 7.208885457993846 340
1615348632815 8.058695737561534 341
1615348752848 9.757150648229631 342
1615348873047 8.099946905330132 343
1615348992829 6.900215299142394 344
1615349112286 7.725057478285297 345
1615349232269 6.959220305088332 346
1615349351524 6.717348974285962 347
1615349471727 7.2049502683832145 348
1615349591816 6.990056604257971 349
1615349712569 7.053661408457411 350
1615349832436 7.42309353751633 351
1615349952679 8.217470764532324 352
1615350072893 8.414461683746971 353
1615350192366 8.351851612251306 354
1615350312443 9.351319072831876 355
1615350432318 7.794954725629979 356
1615350552544 7.881245028789082 357
1615350672928 8.626385343803308 358
1615350793124 7.9795917496048325 359
1615350913372 10.050569654327772 360
1615351033609 9.439903760145096 361
1615351153451 7.044271253584176 362
1615351273061 8.51726277566212 363
1615351393205 8.391289458645447 364
1615351513697 8.111788871131902 365
1615351633966 7.5406322200384235 366
1615351754496 7.229432574525917 367
1615351874984 8.047986812262423 368
1615351995275 10.956766193844892 369
1615352116157 12.53916209718753 370
1615352236312 7.526256606724575 371
1615352355638 7.815454630053817 372
1615352476207 8.379598694247877 373
1615352596476 9.15399262661285 374
1615352716876 7.2986968425211 375
1615352836847 7.552813664843665 376
1615352957293 9.213564274561422 377
1615353077322 12.50686798467537 378
1615353197781 11.23128496481421 379
1615353317791 10.893327788128952 380
1615353437805 9.444888037076565 381
1615353557713 8.855106903071857 382
1615353677931 7.106623529381647 383
1615353797151 9.996145981578508 384
1615353917120 7.761483979185265 385
1615354036475 8.507442676883674 386
1615354156704 6.851195747041046 387
1615354276584 8.180830172045736 388
1615354395546 6.949292754962558 389
1615354515311 6.547110247279006 390
1615354635363 7.514987739529562 391
1615354754823 7.145113418509087 392
1615354874205 7.260303272889477 393
1615354994552 6.451496108633358 394
1615355114597 7.567318965737652 395
1615355234860 5.755270164997303 396
1615355354580 7.427734580891137 397
1615355474486 6.713050104359069 398
1615355594744 9.21722006336304 399
1615355715016 7.44530942127751 400
1615355834788 7.628791160537775 401
1615355954521 6.281880931968885 402
1615356074490 7.709958932214994 403
1615356194459 7.277045681103491 404
1615356314561 6.955746956849167 405
1615356434182 8.477509859458534 406
1615356554624 7.254483401291821 407
1615356674880 8.048323416198778 408
1615356794636 7.194665887966433 409
1615356914672 6.329977783490658 410
1615357034776 8.056158167126725 411
1615357154799 7.1394681245426215 412
1615357274943 7.868586015597411 413
1615357395319 9.097580025039314 414
1615357515234 6.783633911935608 415
1615357635292 8.580349928941317 416
1615357755353 6.295742745819363 417
1615357875635 7.23412976589858 418
1615357995891 8.240922409254946 419
1615358116372 8.306868527531357 420
1615358236651 8.904466295412169 421
1615358356772 7.167163773228158 422
1615358476904 7.462680235937639 423
1615358596660 7.337827489044483 424
1615358716370 7.800080431738908 425
1615358836576 7.419430328008394 426
1615358956687 7.373337565417259 427
1615359076647 8.138831447305256 428
1615359197079 6.56462272069573 429
1615359317759 6.497446803642794 430
1615359437898 7.479588159773925 431
1615359557673 7.061922273293843 432
1615359678260 9.296246522891181 433
1615359798950 8.139029163468006 434
1615359919165 7.642774344597059 435
1615360039031 9.263756313481132 436
1615360159283 8.404487500194007 437
1615360279185 7.1540759414407376 438
1615360399333 8.151232684974143 439
1615360518610 6.799944549005616 440
1615360638611 7.347919615487153 441
1615360758618 6.703730370111107 442
1615360878864 6.582921518655238 443
1615360998541 6.922048213929077 444
1615361118464 8.246315664290416 445
1615361238713 7.2808148839571425 446
1615361358744 9.156867980304602 447
1615361478508 7.576010531158086 448
1615361608033 8.771923175482884 449
1615361728411 8.589743350991778 450
1615361849056 9.375259775363784 451
1615361969691 9.212099449183487 452
1615362089498 6.543408393392434 453
1615362209295 6.924842666326555 454
1615362329255 12.720893655666156 455
1615362448370 8.751855455585606 456
1615362567262 7.009346000371456 457
1615362687156 8.053274777642137 458
1615362807242 7.990088511740883 459
1615362927221 6.945695362185617 460
1615363046810 6.22812815317702 461
1615363166921 7.720679287744603 462
1615363286570 6.690846542390713 463
1615363405717 7.392705918895221 464
1615363524650 8.095161551962072 465
1615363644048 8.916924237139668 466
1615363765671 7.517173041779259 467
1615363885430 6.004189815847613 468
1615364006527 7.328102742308583 469
1615364129144 7.846514103081439 470
1615364251014 12.188449539269937 471
1615364372093 7.287609345660694 472
1615364493086 7.345618497953193 473
1615364614551 6.692736393760508 474
1615364735765 5.950182169064029 475
1615364855166 6.473780210701386 476
1615364975469 6.502970020217059 477
1615365094811 6.79757355147154 478
1615365213777 7.3289559110054405 479
1615365332836 9.361614126211563 480
1615365451649 7.4425211168285355 481
1615365570744 6.632223058302263 482
1615365689808 8.617074532667676 483
1615365808530 6.970910793850064 484
1615365927041 10.160200767242312 485
1615366045965 7.37545964831831 486
1615366164597 8.16918381343567 487
1615366283294 6.0668244162520235 488
1615366402170 6.485061345880141 489
1615366520941 6.927219745946187 490
1615366639239 5.82077757891001 491
1615366757933 7.365643437342491 492
1615366876536 6.7742971721186525 493
1615366995559 7.810277455555136 494
1615367114254 7.4742892130595635 495
1615367233015 5.8311962811048765 496
1615367351525 5.975134739300763 497
1615367470429 7.730091464871047 498
1615367589411 7.431872369657252 499
