1617097577731 0.6432842088501844 0
1617097577733 0.6432842088501844 0
1617097670970 0.7073742008364912 1
1617097670972 0.7073742008364912 1
1617097763365 0.7361428581585931 2
1617097763367 0.7361428581585931 2
1617097856174 0.7482465719943171 3
1617097856176 0.7482465719943171 3
1617097948902 0.7595068111793319 4
1617097948904 0.7595068111793319 4
1617098041103 0.7712859440947053 5
1617098041105 0.7712859440947053 5
1617098133625 0.7793722687118343 6
1617098133627 0.7793722687118343 6
1617098226031 0.7874500260813467 7
1617098226034 0.7874500260813467 7
1617098318684 0.7932874293963904 8
1617098318687 0.7932874293963904 8
1617098410949 0.7984611854846797 9
1617098410952 0.7984611854846797 9
1617098503442 0.8035192086261518 10
1617098503444 0.8035192086261518 10
1617098595237 0.808795993582378 11
1617098595239 0.808795993582378 11
1617098687328 0.8130660524290273 12
1617098687331 0.8130660524290273 12
1617098779837 0.8173845893602127 13
1617098779840 0.8173845893602127 13
1617098872327 0.8209343118305823 14
1617098872330 0.8209343118305823 14
1617098964605 0.8238411568550031 15
1617098964608 0.8238411568550031 15
1617099056971 0.8261623427311091 16
1617099056973 0.8261623427311091 16
1617099149263 0.8281239605760495 17
1617099149266 0.8281239605760495 17
1617099241439 0.8305505473292539 18
1617099241441 0.8305505473292539 18
1617099333799 0.8328622093618806 19
1617099333801 0.8328622093618806 19
1617099426075 0.8350802478780963 20
1617099426078 0.8350802478780963 20
1617099518160 0.8370251864639681 21
1617099518162 0.8370251864639681 21
1617099610433 0.8389916923392677 22
1617099610435 0.8389916923392677 22
1617099702611 0.8406883952536838 23
1617099702614 0.8406883952536838 23
1617099794537 0.842225372364272 24
1617099794539 0.842225372364272 24
1617099886616 0.8438656328141211 25
1617099886618 0.8438656328141211 25
1617099978782 0.8454663232257184 26
1617099978784 0.8454663232257184 26
1617100070646 0.8468487439220395 27
1617100070648 0.8468487439220395 27
1617100162683 0.8481841541278382 28
1617100162686 0.8481841541278382 28
1617100254368 0.8495078520840081 29
1617100254370 0.8495078520840081 29
1617100345575 0.8507670715673648 30
1617100345578 0.8507670715673648 30
1617100436795 0.8520094106919064 31
1617100436797 0.8520094106919064 31
1617100527737 0.8528084694422624 32
1617100527739 0.8528084694422624 32
1617100618873 0.8532068441202701 33
1617100618875 0.8532068441202701 33
1617100709837 0.8536460169419242 34
1617100709840 0.8536460169419242 34
1617100801016 0.853802078832609 35
1617100801018 0.853802078832609 35
1617100892192 0.8542811373721496 36
1617100892194 0.8542811373721496 36
1617100983247 0.8550669728831893 37
1617100983249 0.8550669728831893 37
1617101074448 0.8559550130933167 38
1617101074450 0.8559550130933167 38
1617101165526 0.8568409752612414 39
1617101165528 0.8568409752612414 39
1617101256748 0.8573843172779679 40
1617101256750 0.8573843172779679 40
1617101348086 0.8580421771290374 41
1617101348088 0.8580421771290374 41
1617101439328 0.8588013512864537 42
1617101439330 0.8588013512864537 42
1617101530526 0.8595650863150243 43
1617101530528 0.8595650863150243 43
1617101621646 0.8602454443832098 44
1617101621648 0.8602454443832098 44
1617101712458 0.8608543419619568 45
1617101712461 0.8608543419619568 45
1617101803367 0.861538861883614 46
1617101803369 0.861538861883614 46
1617101894799 0.8622370329579088 47
1617101894801 0.8622370329579088 47
1617101986159 0.8629036315868149 48
1617101986161 0.8629036315868149 48
1617102077251 0.86357934233948 49
1617102077253 0.86357934233948 49
1617102168845 0.8642469262061705 50
1617102168847 0.8642469262061705 50
1617102261427 0.8648815433515199 51
1617102261429 0.8648815433515199 51
1617102353774 0.8654897404595046 52
1617102353776 0.8654897404595046 52
1617102445167 0.8661062172923579 53
1617102445169 0.8661062172923579 53
1617102537038 0.8667075599558284 54
1617102537041 0.8667075599558284 54
1617102630268 0.8669008993946921 55
1617102630270 0.8669008993946921 55
1617102722174 0.8671820886201088 56
1617102722176 0.8671820886201088 56
1617102813533 0.8676910556273918 57
1617102813536 0.8676910556273918 57
1617102904790 0.8681898727481647 58
1617102904792 0.8681898727481647 58
1617102995836 0.8686605804454449 59
1617102995839 0.8686605804454449 59
1617103086802 0.8688595936362364 60
1617103086805 0.8688595936362364 60
1617103177703 0.8691733956566668 61
1617103177705 0.8691733956566668 61
1617103268711 0.8695832761733233 62
1617103268713 0.8695832761733233 62
1617103360572 0.8700091831997814 63
1617103360574 0.8700091831997814 63
1617103452515 0.8704392009782023 64
1617103452517 0.8704392009782023 64
1617103543623 0.8708942043119562 65
1617103543626 0.8708942043119562 65
1617103634597 0.8713461938587479 66
1617103634600 0.8713461938587479 66
1617103725397 0.8718108657273362 67
1617103725400 0.8718108657273362 67
1617103816337 0.8722781377677608 68
1617103816339 0.8722781377677608 68
1617103907546 0.8727071251543953 69
1617103907548 0.8727071251543953 69
1617104000028 0.8729321951002438 70
1617104000031 0.8729321951002438 70
1617104090867 0.873247966201828 71
1617104090869 0.873247966201828 71
1617104181799 0.873636941131929 72
1617104181801 0.873636941131929 72
1617104272951 0.8740486962281293 73
1617104272954 0.8740486962281293 73
1617104363735 0.8745043119334553 74
1617104363737 0.8745043119334553 74
1617104454806 0.8748152582134443 75
1617104454809 0.8748152582134443 75
1617104545735 0.8751634358441325 76
1617104545738 0.8751634358441325 76
1617104636655 0.8755141956273411 77
1617104636658 0.8755141956273411 77
1617104727619 0.8759102222634872 78
1617104727621 0.8759102222634872 78
1617104818534 0.8762802340596334 79
1617104818537 0.8762802340596334 79
1617104909840 0.8766766274719007 80
1617104909842 0.8766766274719007 80
1617105000868 0.8770876100823276 81
1617105000870 0.8770876100823276 81
1617105091977 0.8774896043418015 82
1617105091979 0.8774896043418015 82
1617105182996 0.8778242952094446 83
1617105182999 0.8778242952094446 83
1617105273869 0.878168594997329 84
1617105273871 0.878168594997329 84
1617105364817 0.8785095744147975 85
1617105364819 0.8785095744147975 85
1617105455845 0.8788546511650085 86
1617105455848 0.8788546511650085 86
1617105546865 0.8791977972368534 87
1617105546868 0.8791977972368534 87
1617105638055 0.879587414222505 88
1617105638057 0.879587414222505 88
1617105729183 0.8799469429343574 89
1617105729185 0.8799469429343574 89
1617105820529 0.8802954659313262 90
1617105820532 0.8802954659313262 90
1617105912138 0.8806359745098004 91
1617105912140 0.8806359745098004 91
1617106004301 0.8809844570741783 92
1617106004304 0.8809844570741783 92
1617106095501 0.8813359577316487 93
1617106095503 0.8813359577316487 93
1617106186332 0.881633447706941 94
1617106186334 0.881633447706941 94
1617106277389 0.8819425217209652 95
1617106277392 0.8819425217209652 95
1617106368711 0.8822837680890131 96
1617106368713 0.8822837680890131 96
1617106459648 0.8826210200291924 97
1617106459650 0.8826210200291924 97
1617106551007 0.8829324263204945 98
1617106551010 0.8829324263204945 98
1617106642041 0.8832073911984536 99
1617106642043 0.8832073911984536 99
1617106733421 0.8835142018511637 100
1617106733424 0.8835142018511637 100
1617106824132 0.8838289245500912 101
1617106824135 0.8838289245500912 101
1617106915095 0.8841400791075726 102
1617106915097 0.8841400791075726 102
1617107005972 0.8844334960787974 103
1617107005974 0.8844334960787974 103
1617107096740 0.8847698877089974 104
1617107096743 0.8847698877089974 104
1617107187760 0.8850862708747437 105
1617107187763 0.8850862708747437 105
1617107278478 0.8853691665493439 106
1617107278480 0.8853691665493439 106
1617107369425 0.8856313731659408 107
1617107369427 0.8856313731659408 107
1617107460333 0.8859541008374732 108
1617107460335 0.8859541008374732 108
1617107551240 0.886241045812988 109
1617107551242 0.886241045812988 109
1617107642172 0.8865188881207943 110
1617107642175 0.8865188881207943 110
1617107733299 0.886815084450684 111
1617107733302 0.886815084450684 111
1617107824430 0.8871130969636711 112
1617107824433 0.8871130969636711 112
1617107915360 0.8873878172260112 113
1617107915363 0.8873878172260112 113
1617108006681 0.8876739890257527 114
1617108006684 0.8876739890257527 114
1617108097816 0.8879499844424545 115
1617108097818 0.8879499844424545 115
1617108188918 0.8882497139872968 116
1617108188920 0.8882497139872968 116
1617108280422 0.8885236942195934 117
1617108280425 0.8885236942195934 117
1617108371541 0.8888284040453591 118
1617108371543 0.8888284040453591 118
1617108462555 0.8890835666356306 119
1617108462558 0.8890835666356306 119
1617108553541 0.8892492633286807 120
1617108553544 0.8892492633286807 120
1617108644552 0.8895134049623439 121
1617108644554 0.8895134049623439 121
1617108735608 0.8897719590912194 122
1617108735611 0.8897719590912194 122
1617108826548 0.8900050383457612 123
1617108826550 0.8900050383457612 123
1617108917850 0.8902736432217896 124
1617108917853 0.8902736432217896 124
1617109009042 0.8905262610424358 125
1617109009046 0.8905262610424358 125
1617109100181 0.8907811717612214 126
1617109100184 0.8907811717612214 126
1617109191220 0.8910240367138397 127
1617109191222 0.8910240367138397 127
1617109282305 0.891251618894846 128
1617109282308 0.891251618894846 128
1617109373339 0.8914940068751936 129
1617109373341 0.8914940068751936 129
1617109464471 0.8917461812441911 130
1617109464474 0.8917461812441911 130
1617109555541 0.8919982224932034 131
1617109555544 0.8919982224932034 131
1617109646558 0.8922547937168657 132
1617109646560 0.8922547937168657 132
1617109740344 0.8924776398098636 133
1617109740347 0.8924776398098636 133
1617109832333 0.8926900688741324 134
1617109832336 0.8926900688741324 134
1617109923911 0.8929421442324598 135
1617109923913 0.8929421442324598 135
1617110015378 0.893197695336091 136
1617110015380 0.893197695336091 136
1617110106900 0.8934428980526924 137
1617110106902 0.8934428980526924 137
1617110198395 0.893679874974783 138
1617110198398 0.893679874974783 138
1617110289580 0.8938486327227804 139
1617110289582 0.8938486327227804 139
1617110380887 0.8938046782357133 140
1617110380889 0.8938046782357133 140
1617110471675 0.8939333258684252 141
1617110471677 0.8939333258684252 141
1617110562780 0.8941283710517934 142
1617110562782 0.8941283710517934 142
1617110654266 0.8942645867891152 143
1617110654268 0.8942645867891152 143
1617110745534 0.8944672531190191 144
1617110745537 0.8944672531190191 144
1617110836615 0.8946718422581413 145
1617110836617 0.8946718422581413 145
1617110927749 0.8948730668942133 146
1617110927752 0.8948730668942133 146
1617111018982 0.8950756908806572 147
1617111018985 0.8950756908806572 147
1617111111928 0.8952913622599811 148
1617111111930 0.8952913622599811 148
1617111205588 0.895522183891854 149
1617111205590 0.895522183891854 149
1617111299677 0.8957532737567279 150
1617111299680 0.8957532737567279 150
1617111392906 0.8959599261856208 151
1617111392908 0.8959599261856208 151
1617111484865 0.8961829043940119 152
1617111484867 0.8961829043940119 152
1617111576662 0.8964060303617412 153
1617111576665 0.8964060303617412 153
1617111668798 0.8966335948697685 154
1617111668800 0.8966335948697685 154
1617111762210 0.89686791649865 155
1617111762212 0.89686791649865 155
1617111856696 0.8970861402201895 156
1617111856699 0.8970861402201895 156
1617111950757 0.8973054691346859 157
1617111950760 0.8973054691346859 157
1617112044734 0.8975165912195965 158
1617112044737 0.8975165912195965 158
1617112138998 0.89773085763317 159
1617112139000 0.89773085763317 159
1617112233390 0.8979289323464529 160
1617112233392 0.8979289323464529 160
1617112326426 0.8981601012973336 161
1617112326429 0.8981601012973336 161
1617112420060 0.8983526342605697 162
1617112420063 0.8983526342605697 162
1617112512831 0.8985468988239398 163
1617112512833 0.8985468988239398 163
1617112603813 0.8987246214065701 164
1617112603815 0.8987246214065701 164
1617112694843 0.8989205479321818 165
1617112694845 0.8989205479321818 165
1617112786217 0.8991363414992363 166
1617112786220 0.8991363414992363 166
1617112877510 0.899347627665468 167
1617112877512 0.899347627665468 167
1617112968713 0.8995605365285476 168
1617112968716 0.8995605365285476 168
1617113060166 0.8997524680842257 169
1617113060168 0.8997524680842257 169
1617113151513 0.8999536326457664 170
1617113151516 0.8999536326457664 170
1617113242715 0.9001389136763589 171
1617113242717 0.9001389136763589 171
1617113333874 0.9003021267018196 172
1617113333876 0.9003021267018196 172
1617113425291 0.900493709689343 173
1617113425293 0.900493709689343 173
1617113516548 0.9006331910535511 174
1617113516551 0.9006331910535511 174
1617113607985 0.9007842417712916 175
1617113607988 0.9007842417712916 175
1617113699279 0.9009722629939176 176
1617113699282 0.9009722629939176 176
1617113790430 0.9011666849195628 177
1617113790433 0.9011666849195628 177
1617113881441 0.9013403283193453 178
1617113881444 0.9013403283193453 178
1617113972535 0.9015145351442472 179
1617113972537 0.9015145351442472 179
1617114063732 0.9016932119339328 180
1617114063734 0.9016932119339328 180
1617114154958 0.9018764686411963 181
1617114154960 0.9018764686411963 181
1617114245917 0.9020580477555028 182
1617114245920 0.9020580477555028 182
1617114337009 0.902236657997018 183
1617114337012 0.902236657997018 183
1617114428058 0.9024032811574695 184
1617114428061 0.9024032811574695 184
1617114519176 0.902565657523575 185
1617114519178 0.902565657523575 185
1617114610170 0.9027136386856168 186
1617114610172 0.9027136386856168 186
1617114701476 0.9028848913403321 187
1617114701479 0.9028848913403321 187
1617114792597 0.9030254428624238 188
1617114792600 0.9030254428624238 188
1617114884262 0.9031998319765888 189
1617114884265 0.9031998319765888 189
1617114975815 0.9033531875661901 190
1617114975818 0.9033531875661901 190
1617115066833 0.9034930029689411 191
1617115066835 0.9034930029689411 191
1617115158032 0.9036563239281269 192
1617115158035 0.9036563239281269 192
1617115249173 0.9038220796117927 193
1617115249176 0.9038220796117927 193
1617115340259 0.9039696559922462 194
1617115340262 0.9039696559922462 194
1617115431694 0.904109528380955 195
1617115431697 0.904109528380955 195
1617115522692 0.9042713512088879 196
1617115522694 0.9042713512088879 196
1617115613642 0.9044135754963125 197
1617115613644 0.9044135754963125 197
1617115704861 0.9045734954738223 198
1617115704864 0.9045734954738223 198
1617115795902 0.9047346729709618 199
1617115795904 0.9047346729709618 199
1617115887115 0.9048829065110938 200
1617115887118 0.9048829065110938 200
1617115978230 0.905033969597073 201
1617115978233 0.905033969597073 201
1617116069471 0.9052093604057412 202
1617116069474 0.9052093604057412 202
1617116160622 0.905356745586077 203
1617116160624 0.905356745586077 203
1617116252154 0.9055080729527726 204
1617116252156 0.9055080729527726 204
1617116343528 0.905643738004296 205
1617116343531 0.905643738004296 205
1617116434724 0.9057924168527575 206
1617116434727 0.9057924168527575 206
1617116525955 0.9057258902789135 207
1617116525958 0.9057258902789135 207
1617116616922 0.9057956708315719 208
1617116616924 0.9057956708315719 208
1617116707971 0.905913939123345 209
1617116707973 0.905913939123345 209
1617116798843 0.9060343733737936 210
1617116798845 0.9060343733737936 210
1617116890025 0.9061503471440023 211
1617116890027 0.9061503471440023 211
1617116981298 0.9062906573366512 212
1617116981300 0.9062906573366512 212
1617117072473 0.9064431768164855 213
1617117072475 0.9064431768164855 213
1617117163599 0.906575134883986 214
1617117163601 0.906575134883986 214
1617117254926 0.9067188647323957 215
1617117254929 0.9067188647323957 215
1617117345840 0.9068542629701773 216
1617117345843 0.9068542629701773 216
1617117437450 0.9069932030601907 217
1617117437452 0.9069932030601907 217
1617117528686 0.9071265843610792 218
1617117528688 0.9071265843610792 218
1617117619725 0.9072613790249191 219
1617117619727 0.9072613790249191 219
1617117710736 0.9074032604253611 220
1617117710739 0.9074032604253611 220
1617117801973 0.9075421312072302 221
1617117801975 0.9075421312072302 221
1617117893037 0.9076852185742074 222
1617117893039 0.9076852185742074 222
1617117984094 0.9078315388639676 223
1617117984096 0.9078315388639676 223
1617118075189 0.9079737302875469 224
1617118075191 0.9079737302875469 224
1617118166365 0.9080947241501247 225
1617118166368 0.9080947241501247 225
1617118257546 0.9082330247988524 226
1617118257549 0.9082330247988524 226
1617118348701 0.9083722432690517 227
1617118348704 0.9083722432690517 227
1617118439761 0.9085169880311956 228
1617118439764 0.9085169880311956 228
1617118531156 0.9086504325843134 229
1617118531158 0.9086504325843134 229
1617118622101 0.9087871060710254 230
1617118622104 0.9087871060710254 230
1617118713203 0.9089295544361076 231
1617118713205 0.9089295544361076 231
1617118804278 0.9090798585228668 232
1617118804280 0.9090798585228668 232
1617118895614 0.909221971059148 233
1617118895616 0.909221971059148 233
1617118986772 0.9093475255997636 234
1617118986774 0.9093475255997636 234
1617119077746 0.9094829229169167 235
1617119077749 0.9094829229169167 235
1617119168875 0.9096281354322939 236
1617119168878 0.9096281354322939 236
1617119260409 0.9097350723207003 237
1617119260412 0.9097350723207003 237
1617119351326 0.9098543490378195 238
1617119351329 0.9098543490378195 238
1617119442416 0.9099857272230005 239
1617119442419 0.9099857272230005 239
1617119533696 0.9101060111906458 240
1617119533699 0.9101060111906458 240
1617119624764 0.9102350179306834 241
1617119624766 0.9102350179306834 241
1617119715804 0.910351001822419 242
1617119715806 0.910351001822419 242
1617119807153 0.9104823639172955 243
1617119807156 0.9104823639172955 243
1617119898418 0.9105963078781223 244
1617119898420 0.9105963078781223 244
1617119989453 0.9107159106954354 245
1617119989456 0.9107159106954354 245
1617120080412 0.9108337869708447 246
1617120080415 0.9108337869708447 246
1617120171555 0.9109701581514564 247
1617120171558 0.9109701581514564 247
1617120262679 0.9110802917091636 248
1617120262681 0.9110802917091636 248
1617120353765 0.9111945149268705 249
1617120353767 0.9111945149268705 249
