1617097577729 0.3361697890865269 0
1617097670968 0.26816758913780325 1
1617097763363 0.23837525186254016 2
1617097856171 0.22622805411246283 3
1617097948900 0.2148485516434285 4
1617098041100 0.20366007519598625 5
1617098133623 0.19593651373503304 6
1617098226029 0.18826476918227636 7
1617098318682 0.18273806008533458 8
1617098410947 0.17786312432431461 9
1617098503440 0.17327316079081478 10
1617098595235 0.1684721651213679 11
1617098687326 0.16465804873870515 12
1617098779835 0.1607568885471775 13
1617098872325 0.15755032283156664 14
1617098964603 0.15492158939144504 15
1617099056969 0.15276930340556746 16
1617099149261 0.15103576427470788 17
1617099241437 0.1488476386710779 18
1617099333796 0.1467791028431992 19
1617099426072 0.14480114974446895 20
1617099518157 0.1430464018960174 21
1617099610431 0.14128542909523173 22
1617099702609 0.13977535832580643 23
1617099794534 0.13843267988802782 24
1617099886614 0.13693946456252226 25
1617099978780 0.1355042947860895 26
1617100070643 0.134303642837986 27
1617100162681 0.13312139648539592 28
1617100254366 0.13192883442290387 29
1617100345573 0.1307954756640791 30
1617100436793 0.12970086676416112 31
1617100527734 0.12896707356110898 32
1617100618870 0.12857238279820746 33
1617100709835 0.12818442125564447 34
1617100801014 0.12801872732528607 35
1617100892189 0.12761177745929117 36
1617100983245 0.12690482810081127 37
1617101074446 0.12608467262000175 38
1617101165524 0.1253066759278525 39
1617101256746 0.12486146674140564 40
1617101348084 0.12429171451119216 41
1617101439325 0.12361611454323816 42
1617101530524 0.12291932991595894 43
1617101621644 0.12232025369482845 44
1617101712456 0.12176755664412035 45
1617101803365 0.12116102429941442 46
1617101894796 0.12054173207253364 47
1617101986157 0.11994789710975874 48
1617102077249 0.11933765857966976 49
1617102168843 0.11875340109650138 50
1617102261424 0.11819124757285504 51
1617102353771 0.11765288302878935 52
1617102445165 0.11710102118926524 53
1617102537036 0.11656343281835195 54
1617102630265 0.1163922557349144 55
1617102722172 0.11615035330384588 56
1617102813531 0.11568692415507871 57
1617102904787 0.11525353435742652 58
1617102995834 0.114852980654038 59
1617103086800 0.1146720098434114 60
1617103177700 0.11440884622175301 61
1617103268708 0.11404896933330344 62
1617103360569 0.11367727536708115 63
1617103452513 0.11329991282332777 64
1617103543621 0.1128951184677355 65
1617103634595 0.11250422532799036 66
1617103725395 0.11209397236436369 67
1617103816335 0.11168361695174296 68
1617103907544 0.11129722437624738 69
1617104000026 0.11109233501455175 70
1617104090865 0.11083468356189838 71
1617104181797 0.11048717897037279 72
1617104272949 0.11011463451789433 73
1617104363733 0.10970297306924316 74
1617104454804 0.10942807587599622 75
1617104545733 0.10912013315003748 76
1617104636653 0.1088064698323499 77
1617104727616 0.10846444977359063 78
1617104818532 0.10813590115798052 79
1617104909838 0.10779689303721997 80
1617105000866 0.10743493773653412 81
1617105091974 0.10707782294934139 82
1617105182994 0.10678636580811549 83
1617105273867 0.1064879397533775 84
1617105364815 0.10619513158250374 85
1617105455843 0.10589209350800917 86
1617105546863 0.10558929408583256 87
1617105638052 0.10523917823755037 88
1617105729181 0.10492639632565066 89
1617105820527 0.10461792158693371 90
1617105912135 0.1043229832094571 91
1617106004299 0.10401662041528362 92
1617106095499 0.10370753281984904 93
1617106186330 0.10345011658305174 94
1617106277387 0.10316784040474176 95
1617106368709 0.10287083908491342 96
1617106459646 0.10257212931594939 97
1617106551004 0.10229536043147269 98
1617106642038 0.1020506463210974 99
1617106733419 0.10177844164729803 100
1617106824130 0.10150492520997981 101
1617106915093 0.10122424948821808 102
1617107005970 0.10096268942654474 103
1617107096738 0.1006627861963745 104
1617107187758 0.10038241684453582 105
1617107278475 0.10013539143595704 106
1617107369422 0.09989842947113241 107
1617107460330 0.09961461805406045 108
1617107551237 0.09936983300678763 109
1617107642169 0.09912002396804757 110
1617107733297 0.09885619171678636 111
1617107824428 0.09859672863847778 112
1617107915358 0.09835277540298554 113
1617108006678 0.09810883858078565 114
1617108097813 0.09787194543564616 115
1617108188915 0.09760945462833814 116
1617108280419 0.09737099745199401 117
1617108371538 0.09710378478196276 118
1617108462553 0.0968814657991798 119
1617108553539 0.09673607990511454 120
1617108644549 0.09650268000059495 121
1617108735605 0.09627224332628685 122
1617108826545 0.09607473072462717 123
1617108917847 0.09583840896122489 124
1617109009040 0.09561682665300038 125
1617109100179 0.09538455656852768 126
1617109191218 0.09517019520054999 127
1617109282303 0.09497676583389073 128
1617109373337 0.09476345350493243 129
1617109464468 0.0945427654829087 130
1617109555539 0.09432126826314781 131
1617109646555 0.0940933882313911 132
1617109740341 0.09389626467299633 133
1617109832331 0.09370900858430453 134
1617109923909 0.09349116404999545 135
1617110015376 0.09326666374717715 136
1617110106898 0.09304791304705694 137
1617110198393 0.09283888357276754 138
1617110289578 0.09268927633254002 139
1617110380885 0.09272092051438909 140
1617110471673 0.09260327110702507 141
1617110562778 0.0924338849498389 142
1617110654263 0.0923197796664032 143
1617110745532 0.09213982934014302 144
1617110836613 0.09195212208525187 145
1617110927747 0.09177041807832152 146
1617111018980 0.09158979338857133 147
1617111111926 0.0913962865835868 148
1617111205585 0.09119532840761968 149
1617111299674 0.09099113908200035 150
1617111392903 0.09081421731638324 151
1617111484863 0.09061731256958144 152
1617111576660 0.09041838825361326 153
1617111668795 0.0902199117220188 154
1617111762208 0.09001098079353828 155
1617111856690 0.08982272823111433 156
1617111950755 0.0896277020136575 157
1617112044732 0.08944075413962363 158
1617112138996 0.08925071090682224 159
1617112233387 0.08907546882800904 160
1617112326423 0.08887063352600826 161
1617112420058 0.08870279209352476 162
1617112512829 0.0885342284087749 163
1617112603811 0.0883778705202255 164
1617112694841 0.08820667788935656 165
1617112786215 0.08801607396734952 166
1617112877507 0.08782926980768775 167
1617112968711 0.08764451092590575 168
1617113060164 0.08747575700126055 169
1617113151511 0.08730295167040467 170
1617113242712 0.08713912390785386 171
1617113333871 0.08700010866716086 172
1617113425288 0.0868333195828107 173
1617113516545 0.08671049311725314 174
1617113607983 0.08657985948420442 175
1617113699276 0.08641624928666704 176
1617113790428 0.08624566737365624 177
1617113881439 0.08609380283596654 178
1617113972532 0.0859447982576158 179
1617114063729 0.08578821109646059 180
1617114154955 0.08562644012975011 181
1617114245914 0.08546827125973222 182
1617114337007 0.08531946302098471 183
1617114428055 0.0851715310969243 184
1617114519173 0.08502757946745844 185
1617114610167 0.08490313702202801 186
1617114701474 0.08475214003494483 187
1617114792595 0.08462654162308036 188
1617114884260 0.08447767709618184 189
1617114975813 0.08434252287341605 190
1617115066830 0.08422644551268856 191
1617115158030 0.08408211190410503 192
1617115249171 0.0839372307387732 193
1617115340256 0.08380288949105823 194
1617115431692 0.08368470125125013 195
1617115522690 0.08354082926447366 196
1617115613640 0.08341733451506389 197
1617115704859 0.08327486192188534 198
1617115795899 0.08313693214708297 199
1617115887113 0.08300845054012632 200
1617115978228 0.08287830839080296 201
1617116069469 0.08272403573719912 202
1617116160620 0.08259438288326948 203
1617116252152 0.0824587291008262 204
1617116343526 0.08233791974088 205
1617116434721 0.08220887628094309 206
1617116525953 0.08226153645856918 207
1617116616920 0.08220246072616744 208
1617116707967 0.08209524898556161 209
1617116798840 0.08198598469721169 210
1617116890023 0.08188083122076027 211
1617116981295 0.08175870337839439 212
1617117072471 0.08162204475395511 213
1617117163596 0.08150724081974892 214
1617117254923 0.08138422217815203 215
1617117345837 0.08126676451988511 216
1617117437448 0.08114564170269997 217
1617117528683 0.08103079730598482 218
1617117619722 0.08091383651202208 219
1617117710733 0.08079163494555798 220
1617117801970 0.08067073611397563 221
1617117893034 0.08054666287464494 222
1617117984091 0.08041928581861667 223
1617118075186 0.08029377817909907 224
1617118166363 0.0801867033276087 225
1617118257544 0.08006497030310221 226
1617118348699 0.0799454277794409 227
1617118439759 0.07981922510650316 228
1617118531153 0.07970687671964001 229
1617118622099 0.07959002513651961 230
1617118713200 0.07946517234893415 231
1617118804275 0.07933421720953525 232
1617118895611 0.0792102811363586 233
1617118986770 0.07910050442196823 234
1617119077743 0.07898058522329611 235
1617119168872 0.07885392140183026 236
1617119260407 0.07876376167947101 237
1617119351324 0.07865866265126903 238
1617119442414 0.07854393934136006 239
1617119533693 0.07843972393445661 240
1617119624762 0.07832627595242964 241
1617119715801 0.07822779087694935 242
1617119807151 0.07811082778888195 243
1617119898415 0.07801041182606024 244
1617119989451 0.07790493206439153 245
1617120080410 0.07780047354507147 246
1617120171553 0.07767953491578265 247
1617120262676 0.07758449334460311 248
1617120353763 0.07748630037592419 249
