1617097577724 0.6432842088501844 0
1617097670964 0.771464192822798 1
1617097763358 0.793680172802797 2
1617097856167 0.784557713501489 3
1617097948895 0.804547767919391 4
1617098041096 0.8301816086715726 5
1617098133618 0.8278902164146081 6
1617098226025 0.8439943276679338 7
1617098318669 0.8399866559167406 8
1617098410943 0.8450249902792831 9
1617098503435 0.854099440040873 10
1617098595231 0.8668406281008649 11
1617098687323 0.8643067585888193 12
1617098779831 0.873525569465623 13
1617098872321 0.8706304264157566 14
1617098964598 0.8674438322213158 15
1617099056964 0.8633013167488042 16
1617099149257 0.8614714639400368 17
1617099241433 0.8742291088869323 18
1617099333791 0.8767837879817877 19
1617099426068 0.8794410182024116 20
1617099518153 0.8778688967672746 21
1617099610426 0.882254821595861 22
1617099702604 0.8797125622852525 23
1617099794529 0.8791128230183872 24
1617099886609 0.8848721440603484 25
1617099978775 0.8870842739272473 26
1617100070639 0.8841741027227089 27
1617100162677 0.885575639890201 28
1617100254361 0.8878950928129367 29
1617100345568 0.8885436560680617 30
1617100436788 0.8905219235526982 31
1617100527730 0.8783783494536557 32
1617100618866 0.8663532084945256 33
1617100709831 0.8685778928781623 34
1617100801009 0.8592642450065755 35
1617100892185 0.8715272447956142 36
1617100983240 0.8841428867916563 37
1617101074442 0.8897005410781548 38
1617101165519 0.8913934998103042 39
1617101256741 0.8791179979470238 40
1617101348080 0.885014431022886 41
1617101439321 0.8906866658979388 42
1617101530519 0.8924056925435564 43
1617101621639 0.8901811993833798 44
1617101712451 0.8882547330055663 45
1617101803360 0.8930267782798454 46
1617101894792 0.8950510734497611 47
1617101986153 0.8949003657743112 48
1617102077244 0.8966891692200704 49
1617102168838 0.8976261195406985 50
1617102261416 0.8972470177643335 51
1617102353760 0.8971159900747129 52
1617102445160 0.8987794894335875 53
1617102537033 0.8991800637832329 54
1617102630253 0.8775345685321894 55
1617102722168 0.88292868524345 56
1617102813526 0.8967021750425225 57
1617102904783 0.8971212657529917 58
1617102995829 0.8964323345849763 59
1617103086795 0.8808003850837252 60
1617103177696 0.8883153189029267 61
1617103268704 0.8949958682060242 62
1617103360558 0.8968413258666423 63
1617103452509 0.8979603387971422 64
1617103543617 0.9004694210059607 65
1617103634590 0.9011775039470018 66
1617103725390 0.9029438809227588 67
1617103816330 0.9040526365166279 68
1617103907540 0.9023072548321823 69
1617104000022 0.8886870913096329 70
1617104090860 0.8956677144143119 71
1617104181792 0.9016431360992033 72
1617104272945 0.9041068182507558 73
1617104363728 0.9082198741275873 74
1617104454799 0.8981362292126044 75
1617104545729 0.9016249357764401 76
1617104636648 0.9025226989343985 77
1617104727612 0.9068002998828888 78
1617104818528 0.9055111659551734 79
1617104909833 0.9083881004532771 80
1617105000861 0.9103772015269123 81
1617105091970 0.9104531336186538 82
1617105182989 0.9056036372238131 83
1617105273862 0.9070897771796184 84
1617105364810 0.9074928248996166 85
1617105455838 0.908531251683164 86
1617105546859 0.9090515054873566 87
1617105638048 0.9138737089598357 88
1617105729176 0.9119449982892222 89
1617105820522 0.9116625356585232 90
1617105912131 0.9116222551509515 91
1617106004295 0.91304485299694 92
1617106095494 0.9140255188764032 93
1617106186325 0.9095975053844167 94
1617106277382 0.9113045530532723 95
1617106368704 0.9150434194216087 96
1617106459641 0.9153344582265882 97
1617106551000 0.9134502428681103 98
1617106642034 0.9104289141163897 99
1617106733415 0.9141952671221832 100
1617106824126 0.9156159171417578 101
1617106915089 0.9158778439706831 102
1617107005965 0.9146554441149555 103
1617107096734 0.9197546172497878 104
1617107187753 0.918306503278106 105
1617107278471 0.9153561080569652 106
1617107369417 0.9136874811418021 107
1617107460326 0.9208086893629672 108
1617107551233 0.9175180481440985 109
1617107642165 0.9170815419794908 110
1617107733292 0.9196928770684484 111
1617107824424 0.9204904984182386 112
1617107915353 0.9184312068704349 113
1617108006673 0.9202975741962889 114
1617108097809 0.9196894573631571 115
1617108188911 0.9230183411890002 116
1617108280414 0.9205793813983006 117
1617108371534 0.9247841634857121 118
1617108462548 0.9194479148779342 119
1617108553534 0.9091328664946912 120
1617108644545 0.9214745426355903 121
1617108735601 0.9213155628140293 122
1617108826541 0.9186737866544011 123
1617108917842 0.9235806478493249 124
1617109009036 0.9221034886232063 125
1617109100173 0.9228999223282088 126
1617109191214 0.9218678856963543 127
1617109282298 0.9203821380636585 128
1617109373332 0.9227620563400325 129
1617109464464 0.9245288492138706 130
1617109555534 0.9250156261138062 131
1617109646551 0.926122195240277 132
1617109740328 0.9221161701785985 133
1617109832327 0.9211555634861561 134
1617109923904 0.9269723176066555 135
1617110015371 0.9279526454299244 136
1617110106894 0.9270356702270792 137
1617110198388 0.9263826902232953 138
1617110289573 0.9173059596944211 139
1617110380880 0.8876510500463087 140
1617110471669 0.9120726420808194 141
1617110562773 0.9218247870900738 142
1617110654259 0.9137434372261389 143
1617110745527 0.9236512046251724 144
1617110836608 0.9243372674308606 145
1617110927742 0.9242518637607346 146
1617111018975 0.9248614168878811 147
1617111111921 0.9272107263999199 148
1617111205571 0.9299146070409177 149
1617111299665 0.9304167534878005 150
1617111392890 0.927164442948441 151
1617111484859 0.9300755920694835 152
1617111576654 0.9305443034243228 153
1617111668782 0.9316785291059694 154
1617111762195 0.9331877689753005 155
1617111856681 0.9311290407803521 156
1617111950740 0.9317401087106164 157
1617112044718 0.9308738806354466 158
1617112138981 0.93179921739137 159
1617112233374 0.9296208864717341 160
1617112326410 0.9353783023891165 161
1617112420044 0.929542974304797 162
1617112512825 0.9302120226532665 163
1617112603807 0.9278711249579245 164
1617112694836 0.9312484246581348 165
1617112786210 0.9349580736302617 166
1617112877503 0.9346324174261805 167
1617112968706 0.9353292255259272 168
1617113060159 0.9321889009938311 169
1617113151506 0.9341516081076949 170
1617113242708 0.9318219699076752 171
1617113333867 0.9283747670810614 172
1617113425284 0.9336375665308824 173
1617113516540 0.9249029484257769 174
1617113607978 0.927218117375872 175
1617113699272 0.9340639981760908 176
1617113790423 0.9355793657587536 177
1617113881434 0.932248853480638 178
1617113972528 0.9326975568016963 179
1617114063725 0.9338550340773454 180
1617114154950 0.9350459326559039 181
1617114245910 0.9351054465592797 182
1617114337002 0.9349223321943141 183
1617114428051 0.9330619426805582 184
1617114519168 0.9326052852530977 185
1617114610162 0.9302381348254075 186
1617114701469 0.9349091377720904 187
1617114792590 0.9294491290156521 188
1617114884255 0.9361593745537659 189
1617114975808 0.9324907495904324 190
1617115066825 0.9301977448943836 191
1617115158025 0.9350139480918201 192
1617115249166 0.9358129265593059 193
1617115340251 0.9325994738002321 194
1617115431687 0.9313846441792019 195
1617115522685 0.9359886254837264 196
1617115613635 0.9324317601189684 197
1617115704854 0.9362376510207333 198
1617115795895 0.936808994901714 199
1617115887108 0.9345296145375095 200
1617115978223 0.9353976498788862 201
1617116069464 0.9406383037567139 202
1617116160615 0.9352759371942548 203
1617116252147 0.9363788557586386 204
1617116343522 0.9334550735665791 205
1617116434717 0.9364202596358399 206
1617116525948 0.8919548894932021 207
1617116616916 0.9203100257845067 208
1617116707963 0.9306320121039205 209
1617116798836 0.9313255659679869 210
1617116890018 0.9306208126580537 211
1617116981290 0.9360364181781883 212
1617117072466 0.9389298260211945 213
1617117163591 0.9348141613291271 214
1617117254918 0.9376207821404756 215
1617117345833 0.9361002823310112 216
1617117437443 0.9371432025930775 217
1617117528679 0.9362037079547768 218
1617117619718 0.9367814104058849 219
1617117710728 0.9386171685225928 220
1617117801965 0.9382325740002874 221
1617117893030 0.9394506140431361 222
1617117984086 0.9404609634805081 223
1617118075181 0.9398246091693195 224
1617118166358 0.9353183432301478 225
1617118257539 0.9394889714112923 226
1617118348694 0.9399748360043141 227
1617118439754 0.9415187937999839 228
1617118531148 0.939209235248281 229
1617118622094 0.9402220080147928 230
1617118713195 0.9418351267700764 231
1617118804270 0.9439504066509987 232
1617118895606 0.942334192012673 233
1617118986766 0.9387272881038153 234
1617119077739 0.9413012924479015 235
1617119168868 0.9438982890613044 236
1617119260402 0.9350791148730179 237
1617119351319 0.9382422077122019 238
1617119442409 0.9413851134812654 239
1617119533688 0.9389741634255024 240
1617119624756 0.9413256422797246 241
1617119715796 0.9384191036224365 242
1617119807146 0.9424033529722868 243
1617119898410 0.9383986343198748 244
1617119989446 0.9400186009371458 245
1617120080405 0.93983135072153 246
1617120171548 0.9446538397625311 247
1617120262672 0.9383934140205383 248
1617120353758 0.9396360961358938 249
