1617097577716 0.3361697890865269 0
1617097670961 0.20016538918907964 1
1617097763356 0.178790577312014 2
1617097856164 0.1897864608622309 3
1617097948893 0.16933054176729118 4
1617098041093 0.14771769295877485 5
1617098133616 0.1495951449693139 6
1617098226022 0.1345625573129796 7
1617098318575 0.13852438730980032 8
1617098410941 0.133988702475135 9
1617098503433 0.12737352545581646 10
1617098595229 0.11566121275745221 11
1617098687320 0.1188886521467522 12
1617098779828 0.11004180605731793 13
1617098872318 0.1126584028130147 14
1617098964596 0.11549058778962093 15
1617099056962 0.1183327276315262 16
1617099149254 0.12156559905009483 17
1617099241430 0.10946137780573831 18
1617099333789 0.10747692211350399 19
1617099426066 0.10524208776986421 20
1617099518150 0.10619669707853403 21
1617099610424 0.10254402747794764 22
1617099702602 0.10504373062902422 23
1617099794527 0.10620839738134127 24
1617099886606 0.09960908142488394 25
1617099978773 0.09818988059883688 26
1617100070636 0.10188604023919176 27
1617100162674 0.1000184986128736 28
1617100254359 0.09734453461063441 29
1617100345563 0.09679471289933618 30
1617100436785 0.09576799086670378 31
1617100527728 0.10548569106343966 32
1617100618864 0.11554758762245748 33
1617100709828 0.11499372880850266 34
1617100801006 0.12221943976274177 35
1617100892183 0.11296158228347551 36
1617100983237 0.10074770183705573 37
1617101074439 0.09491876434923997 38
1617101165514 0.09496480493403192 39
1617101256738 0.10705309928353153 40
1617101348076 0.10093187307243917 41
1617101439318 0.09524091588917064 42
1617101530514 0.09295759094295217 43
1617101621629 0.09596089996508698 44
1617101712446 0.0968961893622555 45
1617101803358 0.09326053644294169 46
1617101894786 0.09143499740913733 47
1617101986150 0.09144381889656408 48
1617102077235 0.08943597060530933 49
1617102168836 0.08954052693808257 50
1617102261398 0.08952141786689188 51
1617102353754 0.08965792673737255 52
1617102445157 0.08785234369448762 53
1617102537030 0.08753366078903425 54
1617102630246 0.10697751614584852 55
1617102722165 0.10260381716400829 56
1617102813524 0.08927146267535081 57
1617102904778 0.09011692609359968 58
1617102995824 0.09122031215411514 59
1617103086792 0.10381376120581556 60
1617103177690 0.09835586530059132 61
1617103268701 0.09173660224943019 62
1617103360538 0.09026055549507711 63
1617103452506 0.08914871002311137 64
1617103543611 0.08658348535423849 65
1617103634585 0.08670527810481057 66
1617103725385 0.08460702380137657 67
1617103816326 0.08377944889353282 68
1617103907537 0.08463613666705232 69
1617104000020 0.09675007969585818 70
1617104090855 0.09254143042350883 71
1617104181790 0.08546684838053006 72
1617104272942 0.08291888948696763 73
1617104363723 0.07924002586905636 74
1617104454797 0.0888107863824759 75
1617104545723 0.08571648597717285 76
1617104636645 0.08465439437040642 77
1617104727607 0.08178688519036592 78
1617104818522 0.08218056052478391 79
1617104909828 0.08067624337637602 80
1617105000858 0.07811655838098099 81
1617105091965 0.07779441039953659 82
1617105182987 0.08259542308636565 83
1617105273859 0.0814201511553864 84
1617105364807 0.08130643705823529 85
1617105455833 0.07983081910147596 86
1617105546857 0.07924574435646854 87
1617105638043 0.07442898358871687 88
1617105729171 0.07708880616657769 89
1617105820520 0.07685519510240697 90
1617105912128 0.07748359085908577 91
1617106004292 0.07583124335132428 92
1617106095492 0.07496238644443341 93
1617106186320 0.0792529903241058 94
1617106277380 0.07635160346529377 95
1617106368699 0.07435871238139138 96
1617106459638 0.0735972817264386 97
1617106550997 0.07517200975275751 98
1617106642029 0.0778239493939414 99
1617106733412 0.07455797426736177 100
1617106824120 0.0738797650408389 101
1617106915087 0.07259532586852116 102
1617107005962 0.0740220030741905 103
1617107096728 0.06947285025867063 104
1617107187750 0.07094363490147378 105
1617107278466 0.07395069812660787 106
1617107369412 0.07454349923489699 107
1617107460323 0.06896298501028944 108
1617107551230 0.07268826285404946 109
1617107642162 0.07164102970664181 110
1617107733289 0.06957081182679134 111
1617107824418 0.06953686386791628 112
1617107915350 0.07078605979236204 113
1617108006668 0.07030004084999882 114
1617108097806 0.07062923374460704 115
1617108188906 0.06716052098060722 116
1617108280412 0.06947150781973084 117
1617108371528 0.06557268971827493 118
1617108462543 0.07042550684800788 119
1617108553531 0.07928977261728315 120
1617108644540 0.06826129155372505 121
1617108735596 0.06815896906069856 122
1617108826538 0.07178068072048586 123
1617108917839 0.066534510299341 124
1617109009030 0.0679190381249385 125
1617109100171 0.0661185259249673 126
1617109191211 0.06794630146738309 127
1617109282295 0.07021780690150474 128
1617109373328 0.06724616306931225 129
1617109464458 0.06585332261982249 130
1617109555531 0.06530513247447227 131
1617109646545 0.06401322403950478 132
1617109740320 0.06767883140649368 133
1617109832324 0.06861669269960317 134
1617109923901 0.06408215191826891 135
1617110015369 0.06273462256388877 136
1617110106891 0.06307906713058699 137
1617110198385 0.06399281612083094 138
1617110289570 0.07189386994091433 139
1617110380878 0.09715110597325795 140
1617110471667 0.0760147046686998 141
1617110562767 0.06838105062940228 142
1617110654255 0.07600272413509995 143
1617110745521 0.06622698235867629 144
1617110836602 0.06473457012603533 145
1617110927739 0.06524163306649051 146
1617111018969 0.065037963995293 147
1617111111918 0.06275727944587593 148
1617111205564 0.0612525601885212 149
1617111299658 0.06036274023910067 150
1617111392883 0.06409903070819911 151
1617111484856 0.06068779105570779 152
1617111576652 0.059982967910481924 153
1617111668774 0.05965452585647355 154
1617111762188 0.057626686879058385 155
1617111856674 0.06045532849297595 156
1617111950733 0.059008585872934824 157
1617112044711 0.05990299004227368 158
1617112138975 0.05903383689140206 159
1617112233366 0.061036736217897326 160
1617112326403 0.055892149903881014 161
1617112420037 0.06151248003119853 162
1617112512820 0.06105834779454701 163
1617112603805 0.06273517679812303 164
1617112694831 0.05995989379598134 165
1617112786208 0.05637582291418047 166
1617112877498 0.05663297514417278 167
1617112968700 0.056605018786529994 168
1617113060155 0.05895634373622154 169
1617113151503 0.057926045424902615 170
1617113242703 0.059124576511667734 171
1617113333864 0.06308948726796393 172
1617113425281 0.05797880799023073 173
1617113516535 0.06533868811023769 174
1617113607976 0.06371897370067996 175
1617113699269 0.05762085452008603 176
1617113790420 0.056052668770747396 177
1617113881428 0.059061915127199084 178
1617113972525 0.059272978732835 179
1617114063723 0.05760252208852056 180
1617114154945 0.05634589515515228 181
1617114245904 0.05668153691647658 182
1617114336999 0.05808755533019109 183
1617114428046 0.05795205706980691 184
1617114519167 0.058396528016275435 185
1617114610152 0.06175684217196792 186
1617114701463 0.056515703450387984 187
1617114792585 0.06101404019256136 188
1617114884250 0.05634228151236007 189
1617114975805 0.05866322054791806 190
1617115066820 0.06205566961373856 191
1617115158019 0.05637005905606853 192
1617115249164 0.05597516582972968 193
1617115340246 0.057740687434353045 194
1617115431677 0.06063799448867342 195
1617115522682 0.055341919856284984 196
1617115613630 0.059088868881339456 197
1617115704849 0.05506528847253145 198
1617115795890 0.05568890696141257 199
1617115887102 0.05731212914879642 200
1617115978221 0.056719736376805094 201
1617116069459 0.05156095970922442 202
1617116160612 0.056274853535552526 203
1617116252142 0.05478535748239773 204
1617116343520 0.057572000951909306 205
1617116434714 0.055625923533937825 206
1617116525943 0.09316219322717012 207
1617116616914 0.06991470838660624 208
1617116707958 0.05968799519894728 209
1617116798830 0.05904048414372686 210
1617116890015 0.05969344768951188 211
1617116981285 0.05586760079682763 212
1617117072463 0.05251375774839031 213
1617117163585 0.056939198899624954 214
1617117254915 0.05493521423482183 215
1617117345829 0.05589591033423125 216
1617117437437 0.05486199037352605 217
1617117528673 0.0559947188220807 218
1617117619712 0.055299422634181694 219
1617117710722 0.05390729032345672 220
1617117801960 0.053952094334274975 221
1617117893027 0.05300240374323147 222
1617117984081 0.05201420232431212 223
1617118075178 0.052180066927155454 224
1617118166352 0.05609486174227586 225
1617118257535 0.05255330676463113 226
1617118348688 0.052809274908322004 227
1617118439748 0.05104501567669769 228
1617118531145 0.05397909612797979 229
1617118622088 0.05271416101882707 230
1617118713191 0.05062417841669339 231
1617118804265 0.04895262486899077 232
1617118895601 0.050333176086198035 233
1617118986764 0.05341275325462 234
1617119077733 0.050799573535349835 235
1617119168865 0.048961259535889125 236
1617119260399 0.05739590748032527 237
1617119351313 0.0536450939391976 238
1617119442406 0.051125068273117295 239
1617119533683 0.053428026277627515 240
1617119624754 0.05098531228392871 241
1617119715793 0.05439440261072187 242
1617119807141 0.0496887973885038 243
1617119898407 0.05350891689756023 244
1617119989440 0.05206239045555912 245
1617120080400 0.05210367779233562 246
1617120171545 0.04780769348144531 247
1617120262670 0.05401418369207809 248
1617120353755 0.05303625117486982 249
