1617097577726 23.04185217233861 0
1617097670966 15.08274307602713 1
1617097763361 14.596346384373017 2
1617097856169 15.99260682381123 3
1617097948898 14.051646212911498 4
1617098041098 14.562918621676332 5
1617098133621 13.727589794631445 6
1617098226027 12.702013923492332 7
1617098318675 13.447243807782984 8
1617098410945 13.535984748188017 9
1617098503438 11.839176524713602 10
1617098595233 11.370605176197367 11
1617098687325 11.918418228484747 12
1617098779833 11.076638383069788 13
1617098872323 11.39245359980229 14
1617098964601 12.198765111402224 15
1617099056966 12.556089425261336 16
1617099149259 11.684630814631118 17
1617099241435 10.88898782311374 18
1617099333794 10.738759204796558 19
1617099426070 11.875460830825132 20
1617099518155 10.706893017134995 21
1617099610428 11.041864784605528 22
1617099702607 10.75862441324434 23
1617099794531 10.815286887058324 24
1617099886611 10.532868835302352 25
1617099978778 10.405659588045484 26
1617100070641 9.96121114921772 27
1617100162679 10.691969006999932 28
1617100254363 9.550318790654543 29
1617100345571 10.221951603744218 30
1617100436791 9.657211257631099 31
1617100527732 10.770600296689045 32
1617100618868 11.429750804877276 33
1617100709833 11.658836005781138 34
1617100801012 12.256411783603086 35
1617100892187 11.852737522270914 36
1617100983242 10.389832984504624 37
1617101074444 9.910241139344944 38
1617101165522 9.9173516270192 39
1617101256744 10.707090365458479 40
1617101348082 10.35803237635078 41
1617101439323 9.33326739420999 42
1617101530521 10.73204760222916 43
1617101621641 9.893636849125839 44
1617101712454 10.281585000971038 45
1617101803362 9.626656229980533 46
1617101894794 9.241526079872752 47
1617101986155 9.68680012902356 48
1617102077246 9.444915889090186 49
1617102168840 8.897348168040919 50
1617102261418 9.740037532371883 51
1617102353765 8.620349388357896 52
1617102445162 9.080764187955436 53
1617102537034 8.43696780063498 54
1617102630259 10.29669041128125 55
1617102722170 10.865120444035979 56
1617102813529 10.006064725483641 57
1617102904785 9.531648317325185 58
1617102995832 8.781820244815043 59
1617103086798 11.047064087641715 60
1617103177698 10.259697976990056 61
1617103268706 9.391816018790813 62
1617103360563 9.172469009290735 63
1617103452511 9.203777237548787 64
1617103543619 9.296871574175855 65
1617103634593 8.476093751424008 66
1617103725393 8.20642590166946 67
1617103816333 8.784633373836785 68
1617103907542 8.540937664230624 69
1617104000024 10.843639519503162 70
1617104090862 9.152810760528958 71
1617104181794 9.0656735478998 72
1617104272947 8.233794202963951 73
1617104363730 7.8666130641873835 74
1617104454801 9.93633423491471 75
1617104545731 9.02275723784901 76
1617104636651 8.703264394880218 77
1617104727614 9.180721837961622 78
1617104818530 8.617923211232116 79
1617104909836 8.56726962515087 80
1617105000864 7.95061210382348 81
1617105091972 8.267087199732451 82
1617105182991 9.221300191142717 83
1617105273864 8.131255994643821 84
1617105364812 8.210788798109894 85
1617105455841 7.688735444292046 86
1617105546861 7.960815070177555 87
1617105638050 8.420884274301583 88
1617105729178 8.820649417520718 89
1617105820525 8.273571185312493 90
1617105912133 8.857971963908621 91
1617106004297 8.45955606208629 92
1617106095497 8.556775369386461 93
1617106186327 8.60399200702035 94
1617106277385 8.920169905000176 95
1617106368707 8.12435030939569 96
1617106459644 7.30361709745844 97
1617106551002 9.65088461070946 98
1617106642036 8.56746227623594 99
1617106733417 8.793514604252342 100
1617106824128 7.716507197332023 101
1617106915091 7.805829339095934 102
1617107005968 8.06996310212577 103
1617107096736 7.769383140792913 104
1617107187756 7.691759894857246 105
1617107278473 8.406826006501547 106
1617107369420 7.952414357962975 107
1617107460328 8.139539503676152 108
1617107551235 8.62222085377407 109
1617107642167 7.632555531872085 110
1617107733294 7.471525114605495 111
1617107824426 7.680846587774646 112
1617107915355 7.288269009964896 113
1617108006675 7.252775711196684 114
1617108097811 7.571677316901797 115
1617108188913 6.854776838907706 116
1617108280417 8.15193278180372 117
1617108371536 8.411705128672192 118
1617108462550 8.211809623519043 119
1617108553536 7.858322502922869 120
1617108644547 7.087456646956103 121
1617108735603 7.26253953272951 122
1617108826543 8.067279517957074 123
1617108917844 8.545973913803321 124
1617109009038 7.29693740632087 125
1617109100176 7.561823716523126 126
1617109191216 6.743115989216585 127
1617109282300 8.476781100151872 128
1617109373334 8.120172211468597 129
1617109464466 8.091758075812747 130
1617109555536 6.79632519294896 131
1617109646553 6.669725751455859 132
1617109740335 7.010742209054126 133
1617109832329 7.018314050189132 134
1617109923906 6.277726851290456 135
1617110015373 6.620888876176708 136
1617110106896 6.287778498553674 137
1617110198390 6.747796923322466 138
1617110289575 7.906805733595379 139
1617110380883 10.550393435963011 140
1617110471671 9.785403150444175 141
1617110562775 7.6586322046251185 142
1617110654261 7.581282434051215 143
1617110745529 7.734687763344577 144
1617110836610 8.100763054439817 145
1617110927744 7.2531790828586304 146
1617111018977 7.457158168279047 147
1617111111923 7.469536719061989 148
1617111205578 6.780897234651589 149
1617111299668 7.335242944046393 150
1617111392897 8.13209614346172 151
1617111484861 6.93719662178947 152
1617111576658 6.2924239741828 153
1617111668788 6.878740733611589 154
1617111762201 6.781315031847751 155
1617111856684 6.368389335617081 156
1617111950746 7.21577775369169 157
1617112044725 7.261016204008008 158
1617112138988 8.678563218275288 159
1617112233380 7.511282392057475 160
1617112326416 7.553831009938034 161
1617112420051 7.705547856823332 162
1617112512827 7.36690587754269 163
1617112603809 7.3423677540668795 164
1617112694838 7.130464122341174 165
1617112786212 6.37408620183691 166
1617112877505 7.138914778389594 167
1617112968709 8.102641018576017 168
1617113060161 7.783306744135236 169
1617113151508 6.849212941405229 170
1617113242710 8.075985059753476 171
1617113333869 7.817134149423083 172
1617113425286 7.3174380776851615 173
1617113516543 7.456137910362771 174
1617113607980 7.8273413162815375 175
1617113699274 7.034544249895375 176
1617113790426 6.719625112436441 177
1617113881436 8.986434487292607 178
1617113972530 6.776228460431656 179
1617114063727 7.540662698048936 180
1617114154953 6.4025653841682155 181
1617114245912 7.434946638531231 182
1617114337005 7.319092938023646 183
1617114428053 7.457767004586526 184
1617114519171 7.252471644866749 185
1617114610164 6.377159336743323 186
1617114701471 7.677226714659759 187
1617114792593 7.140380068064376 188
1617114884258 7.728787181965753 189
1617114975811 7.95518705951179 190
1617115066828 7.494943018288224 191
1617115158027 6.856728150030576 192
1617115249168 7.385939678489831 193
1617115340254 9.17764962764571 194
1617115431689 7.538054357334222 195
1617115522687 6.690092392837948 196
1617115613637 5.8524410962592075 197
1617115704857 7.107093609627201 198
1617115795897 6.343331093856753 199
1617115887110 7.129433236485977 200
1617115978226 6.888947112575928 201
1617116069466 6.6903484627354235 202
1617116160617 7.023741441750635 203
1617116252149 7.775804303882546 204
1617116343524 7.323894691554625 205
1617116434719 8.283583469899114 206
1617116525951 11.347608295981074 207
1617116616918 7.867370732680469 208
1617116707966 8.658407748881487 209
1617116798838 8.77751735718095 210
1617116890020 7.839741165740434 211
1617116981293 6.795253240352985 212
1617117072468 7.063678019652431 213
1617117163594 6.910732397243858 214
1617117254921 6.114566294703515 215
1617117345835 6.771572654526595 216
1617117437445 6.965086417827177 217
1617117528681 6.203166285734977 218
1617117619720 5.83157812659473 219
1617117710731 7.287418170516245 220
1617117801968 6.942695164724751 221
1617117893032 6.708079061883663 222
1617117984089 6.491372296685999 223
1617118075184 8.805254580817834 224
1617118166360 7.666706288318648 225
1617118257541 7.618834085027748 226
1617118348696 6.906627943386078 227
1617118439757 5.773110121261867 228
1617118531151 9.220994943131362 229
1617118622096 6.431118202612862 230
1617118713197 6.199162970007356 231
1617118804272 5.509474750358522 232
1617118895609 7.464205527954856 233
1617118986768 8.213845481816291 234
1617119077741 6.807757546021772 235
1617119168870 6.347926454171892 236
1617119260405 7.385599262709874 237
1617119351322 6.501244305942735 238
1617119442411 7.620032694813626 239
1617119533691 6.729177224564768 240
1617119624759 5.892923361043535 241
1617119715798 7.029738405534872 242
1617119807149 6.369575282158157 243
1617119898412 7.93582771317477 244
1617119989448 6.752019893815269 245
1617120080407 6.36115426603563 246
1617120171551 6.9093843459929 247
1617120262674 7.069691040988633 248
1617120353760 6.540526644986842 249
