1612855147618 0.46146641827341334 0
1612855253795 0.37076551033489735 1
1612855359926 0.30225676802260365 2
1612855465359 0.2744037326592118 3
1612855570648 0.24807054605056994 4
1612855675962 0.22821226997755062 5
1612855781250 0.21222612013949008 6
1612855886851 0.19966915305425872 7
1612855992234 0.18900438001499842 8
1612856097729 0.18078423382630987 9
1612856204845 0.17383064829025371 10
1612856310421 0.1673660945536485 11
1612856415696 0.16150993758857451 12
1612856521409 0.15641122675145355 13
1612856628588 0.15223200985448276 14
1612856733850 0.1480550489096499 15
1612856839316 0.14457083245554547 16
1612856944656 0.14148039905783744 17
1612857050995 0.1385307709532091 18
1612857158011 0.13573777444327054 19
1612857265216 0.1332822209905883 20
1612857370504 0.13089817835162096 21
1612857475885 0.12865179579881472 22
1612857581188 0.12652292832806336 23
1612857685796 0.12463813176795618 24
1612857791271 0.12278092680787657 25
1612857896722 0.12113486491493787 26
1612858002102 0.11950578113227513 27
1612858107504 0.11803982660320085 28
1612858212963 0.11664580551546014 29
1612858318310 0.11523491617688551 30
1612858423556 0.11385601489290374 31
1612858529923 0.1125649007290858 32
1612858637002 0.11136711884005435 33
1612858742562 0.11019575100209415 34
1612858847962 0.10905990572908825 35
1612858953404 0.10799924066923665 36
1612859058771 0.10777360044027633 37
1612859165134 0.10724036193103845 38
1612859270481 0.10653157701243218 39
1612859377705 0.10630666510946847 40
1612859483180 0.10574166255380217 41
1612859590098 0.10506090344922572 42
1612859695470 0.10434190678224477 43
1612859801914 0.10358747710438315 44
1612859907377 0.10285967892056394 45
1612860012824 0.10216004070913125 46
1612860118164 0.10143315404727687 47
1612860223541 0.10070987418407427 48
1612860328856 0.10002929459756882 49
1612860434093 0.09944100464719552 50
1612860539413 0.09879155590463042 51
1612860646302 0.09815824362500492 52
1612860751616 0.09752897022836705 53
1612860857018 0.09690829222690785 54
1612860964033 0.09629685886061268 55
1612861071081 0.09570729201861969 56
1612861176389 0.09510831000322666 57
1612861281668 0.09455007632834804 58
1612861387176 0.09396920964789035 59
1612861493398 0.09340748442453133 60
1612861598905 0.09291326580681247 61
1612861704337 0.09248458594966348 62
1612861809552 0.09202522188147058 63
1612861914711 0.09152894993189693 64
1612862019964 0.0910373880198939 65
1612862126145 0.09054797709877813 66
1612862233025 0.0900897256787981 67
1612862338348 0.08963295943082579 68
1612862443681 0.08916476323152148 69
1612862549674 0.08870056432562012 70
1612862654924 0.08823810373224429 71
1612862760236 0.08777729240426059 72
1612862865648 0.0873398204131586 73
1612862971707 0.08690810130010197 74
1612863078796 0.08647818254703438 75
1612863184069 0.08605642462220389 76
1612863291107 0.08562912845857928 77
1612863397232 0.08524492732658293 78
1612863502589 0.08490220530709224 79
1612863607794 0.08452493666240649 80
1612863713185 0.08414274378173517 81
1612863818634 0.08376359043522633 82
1612863923869 0.08337093583641106 83
1612864029163 0.08296293133282683 84
1612864136129 0.08258879964693434 85
1612864241436 0.0824190514699982 86
1612864346737 0.08226009949617179 87
1612864452901 0.08197623805153716 88
1612864558201 0.08163909394151932 89
1612864663611 0.08130043829115019 90
1612864769138 0.08094221163035831 91
1612864874457 0.08058457163359377 92
1612864979821 0.08021885096061492 93
1612865085086 0.0798747213825127 94
1612865190566 0.07952714463075003 95
1612865295948 0.07918468773924474 96
1612865401381 0.07884265261381965 97
1612865506703 0.07851027787297843 98
1612865612079 0.07816834427527528 99
1612865719089 0.07781444286267797 100
1612865824402 0.07750172084069301 101
1612865931621 0.07716563617366066 102
1612866036912 0.076828631875025 103
1612866142825 0.07651555666113544 104
1612866248054 0.07618818820882467 105
1612866353285 0.07585313405297527 106
1612866458551 0.07554945443597795 107
1612866563716 0.07525431798057132 108
1612866669141 0.07495718367064176 109
1612866776638 0.07466649837642647 110
1612866882863 0.07435876215254066 111
1612866988106 0.07404285077295439 112
1612867093462 0.07374157655704204 113
1612867198610 0.07344031574507953 114
1612867303750 0.07316448215473818 115
1612867408970 0.07289607109106806 116
1612867515884 0.07259891771558503 117
1612867621267 0.07230830972293051 118
1612867726410 0.07202737799183051 119
1612867831760 0.07174162207688503 120
1612867936860 0.0714596938774817 121
1612868041993 0.07149745968559558 122
1612868148048 0.07133487742941251 123
1612868253205 0.07111868243430974 124
1612868360490 0.0708673673129652 125
1612868465723 0.07060491335435425 126
1612868570872 0.07033663351477969 127
1612868676006 0.07007108082391175 128
1612868781102 0.06981124005416228 129
1612868886232 0.06953902381474515 130
1612868992970 0.06925928241550947 131
1612869098395 0.06900117346740385 132
1612869202841 0.0687527648256467 133
1612869308189 0.06849473782044341 134
1612869413259 0.06822155012411438 135
1612869518553 0.06795270109971449 136
1612869623698 0.06769433916710992 137
1612869728923 0.06743426535678167 138
1612869835881 0.06717728426588622 139
1612869941240 0.0669378491006756 140
1612870046457 0.06672721131398743 141
1612870151859 0.06651318034079587 142
1612870256999 0.06626406135917895 143
1612870362239 0.06603126963327302 144
1612870467325 0.06580318480979881 145
1612870572599 0.0655563631594175 146
1612870677769 0.06530871333350766 147
1612870782839 0.0650592589621958 148
1612870888032 0.06481334836921882 149
1612870993373 0.06458409127480218 150
1612871100352 0.06436446711175196 151
1612871205475 0.0641349035290413 152
1612871312412 0.06390793328369328 153
1612871419176 0.06368415998505697 154
1612871524275 0.06350058463173627 155
1612871629491 0.06331468518100568 156
1612871734926 0.06311127204492324 157
1612871840027 0.0628986553016497 158
1612871946952 0.06270712374417639 159
1612872053841 0.06249236572083854 160
1612872159341 0.06227786767344372 161
1612872265161 0.062063091830143656 162
1612872370462 0.061852498768588435 163
1612872476104 0.06164070946336709 164
1612872581761 0.06143531418708434 165
1612872689550 0.06122026218465788 166
1612872796310 0.0610206718288505 167
1612872903099 0.060821302791139974 168
1612873010008 0.06062195001724417 169
1612873117063 0.06040630886210731 170
1612873224732 0.06020154634601165 171
1612873330071 0.05999969197825252 172
1612873437060 0.059803650578169824 173
1612873542068 0.05960155103252386 174
1612873647089 0.05939945780761853 175
1612873752247 0.05919157220778694 176
1612873857459 0.058984218018778255 177
1612873962666 0.05878934747510961 178
1612874068069 0.058581366907700175 179
1612874173630 0.058378470315576976 180
1612874278983 0.05816931809209028 181
1612874385970 0.057974828751866346 182
1612874493599 0.05778249252120987 183
1612874600178 0.05759696836863951 184
1612874705403 0.05741365191986616 185
