1612855147616 0.46146641827341334 0
1612855253793 0.2800646023963814 1
1612855359924 0.16523928339801616 2
1612855465357 0.19084462656903622 3
1612855570646 0.14273779961600233 4
1612855675960 0.1289208896124541 5
1612855781247 0.1163092211111268 6
1612855886849 0.11177038345763933 7
1612855992232 0.10368619570091589 8
1612856097727 0.10680291812811325 9
1612856204843 0.10429479292969206 10
1612856310418 0.0962560034509915 11
1612856415695 0.09123605400768679 12
1612856521407 0.090127985868881 13
1612856628586 0.0937229732968914 14
1612856733848 0.08540063473715712 15
1612856839314 0.08882336918987445 16
1612856944654 0.08894303129680121 17
1612857050993 0.08543746506989892 18
1612857158009 0.0826708407544378 19
1612857265215 0.08417115193694386 20
1612857370502 0.08083328293330634 21
1612857475883 0.07923137963707767 22
1612857581186 0.07755897650078161 23
1612857685794 0.07940301432538388 24
1612857791269 0.07635080280588634 25
1612857896721 0.07833725569853142 26
1612858002100 0.07552051900038079 27
1612858107503 0.07699309978912126 28
1612858212961 0.07621919397097915 29
1612858318308 0.07290823601964694 30
1612858423554 0.07111007508946889 31
1612858529921 0.0712492474869116 32
1612858637000 0.07184031650201599 33
1612858742560 0.07036924451144773 34
1612858847961 0.06930532117388141 35
1612858953402 0.06981529851457965 36
1612859058770 0.09942491196874362 37
1612859165132 0.08697729857999888 38
1612859270480 0.07888896518678808 39
1612859377704 0.09731018899092034 40
1612859483179 0.08257655777148347 41
1612859590096 0.07646902105701503 42
1612859695468 0.07342505010206309 43
1612859801912 0.07039257127847244 44
1612859907375 0.07010876064869895 45
1612860012823 0.06997668298322764 46
1612860118162 0.06726948094012132 47
1612860223539 0.06599244075034981 48
1612860328855 0.06668089485880155 49
1612860434091 0.07002650712853048 50
1612860539412 0.06566967003381075 51
1612860646300 0.06522600508447904 52
1612860751614 0.06417748020656074 53
1612860857016 0.06339168014811046 54
1612860964030 0.0626680237143787 55
1612861071080 0.06269154886701214 56
1612861176387 0.06096633512582352 57
1612861281667 0.062172523185388365 58
1612861387174 0.05969807550088683 59
1612861493396 0.059703971022990215 60
1612861598903 0.06276593012596245 61
1612861704335 0.06590643480642518 62
1612861809551 0.06308528558531803 63
1612861914710 0.05976754515918333 64
1612862019962 0.0590858637396969 65
1612862126143 0.05824685630513661 66
1612862233023 0.05938688054013608 67
1612862338346 0.05857285456870919 68
1612862443679 0.056859225479524524 69
1612862549673 0.05620664091252569 70
1612862654922 0.055403401602560014 71
1612862760234 0.05459887678943463 72
1612862865646 0.05540436506271362 73
1612862971706 0.05496088693391031 74
1612863078795 0.05423427606696513 75
1612863184067 0.05400282233508665 76
1612863291105 0.052727323859485226 77
1612863397230 0.05527723903086648 78
1612863502588 0.05782716576732806 79
1612863607792 0.05434344508754673 80
1612863713183 0.05318512044735809 81
1612863818632 0.05267301602150077 82
1612863923867 0.050780604134744674 83
1612864029162 0.04869055303175058 84
1612864136127 0.05078760634607343 85
1612864241434 0.06782070825349039 86
1612864346735 0.06843127777327353 87
1612864452899 0.05699643092368966 88
1612864558199 0.05163326814993104 89
1612864663609 0.05082142975792956 90
1612864769136 0.04834358549829739 91
1612864874455 0.04768169193125483 92
1612864979820 0.046206828373581615 93
1612865085084 0.04752654104090449 94
1612865190564 0.04650735321329601 95
1612865295946 0.04630882615473733 96
1612865401379 0.04566524544758583 97
1612865506701 0.04593755327053924 98
1612865612077 0.04431691810266295 99
1612865719087 0.042424301602947176 100
1612865824400 0.045916796620212384 101
1612865931619 0.04288500013636119 102
1612866036910 0.04211718911555276 103
1612866142823 0.043955734416620054 104
1612866248052 0.04181450071619518 105
1612866353283 0.04033739353293803 106
1612866458549 0.04305573541726639 107
1612866563714 0.04337958079665454 108
1612866669139 0.04256954388831979 109
1612866776636 0.04269111601274405 110
1612866882861 0.04020004130121487 111
1612866988104 0.0386607762592942 112
1612867093460 0.03969759015894648 113
1612867198609 0.039096583181352756 114
1612867303748 0.04144361926548516 115
1612867408969 0.0417603877053332 116
1612867515882 0.03783197278407083 117
1612867621265 0.038016566589697084 118
1612867726408 0.03859650199093036 119
1612867831757 0.03745091228342768 120
1612867936859 0.037346381749679795 121
1612868041992 0.0761048882754881 122
1612868148046 0.05133725991889612 123
1612868253203 0.04431050304156631 124
1612868360489 0.039452977144896095 125
1612868465721 0.037535714569376474 126
1612868570871 0.036265093888809434 127
1612868676004 0.03608033639281543 128
1612868781100 0.03629178075648066 129
1612868886230 0.03415091269051851 130
1612868992968 0.03261315911563475 131
1612869098393 0.034930792317461615 132
1612869202840 0.03571441547194524 133
1612869308187 0.033919119123202654 134
1612869413258 0.0313412111196945 135
1612869518551 0.03138923378133062 136
1612869623696 0.032298754400281765 137
1612869728921 0.031544079531484574 138
1612869835879 0.03145691263141917 139
1612869941238 0.03341692597118776 140
1612870046455 0.03702728339095614 141
1612870151857 0.036120782147592574 142
1612870256997 0.03064004698796059 143
1612870362237 0.03250926110281873 144
1612870467324 0.032730885406038655 145
1612870572597 0.029520402203744918 146
1612870677768 0.02890418892476096 147
1612870782837 0.0281400120080407 148
1612870888031 0.02817267001564823 149
1612870993372 0.030195527112306053 150
1612871100350 0.031201218491169944 151
1612871205473 0.029241238957020774 152
1612871312410 0.029181485745444227 153
1612871419174 0.02922307199506617 154
1612871524273 0.0350464048670299 155
1612871629489 0.03431437086703172 156
1612871734924 0.0311754096799822 157
1612871840025 0.02930520986443135 158
1612871946950 0.03225360610591831 159
1612872053839 0.028131081986783157 160
1612872159339 0.027743682042876288 161
1612872265160 0.027269405215533813 162
1612872370460 0.027525829735086924 163
1612872476102 0.026907263407066687 164
1612872581759 0.027545093600429706 165
1612872689548 0.02552162978186536 166
1612872796308 0.027689082409018902 167
1612872903097 0.027327304455771376 168
1612873010006 0.02693133122885405 169
1612873117061 0.023747312488840586 170
1612873224730 0.025187156093654347 171
1612873330069 0.025280740723681094 172
1612873437058 0.025888488363863815 173
1612873542067 0.024436230090127062 174
1612873647087 0.0240331434491855 175
1612873752245 0.022603706637425208 176
1612873857457 0.022282526564242233 177
1612873962664 0.024102390702091046 178
1612874068067 0.021352845341411988 179
1612874173629 0.02185708373340208 180
1612874278981 0.020312765640998955 181
1612874385969 0.022577768831110713 182
1612874493598 0.022584962311075693 183
1612874600177 0.02346052429569301 184
1612874705401 0.023500108896796382 185
