1613741538908 0.29607689088234007 0
1613741619203 0.4554879745202426 1
1613741699697 0.5084885511216881 2
1613741780531 0.5316087445730168 3
1613741861142 0.5562710076820098 4
1613741941585 0.5720117379308638 5
1613742022085 0.5843244589803263 6
1613742102644 0.6025508891051204 7
1613742183431 0.6100560443114129 8
1613742263796 0.6190987980454336 9
1613742344332 0.6260606101291366 10
1613742424954 0.6367436889617063 11
1613742505654 0.639422425169595 12
1613742586203 0.6447196328059341 13
1613742666713 0.6484606118419846 14
1613742747134 0.6556709322330408 15
1613742827862 0.6596555052107425 16
1613742908421 0.6629614172341137 17
1613742988745 0.6665288009304668 18
1613743069088 0.6691064009266684 19
1613743149417 0.6733683023959283 20
1613743229625 0.6737447287636402 21
1613743310056 0.677759174982172 22
1613743390787 0.6802856352114065 23
1613743471152 0.6817685017306147 24
1613743551610 0.6848025046833146 25
1613743632175 0.6863318852454516 26
1613743712598 0.6892510228755404 27
1613743792860 0.6887601288741496 28
1613743873348 0.6913981267798335 29
1613743953801 0.6933847971279592 30
1613744034311 0.6938224066194844 31
1613744114771 0.6950881984205237 32
1613744195140 0.697543549492652 33
1613744275521 0.6979801749157206 34
1613744355830 0.6993617094611005 35
1613744436132 0.7015159478388149 36
1613744516619 0.7027536883015032 37
1613744597063 0.7026294303118648 38
1613744677489 0.7023736905577338 39
1613744757971 0.7034622663537796 40
1613744838322 0.7048646762661994 41
1613744918698 0.7060498516872259 42
1613744999359 0.7065297646185554 43
1613745079638 0.7079998849544208 44
1613745160022 0.7099966665968297 45
1613745240508 0.7113754380843109 46
1613745320882 0.7126880736550332 47
1613745401268 0.7139188800700006 48
1613745481599 0.714459699974313 49
1613745562149 0.7152339984086002 50
1613745642836 0.7157633212693093 51
1613745723223 0.7162199265771095 52
1613745803605 0.7165279305617469 53
1613745884261 0.7178045210751044 54
1613745964662 0.717954934152543 55
1613746045004 0.7189526768419596 56
1613746125358 0.7193229133598013 57
1613746205758 0.7187395485759649 58
1613746286246 0.7195414873500251 59
1613746366704 0.7199774149117852 60
1613746447406 0.7198548804063895 61
1613746527744 0.7206797962108088 62
1613746608455 0.7216541258646215 63
1613746688683 0.7227792425397498 64
1613746768935 0.7232800756466516 65
1613746849593 0.7237309070391919 66
1613746930079 0.724787834088248 67
1613747010295 0.7258738176606193 68
1613747090579 0.7263535118830315 69
1613747170731 0.7274295961771846 70
1613747250963 0.727635597687205 71
1613747331352 0.7277102926500999 72
1613747411851 0.7287598173693967 73
1613747492243 0.7289278696782976 74
1613747572536 0.7296365256896064 75
1613747652911 0.7304394490737409 76
1613747733419 0.7313252515438626 77
1613747813911 0.7319840572991939 78
1613747894275 0.7327520884148491 79
1613747974992 0.7336188897216869 80
1613748055523 0.7344385059162432 81
1613748135964 0.7353142089484122 82
1613748216214 0.7356591894430826 83
1613748296490 0.7357314717201702 84
1613748376935 0.7360583635901129 85
1613748457323 0.7364576249664356 86
1613748537690 0.736855422983561 87
1613748618039 0.7374721940108906 88
1613748698387 0.7381313343305477 89
1613748778810 0.7387825629633128 90
1613748859060 0.7391654343697153 91
1613748939236 0.7398628043135015 92
1613749019460 0.740469419146868 93
1613749099844 0.7408128180226886 94
1613749180339 0.7408978217996727 95
1613749260599 0.741411470151831 96
1613749341021 0.7422403780224032 97
1613749421269 0.7425212671483831 98
1613749501638 0.7430555654412817 99
1613749582005 0.7436567427229197 100
1613749662386 0.744394095309615 101
1613749742622 0.7446954142386915 102
1613749823209 0.7449302349778874 103
1613749903418 0.7451082977969198 104
1613749983851 0.7452585637163857 105
1613750064153 0.7454903900777097 106
1613750144803 0.7457706879460053 107
1613750225206 0.7459465417412606 108
1613750305569 0.7459376309429324 109
1613750385861 0.7465166481094873 110
1613750466168 0.7468648816395366 111
1613750546486 0.7472844345078217 112
1613750626872 0.7472291441129386 113
1613750707114 0.7475306643521961 114
1613750787464 0.7480913506719031 115
1613750868013 0.748417867376641 116
1613750948393 0.7486310642156099 117
1613751028657 0.7489342256293208 118
1613751109211 0.7492240775443524 119
1613751189691 0.7497673737007933 120
1613751270130 0.7501084930967333 121
1613751350756 0.7504896107058111 122
1613751431155 0.7508004725515215 123
1613751511566 0.7512438566202302 124
1613751592157 0.7515195694924062 125
1613751672627 0.751936671522354 126
1613751753069 0.7520247846582675 127
1613751833449 0.7521614665467147 128
1613751913812 0.7522577788870226 129
1613751994091 0.7526782430230244 130
1613752074539 0.7529301879881006 131
1613752161374 0.7532827858336687 132
1613752242122 0.7536540727048044 133
1613752322510 0.7541821142725744 134
1613752403096 0.7544830822904472 135
1613752483443 0.7547724675685643 136
1613752563950 0.7551372440429633 137
1613752644193 0.7557457294809189 138
1613752724793 0.7557374362073419 139
1613752805316 0.7561116884843343 140
1613752885708 0.7565776625845093 141
1613752966196 0.7570521430640879 142
1613753046529 0.7570812043401758 143
1613753126720 0.7574803921692812 144
1613753207219 0.7578671329852595 145
1613753287709 0.758335136393065 146
1613753368116 0.7586516562304362 147
1613753448429 0.7591235652509071 148
1613753528694 0.7595250098368621 149
1613753609090 0.7599172116466313 150
1613753689296 0.76030709813148 151
1613753769738 0.7605101810011071 152
1613753850221 0.7607301699816226 153
1613753930508 0.7608960674553166 154
1613754011041 0.7611173709575625 155
1613754091402 0.7614858680741412 156
1613754172025 0.7618788399472822 157
1613754252385 0.7623065983982759 158
1613754332907 0.7626531169036841 159
1613754413168 0.762850408754206 160
1613754493462 0.7629831218205512 161
1613754573901 0.7632913710416154 162
1613754654179 0.7636942117867537 163
1613754734428 0.7639075671039244 164
1613754814691 0.7641735540802815 165
1613754894892 0.7644252916834738 166
1613754975301 0.7645380649989003 167
1613755055737 0.7647699525536722 168
1613755136113 0.7647707201821469 169
1613755216380 0.7651422292924589 170
1613755296709 0.765501400407876 171
1613755377046 0.7654717269041319 172
1613755457309 0.7657707485015279 173
1613755537551 0.7661444580841521 174
1613755617758 0.7663447050911951 175
1613755698170 0.7665288225528715 176
1613755779162 0.7668178372990639 177
1613755859503 0.7670430289384488 178
1613755939736 0.7672667586016831 179
1613756020327 0.767516222306637 180
1613756100736 0.7678306792176564 181
1613756181056 0.7680012015318435 182
1613756261594 0.7683025654611342 183
1613756342028 0.7685848829822644 184
1613756422214 0.7688437565530073 185
1613756502591 0.7689742203322327 186
1613756583261 0.7691721190686899 187
1613756663653 0.7693011808362439 188
1613756744022 0.7693863393629001 189
1613756824320 0.7696109694797919 190
1613756904508 0.7697643921905878 191
1613756984765 0.7699458928306719 192
1613757065113 0.7701398617653261 193
1613757145481 0.7703576048894687 194
1613757225717 0.7705302205965315 195
1613757305982 0.7707826547875021 196
1613757386223 0.7709249111300421 197
1613757466540 0.7712335218486609 198
1613757546841 0.7714538730790437 199
1613757627344 0.7717801921989224 200
1613757707777 0.7720974769950875 201
1613757787932 0.7722389281908781 202
1613757868255 0.7724191744502056 203
1613757948421 0.7725968716004479 204
1613758028963 0.7727975322538077 205
1613758109285 0.7730067322254748 206
1613758189649 0.7731878859202035 207
1613758269866 0.773441081066519 208
1613758350144 0.773721494945486 209
1613758430505 0.7739905290578186 210
1613758510675 0.7741618730748947 211
1613758590948 0.7744809374018568 212
1613758671312 0.7746922036357917 213
1613758751551 0.7749394444898808 214
1613758831743 0.7751414699090872 215
1613758912020 0.7752543870865828 216
1613758992515 0.7754250377408762 217
1613759072950 0.7756574448634758 218
1613759153245 0.7759071076861397 219
1613759233727 0.776071750664397 220
1613759314033 0.7763470884726097 221
1613759394288 0.776604225243673 222
1613759474567 0.7766819104752614 223
1613759554784 0.7769779921543671 224
1613759635177 0.7771442186368998 225
1613759715590 0.7774695227623895 226
1613759795835 0.7776368727146403 227
1613759876017 0.7778561789771292 228
1613759956324 0.7778888820938898 229
1613760036510 0.7781008422945638 230
1613760116743 0.778332343334049 231
1613760197060 0.7784893688887233 232
1613760277424 0.7785932840271514 233
1613760357705 0.7788601093636478 234
1613760437886 0.7790600019441644 235
1613760518148 0.7792384833542437 236
1613760598190 0.7794461923465344 237
1613760678562 0.7794793991120514 238
1613760759061 0.7797510504908526 239
1613760839631 0.7799271889877543 240
1613760919922 0.779988035850028 241
1613761000343 0.7801721133524016 242
1613761080678 0.7804343589461737 243
1613761161054 0.7806567523622592 244
1613761241532 0.7808792439547856 245
1613761321843 0.7811020753243114 246
1613761402042 0.7813414072291802 247
1613761482184 0.7815813152855738 248
1613761562339 0.7818292119864596 249
1613761642675 0.7819352001223145 250
1613761722983 0.7820596785928352 251
1613761803328 0.7821831451850098 252
1613761883532 0.7824116884914057 253
1613761963966 0.7826273721276333 254
1613762044382 0.7827642656841419 255
1613762124862 0.7828830196772898 256
1613762205251 0.7831323849166909 257
1613762285655 0.7833833136793469 258
1613762366035 0.7834636048192835 259
1613762446396 0.7836180700177438 260
1613762526693 0.7838344751976204 261
1613762607094 0.7839892415088113 262
1613762687492 0.7842091273233853 263
1613762767568 0.7843346091665491 264
1613762848340 0.784629727834747 265
1613762928574 0.7848419390520703 266
1613763008934 0.7851043279947348 267
1613763089283 0.7853496881951412 268
1613763169566 0.7855879805675416 269
1613763249770 0.7858110175733253 270
1613763330077 0.7859347837702275 271
1613763410774 0.7860729202934065 272
1613763491129 0.7863314320066329 273
1613763571338 0.7864445884030099 274
1613763651506 0.7866935550903337 275
1613763731833 0.7869144016118802 276
1613763812005 0.7871003678086727 277
1613763892377 0.7872723167375039 278
1613763972676 0.7874077387907642 279
1613764053270 0.7875496080198268 280
1613764133599 0.787761246874397 281
1613764213822 0.7879805972594437 282
1613764294103 0.7882100738023194 283
1613764374371 0.7883817468097974 284
1613764454570 0.7884816433384275 285
1613764534826 0.7885070384025564 286
1613764615150 0.7885497396007037 287
1613764695311 0.7887025515065971 288
1613764775468 0.7888415413664832 289
1613764855777 0.7890487690695923 290
1613764936015 0.7891197661241294 291
1613765016191 0.7892157454697368 292
1613765096479 0.7894496274541498 293
1613765176761 0.7895185793503755 294
1613765257182 0.7897042897460969 295
1613765337474 0.7899339201362179 296
1613765417896 0.7900295030485776 297
1613765498263 0.7901951652119243 298
1613765578655 0.7902627908140467 299
1613765659148 0.790454921383799 300
1613765739581 0.7905897026840131 301
1613765819927 0.7907422165205512 302
1613765900404 0.7908789703145364 303
1613765980853 0.7910603829616615 304
1613766061190 0.7912422426632528 305
1613766141332 0.7914134834922152 306
1613766221785 0.7915548611770085 307
1613766302171 0.7917339780094375 308
1613766382554 0.7917775452224194 309
1613766462926 0.7919819679852519 310
1613766543213 0.7920952087667837 311
1613766623625 0.792206980941865 312
1613766704062 0.7923728405621318 313
1613766784462 0.7924853049488597 314
1613766864801 0.7926670626706304 315
1613766945457 0.7928968559043433 316
1613767025590 0.7931106631155898 317
1613767105961 0.7931793382790553 318
1613767186225 0.7933915538078502 319
1613767266768 0.7935559157012015 320
1613767347257 0.7936320106475638 321
1613767427718 0.7938071657916883 322
1613767508106 0.7939379913519905 323
1613767588351 0.7940806927020666 324
1613767668727 0.7941837882411467 325
1613767749055 0.7942914132281932 326
1613767829292 0.7944257020871748 327
1613767909594 0.7945248511420058 328
1613767989947 0.7946751950843505 329
1613768070175 0.7947986216746962 330
1613768150450 0.7948927794567804 331
1613768230766 0.7951079112410385 332
1613768311082 0.7951630880459367 333
1613768391334 0.7951972197465601 334
1613768471708 0.7953190597559402 335
1613768551957 0.7954337214078437 336
1613768632137 0.795566649895741 337
1613768712469 0.795691018853343 338
1613768792668 0.7958556846516296 339
1613768872967 0.7960757444789213 340
1613768953345 0.7961833002099541 341
1613769033799 0.7963183797624569 342
1613769113999 0.7964705789082889 343
1613769194334 0.7965709404931647 344
1613769274442 0.7967019068283482 345
1613769354656 0.7967875636316228 346
1613769434881 0.7968974134468594 347
1613769515468 0.7970383832722784 348
1613769595810 0.797126710736829 349
1613769675872 0.7972319181396178 350
1613769756221 0.7973305809765182 351
1613769836643 0.7973897214061377 352
1613769916806 0.7975295439722808 353
1613769997169 0.797615355418256 354
1613770077502 0.7977489856110093 355
1613770157970 0.7978218708900673 356
1613770242636 0.7979629835715735 357
1613770323160 0.7981025901770854 358
1613770403602 0.7982891582323469 359
1613770483920 0.7984410941480968 360
1613770564138 0.7986033954561034 361
1613770644586 0.7987445868234773 362
1613770724793 0.7988759359107407 363
1613770805100 0.7990361476949314 364
1613770885452 0.799135690817145 365
1613770965748 0.799290435555224 366
1613771046052 0.799464683481263 367
1613771126423 0.7995796578126342 368
1613771206901 0.799736924108387 369
1613771287020 0.7998660363474833 370
1613771367304 0.7999896814633412 371
1613771447492 0.8001274515678664 372
1613771527683 0.8002660457626167 373
1613771607887 0.8004132066831353 374
1613771688346 0.8005515540770369 375
1613771768820 0.8006832797522361 376
1613771849237 0.8007934435706164 377
1613771929664 0.8008296395144042 378
1613772009806 0.8009379342010844 379
1613772090254 0.8010393880400376 380
1613772170413 0.8010929007695893 381
1613772250952 0.8011626894875655 382
1613772331417 0.8012720857515646 383
1613772412301 0.8013832450543 384
1613772492559 0.8015725024258741 385
1613772572976 0.8017143517899458 386
1613772653450 0.8018322216318221 387
1613772733921 0.801991237761592 388
1613772814280 0.8021298956766592 389
1613772894440 0.8022608978768133 390
1613772974846 0.8023799576207709 391
1613773054979 0.8024813899247082 392
1613773135100 0.8025831036893333 393
1613773215289 0.8027338420262694 394
1613773295760 0.8029032070059475 395
1613773375935 0.8030048663180968 396
1613773456313 0.803103616360868 397
1613773536588 0.8031756528160169 398
1613773616821 0.8033054331568671 399
1613773697520 0.8034339420489416 400
1613773777860 0.8036179633537935 401
1613773858215 0.8037696863080399 402
1613773938767 0.8038569628272849 403
1613774019035 0.8040610980467275 404
1613774099401 0.8041348705476928 405
1613774179887 0.8042413263638266 406
1613774260129 0.8043534701448314 407
1613774340458 0.8044852244311429 408
1613774420848 0.804555694065781 409
1613774501063 0.8046993515547319 410
1613774581418 0.8048165393657654 411
1613774661589 0.8049197405222697 412
1613774741930 0.8050630026511784 413
1613774822238 0.8051452716512671 414
1613774902618 0.8052438038545962 415
1613774982834 0.8053405299905224 416
1613775063110 0.8054471528577877 417
1613775143510 0.8055774621043156 418
1613775223818 0.8057173145808701 419
1613775304248 0.8059114633749822 420
1613775384510 0.8060137220805624 421
1613775464682 0.8061165252617396 422
1613775544787 0.806214281542176 423
1613775625127 0.8063010310817411 424
1613775705329 0.8064433342496566 425
1613775785802 0.8065428813882071 426
1613775866164 0.8066917262573877 427
1613775946372 0.8068371080224901 428
1613776026521 0.8069049745741002 429
1613776106749 0.8069861281665713 430
1613776187041 0.8071400454405551 431
1613776267478 0.8073056483902729 432
1613776347770 0.8074187371992022 433
1613776428128 0.8075201094097317 434
1613776508393 0.8076105874964434 435
1613776588798 0.8077349883569279 436
1613776669146 0.8078518080058138 437
1613776749399 0.8079755891333229 438
1613776829868 0.8080891538113177 439
1613776910259 0.8081605385564887 440
1613776990906 0.8083126282546064 441
1613777071031 0.8084107133404567 442
1613777151257 0.80851569125118 443
1613777231518 0.8086672945761079 444
1613777311833 0.8088273320404445 445
1613777392155 0.8089223141991282 446
1613777472376 0.8090682073387229 447
1613777552596 0.8091612370629343 448
1613777635619 0.8092445387086348 449
1613777716016 0.8092731175824466 450
1613777796184 0.8093779945178947 451
1613777876432 0.8094839340574583 452
1613777956751 0.8095980880613036 453
1613778037109 0.8096846825177819 454
1613778117483 0.8097234846567185 455
1613778197820 0.8098302019853879 456
1613778278152 0.8099911275247126 457
1613778358585 0.8100729254564527 458
1613778438993 0.8101853818345934 459
1613778519363 0.8102684882825448 460
1613778599597 0.810425445574752 461
1613778680318 0.8105852071221703 462
1613778760746 0.8106899751739163 463
1613778840892 0.8107916014222087 464
1613778921353 0.8109021203581385 465
1613779001440 0.8109819797113387 466
1613779081642 0.8110959241335501 467
1613779161833 0.8112301961489582 468
1613779241894 0.8113987548091061 469
1613779322267 0.8115272139565034 470
1613779402397 0.811604613164872 471
1613779482793 0.8116663162817626 472
1613779562885 0.811677370399381 473
1613779643093 0.811748122985729 474
1613779723295 0.8117624357277691 475
1613779803543 0.8119059822929884 476
1613779883768 0.811992640596668 477
1613779963957 0.8120731786384399 478
1613780044076 0.8121456855751802 479
1613780124569 0.8122272360888689 480
1613780204746 0.8123319216765728 481
1613780284957 0.8124699574605264 482
1613780365189 0.8125737053520409 483
1613780445411 0.8126469542641553 484
1613780525509 0.8126915954984378 485
1613780605738 0.8128247401642871 486
1613780686100 0.8129234101766983 487
1613780766587 0.8130211202790583 488
1613780846849 0.8131469384401324 489
1613780927142 0.8132369869309009 490
1613781007319 0.8133649521898773 491
1613781087785 0.813478234537929 492
1613781168135 0.8136193516720086 493
1613781248412 0.8136826603407518 494
1613781328765 0.8137907029222191 495
1613781409231 0.8138771992296209 496
1613781489302 0.8139087213652307 497
1613781569872 0.813969680178064 498
1613781650048 0.8140713966437326 499
