1613741538906 0.5648317920400742 0
1613741619201 0.4581790813740264 1
1613741699695 0.4193032138736536 2
1613741780530 0.4024034638671165 3
1613741861140 0.38435916152406246 4
1613741941582 0.371477557835004 5
1613742022083 0.3614815315033527 6
1613742102642 0.34574888710011825 7
1613742183429 0.3413430488983226 8
1613742263795 0.3333269117360419 9
1613742344331 0.3275277408225393 10
1613742424953 0.3181136040188742 11
1613742505653 0.3160784803026046 12
1613742586202 0.31163764162991187 13
1613742666711 0.308518641045753 14
1613742747132 0.30224712775584234 15
1613742827860 0.29875615593488886 16
1613742908419 0.29609868768822784 17
1613742988743 0.2931754151557355 18
1613743069086 0.2910760396338524 19
1613743149415 0.2876681789016048 20
1613743229623 0.2876520900765517 21
1613743310054 0.2840949138979687 22
1613743390785 0.28181901431464135 23
1613743471150 0.2809158090581285 24
1613743551608 0.2779864412770529 25
1613743632173 0.2767596726956755 26
1613743712596 0.2739678736108052 27
1613743792859 0.2744998746030224 28
1613743873346 0.27232307440845677 29
1613743953799 0.2708058363579689 30
1613744034309 0.27051841590474257 31
1613744114769 0.26940928300606054 32
1613744195138 0.2672068375222226 33
1613744275519 0.26687593309712626 34
1613744355828 0.2657814510783123 35
1613744436130 0.2638466800164052 36
1613744516617 0.2630219235599108 37
1613744597062 0.2629088515215602 38
1613744677487 0.2631384920408117 39
1613744757970 0.26224671509145886 40
1613744838320 0.2610204232801903 41
1613744918696 0.2600054854747389 42
1613744999357 0.25989411913968147 43
1613745079637 0.2586713732134366 44
1613745160021 0.2569478804540237 45
1613745240506 0.2557586853781562 46
1613745320881 0.2545999325547658 47
1613745401267 0.25355089610160253 48
1613745481597 0.25311955263005925 49
1613745562147 0.2525839584168167 50
1613745642834 0.2522247826433611 51
1613745723222 0.25191161409768176 52
1613745803603 0.2515921768496786 53
1613745884259 0.2504507268305212 54
1613745964660 0.2503434500138991 55
1613746045001 0.24927295696027868 56
1613746125356 0.24890920822662374 57
1613746205757 0.24944808281718978 58
1613746286245 0.24864619883662423 59
1613746366702 0.2483345910797645 60
1613746447405 0.2484427194175609 61
1613746527742 0.24776072375921737 62
1613746608454 0.24698080765479744 63
1613746688681 0.2459693248260236 64
1613746768934 0.2454737580971592 65
1613746849592 0.24508105772531158 66
1613746930078 0.24409710913337068 67
1613747010293 0.2430987605940513 68
1613747090578 0.24270703981893768 69
1613747170730 0.24164835814412286 70
1613747250962 0.24164590106541667 71
1613747331351 0.24159302880172653 72
1613747411850 0.24068980661015735 73
1613747492242 0.24045484724619712 74
1613747572534 0.23992801350014745 75
1613747652909 0.23922419156874045 76
1613747733418 0.23847376435295978 77
1613747813910 0.2378615943161651 78
1613747894273 0.2372434353178486 79
1613747974990 0.23634076340792845 80
1613748055521 0.23558341887681428 81
1613748135962 0.2348384407354422 82
1613748216212 0.23455199454330747 83
1613748296488 0.23445320961919983 84
1613748376933 0.23404430431755743 85
1613748457321 0.23368271833295257 86
1613748537688 0.23347606398237283 87
1613748618037 0.2329286507533664 88
1613748698386 0.2323915397374061 89
1613748778808 0.23177951353438583 90
1613748859059 0.2314209926608092 91
1613748939234 0.23079560000600272 92
1613749019458 0.23023503819786623 93
1613749099842 0.2299086462810619 94
1613749180337 0.2298176914902655 95
1613749260597 0.22934826007666465 96
1613749341019 0.2285611627997909 97
1613749421267 0.22833469799583045 98
1613749501636 0.22788454370929842 99
1613749582003 0.2273222234202908 100
1613749662384 0.22669497245443232 101
1613749742620 0.2264503488496817 102
1613749823208 0.22619956465965402 103
1613749903416 0.22607143029132756 104
1613749983849 0.2258660526267978 105
1613750064151 0.22573355788453528 106
1613750144801 0.22553992786329502 107
1613750225204 0.22542063777576593 108
1613750305567 0.22530644977000513 109
1613750385860 0.22474521945805667 110
1613750466167 0.22439113540693803 111
1613750546485 0.22398250973554593 112
1613750626870 0.22407678652939933 113
1613750707112 0.22381041019631137 114
1613750787462 0.2232985336412775 115
1613750868011 0.22308369691121752 116
1613750948391 0.2229339337245764 117
1613751028655 0.22260396191861964 118
1613751109209 0.2223624942256204 119
1613751189689 0.22189384420076955 120
1613751270128 0.221652314373538 121
1613751350754 0.22131377753966455 122
1613751431154 0.2210791784306054 123
1613751511564 0.22067125642553292 124
1613751592155 0.22043022996004033 125
1613751672625 0.2200632582389444 126
1613751753067 0.2199952210240225 127
1613751833447 0.2199389067554207 128
1613751913811 0.219882617083587 129
1613751994089 0.21947509341761146 130
1613752074538 0.21925855974164188 131
1613752161372 0.21895675616938676 132
1613752242120 0.21860202934466386 133
1613752322508 0.21811278192803465 134
1613752403094 0.21786954134553488 135
1613752483441 0.21763015449704326 136
1613752563948 0.2172980571083548 137
1613752644191 0.21675448892183335 138
1613752724792 0.21668937959026063 139
1613752805314 0.21638461875487405 140
1613752885706 0.21602270222367523 141
1613752966195 0.21558020087761323 142
1613753046527 0.2155675635129284 143
1613753126718 0.21522038424181225 144
1613753207217 0.21488310308072148 145
1613753287707 0.21445406724254415 146
1613753368114 0.21415990859252962 147
1613753448427 0.21374770858518302 148
1613753528692 0.21336914751546607 149
1613753609088 0.21302246653951357 150
1613753689294 0.2126870072235052 151
1613753769736 0.21252029404788067 152
1613753850219 0.21231906977797382 153
1613753930506 0.21224424777246942 154
1613754011040 0.21204806853693425 155
1613754091400 0.21176552122678677 156
1613754172023 0.21142980124858585 157
1613754252383 0.21105695043193376 158
1613754332905 0.2107457758541754 159
1613754413166 0.21052989866611616 160
1613754493460 0.21042677670098803 161
1613754573899 0.2101791261996446 162
1613754654178 0.20982457854367934 163
1613754734425 0.209629879602688 164
1613754814689 0.20938856111325163 165
1613754894890 0.20915524343925454 166
1613754975299 0.20905367910801576 167
1613755055736 0.20882725430858623 168
1613755136112 0.2088576474610497 169
1613755216378 0.20852103532732635 170
1613755296707 0.20818315099100848 171
1613755377045 0.20827069566663578 172
1613755457307 0.20801262971488438 173
1613755537549 0.2076471422146156 174
1613755617756 0.20748556079613165 175
1613755698168 0.207355832319905 176
1613755779160 0.20711112195528378 177
1613755859501 0.20692955356892287 178
1613755939734 0.206731382213163 179
1613756020325 0.20650778756910135 180
1613756100734 0.20624733658937303 181
1613756181054 0.20609042572706274 182
1613756261592 0.20583787861312017 183
1613756342026 0.20559066127880746 184
1613756422213 0.20538295227953288 185
1613756502589 0.2052577525963893 186
1613756583259 0.2050984503356457 187
1613756663651 0.20499606814508456 188
1613756744020 0.20494395081967542 189
1613756824318 0.20478052029341962 190
1613756904506 0.20466267237281222 191
1613756984763 0.2044564182138563 192
1613757065111 0.20428858174125092 193
1613757145479 0.2041042578558549 194
1613757225715 0.2039393286212236 195
1613757305980 0.2037303482196103 196
1613757386221 0.20360080566350902 197
1613757466538 0.20330772552976598 198
1613757546840 0.2031200385664371 199
1613757627342 0.20284148021338408 200
1613757707775 0.20256408153457686 201
1613757787931 0.20244463540737806 202
1613757868253 0.20230314679502884 203
1613757948419 0.20215034757058847 204
1613758028961 0.20197697721330907 205
1613758109283 0.20181755295318343 206
1613758189647 0.20166868558565051 207
1613758269864 0.20144186486030893 208
1613758350142 0.2012086312398842 209
1613758430503 0.20098760648036745 210
1613758510673 0.20085483838496357 211
1613758590946 0.200551383916987 212
1613758671310 0.20035704272858634 213
1613758751549 0.20014726726033194 214
1613758831742 0.19998886482019507 215
1613758912018 0.19991378891595443 216
1613758992513 0.19975440521771234 217
1613759072948 0.1995647667095471 218
1613759153243 0.19935016128265182 219
1613759233725 0.19922016437799434 220
1613759314031 0.1989882916086405 221
1613759394286 0.19874779584184643 222
1613759474565 0.1986840076993663 223
1613759554782 0.19841638240972018 224
1613759635175 0.19828966195424869 225
1613759715589 0.19798812177145703 226
1613759795833 0.1978274837536747 227
1613759876015 0.19764752374930988 228
1613759956322 0.19763275017956683 229
1613760036508 0.1974403609434104 230
1613760116741 0.19722921024086884 231
1613760197058 0.1971086172135101 232
1613760277422 0.1970048536954521 233
1613760357703 0.19677264905450775 234
1613760437884 0.19658286713152373 235
1613760518146 0.19644252286906377 236
1613760598188 0.19627318726164816 237
1613760678560 0.19624355869684587 238
1613760759059 0.19600823320289865 239
1613760839629 0.19586670917562501 240
1613760919920 0.19582120032402286 241
1613761000340 0.19567637926130815 242
1613761080676 0.19543083349939908 243
1613761161052 0.19522249193435837 244
1613761241530 0.19501424578879234 245
1613761321841 0.19482710681812665 246
1613761402040 0.1946084211051831 247
1613761482182 0.19438977936419777 248
1613761562337 0.19416966507536287 249
1613761642673 0.1940640433466998 250
1613761722981 0.19395728887375513 251
1613761803326 0.19383541607453728 252
1613761883530 0.19361810450588635 253
1613761963964 0.1934339920654861 254
1613762044380 0.1933149931298449 255
1613762124860 0.19318165308059915 256
1613762205249 0.19293329539952558 257
1613762285653 0.1927020409686361 258
1613762366033 0.19263852553993893 259
1613762446394 0.19250405455720127 260
1613762526691 0.19229499691731544 261
1613762607092 0.19214640122942808 262
1613762687490 0.1919427826558674 263
1613762767566 0.19186474988614624 264
1613762848338 0.19161090614261317 265
1613762928572 0.1914279806380233 266
1613763008932 0.19118539565241333 267
1613763089281 0.19095543836157472 268
1613763169564 0.19071211872653182 269
1613763249768 0.19050039121098883 270
1613763330075 0.19039917632107506 271
1613763410772 0.1902904088722368 272
1613763491127 0.19005908183539416 273
1613763571336 0.18995947423248724 274
1613763651504 0.18972220391062639 275
1613763731830 0.18951443260748335 276
1613763812003 0.1893397148008023 277
1613763892375 0.1891950494676889 278
1613763972674 0.1890857061082468 279
1613764053269 0.18895535397251584 280
1613764133597 0.18876665541448248 281
1613764213820 0.1885527327503263 282
1613764294101 0.1883475314094557 283
1613764374369 0.18817704086786055 284
1613764454568 0.18807785432486987 285
1613764534824 0.18807568337302405 286
1613764615148 0.18807465041906124 287
1613764695309 0.18793405190593995 288
1613764775466 0.1878232049530949 289
1613764855775 0.18764445198953267 290
1613764936012 0.18758823183622755 291
1613765016189 0.1875140328166115 292
1613765096477 0.18730358451816195 293
1613765176759 0.18724119749217083 294
1613765257180 0.18708039421101888 295
1613765337472 0.1868754066785756 296
1613765417894 0.18680628667971608 297
1613765498261 0.1866449861414345 298
1613765578653 0.18659057668337573 299
1613765659146 0.18641393740345502 300
1613765739579 0.1862818312146082 301
1613765819925 0.18613957382095592 302
1613765900402 0.18601361190334934 303
1613765980851 0.18585533626120296 304
1613766061188 0.1856846758846346 305
1613766141330 0.18554001662825179 306
1613766221783 0.18541808956505734 307
1613766302169 0.18525427498822686 308
1613766382552 0.1852263501431733 309
1613766462924 0.18502396120046086 310
1613766543211 0.18492200292659067 311
1613766623623 0.18482350023369282 312
1613766704060 0.18467671911734868 313
1613766784460 0.18458774104105452 314
1613766864799 0.18442363806476228 315
1613766945455 0.18420521620216193 316
1613767025588 0.18401211418812638 317
1613767105959 0.18395807118640992 318
1613767186223 0.18376909590900883 319
1613767266766 0.18363732348231443 320
1613767347255 0.18359058873844336 321
1613767427716 0.1834273769775245 322
1613767508104 0.18331134357664056 323
1613767588348 0.18317959333207512 324
1613767668725 0.18309543103333648 325
1613767749052 0.18299543793195694 326
1613767829290 0.18288235055871357 327
1613767909592 0.18280590701278968 328
1613767989945 0.18266234406342727 329
1613768070173 0.18257806389353412 330
1613768150448 0.18250009322611055 331
1613768230764 0.18231113201230856 332
1613768311080 0.18226612613776444 333
1613768391332 0.18220963210634053 334
1613768471706 0.18211611881550188 335
1613768551955 0.18200555520532125 336
1613768632135 0.18189366877146534 337
1613768712467 0.18177040599425426 338
1613768792666 0.18162344087833743 339
1613768872966 0.18141728118940623 340
1613768953343 0.18134488346335798 341
1613769033797 0.1812194989770363 342
1613769113997 0.18108896926259224 343
1613769194332 0.18101651076545605 344
1613769274440 0.18091676000365015 345
1613769354655 0.1808631247596697 346
1613769434879 0.18075294766231614 347
1613769515466 0.18063921008845213 348
1613769595808 0.1805597662400328 349
1613769675870 0.18046744251356706 350
1613769756219 0.1803784306959123 351
1613769836641 0.18034940614930803 352
1613769916804 0.18020986478400913 353
1613769997167 0.18012189860289618 354
1613770077500 0.1800111736884077 355
1613770157968 0.17995561680028432 356
1613770242628 0.1798389152739172 357
1613770323158 0.17971628350792715 358
1613770403600 0.17953427429035748 359
1613770483918 0.1793923465147628 360
1613770564136 0.1792347169681231 361
1613770644585 0.17911048956950334 362
1613770724791 0.17898975038343073 363
1613770805098 0.1788497986111824 364
1613770885450 0.17875295813527703 365
1613770965746 0.17860182483608555 366
1613771046050 0.17843475315468255 367
1613771126421 0.17831670515355644 368
1613771206899 0.17816828179969518 369
1613771287018 0.1780564305093464 370
1613771367302 0.1779607799516964 371
1613771447490 0.17783596464180157 372
1613771527681 0.17771731413852518 373
1613771607885 0.1775930354172455 374
1613771688344 0.17746550816622658 375
1613771768818 0.17733879400581923 376
1613771849235 0.1772454953466759 377
1613771929662 0.17721446609266842 378
1613772009804 0.17710580311023094 379
1613772090252 0.17701773131027504 380
1613772170411 0.17697022521802563 381
1613772250950 0.17690913291363153 382
1613772331415 0.1768144650404598 383
1613772412299 0.17671657723595194 384
1613772492557 0.17653660472757995 385
1613772572974 0.1764216505564931 386
1613772653449 0.17631388507762152 387
1613772733919 0.17617615670257508 388
1613772814278 0.1760461885146734 389
1613772894438 0.1759305169596377 390
1613772974844 0.1758373650522837 391
1613773054977 0.1757595686111998 392
1613773135097 0.17567107595768058 393
1613773215287 0.1755241453615506 394
1613773295758 0.17537236231778103 395
1613773375933 0.1752871962386864 396
1613773456311 0.1751978075272969 397
1613773536586 0.175129828138783 398
1613773616819 0.17502359288645533 399
1613773697519 0.17490545857956444 400
1613773777858 0.17473214487430322 401
1613773858213 0.17459221332392033 402
1613773938765 0.17452789455564324 403
1613774019033 0.17434033816149436 404
1613774099399 0.17427829685119703 405
1613774179885 0.17418839863841157 406
1613774260127 0.17408308783576376 407
1613774340456 0.1739648303674656 408
1613774420846 0.1739139990789256 409
1613774501061 0.17379252427068728 410
1613774581416 0.17368234618282374 411
1613774661587 0.17359809529178855 412
1613774741928 0.173474071637946 413
1613774822236 0.17341195915760466 414
1613774902617 0.17333425823050344 415
1613774982832 0.1732532855573188 416
1613775063108 0.17315614002609891 417
1613775143508 0.17304367745158095 418
1613775223816 0.17290835744553162 419
1613775304246 0.17273025329516517 420
1613775384508 0.1726297068538185 421
1613775464681 0.1725388925057301 422
1613775544785 0.17244272588762286 423
1613775625125 0.17237728419530657 424
1613775705327 0.1722521028929733 425
1613775785799 0.17216162940502933 426
1613775866162 0.17202844705857093 427
1613775946369 0.17189192204184975 428
1613776026519 0.17183901645917793 429
1613776106747 0.17174884339290333 430
1613776187039 0.17160504707630628 431
1613776267476 0.1714591512319337 432
1613776347768 0.17135183182530836 433
1613776428126 0.1712564399901855 434
1613776508391 0.17117547881125036 435
1613776588795 0.17105698264836725 436
1613776669144 0.17095816095884306 437
1613776749397 0.1708422869679329 438
1613776829866 0.17074228897402532 439
1613776910256 0.17065597592895723 440
1613776990904 0.17051558734518582 441
1613777071029 0.17043338474345163 442
1613777151255 0.1703449779911151 443
1613777231515 0.17021432457544725 444
1613777311831 0.17006150113667304 445
1613777392153 0.16998434373888574 446
1613777472374 0.16985270644942885 447
1613777552594 0.16975818363794204 448
1613777635617 0.16970011361101822 449
1613777716014 0.1696781429790822 450
1613777796182 0.16958562338577765 451
1613777876430 0.16949300084503302 452
1613777956749 0.16939174984240873 453
1613778037107 0.16931886364428644 454
1613778117481 0.16930620764709295 455
1613778197818 0.16920290161063797 456
1613778278150 0.16905850430940642 457
1613778358583 0.16899208559897297 458
1613778438992 0.1688866176614045 459
1613778519361 0.1688200473625844 460
1613778599595 0.16866707110905635 461
1613778680316 0.1685266689251495 462
1613778760744 0.16843502840091423 463
1613778840890 0.1683456515930412 464
1613778921351 0.16824697738705702 465
1613779001438 0.16818055358583248 466
1613779081640 0.16807261580856375 467
1613779161831 0.16794581256544203 468
1613779241891 0.16779165791947123 469
1613779322265 0.16768034616799152 470
1613779402395 0.1676206201237006 471
1613779482791 0.16757477493288475 472
1613779562882 0.1675808265750395 473
1613779643091 0.167527703536718 474
1613779723293 0.16752935492665214 475
1613779803542 0.1673917416357706 476
1613779883766 0.16731748714224565 477
1613779963955 0.1672440674477793 478
1613780044074 0.1671751631635193 479
1613780124568 0.16710777692725806 480
1613780204745 0.1670213096745595 481
1613780284954 0.16689429900534966 482
1613780365186 0.1668057708554092 483
1613780445409 0.16674309468996243 484
1613780525507 0.16671316876907 485
1613780605736 0.16659548729326085 486
1613780686098 0.1665153800050866 487
1613780766584 0.1664310649146931 488
1613780846846 0.16631524330292147 489
1613780927140 0.16623858425942323 490
1613781007317 0.166123168402179 491
1613781087783 0.1660192428560836 492
1613781168133 0.16588783019765171 493
1613781248410 0.16583297378448603 494
1613781328763 0.16572068527330636 495
1613781409229 0.16563245793172562 496
1613781489300 0.16560754623054913 497
1613781569870 0.16555424855039308 498
1613781650046 0.16546215640737633 499
