1613741538904 0.29607689088234007 0
1613741619199 0.614899058158145 1
1613741699694 0.6144897043245793 2
1613741780528 0.6009693249270027 3
1613741861138 0.6549200601179821 4
1613741941581 0.6507153891751336 5
1613742022081 0.6582007852771009 6
1613742102640 0.7301358999786797 7
1613742183428 0.6700972859617523 8
1613742263793 0.7004835816516196 9
1613742344329 0.6956787309661675 10
1613742424951 0.7542575561199721 11
1613742505651 0.6715672596642588 12
1613742586200 0.713583332078343 13
1613742666709 0.7008343183466893 14
1613742747131 0.7638257380988863 15
1613742827858 0.7234086728539695 16
1613742908417 0.7191619216314247 17
1613742988740 0.7307417074648234 18
1613743069085 0.7180808008544974 19
1613743149414 0.758606331781126 20
1613743229621 0.6816496824855905 21
1613743310052 0.7660769917898708 22
1613743390784 0.7383942204837998 23
1613743471148 0.7173572981916115 24
1613743551606 0.7606525785008142 25
1613743632171 0.7260957798610131 26
1613743712595 0.7680677388879386 27
1613743792857 0.6750150968352061 28
1613743873344 0.7679000660446623 29
1613743953797 0.7529849075717325 30
1613744034307 0.7073883008567637 31
1613744114767 0.7355935360537842 32
1613744195136 0.7785701348728845 33
1613744275517 0.7128254393000533 34
1613744355826 0.7477154185493978 35
1613744436129 0.7790685294365342 36
1613744516615 0.7485500854209707 37
1613744597060 0.697907626705604 38
1613744677486 0.6923998401466276 39
1613744757968 0.7470052981956138 40
1613744838318 0.7623634826754117 41
1613744918694 0.7558272193703387 42
1613744999355 0.7271660206657227 43
1613745079635 0.7726851797324943 44
1613745160019 0.7998518405052332 45
1613745240503 0.7747989265084431 46
1613745320879 0.7743819454789755 47
1613745401265 0.7729975879884377 48
1613745481595 0.7409598752856255 49
1613745562145 0.7539489201229551 50
1613745642832 0.7427587871654675 51
1613745723220 0.7399634025827214 52
1613745803602 0.7328521417475294 53
1613745884258 0.7867404087964032 54
1613745964658 0.726227653411667 55
1613746045000 0.7748262674492948 56
1613746125354 0.74042639487677 57
1613746205755 0.6849043911134594 58
1613746286243 0.7668558750195767 59
1613746366700 0.7461330686173924 60
1613746447403 0.7123802755772473 61
1613746527740 0.7718245760848125 62
1613746608452 0.783036894054823 63
1613746688679 0.7947867097479574 64
1613746768932 0.755834227595269 65
1613746849590 0.7534857789468434 66
1613746930076 0.7956019463750084 67
1613747010291 0.7997207005818685 68
1613747090575 0.7594524132294788 69
1613747170728 0.802755496767891 70
1613747250960 0.7422617048986496 71
1613747331349 0.7330883299785383 72
1613747411848 0.8053751218780552 73
1613747492240 0.7413637405369691 74
1613747572532 0.7827857265377695 75
1613747652907 0.7914616262679663 76
1613747733416 0.7995320417432358 77
1613747813907 0.7833709062150355 78
1613747894271 0.7934265465516112 79
1613747974987 0.8029629942687119 80
1613748055519 0.8008274176753023 81
1613748135960 0.8071218575862656 82
1613748216210 0.7642925705007287 83
1613748296486 0.741803182995525 84
1613748376931 0.7638441725352476 85
1613748457319 0.7707941033301896 86
1613748537687 0.7714638504734699 87
1613748618035 0.7917480444158899 88
1613748698384 0.7967948227800349 89
1613748778806 0.7973931399121713 90
1613748859057 0.7740067323523291 91
1613748939233 0.804020839141837 92
1613749019457 0.7968845986499545 93
1613749099840 0.7730923123498122 94
1613749180336 0.7489731806131561 95
1613749260595 0.7907217119590202 96
1613749341017 0.8226444414679215 97
1613749421265 0.770048401494407 98
1613749501634 0.7959510964382399 99
1613749582002 0.8037744708867236 100
1613749662382 0.8188667065658413 101
1613749742618 0.775429945004483 102
1613749823206 0.7691167711150642 103
1613749903415 0.7636268309762945 104
1613749983847 0.7610364852603092 105
1613750064149 0.7700639843780507 106
1613750144800 0.7757625598536358 107
1613750225202 0.7649387516288294 108
1613750305566 0.7449663539251582 109
1613750385858 0.810208536430516 110
1613750466165 0.7855188034750014 111
1613750546483 0.7942743557557631 112
1613750626868 0.740981329491155 113
1613750707110 0.781903971627543 114
1613750787460 0.8125702774382211 115
1613750868009 0.7862938051262209 116
1613750948389 0.7735750943749815 117
1613751028653 0.7847072724472074 118
1613751109207 0.7837164554331038 119
1613751189687 0.8149629124737048 120
1613751270126 0.7913839400054947 121
1613751350752 0.7969859590133032 122
1613751431152 0.7890364795739016 123
1613751511562 0.8062234811401099 124
1613751592153 0.7859836785143919 125
1613751672623 0.8044915272957749 126
1613751753065 0.7632151529192924 127
1613751833444 0.7696567482679434 128
1613751913809 0.7646820707867543 129
1613751994087 0.8073385807032558 130
1613752074532 0.7859349784130851 131
1613752161370 0.7998257014486525 132
1613752242119 0.8030352265658703 133
1613752322506 0.8249396843537479 134
1613752403092 0.7951137647032738 135
1613752483439 0.7941288653924897 136
1613752563946 0.8051116210356187 137
1613752644189 0.8397167199187808 138
1613752724790 0.7545846711801386 139
1613752805312 0.8085070072632768 140
1613752885704 0.8222800107091985 141
1613752966193 0.8244283711642362 142
1613753046525 0.7612369668207607 143
1613753126716 0.8149634395604548 144
1613753207215 0.8139445513021201 145
1613753287706 0.82666363393267 146
1613753368112 0.8051800723239947 147
1613753448425 0.8289661002805927 148
1613753528690 0.8193402531441678 149
1613753609086 0.8187474831119999 150
1613753689292 0.8191799573436543 151
1613753769734 0.7913787771844202 152
1613753850217 0.79438848400049 153
1613753930505 0.7864442784041958 154
1613754011038 0.7954194138056776 155
1613754091398 0.8189714182604183 156
1613754172021 0.8235754240304232 157
1613754252381 0.8298924336552743 158
1613754332903 0.8177495592635953 159
1613754413164 0.7944171048376988 160
1613754493459 0.7843499255021301 161
1613754573898 0.8132277448540148 162
1613754654176 0.82935725324429 163
1613754734424 0.79889783911993 164
1613754814687 0.8080614051792059 165
1613754894888 0.806213733813401 166
1613754975297 0.783371208675122 167
1613755055733 0.8037270617553558 168
1613755136110 0.7649004493943519 169
1613755216376 0.8282987780455086 170
1613755296705 0.8269196611441924 171
1613755377043 0.7603678842601569 172
1613755457305 0.8175014848510425 173
1613755537547 0.8311699254607613 174
1613755617754 0.8013879313237138 175
1613755698166 0.7989334958079068 176
1613755779158 0.8179734473751223 177
1613755859498 0.8071271407489593 178
1613755939732 0.80731436832065 179
1613756020323 0.812419689198335 180
1613756100733 0.8247473801121764 181
1613756181052 0.799036262713875 182
1613756261590 0.8234521645213385 183
1613756342024 0.8205313068701998 184
1613756422211 0.8167353671404624 185
1613756502587 0.7932404832681641 186
1613756583257 0.8061791827861705 187
1613756663649 0.7935647931363847 188
1613756744018 0.7854813009009256 189
1613756824316 0.8122906916892476 190
1613756904504 0.799068129952583 191
1613756984761 0.804794015726824 192
1613757065109 0.8075758661535893 193
1613757145477 0.8125997709731261 194
1613757225713 0.8041902834737904 195
1613757305978 0.8202597562177357 196
1613757386219 0.7989494106104451 197
1613757466536 0.8323384441351622 198
1613757546838 0.8153037679252318 199
1613757627340 0.8370440161746481 200
1613757707773 0.8358717210242873 201
1613757787929 0.8008120697405603 202
1613757868252 0.8090091650937121 203
1613757948417 0.8088470902498607 204
1613758028959 0.8139329661925634 205
1613758109281 0.81610192638892 206
1613758189645 0.8106867007290324 207
1613758269862 0.8261056715001662 208
1613758350140 0.832327995649589 209
1613758430501 0.8304876926476541 210
1613758510671 0.8103154606779444 211
1613758590944 0.8421225747178224 212
1613758671308 0.8196919114639362 213
1613758751547 0.8278489872649476 214
1613758831740 0.8185769350384362 215
1613758912016 0.7996444974256598 216
1613758992511 0.8124562297225668 217
1613759072946 0.8263221975901852 218
1613759153241 0.8305832658495221 219
1613759233722 0.8122932058810205 220
1613759314029 0.8371967440875976 221
1613759394284 0.8336885884197222 222
1613759474562 0.7940057171194741 223
1613759554780 0.8433002882740563 224
1613759635173 0.814545177206721 225
1613759715586 0.8509882551230742 226
1613759795831 0.8156253118755888 227
1613759876013 0.8278580068246179 228
1613759956320 0.7853778958320617 229
1613760036506 0.8268516884495815 230
1613760116739 0.8318090834551387 231
1613760197056 0.8149192975731668 232
1613760277420 0.8028055112808943 233
1613760357702 0.8412972381038051 234
1613760437882 0.8260347583655561 235
1613760518144 0.8213600961329497 236
1613760598186 0.8286732235194548 237
1613760678558 0.7873826093050871 238
1613760759057 0.8446757300243126 239
1613760839627 0.8222004282441768 240
1613760919918 0.7946521296579805 241
1613761000338 0.8247188689268153 242
1613761080674 0.8441600382328034 243
1613761161050 0.8349207458871134 244
1613761241528 0.835389684123749 245
1613761321839 0.8359185922276843 246
1613761402038 0.840456387731764 247
1613761482180 0.841078513271206 248
1613761562335 0.84355549050702 249
1613761642671 0.8084322340860539 250
1613761722979 0.81330377469351 251
1613761803324 0.8132967264129874 252
1613761883528 0.8402331450096007 253
1613761963962 0.8374110157294505 254
1613762044378 0.8176721225938072 255
1613762124858 0.813284041923146 256
1613762205247 0.8472192514427873 257
1613762285651 0.8481229344445668 258
1613762366031 0.8042590100628634 259
1613762446392 0.8237790216174391 260
1613762526689 0.8403162271454093 261
1613762607090 0.824538015040823 262
1613762687488 0.8420390965563528 263
1613762767564 0.8174618157617589 264
1613762848336 0.8628361749072229 265
1613762928570 0.8412901228600806 266
1613763008930 0.8551621756861719 267
1613763089279 0.8511062219040468 268
1613763169562 0.8496886287432384 269
1613763249765 0.8460310091349211 270
1613763330073 0.8194754231307242 271
1613763410770 0.8236460545980979 272
1613763491125 0.8569051297174559 273
1613763571334 0.8174494410103018 274
1613763651502 0.8551593941043724 275
1613763731828 0.8478680415586992 276
1613763812001 0.8386130043201976 277
1613763892373 0.8350741189525841 278
1613763972672 0.8251904916504155 279
1613764053266 0.827272992157325 280
1613764133595 0.847231765008635 281
1613764213818 0.8498374058426111 282
1613764294098 0.8531519354361555 283
1613764374367 0.8371368809335533 284
1613764454566 0.8169521539980038 285
1613764534822 0.795770026743412 286
1613764615146 0.8008049834689867 287
1613764695307 0.832712380403883 288
1613764775464 0.8290096108735863 289
1613764855773 0.8491448029712007 290
1613764936010 0.8097799089944198 291
1613765016187 0.8172417143871497 292
1613765096475 0.8579770488871469 293
1613765176757 0.8097904368407196 294
1613765257178 0.8444888564838987 295
1613765337470 0.8579045156120426 296
1613765417892 0.8184176280193931 297
1613765498259 0.8395624898892659 298
1613765578651 0.8104828458486332 299
1613765659144 0.848094092309475 300
1613765739576 0.8311588740484281 301
1613765819922 0.8368013951550709 302
1613765900400 0.8323153698920376 303
1613765980849 0.8462098276877141 304
1613766061185 0.8467094516486264 305
1613766141328 0.8438131771546757 306
1613766221781 0.8349578104085392 307
1613766302167 0.8469019623975573 308
1613766382549 0.8052398140338483 309
1613766462922 0.8553530244633208 310
1613766543209 0.8273130918232103 311
1613766623621 0.8270798995672317 312
1613766704058 0.844286901705588 313
1613766784458 0.8277991223814232 314
1613766864797 0.8499207450283899 315
1613766945453 0.8655115177576569 316
1613767025586 0.8608875490806915 317
1613767105957 0.8150180402610984 318
1613767186221 0.8610883074934068 319
1613767266764 0.846151721573645 320
1613767347253 0.8180584884298745 321
1613767427714 0.8502071221997396 322
1613767508102 0.8361946473295769 323
1613767588347 0.8403159301267581 324
1613767668723 0.8276898384421736 325
1613767749050 0.8293771590053868 326
1613767829288 0.8383381589741 327
1613767909589 0.8270457411265891 328
1613767989943 0.8441383521157232 329
1613768070170 0.835529396488787 330
1613768150446 0.826059005326695 331
1613768230762 0.8665316636147706 332
1613768311078 0.8135369640769793 333
1613768391330 0.8065972077547908 334
1613768471704 0.8361354628982751 335
1613768551953 0.8339600364474216 336
1613768632133 0.8403635503171565 337
1613768712465 0.8377277265227903 338
1613768792664 0.851677390270763 339
1613768872964 0.8708960857581008 340
1613768953341 0.8328598044921663 341
1613769033795 0.8425155867184146 342
1613769113994 0.8486748859286308 343
1613769194330 0.8310953256904438 344
1613769274438 0.8418852924666507 345
1613769354653 0.8264248175646669 346
1613769434877 0.8350152993339232 347
1613769515464 0.8460958825181359 348
1613769595806 0.8279529958649465 349
1613769675868 0.8340545091157158 350
1613769756217 0.8319612367285623 351
1613769836639 0.8182071526322053 352
1613769916802 0.8468869098208167 353
1613769997165 0.8279926072934578 354
1613770077498 0.8451877040383609 355
1613770157960 0.8237690302347611 356
1613770242620 0.8483402108692605 357
1613770323156 0.8480817549503766 358
1613770403598 0.8652670900712068 359
1613770483916 0.8531380238180811 360
1613770564134 0.8571941676464948 361
1613770644583 0.84985586181283 362
1613770724789 0.8465556545873706 363
1613770805096 0.8573532371403096 364
1613770885448 0.8354689304251224 365
1613770965744 0.8559270096921373 366
1613771046048 0.8634136723375868 367
1613771126419 0.8418902117572183 368
1613771206897 0.8577681872411631 369
1613771287016 0.8476375648130973 370
1613771367300 0.8458620194465883 371
1613771447488 0.8513779304512255 372
1613771527679 0.8519616804045179 373
1613771607883 0.8554513909570549 374
1613771688342 0.8524318267901738 375
1613771768816 0.8502121336271309 376
1613771849233 0.8423252031000124 377
1613771929660 0.8145117062661383 378
1613772009802 0.84198162045287 379
1613772090250 0.8395918468422778 380
1613772170409 0.821481250728784 381
1613772250948 0.8278219797545009 382
1613772331413 0.8431708548631933 383
1613772412297 0.8440684173046873 384
1613772492555 0.8744365904818882 385
1613772572972 0.8564682063216003 386
1613772653447 0.8474478504379813 387
1613772733917 0.8636894961123092 388
1613772814276 0.8560678246377529 389
1613772894436 0.8533517559369405 390
1613772974843 0.8489323175081642 391
1613773054975 0.8422428530681393 392
1613773135095 0.8425566131869952 393
1613773215285 0.8621247467790977 394
1613773295756 0.8698023739788268 395
1613773375931 0.8432619539291962 396
1613773456309 0.8423073833410659 397
1613773536584 0.8318461619652389 398
1613773616817 0.8550877891561036 399
1613773697516 0.8548374988787463 400
1613773777856 0.8774105065994049 401
1613773858211 0.8647623139151027 402
1613773938762 0.839029400083034 403
1613774019031 0.8865317267015228 404
1613774099397 0.8340127334386731 405
1613774179883 0.8474623877141211 406
1613774260125 0.8499959890138019 407
1613774340454 0.8582409732462315 408
1613774420844 0.8333777746327383 409
1613774501059 0.8635989220246024 410
1613774581414 0.8529807297004894 411
1613774661585 0.847438617002057 412
1613774741925 0.8642302618904428 413
1613774822234 0.8392046376880582 414
1613774902614 0.8461346682361377 415
1613774982830 0.8455786025358571 416
1613775063106 0.8499088885074251 417
1613775143506 0.8600467271529711 418
1613775223814 0.864315502257247 419
1613775304244 0.8874539569020271 420
1613775384506 0.8490646371298752 421
1613775464678 0.8494994677184673 422
1613775544783 0.8475651881668005 423
1613775625122 0.843082835857311 424
1613775705325 0.8669221806137458 425
1613775785797 0.8489499624106991 426
1613775866159 0.8702484853975065 427
1613775946367 0.8690605034863346 428
1613776026517 0.8360197252148519 429
1613776106745 0.8418821729291445 430
1613776187036 0.8734783905275753 431
1613776267473 0.8788461226683396 432
1613776347766 0.8563861914656379 433
1613776428124 0.8515156487795128 434
1613776508389 0.8469685552160392 435
1613776588793 0.8619737635281953 436
1613776669142 0.858901994568961 437
1613776749395 0.8621917229823091 438
1613776829864 0.8579440474510193 439
1613776910255 0.8395698264317024 440
1613776990902 0.8753841851245273 441
1613777071027 0.8517643212862722 442
1613777151253 0.8550209057015868 443
1613777231513 0.8759791708441191 444
1613777311829 0.880044003670243 445
1613777392151 0.8512843569720184 446
1613777472372 0.8742824407375377 447
1613777552592 0.850838553509675 448
1613777635615 0.8466469776281651 449
1613777716012 0.822133610797739 450
1613777796180 0.8566774924050321 451
1613777876428 0.8573686059402383 452
1613777956747 0.8613098518032095 453
1613778037105 0.8489985657589776 454
1613778117479 0.8273784578728312 455
1613778197815 0.8584933038586857 456
1613778278148 0.8835340989960565 457
1613778358581 0.8475363781934397 458
1613778438990 0.861802859401161 459
1613778519359 0.8484974543402053 460
1613778599593 0.8827827572822571 461
1613778680314 0.8843950420294119 462
1613778760742 0.85919758313232 463
1613778840888 0.8579461806298544 464
1613778921349 0.8622934255654808 465
1613779001436 0.8481964383026135 466
1613779081638 0.8643079693062922 467
1613779161829 0.8740694993598894 468
1613779241889 0.890452766418457 469
1613779322263 0.8719030132333001 470
1613779402393 0.8480596403064935 471
1613779482789 0.8407901874540941 472
1613779562881 0.8169059680329392 473
1613779643089 0.8452848489145919 474
1613779723291 0.8185609881968602 475
1613779803540 0.88023414733735 476
1613779883764 0.8533286514518025 477
1613779963953 0.8505703626054056 478
1613780044071 0.8468765082737703 479
1613780124566 0.8513714826594179 480
1613780204743 0.8626856893621465 481
1613780284953 0.879003205326166 482
1613780365184 0.8626839369535446 483
1613780445407 0.8480994277275525 484
1613780525505 0.8343425941254411 485
1613780605734 0.877533047767049 486
1613780686096 0.8609757062209689 487
1613780766583 0.8607036502307488 488
1613780846844 0.8746720192054015 489
1613780927138 0.8573607474074258 490
1613781007315 0.8761958943472968 491
1613781087781 0.8692131497793727 492
1613781168131 0.8831900987732276 493
1613781248409 0.8449571426998783 494
1613781328761 0.8672717807485777 495
1613781409227 0.8567793677008689 496
1613781489298 0.8295752227633864 497
1613781569869 0.8443271689690076 498
1613781650044 0.8648279130123975 499
