1613741538888 0.5648317920400742 0
1613741619197 0.3515263707079786 1
1613741699692 0.34155147887290793 2
1613741780526 0.3517042138475053 3
1613741861137 0.31218195215184635 4
1613741941579 0.30706953938971177 5
1613742022080 0.3015053735134449 6
1613742102638 0.23562037627747717 7
1613742183426 0.30609634328395763 8
1613742263790 0.2611816772755156 9
1613742344327 0.26953603168751333 10
1613742424949 0.2145580991785577 11
1613742505649 0.29165699570736986 12
1613742586199 0.25390673888490556 13
1613742666708 0.264852632867529 14
1613742747128 0.2081744284071821 15
1613742827856 0.24290060679963293 16
1613742908414 0.2509217274949906 17
1613742988738 0.24055650957087252 18
1613743069082 0.2511879047180744 19
1613743149411 0.21951096425665187 20
1613743229618 0.2873142247504376 21
1613743310050 0.20583703796914282 22
1613743390781 0.2294733238981125 23
1613743471146 0.25923888290182073 24
1613743551603 0.20475224675016201 25
1613743632169 0.24486368957986224 26
1613743712592 0.19858929831930933 27
1613743792855 0.28939590238510293 28
1613743873342 0.2091958687660542 29
1613743953795 0.22528869484333283 30
1613744034306 0.2616083818547269 31
1613744114765 0.23391703024823615 32
1613744195134 0.19452613655557024 33
1613744275515 0.2556251826438498 34
1613744355824 0.2274745804198245 35
1613744436126 0.19419492178774894 36
1613744516613 0.2325059346696164 37
1613744597057 0.2586121140642369 38
1613744677483 0.27209447229162176 39
1613744757966 0.22657563711734527 40
1613744838316 0.2107424590181797 41
1613744918692 0.21737809764577987 42
1613744999352 0.25510536673221185 43
1613745079632 0.20487055245866168 44
1613745160016 0.17939070628044454 45
1613745240502 0.20105571188825241 46
1613745320877 0.20013854985541485 47
1613745401262 0.20319714634976488 48
1613745481593 0.23198372252444002 49
1613745562143 0.2258042477546854 50
1613745642830 0.2339068181971286 51
1613745723218 0.23562684972235498 52
1613745803600 0.23466200270551316 53
1613745884255 0.1888124257960218 54
1613745964656 0.24444322509968536 55
1613746044998 0.18932534595753284 56
1613746125352 0.2281755304082911 57
1613746205753 0.280702809070019 58
1613746286241 0.20133504398325655 59
1613746366698 0.22963812566818076 60
1613746447401 0.2550385480231427 61
1613746527738 0.20547699294191726 62
1613746608450 0.19784609307634068 63
1613746688677 0.18123442378449947 64
1613746768930 0.21326192072097291 65
1613746849587 0.21916283318336974 66
1613746930073 0.17817255347333055 67
1613747010289 0.17521105992033126 68
1613747090574 0.21567830633609852 69
1613747170726 0.16754064090708468 70
1613747250958 0.24147144847727836 71
1613747331347 0.23778622581603678 72
1613747411846 0.17475458662560645 73
1613747492238 0.22306785431314022 74
1613747572530 0.2004154825464208 75
1613747652905 0.18573372478180744 76
1613747733414 0.18069086873784979 77
1613747813905 0.19011233144618095 78
1613747894270 0.18840887445084592 79
1613747974985 0.16412701061431398 80
1613748055517 0.17423851185656608 81
1613748135958 0.17375023314293395 82
1613748216208 0.2107769605961252 83
1613748296484 0.2261552759941588 84
1613748376929 0.19928735367795256 85
1613748457317 0.20258632365693438 86
1613748537684 0.21549713548193586 87
1613748618033 0.18475628660080282 88
1613748698382 0.18458865931693544 89
1613748778804 0.17669715526256155 90
1613748859054 0.19879559316533676 91
1613748939231 0.1732594757638079 92
1613749019454 0.17810279004117277 93
1613749099838 0.19922780610145407 94
1613749180334 0.2211769863646081 95
1613749260593 0.18428284437098402 96
1613749341015 0.15221272694303634 97
1613749421263 0.20614114720770654 98
1613749501632 0.1833192693426254 99
1613749582000 0.17109019451952995 100
1613749662380 0.16334262490272522 101
1613749742616 0.20149874116512054 102
1613749823203 0.2003687930868027 103
1613749903413 0.21274545598537364 104
1613749983845 0.2043013978511729 105
1613750064147 0.21168911520470965 106
1613750144797 0.20482151559058656 107
1613750225200 0.2125373083226224 108
1613750305564 0.21285995714207914 109
1613750385855 0.16300988514372644 110
1613750466163 0.18508780573276765 111
1613750546480 0.1782164345396326 112
1613750626866 0.23473006423483503 113
1613750707108 0.19344350822428438 114
1613750787458 0.16443272981237858 115
1613750868007 0.19816263622425973 116
1613750948387 0.2054116408875648 117
1613751028650 0.18366728881572156 118
1613751109204 0.19362783875871212 119
1613751189685 0.16565584121866428 120
1613751270124 0.19242720527851837 121
1613751350749 0.1800122838071052 122
1613751431149 0.19222348801633146 123
1613751511560 0.17008892779654644 124
1613751592151 0.1903019217734641 125
1613751672620 0.17382482138085872 126
1613751753062 0.2113544947289406 127
1613751833442 0.212730680374389 128
1613751913806 0.21262124941704122 129
1613751994084 0.1664970168407927 130
1613752074465 0.19089264818962584 131
1613752161367 0.1791186846317129 132
1613752242116 0.17142336165651362 133
1613752322503 0.1525536280997256 134
1613752403090 0.18503206270806333 135
1613752483437 0.18507354310218324 136
1613752563944 0.17180071485803483 137
1613752644187 0.14174207918187406 138
1613752724788 0.20763918250165087 139
1613752805309 0.17371810180075625 140
1613752885702 0.16499247132463657 141
1613752966190 0.15274500973681185 142
1613753046522 0.2137604203630001 143
1613753126714 0.1652265692010839 144
1613753207212 0.16597733472255952 145
1613753287703 0.1518148348686543 146
1613753368110 0.17091858704039392 147
1613753448422 0.15274210749788486 148
1613753528688 0.15696354812764107 149
1613753609083 0.16102032014664183 150
1613753689289 0.1620326505062428 151
1613753769732 0.18717989135295787 152
1613753850215 0.18153175648222578 153
1613753930502 0.20072165892479268 154
1613754011036 0.18164028702898227 155
1613754091396 0.16768814084377695 156
1613754172018 0.1587217646710416 157
1613754252378 0.15214652140089807 158
1613754332901 0.16126901799059928 159
1613754413161 0.17598954857663907 160
1613754493456 0.19382414031536022 161
1613754573896 0.17005974498200924 162
1613754654173 0.15203331062134276 163
1613754734421 0.17769925328011207 164
1613754814685 0.16957101035625377 165
1613754894886 0.1704245095557355 166
1613754975295 0.19209243579113738 167
1613755055731 0.17078788800442474 168
1613755136108 0.21399409022737056 169
1613755216374 0.15129697259436262 170
1613755296703 0.15040492948065412 171
1613755377040 0.2233283798745338 172
1613755457303 0.1633672200618906 173
1613755537544 0.14405231716785025 174
1613755617753 0.17920881256144097 175
1613755698163 0.18452362050401402 176
1613755779155 0.16379738741732658 177
1613755859496 0.17461038079667598 178
1613755939730 0.1712587095321493 179
1613756020321 0.16626075163800666 180
1613756100730 0.15910570925854622 181
1613756181050 0.1775326487865854 182
1613756261588 0.15962175676163207 183
1613756342022 0.16010267176526657 184
1613756422209 0.16695678741373915 185
1613756502584 0.18197061153168373 186
1613756583255 0.17530892757659264 187
1613756663647 0.18574821631959143 188
1613756744016 0.19509377631735295 189
1613756824314 0.1737287203048138 190
1613756904501 0.1821537195368016 191
1613756984759 0.16485561969432425 192
1613757065106 0.17189614252841218 193
1613757145475 0.16834542408902595 194
1613757225711 0.17177812786812477 195
1613757305975 0.16277018950340597 196
1613757386217 0.17808092211155183 197
1613757466534 0.14527785904864046 198
1613757546836 0.1657703328639903 199
1613757627338 0.14712980960277802 200
1613757707771 0.14680694709432887 201
1613757787926 0.1783165177132221 202
1613757868249 0.1735809584881397 203
1613757948415 0.17097930578475304 204
1613758028956 0.16643605397102681 205
1613758109279 0.1689761553673034 206
1613758189643 0.17085314050633857 207
1613758269860 0.1542631539892643 208
1613758350138 0.15246280457111114 209
1613758430498 0.15457240698185373 210
1613758510668 0.17284077025474387 211
1613758590942 0.13621903670595048 212
1613758671305 0.1589623695992409 213
1613758751545 0.1552553170538963 214
1613758831737 0.1659323401907657 215
1613758912014 0.1836973935999769 216
1613758992508 0.16516814269918076 217
1613759072944 0.15822357192952582 218
1613759153238 0.1523515727925808 219
1613759233720 0.17062084535334973 220
1613759314026 0.14774440958144816 221
1613759394282 0.14535773561355916 222
1613759474560 0.18445925192630036 223
1613759554778 0.13846831752898844 224
1613759635171 0.16977755947315948 225
1613759715583 0.12984004046054595 226
1613759795828 0.1613626537170816 227
1613759876011 0.15661664275412865 228
1613759956317 0.1942496027084107 229
1613760036503 0.15319083662743263 230
1613760116737 0.14845339795376392 231
1613760197054 0.1691310348662924 232
1613760277418 0.1728279539879332 233
1613760357699 0.14243676307353567 234
1613760437879 0.15198411523027622 235
1613760518141 0.16332127692851614 236
1613760598183 0.15614064830414792 237
1613760678555 0.189191960273905 238
1613760759054 0.13976544014951017 239
1613760839625 0.1619009426299562 240
1613760919915 0.18485356708790393 241
1613761000336 0.16062968208434733 242
1613761080671 0.1357632133554905 243
1613761161047 0.1443871500644278 244
1613761241525 0.14399394012512046 245
1613761321837 0.14879092003436797 246
1613761402035 0.1405930500081245 247
1613761482178 0.14016662759983795 248
1613761562333 0.13936120715547115 249
1613761642670 0.1676586111809345 250
1613761722977 0.16716191616464168 251
1613761803321 0.16312347067163346 252
1613761883526 0.1386382776371976 253
1613761963959 0.14666943220382042 254
1613762044376 0.1629702645413419 255
1613762124855 0.15904660047368802 256
1613762205245 0.12910537136361955 257
1613762285649 0.13303839779914695 258
1613762366028 0.17618802950737325 259
1613762446389 0.15754159904540854 260
1613762526686 0.13773095290711584 261
1613762607088 0.1532143310029456 262
1613762687485 0.13839109780940603 263
1613762767562 0.17126409867976575 264
1613762848333 0.12434231410635278 265
1613762928568 0.14276979641711457 266
1613763008927 0.12641520449455748 267
1613763089277 0.1293268844168237 268
1613763169560 0.12525913689998872 269
1613763249763 0.1333339620143809 270
1613763330070 0.16296994115443939 271
1613763410767 0.1607056627882288 272
1613763491122 0.12690680077735414 273
1613763571331 0.162666991035989 274
1613763651499 0.12447286539889396 275
1613763731826 0.1321695529400034 276
1613763811998 0.14094288235015057 277
1613763892370 0.14897808686215827 278
1613763972670 0.1585789088239061 279
1613764053264 0.15245675596785038 280
1613764133592 0.13574236060710662 281
1613764213816 0.1282265414582922 282
1613764294096 0.1302755519430688 283
1613764374364 0.13975772705483944 284
1613764454563 0.1598096895725169 285
1613764534819 0.18745479114512179 286
1613764615144 0.18777819263174178 287
1613764695304 0.14744168012700182 288
1613764775462 0.15578843558088262 289
1613764855771 0.13580609255648673 290
1613764936008 0.17122816722443762 291
1613765016185 0.1658479190887289 292
1613765096472 0.1256422330724432 293
1613765176755 0.16889941185078722 294
1613765257175 0.1396434262711951 295
1613765337467 0.1261990970753609 296
1613765417890 0.16627764701843262 297
1613765498256 0.1385774257335257 298
1613765578649 0.17032214872380522 299
1613765659142 0.13342215342724578 300
1613765739575 0.14651786837172 301
1613765819920 0.14317784093795938 302
1613765900398 0.14784715086855788 303
1613765980847 0.13773954104869923 304
1613766061184 0.13363326103129286 305
1613766141325 0.14127428417510174 306
1613766221778 0.1479864811643641 307
1613766302165 0.13479938532443755 308
1613766382547 0.17659757302162496 309
1613766462919 0.12228338895960057 310
1613766543206 0.1532129797529667 311
1613766623618 0.15409066004956024 312
1613766704056 0.1387342297016306 313
1613766784455 0.1566486250846944 314
1613766864795 0.1327312005327103 315
1613766945451 0.11518390762045029 316
1613767025583 0.12279877573885817 317
1613767105955 0.16677239664057467 318
1613767186219 0.1234859824180603 319
1613767266761 0.14147014694010956 320
1613767347250 0.16858873595582677 321
1613767427712 0.13087318996165662 322
1613767508099 0.14583255509112744 323
1613767588345 0.14049251409287147 324
1613767668720 0.15574268394328178 325
1613767749048 0.15039768688222196 326
1613767829286 0.1459027795081443 327
1613767909587 0.1577324239497489 328
1613767989940 0.1354301337231981 329
1613768070168 0.15476560782878956 330
1613768150444 0.1566918023089145 331
1613768230759 0.11957600903003773 332
1613768311075 0.16727916991457026 333
1613768391327 0.16334062561075738 334
1613768471701 0.15078916638455492 335
1613768551951 0.14485618218462518 336
1613768632131 0.14418794056202502 337
1613768712462 0.140107587296912 338
1613768792661 0.1318022665825296 339
1613768872961 0.11132298695280197 340
1613768953338 0.15665725888089932 341
1613769033793 0.13833800465502638 342
1613769113992 0.13631727720828765 343
1613769194328 0.1560907877506094 344
1613769274436 0.14650274718061407 345
1613769354651 0.16230533034243483 346
1613769434875 0.14252149488063567 347
1613769515462 0.1410585343837738 348
1613769595804 0.1528338631416889 349
1613769675865 0.14815413825055387 350
1613769756214 0.14913528269909798 351
1613769836637 0.17013276574459482 352
1613769916800 0.13095176283349383 353
1613769997163 0.14898187048891756 354
1613770077496 0.14070382904499135 355
1613770157891 0.1601773646283657 356
1613770242619 0.13817647036085737 357
1613770323154 0.13581411128348492 358
1613770403595 0.11419296518285224 359
1613770483914 0.12829834730067152 360
1613770564131 0.12233045063120254 361
1613770644580 0.13414017126915304 362
1613770724786 0.1351614258390792 363
1613770805093 0.12790735351278426 364
1613770885446 0.143406184429818 365
1613770965741 0.12328703733200723 366
1613771046045 0.11711944607978171 367
1613771126416 0.1348750407391406 368
1613771206894 0.12340006422489247 369
1613771287014 0.13667145308027875 370
1613771367297 0.14247442306356228 371
1613771447486 0.13140466936091158 372
1613771527676 0.1334606764164377 373
1613771607880 0.13111279365864206 374
1613771688339 0.12964278903413326 375
1613771768814 0.12969426969264417 376
1613771849230 0.14207190084964672 377
1613771929658 0.16548540807784873 378
1613772009799 0.13592253276642333 379
1613772090247 0.1435504473270254 380
1613772170406 0.15887040407099623 381
1613772250946 0.15357187263509062 382
1613772331411 0.14055666961568467 383
1613772412294 0.13912766030494203 384
1613772492553 0.10724718900437051 385
1613772572970 0.1320493405169629 386
1613772653444 0.13460864475432863 387
1613772733915 0.12273754718455862 388
1613772814273 0.12548856342092474 389
1613772894434 0.13081861049570936 390
1613772974840 0.13941496927687463 391
1613773054972 0.14526336370630466 392
1613773135092 0.14089346312462014 393
1613773215282 0.11763349048634793 394
1613773295754 0.11541806002880664 395
1613773375928 0.14156142891721524 396
1613773456307 0.13971048910567102 397
1613773536581 0.14807403151025164 398
1613773616814 0.1326357272077114 399
1613773697514 0.1276517358232052 400
1613773777854 0.10523334906456318 401
1613773858208 0.11833973006999239 402
1613773938760 0.14860743093997875 403
1613774019029 0.09856755492535044 404
1613774099394 0.14915156618077705 405
1613774179880 0.13768972424750633 406
1613774260123 0.13122159115811613 407
1613774340451 0.12571578330182015 408
1613774420842 0.15312400206606439 409
1613774501056 0.12398785289297713 410
1613774581412 0.12839915207091798 411
1613774661582 0.13888672818528844 412
1613774741923 0.12225230260098234 413
1613774822232 0.1476973922962838 414
1613774902612 0.1410883734834955 415
1613774982828 0.1395686535125083 416
1613775063104 0.13264645350740312 417
1613775143504 0.12603432130306325 418
1613775223812 0.11620927491086594 419
1613775304241 0.09792651014125094 420
1613775384503 0.13029965504686883 421
1613775464676 0.13421523761241994 422
1613775544781 0.13176424642826648 423
1613775625120 0.14463000665319728 424
1613775705323 0.11905004940134414 425
1613775785795 0.13361992354088642 426
1613775866156 0.11515958512083013 427
1613775946365 0.11345921488518411 428
1613776026514 0.14914252149297835 429
1613776106743 0.13297442489481986 430
1613776187034 0.10962883462297156 431
1613776267471 0.10843214646298835 432
1613776347763 0.1248825287565272 433
1613776428121 0.12985638354686982 434
1613776508387 0.13595736597446686 435
1613776588791 0.11939265563132916 436
1613776669139 0.1277730826367723 437
1613776749393 0.12008947894928303 438
1613776829861 0.12684316964859657 439
1613776910252 0.13267823609899967 440
1613776990900 0.10860422190199508 441
1613777071024 0.13409983477693924 442
1613777151251 0.13118078670603164 443
1613777231511 0.11220420801893194 444
1613777311826 0.10205507088214794 445
1613777392148 0.13557214432574333 446
1613777472370 0.11101083806220521 447
1613777552589 0.12741196409184882 448
1613777635612 0.14362667152222167 449
1613777716010 0.1597913586078806 450
1613777796178 0.12785928680541667 451
1613777876425 0.12762761242846224 452
1613777956745 0.12352504565360699 453
1613778037102 0.1362285296967689 454
1613778117476 0.1635477289240411 455
1613778197813 0.12209534898717353 456
1613778278146 0.10306893764658177 457
1613778358579 0.13857231622046612 458
1613778438987 0.12047683431747112 459
1613778519357 0.1381977099053403 460
1613778599590 0.09814501823262965 461
1613778680311 0.1036608599601908 462
1613778760739 0.12600546567998033 463
1613778840886 0.12687481273996068 464
1613778921346 0.12236347160440811 465
1613779001433 0.13722706221519632 466
1613779081636 0.11766567382406681 467
1613779161826 0.10860189478448097 468
1613779241887 0.09549312895916878 469
1613779322261 0.11536382297252087 470
1613779402391 0.13948965326268623 471
1613779482787 0.14593584486778746 472
1613779562878 0.17044325331424146 473
1613779643087 0.1423473833723271 474
1613779723289 0.1683137651453627 475
1613779803537 0.10188781517617246 476
1613779883761 0.13189809373084535 477
1613779963950 0.1321494534928748 478
1613780044069 0.1341700110029667 479
1613780124563 0.13476238352187137 480
1613780204740 0.12543056112654666 481
1613780284951 0.10567515644621342 482
1613780365182 0.12404667443417489 483
1613780445405 0.13640783061372472 484
1613780525503 0.15219909713623372 485
1613780605731 0.10940229005001961 486
1613780686094 0.1275031306642167 487
1613780766580 0.12528530080267725 488
1613780846842 0.10967847514659801 489
1613780927135 0.1286756529452953 490
1613781007312 0.10945398249524704 491
1613781087779 0.11488787417716169 492
1613781168128 0.10110138959073006 493
1613781248406 0.13873390568063615 494
1613781328759 0.11013787223937664 495
1613781409224 0.12187169650767712 496
1613781489296 0.153226430745835 497
1613781569866 0.13901200383267504 498
1613781650041 0.11950817704200745 499
