1617292047478 0.5884401726516637 0
1617292047481 0.5884401726516637 0
1617292176462 0.6417333879111771 1
1617292176464 0.6417333879111771 1
1617292304914 0.6681922707006547 2
1617292304917 0.6681922707006547 2
1617292433036 0.6808788956469916 3
1617292433038 0.6808788956469916 3
1617292560883 0.6897574152044477 4
1617292560885 0.6897574152044477 4
1617292689116 0.7043854443055863 5
1617292689118 0.7043854443055863 5
1617292816610 0.7175204485540185 6
1617292816612 0.7175204485540185 6
1617292943903 0.7302948244534028 7
1617292943906 0.7302948244534028 7
1617293071651 0.7398915234512824 8
1617293071653 0.7398915234512824 8
1617293199159 0.7477102112748284 9
1617293199162 0.7477102112748284 9
1617293326861 0.7512812084136478 10
1617293326863 0.7512812084136478 10
1617293454556 0.7566823297938173 11
1617293454559 0.7566823297938173 11
1617293582039 0.7577605267107158 12
1617293582042 0.7577605267107158 12
1617293709507 0.7627550719973227 13
1617293709510 0.7627550719973227 13
1617293836714 0.7676114720381559 14
1617293836716 0.7676114720381559 14
1617293964311 0.770124129631013 15
1617293964315 0.770124129631013 15
1617294092086 0.773331215990811 16
1617294092088 0.773331215990811 16
1617294219365 0.7771598480601386 17
1617294219367 0.7771598480601386 17
1617294347099 0.7804631497039567 18
1617294347101 0.7804631497039567 18
1617294474250 0.7831308096306686 19
1617294474252 0.7831308096306686 19
1617294602020 0.7857553907131056 20
1617294602022 0.7857553907131056 20
1617294729264 0.7886841703206077 21
1617294729266 0.7886841703206077 21
1617294856524 0.7912158589047888 22
1617294856527 0.7912158589047888 22
1617294983968 0.793650776827448 23
1617294983970 0.793650776827448 23
1617295111150 0.795709477012997 24
1617295111152 0.795709477012997 24
1617295238540 0.7978056559620964 25
1617295238542 0.7978056559620964 25
1617295365667 0.7991619732221179 26
1617295365669 0.7991619732221179 26
1617295493015 0.8007761615482946 27
1617295493018 0.8007761615482946 27
1617295620233 0.8027783476530459 28
1617295620235 0.8027783476530459 28
1617295747717 0.8040250354108786 29
1617295747720 0.8040250354108786 29
1617295874987 0.803344505119784 30
1617295874989 0.803344505119784 30
1617296002748 0.8042047745798979 31
1617296002750 0.8042047745798979 31
1617296130084 0.8053660013338854 32
1617296130086 0.8053660013338854 32
1617296257198 0.8067097382329159 33
1617296257200 0.8067097382329159 33
1617296384315 0.8072743621476473 34
1617296384318 0.8072743621476473 34
1617296512099 0.8086199970281824 35
1617296512102 0.8086199970281824 35
1617296639306 0.809944991970541 36
1617296639308 0.809944991970541 36
1617296766501 0.8112769229780814 37
1617296766504 0.8112769229780814 37
1617296893533 0.8122102890821127 38
1617296893536 0.8122102890821127 38
1617297020799 0.8132722146851211 39
1617297020801 0.8132722146851211 39
1617297148310 0.8144513744539252 40
1617297148312 0.8144513744539252 40
1617297275111 0.8154613770923854 41
1617297275113 0.8154613770923854 41
1617297402134 0.8165871880484037 42
1617297402137 0.8165871880484037 42
1617297529135 0.8175527770873846 43
1617297529137 0.8175527770873846 43
1617297656310 0.8185629889164254 44
1617297656312 0.8185629889164254 44
1617297783731 0.8192371677428101 45
1617297783733 0.8192371677428101 45
1617297910682 0.8202076032321403 46
1617297910685 0.8202076032321403 46
1617298038002 0.8211503016631575 47
1617298038004 0.8211503016631575 47
1617298165124 0.8220093446670294 48
1617298165126 0.8220093446670294 48
1617298292394 0.8229264885463579 49
1617298292396 0.8229264885463579 49
1617298419668 0.8235744068135454 50
1617298419670 0.8235744068135454 50
1617298546878 0.8240384733887034 51
1617298546880 0.8240384733887034 51
1617298674092 0.8247838789662212 52
1617298674094 0.8247838789662212 52
1617298801033 0.8254941404876769 53
1617298801036 0.8254941404876769 53
1617298928002 0.8261722486549038 54
1617298928004 0.8261722486549038 54
1617299054853 0.8269189804833809 55
1617299054856 0.8269189804833809 55
1617299181926 0.827592943598784 56
1617299181929 0.827592943598784 56
1617299308891 0.828301106748887 57
1617299308895 0.828301106748887 57
1617299436057 0.8289914913248817 58
1617299436060 0.8289914913248817 58
1617299563378 0.8296715670111693 59
1617299563381 0.8296715670111693 59
1617299690605 0.8303346515689692 60
1617299690607 0.8303346515689692 60
1617299817758 0.8309832782792693 61
1617299817760 0.8309832782792693 61
1617299944629 0.8316685639110131 62
1617299944631 0.8316685639110131 62
1617300071665 0.8323180664719603 63
1617300071668 0.8323180664719603 63
1617300198911 0.8329822771867007 64
1617300198913 0.8329822771867007 64
1617300326182 0.833600837743327 65
1617300326185 0.833600837743327 65
1617300452945 0.834152257411835 66
1617300452947 0.834152257411835 66
1617300579946 0.8347288391942476 67
1617300579949 0.8347288391942476 67
1617300706855 0.8353054580372608 68
1617300706857 0.8353054580372608 68
1617300833894 0.8357918539671882 69
1617300833896 0.8357918539671882 69
1617300961393 0.8363231001667412 70
1617300961396 0.8363231001667412 70
1617301088304 0.836867910433736 71
1617301088307 0.836867910433736 71
1617301215465 0.8374226979279682 72
1617301215467 0.8374226979279682 72
1617301342751 0.8379308174290901 73
1617301342753 0.8379308174290901 73
1617301469618 0.8384148351844166 74
1617301469621 0.8384148351844166 74
1617301596438 0.838887669528811 75
1617301596441 0.838887669528811 75
1617301723199 0.8393973234257814 76
1617301723201 0.8393973234257814 76
1617301850129 0.8399130995925196 77
1617301850132 0.8399130995925196 77
1617301977070 0.8404405435873062 78
1617301977072 0.8404405435873062 78
1617302104033 0.8409416367760567 79
1617302104035 0.8409416367760567 79
1617302231362 0.8414574361578494 80
1617302231365 0.8414574361578494 80
1617302358413 0.8419420757983658 81
1617302358415 0.8419420757983658 81
1617302485836 0.8424193321765896 82
1617302485838 0.8424193321765896 82
1617302612810 0.8428956829937342 83
1617302612813 0.8428956829937342 83
1617302739699 0.8433821498626178 84
1617302739702 0.8433821498626178 84
1617302866818 0.8438336648114255 85
1617302866820 0.8438336648114255 85
1617302994202 0.8442781291188943 86
1617302994204 0.8442781291188943 86
1617303121096 0.8445998765015933 87
1617303121098 0.8445998765015933 87
1617303248486 0.8447660151705418 88
1617303248489 0.8447660151705418 88
1617303375391 0.8450292072593003 89
1617303375393 0.8450292072593003 89
1617303502650 0.8453812926154854 90
1617303502653 0.8453812926154854 90
1617303629642 0.8457882048748587 91
1617303629645 0.8457882048748587 91
1617303756721 0.8461531083565846 92
1617303756723 0.8461531083565846 92
1617303883730 0.8465559311691634 93
1617303883733 0.8465559311691634 93
1617304010980 0.8469306308378269 94
1617304010983 0.8469306308378269 94
1617304138010 0.8472499578994809 95
1617304138012 0.8472499578994809 95
1617304264832 0.8476069592292143 96
1617304264834 0.8476069592292143 96
1617304392103 0.8476321540012752 97
1617304392105 0.8476321540012752 97
1617304519110 0.8479028424764399 98
1617304519113 0.8479028424764399 98
1617304646338 0.8482150898121317 99
1617304646340 0.8482150898121317 99
1617304773753 0.8485376613847035 100
1617304773756 0.8485376613847035 100
1617304900813 0.8488961185187719 101
1617304900816 0.8488961185187719 101
1617305028044 0.8492699101450587 102
1617305028047 0.8492699101450587 102
1617305155133 0.8495945361771627 103
1617305155136 0.8495945361771627 103
1617305281956 0.8495605377064737 104
1617305281959 0.8495605377064737 104
1617305409380 0.8494611017662371 105
1617305409383 0.8494611017662371 105
1617305536841 0.8495642436552255 106
1617305536843 0.8495642436552255 106
1617305664282 0.8497891364086781 107
1617305664284 0.8497891364086781 107
1617305791580 0.8500012169209319 108
1617305791582 0.8500012169209319 108
1617305918459 0.850263314704209 109
1617305918461 0.850263314704209 109
1617306045903 0.8505536584615674 110
1617306045905 0.8505536584615674 110
1617306172978 0.8508644206285293 111
1617306172980 0.8508644206285293 111
1617306299622 0.8511339552663081 112
1617306299625 0.8511339552663081 112
1617306426528 0.8514520783091107 113
1617306426531 0.8514520783091107 113
1617306553922 0.8517519027085598 114
1617306553925 0.8517519027085598 114
1617306680991 0.8520495093777187 115
1617306680994 0.8520495093777187 115
1617306807911 0.8523574112285747 116
1617306807913 0.8523574112285747 116
1617306934826 0.8526464004969321 117
1617306934829 0.8526464004969321 117
1617307061523 0.8529190992982784 118
1617307061525 0.8529190992982784 118
1617307188491 0.8532168367063522 119
1617307188494 0.8532168367063522 119
1617307315576 0.8535220251550972 120
1617307315579 0.8535220251550972 120
1617307442371 0.853810567138694 121
1617307442374 0.853810567138694 121
1617307569489 0.8541147942046474 122
1617307569493 0.8541147942046474 122
1617307696415 0.8543973328831256 123
1617307696418 0.8543973328831256 123
1617307823361 0.8546445878897895 124
1617307823364 0.8546445878897895 124
1617307950458 0.8547942767903269 125
1617307950460 0.8547942767903269 125
1617308077864 0.8549862994943807 126
1617308077867 0.8549862994943807 126
1617308204591 0.8552240714658533 127
1617308204594 0.8552240714658533 127
1617308332023 0.8554684751066172 128
1617308332025 0.8554684751066172 128
1617308458677 0.8557226832216812 129
1617308458679 0.8557226832216812 129
1617308585936 0.8559872363562415 130
1617308585939 0.8559872363562415 130
1617308713012 0.8562347978811131 131
1617308713014 0.8562347978811131 131
1617308840019 0.8564742642454878 132
1617308840022 0.8564742642454878 132
1617308967134 0.8567048285450984 133
1617308967137 0.8567048285450984 133
1617309094112 0.8569464145760713 134
1617309094115 0.8569464145760713 134
1617309221177 0.85720791624962 135
1617309221179 0.85720791624962 135
1617309348404 0.8574675616576743 136
1617309348407 0.8574675616576743 136
1617309475625 0.8576944043779501 137
1617309475627 0.8576944043779501 137
1617309602516 0.8579460700751693 138
1617309602519 0.8579460700751693 138
1617309729463 0.858193856373459 139
1617309729466 0.858193856373459 139
1617309856563 0.8584281473089391 140
1617309856566 0.8584281473089391 140
1617309983723 0.858669083453105 141
1617309983726 0.858669083453105 141
1617310110755 0.8588186700902438 142
1617310110758 0.8588186700902438 142
1617310237798 0.8588046682763919 143
1617310237801 0.8588046682763919 143
1617310365093 0.8589265730763599 144
1617310365096 0.8589265730763599 144
1617310492011 0.8591251939457645 145
1617310492013 0.8591251939457645 145
1617310618995 0.8593449287090512 146
1617310618998 0.8593449287090512 146
1617310746112 0.8595553006511718 147
1617310746115 0.8595553006511718 147
1617310873396 0.8597603941781256 148
1617310873398 0.8597603941781256 148
1617311000483 0.8599855422852759 149
1617311000486 0.8599855422852759 149
1617311127489 0.86020197923283 150
1617311127492 0.86020197923283 150
1617311254490 0.8604211161291296 151
1617311254493 0.8604211161291296 151
1617311381277 0.8606389072687293 152
1617311381279 0.8606389072687293 152
1617311508034 0.8608538370017701 153
1617311508037 0.8608538370017701 153
1617311635276 0.8610722634324506 154
1617311635279 0.8610722634324506 154
1617311762468 0.861293031403018 155
1617311762471 0.861293031403018 155
1617311889708 0.8614439141806853 156
1617311889711 0.8614439141806853 156
1617312016703 0.8616528396306942 157
1617312016706 0.8616528396306942 157
1617312143714 0.8618618193850576 158
1617312143717 0.8618618193850576 158
1617312270664 0.862067015706611 159
1617312270667 0.862067015706611 159
1617312397734 0.8622658966340294 160
1617312397737 0.8622658966340294 160
1617312524488 0.8624660173885569 161
1617312524491 0.8624660173885569 161
1617312651312 0.862651439042449 162
1617312651314 0.862651439042449 162
1617312778802 0.8628371981985468 163
1617312778804 0.8628371981985468 163
1617312905608 0.863020936561824 164
1617312905611 0.863020936561824 164
1617313032640 0.8632239185404238 165
1617313032642 0.8632239185404238 165
1617313159375 0.8634210644723654 166
1617313159377 0.8634210644723654 166
1617313286333 0.8636126390094171 167
1617313286335 0.8636126390094171 167
1617313413250 0.8637878885318566 168
1617313413253 0.8637878885318566 168
1617313540372 0.8639596441129483 169
1617313540375 0.8639596441129483 169
1617313667238 0.8641371105594107 170
1617313667241 0.8641371105594107 170
1617313794299 0.8643266892381832 171
1617313794302 0.8643266892381832 171
1617313921222 0.8644966995511941 172
1617313921225 0.8644966995511941 172
1617314048042 0.8646799408238293 173
1617314048045 0.8646799408238293 173
1617314175184 0.864861325619567 174
1617314175187 0.864861325619567 174
1617314308550 0.8650201967257849 175
1617314308553 0.8650201967257849 175
1617314436250 0.865201838016855 176
1617314436252 0.865201838016855 176
1617314563483 0.8653772245262541 177
1617314563486 0.8653772245262541 177
1617314690412 0.8655466245186009 178
1617314690415 0.8655466245186009 178
1617314817490 0.865707164774506 179
1617314817493 0.865707164774506 179
1617314944258 0.8658818685251728 180
1617314944261 0.8658818685251728 180
1617315071257 0.8660518608322431 181
1617315071260 0.8660518608322431 181
1617315198221 0.8662212097400895 182
1617315198224 0.8662212097400895 182
1617315325100 0.8663795479887451 183
1617315325102 0.8663795479887451 183
1617315452168 0.8665410108796832 184
1617315452171 0.8665410108796832 184
1617315579231 0.8667085860025233 185
1617315579234 0.8667085860025233 185
1617315706313 0.8668698869693919 186
1617315706315 0.8668698869693919 186
1617315833471 0.8670231241141751 187
1617315833474 0.8670231241141751 187
1617315960745 0.8671782146425332 188
1617315960748 0.8671782146425332 188
1617316087720 0.8673643370187133 189
1617316087722 0.8673643370187133 189
1617316214914 0.8674602049562768 190
1617316214916 0.8674602049562768 190
1617316342182 0.8675531095313037 191
1617316342185 0.8675531095313037 191
1617316469284 0.8676952713949149 192
1617316469287 0.8676952713949149 192
1617316596138 0.8678455391653005 193
1617316596140 0.8678455391653005 193
1617316722997 0.8679872628657556 194
1617316723000 0.8679872628657556 194
1617316850172 0.8681398097821406 195
1617316850174 0.8681398097821406 195
1617316977000 0.8682650892341194 196
1617316977003 0.8682650892341194 196
1617317104153 0.8684003347768751 197
1617317104155 0.8684003347768751 197
1617317230948 0.8685481621427066 198
1617317230950 0.8685481621427066 198
1617317358282 0.8687032300529591 199
1617317358285 0.8687032300529591 199
1617317485320 0.8688540180360448 200
1617317485322 0.8688540180360448 200
1617317612216 0.8689730715895639 201
1617317612219 0.8689730715895639 201
1617317739131 0.8691075647687813 202
1617317739133 0.8691075647687813 202
1617317866163 0.8692517213248602 203
1617317866165 0.8692517213248602 203
1617317993076 0.8694084855615732 204
1617317993079 0.8694084855615732 204
1617318120066 0.8695484525322568 205
1617318120069 0.8695484525322568 205
1617318247308 0.8697042288515706 206
1617318247310 0.8697042288515706 206
1617318374149 0.8698399134325432 207
1617318374151 0.8698399134325432 207
1617318501033 0.8699837643149244 208
1617318501036 0.8699837643149244 208
1617318627827 0.8701132782973193 209
1617318627830 0.8701132782973193 209
1617318754850 0.8702460187291036 210
1617318754853 0.8702460187291036 210
1617318881719 0.8703904702772222 211
1617318881722 0.8703904702772222 211
1617319008732 0.8705465352357995 212
1617319008735 0.8705465352357995 212
1617319135771 0.8707077949353514 213
1617319135773 0.8707077949353514 213
1617319262957 0.8708473919794055 214
1617319262959 0.8708473919794055 214
1617319389726 0.8710060982832929 215
1617319389729 0.8710060982832929 215
1617319516757 0.8711471536983637 216
1617319516760 0.8711471536983637 216
1617319643621 0.8712545381532634 217
1617319643624 0.8712545381532634 217
1617319770418 0.8713835460738 218
1617319770420 0.8713835460738 218
1617319897383 0.8714967286854636 219
1617319897386 0.8714967286854636 219
1617320024526 0.8716344004006485 220
1617320024529 0.8716344004006485 220
1617320151581 0.871752377677758 221
1617320151584 0.871752377677758 221
1617320278545 0.871874856276801 222
1617320278547 0.871874856276801 222
1617320405436 0.8720211738537957 223
1617320405439 0.8720211738537957 223
1617320532552 0.8721549959626963 224
1617320532554 0.8721549959626963 224
1617320659595 0.872281109760659 225
1617320659598 0.872281109760659 225
1617320786715 0.8724198558004047 226
1617320786718 0.8724198558004047 226
1617320913989 0.8725518519614182 227
1617320913992 0.8725518519614182 227
1617321041141 0.8726717548117443 228
1617321041144 0.8726717548117443 228
1617321168648 0.8727881229129366 229
1617321168650 0.8727881229129366 229
1617321295714 0.8728788941293999 230
1617321295717 0.8728788941293999 230
1617321422491 0.8729804550245975 231
1617321422493 0.8729804550245975 231
1617321549694 0.873083492157754 232
1617321549696 0.873083492157754 232
1617321676553 0.8732171132307859 233
1617321676555 0.8732171132307859 233
1617321803895 0.8733045440764184 234
1617321803897 0.8733045440764184 234
1617321931121 0.8733566122819031 235
1617321931123 0.8733566122819031 235
1617322058141 0.8734571460839695 236
1617322058144 0.8734571460839695 236
1617322185364 0.8735665489919532 237
1617322185366 0.8735665489919532 237
1617322312625 0.873674474529503 238
1617322312627 0.873674474529503 238
1617322439890 0.8737659154930663 239
1617322439892 0.8737659154930663 239
1617322567123 0.8738743056574381 240
1617322567125 0.8738743056574381 240
1617322694072 0.8739705224419645 241
1617322694075 0.8739705224419645 241
1617322821246 0.8740625652121851 242
1617322821249 0.8740625652121851 242
1617322948101 0.8741664297380399 243
1617322948103 0.8741664297380399 243
1617323075166 0.8742645479439667 244
1617323075169 0.8742645479439667 244
1617323201739 0.8743185831981249 245
1617323201741 0.8743185831981249 245
1617323328726 0.8744339885459728 246
1617323328729 0.8744339885459728 246
1617323455838 0.8745124407822161 247
1617323455840 0.8745124407822161 247
1617323582804 0.8746027420807904 248
1617323582806 0.8746027420807904 248
1617323709795 0.8746870422010771 249
1617323709798 0.8746870422010771 249
