1617292047476 0.4682109013516852 0
1617292176460 0.36292327607565733 1
1617292304912 0.31799797987208717 2
1617292433034 0.296689319840454 3
1617292560881 0.2828332209444426 4
1617292689114 0.2651831609335668 5
1617292816608 0.2501030987451322 6
1617292943901 0.23567319388422078 7
1617293071648 0.2251612469069571 8
1617293199157 0.21654770481499264 9
1617293326859 0.2120952817739295 10
1617293454554 0.20605545442267348 11
1617293582037 0.2046233588195544 12
1617293709505 0.19924728625162433 13
1617293836712 0.1939775907361866 14
1617293964309 0.19101411602682764 15
1617294092083 0.18738871938822893 16
1617294219363 0.18333367124116196 17
1617294347097 0.17976271902698046 18
1617294474248 0.1770383912019748 19
1617294602017 0.17415862251544909 20
1617294729262 0.17114838402415664 21
1617294856522 0.1685768381247053 22
1617294983965 0.16603147446141564 23
1617295111148 0.16385674008901444 24
1617295238537 0.16171048160523488 25
1617295365665 0.16020831006151232 26
1617295493012 0.15839024548953828 27
1617295620230 0.15638454353214068 28
1617295747715 0.15511830169245172 29
1617295874985 0.15564871898819685 30
1617296002746 0.15476210134418458 31
1617296130081 0.15357874325211776 32
1617296257195 0.15213674182440612 33
1617296384313 0.15157731604397204 34
1617296512097 0.1500891087054942 35
1617296639303 0.1486367667372359 36
1617296766499 0.1471872985939738 37
1617296893531 0.14618490977325577 38
1617297020796 0.1450345839051767 39
1617297148308 0.1437963811839197 40
1617297275108 0.14273058418363796 41
1617297402132 0.14155676456759064 42
1617297529132 0.14051272499112036 43
1617297656307 0.13937872563297227 44
1617297783728 0.13872353034180127 45
1617297910680 0.13769959473131654 46
1617298037999 0.1366683543525167 47
1617298165121 0.13568757277603216 48
1617298292391 0.13463255208540467 49
1617298419665 0.13392274915040606 50
1617298546876 0.13333847216649036 51
1617298674090 0.1324988849381069 52
1617298801031 0.13167519642845957 53
1617298928000 0.13089218166056923 54
1617299054851 0.13006219343426648 55
1617299181924 0.12928375840178727 56
1617299308889 0.12848436302400887 57
1617299436055 0.1277210660949833 58
1617299563376 0.12694105674803308 59
1617299690602 0.12615367332632568 60
1617299817756 0.12537744666424797 61
1617299944627 0.12458921700957577 62
1617300071663 0.12384983680664284 63
1617300198908 0.1231099446354443 64
1617300326180 0.12240226393617173 65
1617300452942 0.12178053209666372 66
1617300579944 0.1211032907828777 67
1617300706853 0.12041662857246607 68
1617300833892 0.119817542004198 69
1617300961390 0.11920103596722673 70
1617301088302 0.11858452371146583 71
1617301215462 0.1179318711687128 72
1617301342748 0.11735011497887346 73
1617301469616 0.11673107783686608 74
1617301596436 0.11615462695438236 75
1617301723197 0.11554210532084006 76
1617301850127 0.11488827508866617 77
1617301977068 0.11425465770886492 78
1617302104030 0.11362963947467505 79
1617302231360 0.11296561053612311 80
1617302358411 0.11234365510051084 81
1617302485834 0.1117578796584945 82
1617302612808 0.1111516843159733 83
1617302739697 0.110509858491862 84
1617302866816 0.10993203124398239 85
1617302994199 0.10936650616820837 86
1617303121094 0.10893601199951584 87
1617303248484 0.10864478316711995 88
1617303375389 0.10829613362582086 89
1617303502648 0.10783964668104223 90
1617303629639 0.10729623184893466 91
1617303756718 0.10676724329745056 92
1617303883728 0.10623326161100567 93
1617304010978 0.10572397750609396 94
1617304138008 0.1052534014990979 95
1617304264829 0.10477582771530448 96
1617304392100 0.10466935611267289 97
1617304519108 0.10423909839524512 98
1617304646336 0.10377918049911074 99
1617304773750 0.10330029870245122 100
1617304900811 0.10278553867026456 101
1617305028041 0.1022502820087726 102
1617305155131 0.10176876673429938 103
1617305281954 0.1016805622373776 104
1617305409378 0.1016610078294905 105
1617305536839 0.10140948674237275 106
1617305664279 0.10100883087697395 107
1617305791578 0.10066738671516091 108
1617305918456 0.10022330409333798 109
1617306045900 0.0997828159739065 110
1617306172975 0.0993166974615475 111
1617306299620 0.09891939425665262 112
1617306426526 0.09848416876325956 113
1617306553920 0.0980396067799447 114
1617306680989 0.09757571744097782 115
1617306807908 0.09710958720308326 116
1617306934823 0.09663535133115018 117
1617307061520 0.0962230609583352 118
1617307188488 0.095710783475574 119
1617307315574 0.09519691149525164 120
1617307442369 0.0947698519913071 121
1617307569487 0.09428646127101954 122
1617307696413 0.09382847694816884 123
1617307823359 0.09341577851582081 124
1617307950455 0.09313145162989359 125
1617308077862 0.09278238789532767 126
1617308204589 0.09234560781128782 127
1617308332021 0.0919119017754741 128
1617308458674 0.09148273555464347 129
1617308585934 0.09102828072349813 130
1617308713009 0.09059426311444342 131
1617308840017 0.09018476934034696 132
1617308967132 0.0898005844016372 133
1617309094110 0.08939927570151943 134
1617309221174 0.08888203675482183 135
1617309348402 0.08840471138304934 136
1617309475622 0.08799115008155627 137
1617309602514 0.08752563920743921 138
1617309729461 0.08704365380023432 139
1617309856561 0.08662758526054014 140
1617309983721 0.08619814236199883 141
1617310110753 0.08587814964079116 142
1617310237796 0.0857398173137156 143
1617310365091 0.08542805841726933 144
1617310492009 0.08501399496987708 145
1617310618993 0.08458330345801486 146
1617310746109 0.0841721369868306 147
1617310873394 0.08380290351509641 148
1617311000481 0.08336103645965771 149
1617311127487 0.082925905803699 150
1617311254488 0.08249496957829505 151
1617311381275 0.08208198848986942 152
1617311508032 0.0816206348198871 153
1617311635274 0.08116718556836766 154
1617311762466 0.0807294225939069 155
1617311889706 0.08036957955817603 156
1617312016700 0.07992909492690534 157
1617312143712 0.07948324006815023 158
1617312270662 0.07901535076993277 159
1617312397732 0.07860589076857064 160
1617312524486 0.07815474215080304 161
1617312651310 0.07771897451598825 162
1617312778800 0.07730732585526286 163
1617312905606 0.07689650750495035 164
1617313032638 0.07642645655215163 165
1617313159372 0.07597438374764201 166
1617313286330 0.07552443172821817 167
1617313413248 0.07511679729172166 168
1617313540370 0.07467162795423136 169
1617313667236 0.07420089522116391 170
1617313794297 0.07373787716037064 171
1617313921220 0.07331515373560173 172
1617314048040 0.07285943427894105 173
1617314175182 0.0723944631709199 174
1617314308548 0.0719591017011544 175
1617314436248 0.07150345241763112 176
1617314563481 0.07107350789812043 177
1617314690409 0.07064685540363008 178
1617314817488 0.07018169094048808 179
1617314944255 0.06970969931476156 180
1617315071255 0.06924304608534346 181
1617315198219 0.06879419559124957 182
1617315325098 0.06832650162246867 183
1617315452165 0.06787865888552291 184
1617315579229 0.06739039005761958 185
1617315706310 0.06694329117745541 186
1617315833469 0.06648268688298532 187
1617315960743 0.06600099878395518 188
1617316087717 0.06550772427951486 189
1617316214911 0.06510253994297903 190
1617316342180 0.06468601637808458 191
1617316469282 0.06420154425794722 192
1617316596135 0.06372860039458296 193
1617316722994 0.06325845383798659 194
1617316850170 0.06277285928987986 195
1617316976998 0.06231417811687627 196
1617317104150 0.061825819338345404 197
1617317230946 0.061351004344204374 198
1617317358280 0.06083923503568276 199
1617317485317 0.060346746579742434 200
1617317612214 0.05990599644148091 201
1617317739129 0.059439387592195074 202
1617317866160 0.05893288650342081 203
1617317993073 0.05843439737463406 204
1617318120064 0.05794050844751361 205
1617318247305 0.05742022318504954 206
1617318374146 0.05692040579309291 207
1617318501030 0.05637880365242801 208
1617318627825 0.05589233997052398 209
1617318754848 0.05537183958758336 210
1617318881716 0.054835875099973515 211
1617319008730 0.0543024165587651 212
1617319135768 0.053741712633910754 213
1617319262954 0.05319964199076707 214
1617319389724 0.05266736449600016 215
1617319516755 0.052110389830072136 216
1617319643619 0.051614409410501084 217
1617319770415 0.05111772091401458 218
1617319897381 0.050627512812733345 219
1617320024524 0.050094047158255745 220
1617320151579 0.049558193837816455 221
1617320278543 0.04900459999982943 222
1617320405433 0.048448360555237005 223
1617320532549 0.04788874876194461 224
1617320659592 0.04732498214025114 225
1617320786712 0.04675601892114282 226
1617320913986 0.04619232543845658 227
1617321041139 0.045648444234451954 228
1617321168645 0.045136440506292855 229
1617321295711 0.04461393412065349 230
1617321422488 0.04410439395434235 231
1617321549691 0.043578571360328666 232
1617321676550 0.04298943504655559 233
1617321803892 0.04245751717736235 234
1617321931118 0.04206155252265431 235
1617322058139 0.04153756270116053 236
1617322185361 0.04097928130388429 237
1617322312622 0.040388234755191633 238
1617322439887 0.03987006774916916 239
1617322567120 0.039286143367466615 240
1617322694069 0.03874164782616806 241
1617322821244 0.03817390826035861 242
1617322948098 0.03759714964714538 243
1617323075164 0.036992779064274894 244
1617323201736 0.03647176597869585 245
1617323328724 0.03585414734884594 246
1617323455835 0.035292709075689835 247
1617323582801 0.034709701147928415 248
1617323709793 0.03415621580928567 249
