1617292047474 inf 0
1617292176458 20.171502815697252 1
1617292304910 19.50593450379686 2
1617292433032 20.06488656265804 3
1617292560879 19.436618656410225 4
1617292689112 17.071337709127455 5
1617292816606 16.94142706077171 6
1617292943899 15.875841722985541 7
1617293071646 15.504799347573151 8
1617293199155 15.852085655783872 9
1617293326857 17.60048692969733 10
1617293454552 16.033038081013288 11
1617293582035 17.840755627354667 12
1617293709503 14.532620570401818 13
1617293836710 13.75157800914269 14
1617293964307 16.224987763536777 15
1617294092081 14.925126858372147 16
1617294219361 14.309164710729252 17
1617294347094 14.224169394523019 18
1617294474246 14.163660680043108 19
1617294602015 14.180092057081804 20
1617294729259 12.926056975310873 21
1617294856520 13.49871853861569 22
1617294983963 12.813167548876367 23
1617295111146 13.62992778037803 24
1617295238535 13.054988716369325 25
1617295365663 12.91715048033322 26
1617295493010 13.549413234925764 27
1617295620228 13.03489357321022 28
1617295747713 14.614209598431064 29
1617295874982 16.26971236679375 30
1617296002744 14.757374375229091 31
1617296130079 13.5789296087033 32
1617296257193 13.513539385157046 33
1617296384311 15.382317018464416 34
1617296512095 12.709321420347264 35
1617296639301 12.512200894764353 36
1617296766497 12.849646424357202 37
1617296893529 12.720520153549613 38
1617297020794 13.252836160012647 39
1617297148306 11.967897147464729 40
1617297275106 11.38475978452405 41
1617297402130 11.68773838329367 42
1617297529130 12.063817316711788 43
1617297656305 12.270186269043725 44
1617297783726 13.314539843540098 45
1617297910678 12.068078011936088 46
1617298037997 12.59012125921127 47
1617298165119 12.253134937757316 48
1617298292389 11.876889494475853 49
1617298419663 13.468706994214289 50
1617298546873 13.455617600759583 51
1617298674087 11.196801209850195 52
1617298801029 12.276150090079433 53
1617298927997 11.488704586602072 54
1617299054850 10.832908590429081 55
1617299181922 12.041035683758283 56
1617299308887 10.809116337939203 57
1617299436053 11.16884262552796 58
1617299563374 10.494780059960455 59
1617299690600 11.201679103541856 60
1617299817754 10.943960254100547 61
1617299944624 10.459664379436788 62
1617300071661 10.621108206672314 63
1617300198905 11.063732198046813 64
1617300326178 11.208345146530926 65
1617300452940 10.563239370113264 66
1617300579942 11.562255833538014 67
1617300706850 10.173001251667216 68
1617300833889 11.82897688595742 69
1617300961388 10.145121408610482 70
1617301088300 11.15852604144049 71
1617301215460 10.97583172271412 72
1617301342746 9.972280444906485 73
1617301469614 12.056408250460603 74
1617301596434 10.626538309941164 75
1617301723194 10.38357207394279 76
1617301850124 10.101382608706759 77
1617301977066 10.44024073501043 78
1617302104028 10.349269769129071 79
1617302231358 9.586625944592917 80
1617302358408 9.725730290948245 81
1617302485832 9.988594091580156 82
1617302612806 9.628917941624112 83
1617302739695 9.632584147463012 84
1617302866813 9.98085466359367 85
1617302994197 9.412134393050215 86
1617303121092 10.785875762154983 87
1617303248482 13.079010386252294 88
1617303375387 11.539488157536265 89
1617303502646 10.618108418981882 90
1617303629637 10.175053818825422 91
1617303756716 10.224558897912411 92
1617303883726 9.912724699470814 93
1617304010976 9.764180181504711 94
1617304138005 10.786845779577817 95
1617304264827 9.750371334639802 96
1617304392098 12.90428169610217 97
1617304519105 12.054620038410494 98
1617304646334 9.981793003686132 99
1617304773748 9.538243281717508 100
1617304900809 10.085597453104747 101
1617305028039 9.992332712144739 102
1617305155129 10.151259408475667 103
1617305281952 13.266831504548735 104
1617305409376 13.721162853580982 105
1617305536837 12.54303383381569 106
1617305664277 11.31678883204445 107
1617305791575 11.718237246757292 108
1617305918454 10.10834255204353 109
1617306045898 10.203881142712133 110
1617306172973 9.360820061389312 111
1617306299618 9.181835146694437 112
1617306426523 9.816439360207978 113
1617306553917 9.376956041669668 114
1617306680987 9.324570752634921 115
1617306807905 9.123889195929422 116
1617306934821 9.885645225080813 117
1617307061518 9.57334732045165 118
1617307188486 9.088702224695234 119
1617307315572 8.765090303828721 120
1617307442366 9.06196016617593 121
1617307569485 9.14127576710079 122
1617307696410 9.353138943779706 123
1617307823357 9.75287531051324 124
1617307950453 10.4164125725711 125
1617308077859 10.059502779805793 126
1617308204587 10.473541489411533 127
1617308332018 9.955079255750917 128
1617308458671 9.076771981709387 129
1617308585931 9.650248445410998 130
1617308713006 9.562151788972917 131
1617308840014 8.852764393491595 132
1617308967129 9.160309466535493 133
1617309094108 9.935836988768063 134
1617309221171 8.564165210149215 135
1617309348400 9.1602394294395 136
1617309475619 8.750664887420731 137
1617309602511 8.701866932163254 138
1617309729459 9.632619219786747 139
1617309856559 8.926326469676859 140
1617309983718 9.935381585722931 141
1617310110751 10.787708779194283 142
1617310237794 12.792267631029928 143
1617310365089 11.036090438778556 144
1617310492006 9.523072410783838 145
1617310618991 8.821266916735759 146
1617310746107 8.949973003014117 147
1617310873391 9.689803885949775 148
1617311000479 8.767527750499811 149
1617311127484 9.397657322847984 150
1617311254485 8.437590663883826 151
1617311381273 8.717513084237089 152
1617311508030 9.11683577238492 153
1617311635271 8.670626468541585 154
1617311762463 9.23167827550454 155
1617311889704 9.755694136820358 156
1617312016698 8.608825782972145 157
1617312143709 8.966365293121482 158
1617312270659 8.60568655820037 159
1617312397730 9.348793330441003 160
1617312524484 8.760808835571805 161
1617312651307 9.116955274006614 162
1617312778797 8.83738733574165 163
1617312905604 9.060674761936932 164
1617313032635 8.55941444682624 165
1617313159370 8.666201548461972 166
1617313286328 9.084439608888111 167
1617313413245 8.883621361470166 168
1617313540368 9.054526877370849 169
1617313667234 8.890859580859825 170
1617313794294 8.935125988573432 171
1617313921218 8.847009544599983 172
1617314048037 8.870502160962577 173
1617314175180 8.785227284571013 174
1617314308541 8.807895393495325 175
1617314436246 8.415748098713866 176
1617314563478 8.69385965111147 177
1617314690406 8.471929408862 178
1617314817486 9.356810318748112 179
1617314944253 8.444025661703181 180
1617315071252 9.056397398506224 181
1617315198216 8.47848343405245 182
1617315325096 8.480477768734785 183
1617315452163 7.960197131318978 184
1617315579227 8.97156533233883 185
1617315706307 7.9000657999988535 186
1617315833466 9.436082244071661 187
1617315960740 9.02746626228873 188
1617316087714 8.180493589336304 189
1617316214909 9.48257315476284 190
1617316342177 10.40324698925849 191
1617316469279 8.53732798832574 192
1617316596133 8.377242394462597 193
1617316722992 8.159671919544184 194
1617316850167 8.23753215761965 195
1617316976996 9.460004569225212 196
1617317104148 9.539936132927728 197
1617317230944 9.81935668212054 198
1617317358277 8.155982385049295 199
1617317485314 8.26814446708349 200
1617317612211 8.121372264014502 201
1617317739126 8.175711182466154 202
1617317866157 7.840800065104966 203
1617317993071 8.21441376256949 204
1617318120061 8.83857374946479 205
1617318247302 8.196739813849836 206
1617318374144 8.355011790542159 207
1617318501028 8.465843122559415 208
1617318627822 8.77630492979658 209
1617318754845 7.972005499330594 210
1617318881714 8.16955069787982 211
1617319008728 7.715667121569242 212
1617319135766 8.236130221128414 213
1617319262951 10.287838894850042 214
1617319389721 7.823741992034928 215
1617319516752 8.537314111008365 216
1617319643616 8.347430340905769 217
1617319770413 7.816446495472924 218
1617319897378 8.882743099710222 219
1617320024521 8.576452989783325 220
1617320151576 8.65203764549335 221
1617320278540 8.819414997438834 222
1617320405431 7.8563861594112945 223
1617320532547 7.677922022372385 224
1617320659590 8.14534063326759 225
1617320786709 8.352020265299107 226
1617320913984 7.895931567476838 227
1617321041136 9.563739798191316 228
1617321168643 8.155242862495665 229
1617321295709 9.363066060874937 230
1617321422486 9.25197846847288 231
1617321549689 8.555460601416476 232
1617321676548 7.889566677817688 233
1617321803890 10.048782649606355 234
1617321931115 8.735854556605075 235
1617322058136 8.298891124512188 236
1617322185359 8.16251470031987 237
1617322312620 7.669997335120724 238
1617322439885 9.064356782061965 239
1617322567118 8.482239386475895 240
1617322694067 8.03845756639518 241
1617322821242 7.994674523552209 242
1617322948095 8.778498771702287 243
1617323075160 8.818691723738366 244
1617323201734 8.392316960239965 245
1617323328721 8.162886633865849 246
1617323455833 8.316869303523696 247
1617323582799 7.786061483454973 248
1617323709791 8.087191522851287 249
