1617292047468 0.4682109013516852 0
1617292176453 0.2576356507996295 1
1617292304906 0.2281473874649469 2
1617292433028 0.23276333974555452 3
1617292560873 0.22740882536039708 4
1617292689107 0.1769328608791879 5
1617292816601 0.1596227256145249 6
1617292943895 0.13466385985784074 7
1617293071641 0.1410656710888477 8
1617293199150 0.1390258259873124 9
1617293326852 0.16757105136329822 10
1617293454547 0.13961735355885738 11
1617293582030 0.1874382115821255 12
1617293709498 0.12935834286853354 13
1617293836705 0.12020185352005858 14
1617293964302 0.14656199538644324 15
1617294092076 0.12938237317064974 16
1617294219355 0.11439785274102333 17
1617294347089 0.11548557917171336 18
1617294474240 0.1252761625268675 19
1617294602008 0.11656324878493522 20
1617294729253 0.10793337570701508 21
1617294856514 0.11200282833677658 22
1617294983956 0.10748811020575305 23
1617295111139 0.11166311515138504 24
1617295238528 0.108054019510746 25
1617295365656 0.12115184992472543 26
1617295493003 0.10930250204624013 27
1617295620221 0.10022488872500811 28
1617295747707 0.1183972883414715 29
1617295874976 0.17156123786055028 30
1617296002737 0.1272769543798046 31
1617296130072 0.1157112843059796 32
1617296257186 0.10455069470992114 33
1617296384304 0.13255683950921324 34
1617296512088 0.09800185185876932 35
1617296639295 0.0963524558799381 36
1617296766490 0.09355697729327578 37
1617296893522 0.10809413458597153 38
1617297020789 0.10017187505009327 39
1617297148299 0.09426827233363973 40
1617297275100 0.09903290717208639 41
1617297402123 0.09225634069360317 42
1617297529123 0.09561902320289865 43
1617297656298 0.08948275387445663 44
1617297783719 0.10923974223910494 45
1617297910671 0.09059855664901911 46
1617298037990 0.08820005654892389 47
1617298165112 0.08861005710477525 48
1617298292382 0.08293653824465706 49
1617298419656 0.09843260240047536 50
1617298546866 0.10354034598678985 51
1617298674080 0.08884034906216759 52
1617298801022 0.08801970541714987 53
1617298927991 0.08860938419449202 54
1617299054843 0.08441284098761513 55
1617299181916 0.08569139658295094 56
1617299308880 0.08291882649064064 57
1617299436046 0.08344984421149847 58
1617299563367 0.080920505277971 59
1617299690593 0.07891066802388176 60
1617299817747 0.07802762027750625 61
1617299944618 0.07571897841989994 62
1617300071654 0.0772688840218681 63
1617300198899 0.07575684567873782 64
1617300326171 0.07640301848345614 65
1617300452933 0.080746230689135 66
1617300579936 0.0757281227592141 67
1617300706843 0.07372359826447482 68
1617300833883 0.07848056879370137 69
1617300961382 0.0760456133792375 70
1617301088293 0.07481215355244089 71
1617301215453 0.0709408880904951 72
1617301342739 0.07488191312060077 73
1617301469607 0.07092232932832013 74
1617301596428 0.07292081076810335 75
1617301723187 0.06899046117162451 76
1617301850117 0.06454334721127723 77
1617301977059 0.06483250208436808 78
1617302104021 0.064253198973676 79
1617302231351 0.059843295451967 80
1617302358402 0.0619652648159164 81
1617302485825 0.06372429341315589 82
1617302612800 0.060837470886713645 83
1617302739688 0.05659648926651224 84
1617302866807 0.060816715174215906 85
1617302994191 0.0607313496516423 86
1617303121086 0.07148301932326656 87
1617303248475 0.08301664591628186 88
1617303375380 0.07726632445020244 89
1617303502639 0.06675582165096669 90
1617303629631 0.05784548212714652 91
1617303756709 0.05810029656091269 92
1617303883719 0.056572964771630915 93
1617304010969 0.05785127164439318 94
1617304137998 0.06054868083447218 95
1617304264820 0.05892874447113656 96
1617304392092 0.09434161065740788 97
1617304519099 0.06207384208732463 98
1617304646327 0.05824730878180646 99
1617304773743 0.05541211903650076 100
1617304900803 0.050794775419412776 101
1617305028033 0.04765410253659208 102
1617305155122 0.05217269346355758 103
1617305281944 0.09250729455751308 104
1617305409370 0.09960779500134448 105
1617305536830 0.07474825150789098 106
1617305664270 0.05813865327930197 107
1617305791569 0.06379141723935275 108
1617305918448 0.05181829831463859 109
1617306045891 0.051329122836443974 110
1617306172965 0.04757754258969997 111
1617306299611 0.054421435308424713 112
1617306426517 0.04930368800984418 113
1617306553911 0.04735954068204824 114
1617306680980 0.044228443459786 115
1617306807898 0.04303847960731451 116
1617306934815 0.04114975431498061 117
1617307061512 0.04757279696616721 118
1617307188479 0.03474976302699206 119
1617307315565 0.033532273856566305 120
1617307442359 0.043095652014017105 121
1617307569478 0.03531279339593776 122
1617307696404 0.03749640523753268 123
1617307823350 0.0422411729046639 124
1617307950446 0.057590590888991 125
1617308077853 0.0488003573400226 126
1617308204580 0.03687453713822872 127
1617308332011 0.03639752919131771 128
1617308458665 0.0361202930674908 129
1617308585924 0.031949152674605234 130
1617308713000 0.03373795632827789 131
1617308840009 0.03613159115961258 132
1617308967123 0.038703987553240136 133
1617309094101 0.03562390988573749 134
1617309221165 0.019054778950645567 135
1617309348393 0.023488460821991273 136
1617309475613 0.03133325177700596 137
1617309602505 0.02328513857928362 138
1617309729452 0.020047682198755284 139
1617309856552 0.028377989703353416 140
1617309983711 0.025646693667674317 141
1617310110744 0.04043918322930311 142
1617310237787 0.06595829454191188 143
1617310365081 0.040534777329006094 144
1617310492000 0.024974795098000383 145
1617310618984 0.021702342726131703 146
1617310746100 0.023730665722742995 147
1617310873385 0.029156349698438288 148
1617311000471 0.017522845199292012 149
1617311127477 0.01765630740989396 150
1617311254479 0.01742359954229695 151
1617311381266 0.01930886304917488 152
1617311508023 0.011033523312591493 153
1617311635264 0.011336000834373718 154
1617311762456 0.012876161552490072 155
1617311889696 0.024234065984157806 156
1617312016691 0.010773007817407872 157
1617312143703 0.009038172384842913 158
1617312270653 0.004620952353357 159
1617312397724 0.013092290550628875 160
1617312524477 0.0055198146902183266 161
1617312651301 0.0071246176759930365 162
1617312778791 0.010208594157023633 163
1617312905596 0.009522298053699606 164
1617313032628 -0.0011319506596377555 165
1617313159363 0.0009302981990448972 166
1617313286322 0.0003824444844367656 167
1617313413239 0.006634211960308095 168
1617313540362 -0.0005619900816298545 169
1617313667227 -0.005823669400303922 170
1617313794287 -0.005438211235277196 171
1617313921211 0.0006067246753484644 172
1617314048030 -0.005980031723354725 173
1617314175173 -0.008510509624760201 174
1617314308534 -0.004229155507810572 175
1617314436240 -0.008690821482463086 176
1617314563471 -0.005026672055271078 177
1617314690399 -0.005297288615652856 178
1617314817479 -0.013082747961929504 179
1617314944246 -0.01524879331601427 180
1617315071246 -0.015221188439333693 181
1617315198210 -0.012896594333838909 182
1617315325088 -0.017261494664435693 183
1617315452156 -0.01452440471249692 184
1617315579220 -0.022939343104495646 185
1617315706301 -0.01621710053308213 186
1617315833459 -0.019650316182920274 187
1617315960734 -0.024556363833711504 188
1617316087708 -0.02772115705970754 189
1617316214902 -0.011882483998828746 190
1617316342170 -0.014869984516755063 191
1617316469273 -0.028817102808426035 192
1617316596126 -0.027549565234716904 193
1617316722985 -0.027949978141708576 194
1617316850160 -0.031918077590934776 195
1617316976988 -0.027587331791824484 196
1617317104141 -0.034380860032236324 197
1617317230937 -0.03266236449572 198
1617317358271 -0.04100285736011698 199
1617317485308 -0.03815094460832312 200
1617317612205 -0.028684781349085746 201
1617317739119 -0.03481559996354453 202
1617317866151 -0.04388683451775541 203
1617317993064 -0.04325738489786361 204
1617318120054 -0.043306721612176996 205
1617318247296 -0.049758540882550654 206
1617318374137 -0.04654179434192941 207
1617318501021 -0.05627444160586976 208
1617318627816 -0.04577856954741985 209
1617318754839 -0.053933240829947146 210
1617318881707 -0.05825263178570474 211
1617319008721 -0.05879079417741679 212
1617319135758 -0.06568822336006672 213
1617319262944 -0.06280347564198235 214
1617319389715 -0.06177229687888572 215
1617319516745 -0.06819613801038012 216
1617319643610 -0.05601334163641676 217
1617319770405 -0.05716037132004474 218
1617319897372 -0.05672806136785669 219
1617320024515 -0.06726839682681764 220
1617320151570 -0.06886538997926611 221
1617320278533 -0.07389323203329076 222
1617320405424 -0.07559303558887319 223
1617320532540 -0.07746429293555149 224
1617320659583 -0.07952250774077912 225
1617320786703 -0.08182966859733805 226
1617320913977 -0.08176609513131862 227
1617321041129 -0.07835647027860297 228
1617321168636 -0.07211241324214225 229
1617321295703 -0.0755625345764008 230
1617321422478 -0.07359938446353091 231
1617321549682 -0.07841227045084567 232
1617321676541 -0.09427932606257022 233
1617321803883 -0.08201126421385622 234
1617321931109 -0.05099014133373474 235
1617322058129 -0.08212403517137183 236
1617322185352 -0.0913334098505847 237
1617322312613 -0.10028084383365955 238
1617322439878 -0.08397184669020329 239
1617322567111 -0.10085570824114566 240
1617322694060 -0.09248177762678329 241
1617322821235 -0.09921906666552767 242
1617322948089 -0.10255519336366907 243
1617323075153 -0.11047364315612519 244
1617323201725 -0.09117643998816927 245
1617323328714 -0.11608003559423254 246
1617323455826 -0.10338254439386915 247
1617323582792 -0.10987626493690496 248
1617323709784 -0.1036616335127582 249
