1617292047471 0.5884401726516637 0
1617292176456 0.6950266031706904 1
1617292304908 0.7211100362796099 2
1617292433030 0.7189387704860023 3
1617292560876 0.7252714934342719 4
1617292689109 0.7775255898112788 5
1617292816603 0.7963304740446124 6
1617292943897 0.819715455749092 7
1617293071644 0.8166651154343197 8
1617293199153 0.8180784016867426 9
1617293326854 0.7869911798018407 10
1617293454550 0.8160946649756837 11
1617293582033 0.7706988897134966 12
1617293709501 0.8276841607232123 13
1617293836707 0.8356010726098209 14
1617293964305 0.8078139935238683 15
1617294092079 0.8246445977475811 16
1617294219358 0.8422465932387067 17
1617294347092 0.8399225792926835 18
1617294474243 0.8338163482381943 19
1617294602012 0.8382470123618445 20
1617294729257 0.8501885420781501 21
1617294856518 0.8469130077567744 22
1617294983961 0.8496538890486068 23
1617295111143 0.8451182814661731 24
1617295238533 0.8502101296895838 25
1617295365661 0.834426221982675 26
1617295493007 0.8443592463550653 27
1617295620226 0.858839558586082 28
1617295747711 0.8401789803880247 29
1617295874980 0.7829285963869436 30
1617296002742 0.8308731278434317 31
1617296130077 0.8425252574614863 32
1617296257190 0.8510530559009218 33
1617296384308 0.8264715752485109 34
1617296512092 0.8557172178469122 35
1617296639298 0.8576448098954527 36
1617296766495 0.8605583702570739 37
1617296893527 0.8476782010352992 38
1617297020792 0.8546873132024515 39
1617297148303 0.8616177652060907 40
1617297275104 0.8568714852692519 41
1617297402127 0.8638712482011699 42
1617297529128 0.8590731057635648 43
1617297656302 0.863012309394222 44
1617297783724 0.8495752149301165 45
1617297910676 0.8648476357413257 46
1617298037995 0.8654571279209662 47
1617298165116 0.8632434088528711 48
1617298292387 0.8678665386334538 49
1617298419661 0.855970320172925 50
1617298546871 0.8477058687217612 51
1617298674085 0.8635449689971482 52
1617298801027 0.8631380011248303 53
1617298927995 0.8627900896851528 54
1617299054847 0.8679892310496182 55
1617299181920 0.865334878061363 56
1617299308885 0.8686664063047539 57
1617299436050 0.8690337967325715 58
1617299563371 0.8697960325021376 59
1617299690598 0.8701197250369699 60
1617299817751 0.8705495076075672 61
1617299944622 0.8741562730791246 62
1617300071659 0.8732367278116339 63
1617300198903 0.8754917629300913 64
1617300326175 0.8738072739240337 65
1617300452938 0.8705459555333599 66
1617300579939 0.8733598186158912 67
1617300706848 0.8745155393621548 68
1617300833887 0.8693531731321932 69
1617300961386 0.8735103341354493 70
1617301088297 0.8755494393903683 71
1617301215458 0.8773673975126858 72
1617301342743 0.8750235410109954 73
1617301469611 0.8742321490785702 74
1617301596431 0.8743502453583828 75
1617301723192 0.8781310195955349 76
1617301850122 0.8796278644313521 77
1617301977064 0.8815811751806673 78
1617302104025 0.8805279986873428 79
1617302231355 0.8827213867012649 80
1617302358406 0.8811978866801934 81
1617302485829 0.8815543551909479 82
1617302612803 0.8824328008167287 83
1617302739693 0.8842453668488467 84
1617302866811 0.8822124354600748 85
1617302994195 0.8825020595612203 86
1617303121089 0.8725918987964062 87
1617303248480 0.8593862180380111 88
1617303375384 0.8684533031587984 89
1617303502644 0.8770689746721628 90
1617303629635 0.8828172204778233 91
1617303756714 0.8797242286753781 92
1617303883723 0.8840184527389864 93
1617304010974 0.8821523996922088 94
1617304138003 0.8775860287566134 95
1617304264824 0.8818790868836197 96
1617304392096 0.8500760468911934 97
1617304519103 0.874430313042583 98
1617304646331 0.8791275760456128 99
1617304773746 0.8807948186418953 100
1617304900807 0.885100289059684 101
1617305028037 0.8873966560263108 102
1617305155127 0.8830310174838659 103
1617305281949 0.8460246967548068 104
1617305409373 0.8390203280414038 105
1617305536835 0.86049728388799 106
1617305664275 0.8738526610281081 107
1617305791573 0.8729059122443358 108
1617305918452 0.878831973081415 109
1617306045896 0.8824914717709923 110
1617306172970 0.8853590211613064 111
1617306299615 0.8813218346975268 112
1617306426521 0.8873999821458091 113
1617306553915 0.8859318842457489 114
1617306680985 0.8862742763309879 115
1617306807903 0.8880740259278644 116
1617306934819 0.8864581448947416 117
1617307061516 0.885097557857157 118
1617307188483 0.8886475882671298 119
1617307315569 0.8901446390044975 120
1617307442364 0.8887241471538994 121
1617307569482 0.8912304962509648 122
1617307696408 0.8891495903359449 123
1617307823355 0.8853042087161002 124
1617307950450 0.8735053893575009 125
1617308077857 0.8791811602051429 126
1617308204584 0.8854211118428948 127
1617308332016 0.8867521411243905 128
1617308458669 0.8885155300649398 129
1617308585929 0.8903791438490944 130
1617308713004 0.8886653576392998 131
1617308840012 0.888083824342949 132
1617308967127 0.887369880393306 133
1617309094105 0.8893189427264511 134
1617309221169 0.8925106421786737 135
1617309348397 0.8927793371530764 136
1617309475617 0.8887718570557364 137
1617309602509 0.8926759362914303 138
1617309729456 0.8926361518357186 139
1617309856557 0.8912288782761452 140
1617309983715 0.892641079780507 141
1617310110748 0.8800599725639566 142
1617310237791 0.8568024088955544 143
1617310365086 0.8764808642717593 144
1617310492004 0.8879252200094151 145
1617310618989 0.8914262041489177 146
1617310746105 0.8904799761428953 147
1617310873389 0.8901142361672952 148
1617311000476 0.8935326102506765 149
1617311127482 0.8926675213659381 150
1617311254483 0.8935107874703851 151
1617311381271 0.8937431604878858 152
1617311508027 0.8937380861570227 153
1617311635269 0.8947099337572272 154
1617311762461 0.895512066840967 155
1617311889701 0.8849816274967917 156
1617312016696 0.8944541352820841 157
1617312143707 0.8948806205744597 158
1617312270657 0.8946932308336205 159
1617312397727 0.8940868450209816 160
1617312524482 0.8946854588674739 161
1617312651305 0.8926897469729661 162
1617312778795 0.8931159406424837 163
1617312905601 0.8931540281392951 164
1617313032633 0.8967159450093799 165
1617313159368 0.8961472891746683 166
1617313286326 0.8956055866970503 167
1617313413243 0.8932298083016847 168
1617313540365 0.8929863373174313 169
1617313667231 0.8943064064580075 170
1617313794292 0.8967446433083015 171
1617313921215 0.89373847338906 172
1617314048035 0.8963806809897118 173
1617314175177 0.8964222800779216 174
1617314308539 0.8928226403139056 175
1617314436244 0.8971707052452133 176
1617314563476 0.8964206366898849 177
1617314690404 0.8956998231563162 178
1617314817483 0.894443870581528 179
1617314944251 0.8973285436451911 180
1617315071250 0.8968204684119593 181
1617315198214 0.8970427109681546 182
1617315325093 0.8953554474927009 183
1617315452161 0.8962501828122805 184
1617315579224 0.8977099837279542 185
1617315706305 0.8968718668069453 186
1617315833464 0.8956784701886329 187
1617315960738 0.8963352339738544 188
1617316087712 0.9025414661167467 189
1617316214906 0.8856751130933457 190
1617316342175 0.8852978833614195 191
1617316469277 0.8949903492082624 192
1617316596131 0.8968472188497161 193
1617316722989 0.8954816607540433 194
1617316850165 0.8978864584772035 195
1617316976993 0.8928198618219888 196
1617317104145 0.8950437066997302 197
1617317230941 0.897817980577337 198
1617317358275 0.8995617441932097 199
1617317485312 0.8990116146531828 200
1617317612209 0.8929028358468984 201
1617317739124 0.8962751869706714 202
1617317866155 0.8985155022088834 203
1617317993069 0.9013883898510261 204
1617318120059 0.898241681522353 205
1617318247300 0.9017941506302103 206
1617318374142 0.89792662169388 207
1617318501026 0.8999047478502418 208
1617318627820 0.8971817006178676 209
1617318754843 0.898121509403783 210
1617318881712 0.9008697469302631 211
1617319008726 0.903632306454188 212
1617319135763 0.9050561109399224 213
1617319262949 0.9007211594069575 214
1617319389719 0.9051279536190819 215
1617319516750 0.9016151233536608 216
1617319643614 0.8945569648664999 217
1617319770410 0.8995072727507734 218
1617319897376 0.8962837206397919 219
1617320024519 0.9019221777413436 220
1617320151574 0.8978253559189591 221
1617320278537 0.8990651052643327 222
1617320405428 0.9046499935236383 223
1617320532544 0.9021311483563895 224
1617320659587 0.9006567143022697 225
1617320786707 0.9037764607829616 226
1617320913982 0.9025149805114624 227
1617321041134 0.9000096046861182 228
1617321168641 0.8994364180859733 229
1617321295707 0.8937562739159516 230
1617321422483 0.8964410218152594 231
1617321549686 0.8969881070500358 232
1617321676546 0.9043508232472107 233
1617321803887 0.893763361954467 234
1617321931113 0.885592640570781 235
1617322058133 0.8971831233716233 236
1617322185356 0.8994950381840797 237
1617322312617 0.8993607524663527 238
1617322439882 0.8956203057846808 239
1617322567115 0.899887945106689 240
1617322694065 0.8971587675128211 241
1617322821239 0.8963369156055628 242
1617322948093 0.8994055095207977 243
1617323075158 0.8982053901901111 244
1617323201731 0.8875572204669105 245
1617323328718 0.902823704116522 246
1617323455831 0.893890143134334 247
1617323582796 0.8969974641272045 248
1617323709788 0.8956777721524556 249
