1617852087076 0.6466608844855999 0
1617852212533 0.6942416885273254 1
1617852338230 0.6650152632847744 2
1617852467077 0.6051961008181914 3
1617852594807 0.5444781670386487 4
1617852721951 0.496431624952783 5
1617852849101 0.45719981903499024 6
1617852975763 0.42532074220102045 7
1617853102880 0.40215984366869395 8
1617853229575 0.3789111088208379 9
1617853356350 0.356904673881872 10
1617853482995 0.3384146332536025 11
1617853609702 0.32241491115242005 12
1617853736292 0.30873856603487837 13
1617853863080 0.2983500360412167 14
1617853989720 0.28670616085428074 15
1617854116446 0.276360003796356 16
1617854242888 0.2666062716973712 17
1617854369318 0.25757603429587433 18
1617854495939 0.2509183031734713 19
1617854622419 0.24397941040896112 20
1617854748751 0.23786856326935688 21
1617854875358 0.23220915010390214 22
1617855001920 0.2264533303810138 23
1617855128049 0.2208687898255092 24
1617855254451 0.21594865884747716 25
1617855380453 0.21159406781484283 26
1617855507401 0.2088752645634024 27
1617855633425 0.2048643179728444 28
1617855759861 0.2008795742942879 29
1617855885958 0.19695754488898148 30
1617856012321 0.19328717664788242 31
1617856138724 0.18990279250999834 32
1617856264865 0.18719916427694497 33
1617856390855 0.18415242119785685 34
1617856516963 0.18145149229446664 35
1617856643138 0.17857016594796657 36
1617856769257 0.17587479670174333 37
1617856895520 0.17327991614816332 38
1617857021721 0.17082954924652713 39
1617857147979 0.16899319466147392 40
1617857274147 0.16683428929580837 41
1617857400152 0.16476849405272861 42
1617857526472 0.16262716074956932 43
1617857652844 0.1606067239436768 44
1617857778764 0.15866680511520706 45
1617857904853 0.15679438487698708 46
1617858031276 0.15512506617357005 47
1617858157443 0.1533405190168731 48
1617858283356 0.1515662563822054 49
1617858409562 0.1498365822859329 50
1617858535952 0.1486715741326755 51
1617858662067 0.14707948456864933 52
1617858788206 0.14551731602122187 53
1617858914524 0.14398577679849342 54
1617859040706 0.14243463488468353 55
1617859166648 0.14097318060267836 56
1617859292701 0.13955184575327434 57
1617859418699 0.1382577900122885 58
1617859544887 0.13690614074547874 59
1617859670942 0.1356196996262463 60
1617859797414 0.13433752936907445 61
1617859923586 0.13307146652646007 62
1617860049729 0.13185999817134406 63
1617860175550 0.13061782691060717 64
1617860301792 0.12941259874942454 65
1617860427742 0.12826805361645652 66
1617860553590 0.12712794140497635 67
1617860679764 0.12610392266183154 68
1617860805808 0.12499404353171722 69
1617860931973 0.12391197478500827 70
1617861058044 0.12290082318542073 71
1617861184446 0.12192279879352297 72
1617861310741 0.12109841805759039 73
1617861437171 0.12078219448209654 74
1617861563494 0.11994105504569152 75
1617861689303 0.11906799822597953 76
1617861815289 0.11823187152302807 77
1617861941424 0.11803059726090659 78
1617862066920 0.1172454075223984 79
1617862193055 0.1164040640128631 80
1617862318809 0.11555100465725023 81
1617862444729 0.11467737099310965 82
1617862570625 0.11387062330566075 83
1617862696479 0.11301211538271179 84
1617862822461 0.1122113361434881 85
1617862948164 0.11137475774437372 86
1617863074096 0.1105742443166493 87
1617863200169 0.10973766866800654 88
1617863326057 0.10890383121841554 89
1617863452040 0.10816694090897573 90
1617863578113 0.10742125366202743 91
1617863705183 0.10663978858727105 92
1617863831357 0.10587112797021987 93
1617863957446 0.10511424350828634 94
1617864083536 0.10435853921622534 95
1617864209461 0.10362970031757847 96
1617864335507 0.1028854348636109 97
1617864461343 0.10228718131562053 98
1617864587569 0.10164662635766286 99
1617864713810 0.1010188103116121 100
1617864839870 0.100428566645907 101
1617864965921 0.09974188550320187 102
1617865091796 0.09906620791169728 103
1617865217742 0.09835535380158954 104
1617865343589 0.09766792364953895 105
1617865469703 0.09695529658180696 106
1617865595401 0.09626745444522851 107
1617865722588 0.09561517552467015 108
1617865849289 0.09492679524669563 109
1617865977057 0.09427151349204463 110
1617866103577 0.09357629817030123 111
1617866229449 0.09291440354580541 112
1617866355954 0.0922587672213719 113
1617866481827 0.09163486794960599 114
1617866608052 0.09101554276664234 115
1617866734184 0.09037678109410459 116
1617866860080 0.08972624311454692 117
1617866985959 0.0891092957508491 118
1617867112064 0.0885184660653009 119
1617867238184 0.08788116904640811 120
1617867364157 0.08724570882343921 121
1617867490128 0.08665326850392441 122
1617867616127 0.08606541688348163 123
1617867742515 0.08542934072144485 124
1617867868790 0.08483618792578607 125
1617867994708 0.08420382712013277 126
1617868120855 0.08360565991553927 127
1617868246788 0.08300245728260161 128
1617868373159 0.08238835523938438 129
1617868499374 0.08177428464596584 130
1617868625404 0.08120671436139563 131
1617868751277 0.08062739996083103 132
1617868877390 0.08004504117967423 133
1617869003325 0.0795124859442689 134
1617869129267 0.0789429224850971 135
1617869255338 0.07837288232401907 136
1617869380960 0.077791602931448 137
1617869506800 0.07722519917167538 138
1617869633255 0.07662678750707429 139
1617869759532 0.07611673605301285 140
1617869885261 0.07554661249755863 141
1617870011267 0.07497746619804549 142
1617870137176 0.07441295520319925 143
1617870263041 0.07383052044351988 144
1617870389242 0.07328530954790423 145
1617870515377 0.07275311907860915 146
1617870641445 0.07220895483162276 147
1617870767675 0.07165750718896181 148
1617870893913 0.07111095025580613 149
1617871020079 0.07060177392490723 150
1617871145994 0.07009096478538593 151
1617871271998 0.06974708827886175 152
1617871397763 0.06930854624668951 153
1617871523855 0.06878582104125208 154
1617871649691 0.06825132773166845 155
1617871775565 0.06769210361799993 156
1617871901454 0.06715951272224521 157
1617872027360 0.06659772830146529 158
1617872153645 0.06610605533140654 159
1617872279904 0.06556421786731817 160
1617872405738 0.06503199855644098 161
1617872531752 0.0644790524238279 162
1617872657859 0.06394228958220285 163
1617872783881 0.063589983387009 164
1617872909805 0.06324059302865853 165
1617873035943 0.06282273603593516 166
1617873162041 0.06231112923865183 167
1617873288296 0.06179490508414346 168
1617873414171 0.061279595865913514 169
1617873540678 0.060761389719929323 170
1617873666583 0.06025816544057239 171
1617873792650 0.05971141364858383 172
1617873918346 0.05914826824278093 173
1617874044436 0.05862068897186806 174
1617874170784 0.05807375513583269 175
1617874297236 0.057509134992310515 176
1617874423235 0.05693479226410086 177
1617874549492 0.056393067833356354 178
1617874675352 0.05583919336343402 179
1617874801460 0.05525617964644142 180
1617874927276 0.054708514886810056 181
1617875053082 0.05413599431230181 182
1617875179293 0.05360796841481319 183
1617875305523 0.05305265614579747 184
1617875432412 0.05250440657205305 185
1617875560253 0.05193914280222479 186
1617875686286 0.051397171303429225 187
1617875811932 0.05087626820528086 188
1617875937598 0.050318874122339256 189
1617876063386 0.04977387766575493 190
1617876199957 0.04920511413169517 191
1617876326435 0.04880949630074617 192
1617876452506 0.048298779686181195 193
1617876578453 0.0477657611272006 194
1617876704695 0.047190356026154935 195
1617876830782 0.04661591389928733 196
1617876956871 0.046028499383829254 197
1617877082804 0.04545254818975648 198
1617877208848 0.04485579586033018 199
1617877335002 0.04435759708320824 200
1617877460878 0.04379289650735146 201
1617877586861 0.04320291555639385 202
1617877713197 0.04261489925079646 203
1617877839487 0.042030128598653974 204
1617877965558 0.04143598970842249 205
1617878091406 0.04089643709238641 206
1617878217396 0.04035769768231496 207
1617878343502 0.03977324322875198 208
1617878469476 0.03918062564006346 209
1617878595393 0.038632325582496255 210
1617878721336 0.03805310783226571 211
1617878847346 0.037485662463636785 212
1617878973217 0.036895935746922064 213
1617879099145 0.036283013689387474 214
1617879225102 0.035675210087197574 215
1617879351136 0.03512630155712735 216
1617879477115 0.03453900724972657 217
1617879603126 0.033940945000790465 218
1617879731220 0.03333000645889925 219
1617879857200 0.03273724524514619 220
1617879983034 0.03216019799607581 221
1617880109157 0.031541294103095405 222
1617880235414 0.030950162533209258 223
1617880364900 0.030325285451878622 224
1617880490867 0.029685451694196223 225
1617880616891 0.02908762678073116 226
1617880743382 0.028500000422854523 227
1617880869355 0.02791009423107776 228
1617880995465 0.027271387982462213 229
1617881121407 0.026653224387031754 230
1617881247618 0.025993734161367462 231
1617881373421 0.025370889761655344 232
1617881499569 0.024753678492845405 233
1617881625355 0.02412955779911114 234
1617881751429 0.02353192902238301 235
1617881877721 0.022947434126255245 236
1617882003663 0.02241158520614028 237
1617882129561 0.021821668003439956 238
1617882255520 0.021183858328029947 239
1617882381913 0.02050277136461591 240
1617882508144 0.019856626406824254 241
1617882634190 0.01920784713576304 242
1617882760360 0.01854381055871944 243
1617882886194 0.017851234265674715 244
1617883012093 0.017214678354123793 245
1617883137983 0.016548564390021284 246
1617883263745 0.01587948576406901 247
1617883390788 0.015216226364672708 248
1617883516778 0.0146013115523185 249
