1617852087078 0.33572245696361397 0
1617852087080 0.33572245696361397 0
1617852212536 0.16786122848180698 1
1617852212538 0.16786122848180698 1
1617852338232 0.19717804921777748 2
1617852338234 0.19717804921777748 2
1617852467079 0.28405011216849785 3
1617852467082 0.28405011216849785 3
1617852594810 0.35815000297412514 4
1617852594812 0.35815000297412514 4
1617852721953 0.41374234871976806 5
1617852721956 0.41374234871976806 5
1617852849103 0.4590361102998659 6
1617852849105 0.4590361102998659 6
1617852975766 0.4952633517290877 7
1617852975768 0.4952633517290877 7
1617853102883 0.5221674429848856 8
1617853102885 0.5221674429848856 8
1617853229577 0.5488266325909941 9
1617853229580 0.5488266325909941 9
1617853356353 0.5734110272449406 10
1617853356355 0.5734110272449406 10
1617853482998 0.5941006574193131 11
1617853483000 0.5941006574193131 11
1617853609704 0.6121217467654084 12
1617853609707 0.6121217467654084 12
1617853736295 0.6274631772015885 13
1617853736297 0.6274631772015885 13
1617853863083 0.6391223241606436 14
1617853863085 0.6391223241606436 14
1617853989723 0.6520104975415767 15
1617853989725 0.6520104975415767 15
1617854116448 0.6634219489624206 16
1617854116451 0.6634219489624206 16
1617854242891 0.6741150334315323 17
1617854242894 0.6741150334315323 17
1617854369321 0.6841209394447162 18
1617854369323 0.6841209394447162 18
1617854495941 0.6916097880111998 19
1617854495944 0.6916097880111998 19
1617854622421 0.6993461943087861 20
1617854622423 0.6993461943087861 20
1617854748753 0.7061869992758146 21
1617854748756 0.7061869992758146 21
1617854875360 0.7125008659811852 22
1617854875362 0.7125008659811852 22
1617855001922 0.7187609084747056 23
1617855001925 0.7187609084747056 23
1617855128051 0.7248099467403037 24
1617855128054 0.7248099467403037 24
1617855254454 0.730176527143716 25
1617855254456 0.730176527143716 25
1617855380455 0.7349519945314694 26
1617855380458 0.7349519945314694 26
1617855507403 0.7379535479770264 27
1617855507406 0.7379535479770264 27
1617855633427 0.7422621833844321 28
1617855633430 0.7422621833844321 28
1617855759864 0.7465544412426934 29
1617855759866 0.7465544412426934 29
1617855885960 0.7507231312668252 30
1617855885963 0.7507231312668252 30
1617856012323 0.7547210052440239 31
1617856012326 0.7547210052440239 31
1617856138727 0.758336161885895 32
1617856138729 0.758336161885895 32
1617856264867 0.761354730647446 33
1617856264869 0.761354730647446 33
1617856390857 0.7646332621256647 34
1617856390860 0.7646332621256647 34
1617856516965 0.7675627432410614 35
1617856516968 0.7675627432410614 35
1617856643140 0.7706194397290609 36
1617856643143 0.7706194397290609 36
1617856769260 0.7734539651114171 37
1617856769262 0.7734539651114171 37
1617856895522 0.7762641940718472 38
1617856895525 0.7762641940718472 38
1617857021723 0.7788735575101492 39
1617857021726 0.7788735575101492 39
1617857147981 0.7807867364927359 40
1617857147984 0.7807867364927359 40
1617857274149 0.7830516250110882 41
1617857274151 0.7830516250110882 41
1617857400154 0.7852049062469418 42
1617857400156 0.7852049062469418 42
1617857526475 0.7874464166730193 43
1617857526477 0.7874464166730193 43
1617857652846 0.7895675591965388 44
1617857652849 0.7895675591965388 44
1617857778767 0.7915537520539541 45
1617857778769 0.7915537520539541 45
1617857904855 0.7935183906835267 46
1617857904857 0.7935183906835267 46
1617858031278 0.7952635354685561 47
1617858031280 0.7952635354685561 47
1617858157445 0.7970851481322677 48
1617858157448 0.7970851481322677 48
1617858283358 0.7989062530943191 49
1617858283361 0.7989062530943191 49
1617858409565 0.8006907854823963 50
1617858409567 0.8006907854823963 50
1617858535955 0.801821362839906 51
1617858535957 0.801821362839906 51
1617858662069 0.8034471581823767 52
1617858662072 0.8034471581823767 52
1617858788208 0.8050518368522289 53
1617858788211 0.8050518368522289 53
1617858914526 0.8065968643390704 54
1617858914528 0.8065968643390704 54
1617859040708 0.8081482776261898 55
1617859040711 0.8081482776261898 55
1617859166650 0.8096225001404169 56
1617859166653 0.8096225001404169 56
1617859292703 0.8110670635964149 57
1617859292706 0.8110670635964149 57
1617859418701 0.8123982656643239 58
1617859418704 0.8123982656643239 58
1617859544889 0.8137426770456937 59
1617859544891 0.8137426770456937 59
1617859670944 0.8150468953512137 60
1617859670946 0.8150468953512137 60
1617859797416 0.8163325834019232 61
1617859797419 0.8163325834019232 61
1617859923589 0.8175664568789429 62
1617859923591 0.8175664568789429 62
1617860049731 0.8187659476571229 63
1617860049734 0.8187659476571229 63
1617860175552 0.8199710276703015 64
1617860175555 0.8199710276703015 64
1617860301794 0.821145254585357 65
1617860301797 0.821145254585357 65
1617860427745 0.822280180034486 66
1617860427747 0.822280180034486 66
1617860553593 0.8234025457237151 67
1617860553595 0.8234025457237151 67
1617860679766 0.8244147644301206 68
1617860679769 0.8244147644301206 68
1617860805811 0.825487205075874 69
1617860805813 0.825487205075874 69
1617860931975 0.8265203482216804 70
1617860931978 0.8265203482216804 70
1617861058046 0.8274988482197307 71
1617861058049 0.8274988482197307 71
1617861184448 0.8284339348021668 72
1617861184451 0.8284339348021668 72
1617861310743 0.8292131786946086 73
1617861310745 0.8292131786946086 73
1617861437174 0.8294695497118925 74
1617861437176 0.8294695497118925 74
1617861563496 0.8302166843619642 75
1617861563499 0.8302166843619642 75
1617861689306 0.8310345399452286 76
1617861689308 0.8310345399452286 76
1617861815291 0.8318406770425182 77
1617861815294 0.8318406770425182 77
1617861941427 0.8320204140465123 78
1617861941429 0.8320204140465123 78
1617862066923 0.8327162595901406 79
1617862066926 0.8327162595901406 79
1617862193058 0.8334774889319725 80
1617862193061 0.8334774889319725 80
1617862318811 0.8342207366349977 81
1617862318813 0.8342207366349977 81
1617862444731 0.835018314938734 82
1617862444734 0.835018314938734 82
1617862570628 0.8357599267703699 83
1617862570631 0.8357599267703699 83
1617862696481 0.8365298058105357 84
1617862696485 0.8365298058105357 84
1617862822463 0.8372730473051537 85
1617862822466 0.8372730473051537 85
1617862948167 0.8380059525078776 86
1617862948169 0.8380059525078776 86
1617863074098 0.8387293277877305 87
1617863074101 0.8387293277877305 87
1617863200171 0.8394536057118598 88
1617863200174 0.8394536057118598 88
1617863326059 0.8401615889764713 89
1617863326062 0.8401615889764713 89
1617863452042 0.8407833331954774 90
1617863452045 0.8407833331954774 90
1617863578115 0.8414453336060689 91
1617863578117 0.8414453336060689 91
1617863705185 0.8421129565357596 92
1617863705188 0.8421129565357596 92
1617863831359 0.8427621547575994 93
1617863831361 0.8427621547575994 93
1617863957449 0.8433982681453569 94
1617863957451 0.8433982681453569 94
1617864083538 0.8440172031838586 95
1617864083541 0.8440172031838586 95
1617864209463 0.8446329963503773 96
1617864209465 0.8446329963503773 96
1617864335509 0.845232611408014 97
1617864335512 0.845232611408014 97
1617864461345 0.8456760108436241 98
1617864461348 0.8456760108436241 98
1617864587571 0.8462056791976323 99
1617864587573 0.8462056791976323 99
1617864713812 0.8467286195800372 100
1617864713815 0.8467286195800372 100
1617864839873 0.8472063780941129 101
1617864839875 0.8472063780941129 101
1617864965924 0.8477664437764996 102
1617864965926 0.8477664437764996 102
1617865091799 0.8483204448023046 103
1617865091801 0.8483204448023046 103
1617865217744 0.8488894122957253 104
1617865217747 0.8488894122957253 104
1617865343592 0.8494445005639413 105
1617865343595 0.8494445005639413 105
1617865469705 0.8500082357509505 106
1617865469708 0.8500082357509505 106
1617865595404 0.8505555930586818 107
1617865595406 0.8505555930586818 107
1617865722591 0.8510607917598896 108
1617865722593 0.8510607917598896 108
1617865849291 0.8515719582602099 109
1617865849293 0.8515719582602099 109
1617865977060 0.8520906919198028 110
1617865977063 0.8520906919198028 110
1617866103580 0.8526187972961577 111
1617866103582 0.8526187972961577 111
1617866229451 0.853120042803735 112
1617866229454 0.853120042803735 112
1617866355957 0.8536215540721586 113
1617866355959 0.8536215540721586 113
1617866481829 0.8541073746465546 114
1617866481832 0.8541073746465546 114
1617866608055 0.8545749738545069 115
1617866608057 0.8545749738545069 115
1617866734186 0.8550583894545035 116
1617866734189 0.8550583894545035 116
1617866860082 0.8555567518317728 117
1617866860084 0.8555567518317728 117
1617866985961 0.8560279874987101 118
1617866985963 0.8560279874987101 118
1617867112067 0.8564723837529336 119
1617867112069 0.8564723837529336 119
1617867238187 0.8569237348871145 120
1617867238190 0.8569237348871145 120
1617867364159 0.857395387634051 121
1617867364162 0.857395387634051 121
1617867490131 0.8578027623688128 122
1617867490134 0.8578027623688128 122
1617867616129 0.8582297898589083 123
1617867616132 0.8582297898589083 123
1617867742518 0.8586815348701712 124
1617867742520 0.8586815348701712 124
1617867868792 0.8591028645484111 125
1617867868794 0.8591028645484111 125
1617867994710 0.8595409838213867 126
1617867994713 0.8595409838213867 126
1617868120857 0.8599585113081359 127
1617868120861 0.8599585113081359 127
1617868246791 0.8603820003216867 128
1617868246794 0.8603820003216867 128
1617868373161 0.8607973988742398 129
1617868373164 0.8607973988742398 129
1617868499376 0.8612294895639305 130
1617868499380 0.8612294895639305 130
1617868625406 0.8616052677090316 131
1617868625409 0.8616052677090316 131
1617868751279 0.861990709493934 132
1617868751282 0.861990709493934 132
1617868877392 0.8623806305762425 133
1617868877395 0.8623806305762425 133
1617869003328 0.8627214003859053 134
1617869003330 0.8627214003859053 134
1617869129269 0.8630647708994454 135
1617869129272 0.8630647708994454 135
1617869255340 0.8634228146949982 136
1617869255343 0.8634228146949982 136
1617869380962 0.8637829315915957 137
1617869380965 0.8637829315915957 137
1617869506802 0.8641422856154138 138
1617869506804 0.8641422856154138 138
1617869633257 0.8645248005978904 139
1617869633260 0.8645248005978904 139
1617869759534 0.8648536049941852 140
1617869759537 0.8648536049941852 140
1617869885263 0.8652320948636038 141
1617869885266 0.8652320948636038 141
1617870011270 0.8655927366020008 142
1617870011272 0.8655927366020008 142
1617870137179 0.8659609340961706 143
1617870137181 0.8659609340961706 143
1617870263043 0.8663318637730992 144
1617870263046 0.8663318637730992 144
1617870389245 0.8666698043097398 145
1617870389248 0.8666698043097398 145
1617870515380 0.8669860150200093 146
1617870515382 0.8669860150200093 146
1617870641448 0.8673126218717673 147
1617870641450 0.8673126218717673 147
1617870767678 0.8676518383291446 148
1617870767681 0.8676518383291446 148
1617870893915 0.867971817225677 149
1617870893918 0.867971817225677 149
1617871020082 0.868253019001758 150
1617871020085 0.868253019001758 150
1617871145996 0.8685500679366975 151
1617871145998 0.8685500679366975 151
1617871272002 0.868701694439964 152
1617871272004 0.868701694439964 152
1617871397766 0.8689089222847289 153
1617871397768 0.8689089222847289 153
1617871523858 0.8691855044913875 154
1617871523860 0.8691855044913875 154
1617871649693 0.8694802849015815 155
1617871649696 0.8694802849015815 155
1617871775568 0.8697858457383347 156
1617871775570 0.8697858457383347 156
1617871901456 0.8700698898962569 157
1617871901459 0.8700698898962569 157
1617872027363 0.8703683065067166 158
1617872027365 0.8703683065067166 158
1617872153648 0.870637004331304 159
1617872153650 0.870637004331304 159
1617872279907 0.8709182160326283 160
1617872279909 0.8709182160326283 160
1617872405741 0.8712157328334804 161
1617872405744 0.8712157328334804 161
1617872531754 0.8714935728340741 162
1617872531757 0.8714935728340741 162
1617872657862 0.871769522756302 163
1617872657865 0.871769522756302 163
1617872783883 0.8718587813179416 164
1617872783886 0.8718587813179416 164
1617872909808 0.8719614415730914 165
1617872909810 0.8719614415730914 165
1617873035946 0.8721342766611051 166
1617873035949 0.8721342766611051 166
1617873162043 0.8723847885055016 167
1617873162045 0.8723847885055016 167
1617873288299 0.8726415446284281 168
1617873288302 0.8726415446284281 168
1617873414173 0.8729134226241037 169
1617873414176 0.8729134226241037 169
1617873540680 0.8731575162991456 170
1617873540683 0.8731575162991456 170
1617873666586 0.8734047221918789 171
1617873666588 0.8734047221918789 171
1617873792653 0.8736733390219107 172
1617873792656 0.8736733390219107 172
1617873918348 0.8739522691033814 173
1617873918350 0.8739522691033814 173
1617874044438 0.874207201414589 174
1617874044441 0.874207201414589 174
1617874170787 0.874451825194582 175
1617874170789 0.874451825194582 175
1617874297238 0.874708812842106 176
1617874297240 0.874708812842106 176
1617874423238 0.874971193780193 177
1617874423240 0.874971193780193 177
1617874549494 0.8752314772586932 178
1617874549497 0.8752314772586932 178
1617874675355 0.8754966192733334 179
1617874675357 0.8754966192733334 179
1617874801462 0.8757588784647611 180
1617874801465 0.8757588784647611 180
1617874927278 0.8760031190983119 181
1617874927281 0.8760031190983119 181
1617875053085 0.8762690100780625 182
1617875053087 0.8762690100780625 182
1617875179295 0.8765093202538445 183
1617875179298 0.8765093202538445 183
1617875305526 0.8767498310449573 184
1617875305528 0.8767498310449573 184
1617875432415 0.8769981304283188 185
1617875432417 0.8769981304283188 185
1617875560255 0.8772566380710913 186
1617875560257 0.8772566380710913 186
1617875686289 0.8774800951092472 187
1617875686291 0.8774800951092472 187
1617875811934 0.8777036678287418 188
1617875811937 0.8777036678287418 188
1617875937600 0.8779456403271102 189
1617875937602 0.8779456403271102 189
1617876063388 0.8781837342642771 190
1617876063391 0.8781837342642771 190
1617876199959 0.8784165817739211 191
1617876199961 0.8784165817739211 191
1617876326437 0.878533561906077 192
1617876326440 0.878533561906077 192
1617876452509 0.87872193175293 193
1617876452512 0.87872193175293 193
1617876578456 0.8789255417092688 194
1617876578458 0.8789255417092688 194
1617876704697 0.8791553550355232 195
1617876704700 0.8791553550355232 195
1617876830785 0.8793629842583589 196
1617876830787 0.8793629842583589 196
1617876956874 0.8795824509893309 197
1617876956876 0.8795824509893309 197
1617877082807 0.8798110549260669 198
1617877082809 0.8798110549260669 198
1617877208851 0.8800367539512624 199
1617877208853 0.8800367539512624 199
1617877335004 0.8802261945850669 200
1617877335007 0.8802261945850669 200
1617877460881 0.8804345439343639 201
1617877460883 0.8804345439343639 201
1617877586863 0.8806511419232137 202
1617877586866 0.8806511419232137 202
1617877713200 0.8808769124803161 203
1617877713203 0.8808769124803161 203
1617877839490 0.8810988535142668 204
1617877839492 0.8810988535142668 204
1617877965561 0.8813166960750937 205
1617877965563 0.8813166960750937 205
1617878091409 0.881533799438344 206
1617878091411 0.881533799438344 206
1617878217399 0.8817107303202438 207
1617878217401 0.8817107303202438 207
1617878343504 0.8819164175788113 208
1617878343507 0.8819164175788113 208
1617878469478 0.8821324430573934 209
1617878469481 0.8821324430573934 209
1617878595395 0.8823165704583518 210
1617878595398 0.8823165704583518 210
1617878721339 0.882504475029119 211
1617878721341 0.882504475029119 211
1617878847349 0.8827039361033063 212
1617878847352 0.8827039361033063 212
1617878973220 0.8828997268058209 213
1617878973223 0.8828997268058209 213
1617879099148 0.8830961341031779 214
1617879099150 0.8830961341031779 214
1617879225105 0.8832962440513472 215
1617879225108 0.8832962440513472 215
1617879351138 0.8834574778784868 216
1617879351141 0.8834574778784868 216
1617879477118 0.883635016693954 217
1617879477121 0.883635016693954 217
1617879603128 0.8838218279922209 218
1617879603131 0.8838218279922209 218
1617879731223 0.8840265368168962 219
1617879731226 0.8840265368168962 219
1617879857203 0.8842243233599933 220
1617879857205 0.8842243233599933 220
1617879983036 0.884411270209988 221
1617879983038 0.884411270209988 221
1617880109159 0.88461682857999 222
1617880109162 0.88461682857999 222
1617880235417 0.8847953866401754 223
1617880235419 0.8847953866401754 223
1617880364908 0.8849745882728662 224
1617880364910 0.8849745882728662 224
1617880490869 0.8851751889049618 225
1617880490872 0.8851751889049618 225
1617880616894 0.8853433898656372 226
1617880616897 0.8853433898656372 226
1617880743385 0.8854981637650108 227
1617880743387 0.8854981637650108 227
1617880869358 0.885661223348457 228
1617880869361 0.885661223348457 228
1617880995468 0.8858434122612214 229
1617880995470 0.8858434122612214 229
1617881121410 0.8860287731872696 230
1617881121412 0.8860287731872696 230
1617881247620 0.8862060049149939 231
1617881247623 0.8862060049149939 231
1617881373424 0.8863649174100464 232
1617881373426 0.8863649174100464 232
1617881499571 0.8865321180980412 233
1617881499574 0.8865321180980412 233
1617881625358 0.8866934531440304 234
1617881625360 0.8866934531440304 234
1617881751431 0.8868329802773427 235
1617881751434 0.8868329802773427 235
1617881877724 0.8869656833467694 236
1617881877727 0.8869656833467694 236
1617882003665 0.8870779266037992 237
1617882003668 0.8870779266037992 237
1617882129564 0.8872223160701522 238
1617882129566 0.8872223160701522 238
1617882255524 0.8873913748719764 239
1617882255526 0.8873913748719764 239
1617882381915 0.887557985815245 240
1617882381917 0.887557985815245 240
1617882508147 0.8877199620628374 241
1617882508150 0.8877199620628374 241
1617882634192 0.88785842454169 242
1617882634195 0.88785842454169 242
1617882760363 0.8880317096847173 243
1617882760365 0.8880317096847173 243
1617882886198 0.8882040115981493 244
1617882886200 0.8882040115981493 244
1617883012095 0.8883724502564635 245
1617883012098 0.8883724502564635 245
1617883137986 0.8885247137122096 246
1617883137988 0.8885247137122096 246
1617883263747 0.8886935699351641 247
1617883263750 0.8886935699351641 247
1617883390791 0.8888237731069439 248
1617883390793 0.8888237731069439 248
1617883516780 0.888928546422488 249
1617883516783 0.888928546422488 249
