1617852087073 inf 0
1617852212531 inf 1
1617852338228 inf 2
1617852467075 26.12340481953415 3
1617852594805 22.034063443620333 4
1617852721949 21.91139496219162 5
1617852849098 21.04628904424076 6
1617852975761 19.645973281683034 7
1617853102878 18.988692837529012 8
1617853229573 17.54338094312046 9
1617853356348 15.624818378155389 10
1617853482993 15.47342447361117 11
1617853609699 14.709711589617699 12
1617853736290 15.15589904738627 13
1617853863078 16.834288366568508 14
1617853989718 13.555998738007222 15
1617854116444 15.308376314281745 16
1617854242886 13.140359616914433 17
1617854369316 13.071589282318742 18
1617854495936 13.948221505886957 19
1617854622416 14.911600084026954 20
1617854748749 15.99304829393006 21
1617854875355 14.698424490971568 22
1617855001917 12.834040800354634 23
1617855128046 12.829253724686424 24
1617855254449 12.767379355410144 25
1617855380450 13.836934826988372 26
1617855507398 15.580504370661274 27
1617855633423 13.755282451774567 28
1617855759859 13.915242447567548 29
1617855885956 12.489168806479148 30
1617856012318 12.415062495768092 31
1617856138722 12.640337791014069 32
1617856264862 12.805912071753434 33
1617856390853 12.067864405144517 34
1617856516961 13.415583469555626 35
1617856643136 11.517790733829267 36
1617856769255 11.762380472280883 37
1617856895518 12.240620076200527 38
1617857021719 12.639300041714874 39
1617857147976 12.594284962087947 40
1617857274144 11.840372166921442 41
1617857400150 13.260220760587533 42
1617857526470 11.312096946230431 43
1617857652842 11.239690729242698 44
1617857778761 12.044019491242896 45
1617857904850 10.759051720108655 46
1617858031273 12.334238917326235 47
1617858157440 11.374558169512069 48
1617858283354 10.285459957422379 49
1617858409560 10.49856941124614 50
1617858535950 12.859592490253213 51
1617858662064 10.57020875961983 52
1617858788203 11.09121078599634 53
1617858914522 10.808095102637807 54
1617859040703 10.411067881879388 55
1617859166646 10.245529920584762 56
1617859292698 10.265766502125162 57
1617859418697 10.354727117929984 58
1617859544884 10.711668391176596 59
1617859670939 10.871380217233309 60
1617859797411 9.70139708198402 61
1617859923584 9.49114073736993 62
1617860049726 9.506114248759527 63
1617860175547 9.335040320456688 64
1617860301789 10.97123167849207 65
1617860427740 9.660544557373761 66
1617860553588 9.63594966852884 67
1617860679762 9.675268852167132 68
1617860805806 10.236964465762927 69
1617860931970 10.142037497368346 70
1617861058042 9.614342395629626 71
1617861184443 9.584761972649234 72
1617861310738 11.690568076847638 73
1617861437169 13.236696320075925 74
1617861563492 11.899161852835604 75
1617861689300 10.365714128939995 76
1617861815287 10.899260011803081 77
1617861941422 13.57785715484255 78
1617862066918 11.092736763003948 79
1617862193053 11.134277619977045 80
1617862318806 9.839648207720137 81
1617862444727 9.368811030211774 82
1617862570623 10.375895097259132 83
1617862696477 10.20453120661535 84
1617862822458 9.1234412441443 85
1617862948162 9.117681899466817 86
1617863074093 9.439708373005848 87
1617863200166 9.16412589015956 88
1617863326055 9.384958079691193 89
1617863452037 10.29049260596423 90
1617863578110 9.593185053834022 91
1617863705181 9.09440558974373 92
1617863831354 9.060171384211385 93
1617863957444 9.565342816747188 94
1617864083534 9.172331179426909 95
1617864209458 9.653179356722687 96
1617864335504 9.103852457115641 97
1617864461341 11.711740447489124 98
1617864587566 9.889039949664445 99
1617864713807 9.683036355128776 100
1617864839868 10.35545246760632 101
1617864965918 8.887593216668684 102
1617865091793 9.030950541141667 103
1617865217740 8.590738289224984 104
1617865343587 8.672481770240918 105
1617865469701 8.147456475154264 106
1617865595399 9.092691733227383 107
1617865722586 8.813021819208727 108
1617865849286 9.120573959375328 109
1617865977051 8.477769182193981 110
1617866103575 8.150095135980722 111
1617866229446 8.421186272311724 112
1617866355952 9.138437221011548 113
1617866481824 9.055560388930802 114
1617866608050 9.079092113408272 115
1617866734182 8.184071049161943 116
1617866860078 8.324479022888509 117
1617866985956 8.532530184484811 118
1617867112062 8.862859382213479 119
1617867238182 8.388126952126571 120
1617867364154 7.943396277199105 121
1617867490126 8.30298166757844 122
1617867616124 8.773137915734406 123
1617867742513 7.659109181288526 124
1617867868787 8.66865604551579 125
1617867994706 8.14903960150358 126
1617868120852 7.645888465064568 127
1617868246786 7.649878374499157 128
1617868373157 8.105271571161182 129
1617868499372 8.296004761696755 130
1617868625401 7.713984282891609 131
1617868751274 8.50704007366437 132
1617868877387 9.544444889205 133
1617869003323 9.125965480140271 134
1617869129265 8.802237190235202 135
1617869255335 8.696350745842258 136
1617869380958 8.465899235979565 137
1617869506797 8.082001413969072 138
1617869633252 7.971533647653342 139
1617869759529 8.572984152813895 140
1617869885258 8.29439972383792 141
1617870011265 7.834331612102305 142
1617870137174 7.589298790703123 143
1617870263038 7.171187007638302 144
1617870389240 8.171408189654533 145
1617870515375 8.125676130389191 146
1617870641443 8.247034760363455 147
1617870767673 7.631502972029352 148
1617870893910 8.311124119222777 149
1617871020077 8.498035711291708 150
1617871145991 8.109215745953206 151
1617871271996 10.483395013643555 152
1617871397761 9.144620818813847 153
1617871523853 8.394843758412222 154
1617871649688 8.252283630735006 155
1617871775563 7.939136960865798 156
1617871901451 8.606139493497654 157
1617872027357 8.003736521320672 158
1617872153643 8.24967531203709 159
1617872279902 8.624758650691167 160
1617872405736 7.457003672257332 161
1617872531749 8.025279522450083 162
1617872657858 7.853888978269281 163
1617872783879 10.417509078203663 164
1617872909803 10.75483014276174 165
1617873035941 11.103524136881173 166
1617873162038 8.41807116256284 167
1617873288293 8.155977261646578 168
1617873414168 7.663215762072378 169
1617873540675 10.030044513176213 170
1617873666581 7.986064652259532 171
1617873792648 7.986414013040079 172
1617873918343 7.62623183423196 173
1617874044433 8.578718615052116 174
1617874170782 7.935127490684159 175
1617874297233 7.573773947873643 176
1617874423233 7.679398982604914 177
1617874549490 7.372190984904001 178
1617874675349 7.834443750009427 179
1617874801458 7.475746537647143 180
1617874927274 7.652285920447374 181
1617875053080 7.900042166903243 182
1617875179290 7.202989296046205 183
1617875305521 7.630130449115849 184
1617875432410 8.62217067253128 185
1617875560251 7.626011786731252 186
1617875686284 7.703102534406424 187
1617875811930 8.124968950411802 188
1617875937595 7.672385634493818 189
1617876063383 7.282159083168759 190
1617876199954 7.454444599738405 191
1617876326432 9.749537576543993 192
1617876452504 8.412547808282566 193
1617876578450 7.7918924824179605 194
1617876704692 7.627626490231631 195
1617876830779 9.03158346028868 196
1617876956869 7.579506367340725 197
1617877082802 7.35745289359968 198
1617877208846 7.629560906818494 199
1617877335000 7.31919549600793 200
1617877460876 7.653360608475054 201
1617877586858 7.587871781228394 202
1617877713195 7.190141546129032 203
1617877839485 7.854991361998158 204
1617877965555 7.533820301810478 205
1617878091404 7.6165017987380494 206
1617878217394 7.792350977452607 207
1617878343499 7.444553886788801 208
1617878469474 7.064128684693933 209
1617878595390 8.108690595576626 210
1617878721334 7.431375528026619 211
1617878847344 7.007440129898004 212
1617878973215 7.675870054921206 213
1617879099143 7.478698713505676 214
1617879225100 7.244553513367444 215
1617879351133 8.363702223857926 216
1617879477113 7.701444336575606 217
1617879603123 7.110252825116801 218
1617879731213 7.619791633545652 219
1617879857193 7.150254708107138 220
1617879983031 7.135988178397493 221
1617880109154 6.487927074388916 222
1617880235412 6.953244447299185 223
1617880364892 7.313274318012593 224
1617880490859 7.491501290563459 225
1617880616884 7.177497661005332 226
1617880743375 8.8252263291146 227
1617880869353 7.238696996758045 228
1617880995463 7.191627251490475 229
1617881121405 7.050736765037207 230
1617881247615 7.433690579766759 231
1617881373419 7.246597804409675 232
1617881499566 7.123684871960395 233
1617881625353 6.891505004926282 234
1617881751426 8.036482840908656 235
1617881877719 7.835683694072443 236
1617882003660 9.803914013952932 237
1617882129559 7.480079021132608 238
1617882255518 7.185655000096821 239
1617882381910 7.047083092491177 240
1617882508141 7.125905356694947 241
1617882634187 7.61149766173732 242
1617882760358 6.333797811259548 243
1617882886192 7.006024110545491 244
1617883012090 6.861757983040403 245
1617883137981 6.424719099872009 246
1617883263743 6.692129693216074 247
1617883390786 7.527198489767531 248
1617883516775 8.14227213673346 249
