1617852087068 0.6466608844855999 0
1617852212526 0.7418224925690509 1
1617852338222 0.6065624127996728 2
1617852467070 0.42573861341844216 3
1617852594801 0.3016064319204777 4
1617852721944 0.25619891452345445 5
1617852849094 0.22180898352823358 6
1617852975756 0.20216720436323196 7
1617853102873 0.21687265541008177 8
1617853229568 0.16967249519013344 9
1617853356343 0.13684032449221356 10
1617853482988 0.1350241863426376 11
1617853609695 0.13041824593823007 12
1617853736285 0.13094607950683604 13
1617853863073 0.1529106161299538 14
1617853989713 0.11204803305024162 15
1617854116439 0.11082149086956014 16
1617854242881 0.10079282601463034 17
1617854369311 0.09503176106893002 18
1617854495931 0.1244214118478146 19
1617854622411 0.10520155511875735 20
1617854748743 0.10954077333766729 21
1617854875350 0.10770206046389773 22
1617855001912 0.09406947675458294 23
1617855128041 0.08683981649339834 24
1617855254444 0.09294538439667606 25
1617855380445 0.09837470096635058 26
1617855507394 0.13546757677451093 27
1617855633417 0.09255781343721962 28
1617855759853 0.08532200761614962 29
1617855885950 0.07929666272978833 30
1617856012313 0.07950576117381136 31
1617856138717 0.08160250009770723 32
1617856264857 0.0979794325861842 33
1617856390847 0.08056315650886044 34
1617856516956 0.08691898067580893 35
1617856643131 0.07484241747396424 36
1617856769250 0.07614613459148306 37
1617856895512 0.07467445511212374 38
1617857021713 0.07526524008271541 39
1617857147972 0.0955390112593453 40
1617857274140 0.0783191693035212 41
1617857400144 0.07800509384337892 42
1617857526465 0.07054982871372015 43
1617857652837 0.07170750448440617 44
1617857778756 0.07137045783406877 45
1617857904845 0.07066305391886767 46
1617858031268 0.07666708711296955 47
1617858157435 0.0676822554954189 48
1617858283348 0.0646273872834888 49
1617858409555 0.06335287747230936 50
1617858535944 0.08925615831654757 51
1617858662059 0.06429082723928893 52
1617858788198 0.0627223830075657 53
1617858914516 0.061282658771156 54
1617859040699 0.05712182962513985 55
1617859166640 0.059131740810389216 56
1617859292692 0.05853575933724642 57
1617859418692 0.06320255703510756 58
1617859544878 0.05715883400370466 59
1617859670934 0.058433232472297994 60
1617859797406 0.056125143681593395 61
1617859923579 0.05457557028436914 62
1617860049722 0.05553749179903497 63
1617860175542 0.0511188662234456 64
1617860301784 0.05107276827255462 65
1617860427735 0.05272807484056721 66
1617860553583 0.05074042323580448 67
1617860679756 0.056470648127984496 68
1617860805801 0.0484123835538296 69
1617860931965 0.04816716251538155 70
1617861058037 0.05110905961470401 71
1617861184438 0.05150504257688497 72
1617861310733 0.06091862433451287 73
1617861437164 0.09738164989555136 74
1617861563486 0.0568555973153165 75
1617861689295 0.05271567992786778 76
1617861815282 0.053850115395765355 77
1617861941417 0.10233120481543084 78
1617862066913 0.05521541818025264 79
1617862193048 0.04909658325003817 80
1617862318801 0.04645319685260666 81
1617862444721 0.043039410533581644 82
1617862570618 0.046910565247402544 83
1617862696471 0.04089744985499914 84
1617862822453 0.04414510080947521 85
1617862948156 0.03942901542053578 86
1617863074088 0.04092957610462574 87
1617863200161 0.0361190115874435 88
1617863326049 0.0346922982048164 89
1617863452032 0.04184681305939213 90
1617863578105 0.03956371418973233 91
1617863705175 0.03474500170968314 92
1617863831349 0.03438569058446174 93
1617863957438 0.03396710408653351 94
1617864083529 0.0325666314704304 95
1617864209453 0.03366116604747924 96
1617864335499 0.03069168582875678 97
1617864461335 0.0436583336125663 98
1617864587561 0.03823168551985254 99
1617864713802 0.03823720570653677 100
1617864839863 0.040813956409692764 101
1617864965914 0.029700408947277577 102
1617865091789 0.02947141598672309 103
1617865217735 0.024426526350385332 104
1617865343582 0.025487757684227 105
1617865469695 0.021416827402216322 106
1617865595394 0.02266834583133459 107
1617865722581 0.025169052104366586 108
1617865849282 0.0198933449474738 109
1617865977038 0.022190520480433677 110
1617866103569 0.016407397456784198 111
1617866229441 0.018782205602273026 112
1617866355946 0.018171862560383816 113
1617866481818 0.02051035096829242 114
1617866608044 0.01979314672582327 115
1617866734176 0.01628042707972704 116
1617866860073 0.013613299506300308 117
1617866985949 0.016309506834504453 118
1617867112055 0.018209733485065875 119
1617867238175 0.011405526779274991 120
1617867364147 0.0103550218442019 121
1617867490120 0.01437554952312023 122
1617867616117 0.013759667569018424 123
1617867742505 0.006555896628885827 124
1617867868781 0.010692088468436231 125
1617867994699 0.00452636560781839 126
1617868120846 0.007638424932164081 127
1617868246780 0.005792520266581089 128
1617868373149 0.003169191664362207 129
1617868499364 0.0019451075015549965 130
1617868625395 0.006855007082699461 131
1617868751267 0.004157899086304167 132
1617868877380 0.002591323285819368 133
1617869003317 0.00815008439995507 134
1617869129257 0.002051855496903683 135
1617869255329 0.0008474204174064576 136
1617869380951 -0.0018436738507861786 137
1617869506790 -0.0009385196769491155 138
1617869633245 -0.006552433872476537 139
1617869759522 0.004709532484412193 140
1617869885251 -0.004840808821485397 141
1617870011257 -0.005841308332821156 142
1617870137167 -0.006312117059814169 143
1617870263031 -0.01004008495030885 144
1617870389234 -0.005770270316366186 145
1617870515368 -0.004946689438471135 146
1617870641435 -0.007783189475377823 147
1617870767666 -0.009956743924858723 148
1617870893903 -0.010326032784390957 149
1617871020070 -0.005774675709928604 150
1617871145985 -0.007041215282329854 151
1617871271990 0.01747785928718587 152
1617871397754 0.0022116153243374316 153
1617871523845 -0.011713860596114017 154
1617871649681 -0.01459513525379465 155
1617871775556 -0.019546858114289477 156
1617871901445 -0.016457257911245873 157
1617872027350 -0.022164210181762563 158
1617872153636 -0.012069946907936259 159
1617872279896 -0.021129776386821522 160
1617872405729 -0.020655310494785615 161
1617872531743 -0.025098221059492293 162
1617872657850 -0.023550053602678978 163
1617872783872 0.005811767375215571 164
1617872909796 0.00559118390083313 165
1617873035934 -0.00654152475614497 166
1617873162032 -0.0231272059076644 167
1617873288287 -0.024930752873262192 168
1617873414162 -0.025807662014948562 169
1617873540669 -0.027333655097383135 170
1617873666574 -0.025793186329463695 171
1617873792641 -0.03432989457344755 172
1617873918336 -0.03827588696112024 173
1617874044426 -0.033178104166971874 174
1617874170775 -0.03763966617035739 175
1617874297226 -0.04186401026759376 176
1617874423226 -0.04472387062900878 177
1617874549483 -0.040033880839163954 178
1617874675342 -0.04330433675266327 179
1617874801450 -0.04968628941222708 180
1617874927266 -0.044418806606467735 181
1617875053073 -0.05006275024819881 182
1617875179284 -0.043020770825604175 183
1617875305515 -0.049124801353095694 184
1617875432404 -0.048921764570664855 185
1617875560246 -0.053199918385832864 186
1617875686279 -0.049951498971340505 187
1617875811925 -0.04705351424661088 188
1617875937590 -0.05502860755362409 189
1617876063344 -0.0537754490852673 190
1617876199950 -0.0594287208737211 191
1617876326424 -0.027149127241461835 192
1617876452496 -0.050269526924858705 193
1617876578443 -0.055639839315033975 194
1617876704684 -0.06501363867774923 195
1617876830772 -0.06597474296676352 196
1617876956861 -0.06969216016141024 197
1617877082795 -0.06858578823665355 198
1617877208838 -0.07389791769550201 199
1617877334993 -0.055282158341179506 200
1617877460868 -0.0697119192398609 201
1617877586851 -0.07597323653704309 202
1617877713188 -0.0767524107854734 203
1617877839477 -0.07726308443841148 204
1617877965548 -0.080362482789032 205
1617878091396 -0.07025140181104554 206
1617878217386 -0.07116136020247607 207
1617878343492 -0.08179328311234713 208
1617878469466 -0.08467645039583774 209
1617878595383 -0.07651068650661631 210
1617878721326 -0.08416183746637816 211
1617878847337 -0.08281275568569595 212
1617878973208 -0.08871585491331334 213
1617879099136 -0.094882306623015 214
1617879225092 -0.09500256438363106 215
1617879351126 -0.08343794093804156 216
1617879477106 -0.09290385745624279 217
1617879603117 -0.0964366252672799 218
1617879731208 -0.10046553421527782 219
1617879857181 -0.09767022178052588 220
1617879983025 -0.09536724404848003 221
1617880109149 -0.10585537013855387 222
1617880235407 -0.10087217755140142 223
1617880364883 -0.10964718076618428 224
1617880490844 -0.11427714378434292 225
1617880616869 -0.10602080366237367 226
1617880743358 -0.10489118281514087 227
1617880869347 -0.10658851749402412 228
1617880995457 -0.1189923429504988 229
1617881121399 -0.11552440256197402 230
1617881247609 -0.12634850796708402 231
1617881373413 -0.11912901097155632 232
1617881499561 -0.11905654713987036 233
1617881625348 -0.12191468453470697 234
1617881751421 -0.1169108335087274 235
1617881877713 -0.11499336135989809 236
1617882003655 -0.1045846088611065 237
1617882129554 -0.11857862623923636 238
1617882255513 -0.13125265409496237 239
1617882381905 -0.14295809985475338 240
1617882508136 -0.135864308420965 241
1617882634181 -0.13779673646105098 242
1617882760352 -0.14281707766287505 243
1617882886186 -0.15113738123723802 244
1617883012085 -0.13874151997585246 245
1617883137974 -0.14731547077919574 246
1617883263737 -0.1493829348461425 247
1617883390780 -0.14927210468561092 248
1617883516769 -0.13851247672387895 249
