1617852087070 0.33572245696361397 0
1617852212529 0.0 1
1617852338225 0.2558116906897185 2
1617852467073 0.5446663010206588 3
1617852594804 0.6545495661966344 4
1617852721947 0.6917040774479826 5
1617852849097 0.7307986797804528 6
1617852975759 0.7488540417336403 7
1617853102876 0.7374001730312693 8
1617853229570 0.788759339045971 9
1617853356345 0.8192549737844061 10
1617853482990 0.8216865893374098 11
1617853609697 0.8283748189185528 12
1617853736288 0.8269017728719306 13
1617853863076 0.802350381587414 14
1617853989716 0.8453330982555735 15
1617854116442 0.8460051716959223 16
1617854242884 0.8558974694064323 17
1617854369314 0.8642272476820235 18
1617854495933 0.8338979107743882 19
1617854622414 0.8540743202605146 20
1617854748746 0.849843903583415 21
1617854875353 0.8514059334993362 22
1617855001915 0.8627418858256746 23
1617855128044 0.8699868651146584 24
1617855254447 0.8643410372290206 25
1617855380448 0.8591141466130602 26
1617855507396 0.8189954910070655 27
1617855633420 0.8629039747917906 28
1617855759856 0.8710299191322732 29
1617855885953 0.8757838319907797 30
1617856012316 0.8786550985371813 31
1617856138719 0.8740211744257744 32
1617856264860 0.8609674997786259 33
1617856390850 0.8761033323851037 34
1617856516958 0.870094582279946 35
1617856643133 0.8806605132970404 36
1617856769252 0.8783314042585961 37
1617856895515 0.8830528945681897 38
1617857021716 0.8806387316039268 39
1617857147974 0.8573138957962076 40
1617857274142 0.8759120542635309 41
1617857400147 0.8756427181527969 42
1617857526468 0.8838313649943534 43
1617857652839 0.8828978302313927 44
1617857778759 0.8809324306376437 45
1617857904847 0.8838917676438677 46
1617858031271 0.8772853403649432 47
1617858157438 0.8845225559904221 48
1617858283351 0.888140396234837 49
1617858409558 0.8899174048862559 50
1617858535947 0.8594808080729018 51
1617858662062 0.8879885159908457 52
1617858788201 0.890099806354401 53
1617858914519 0.8900283486285108 54
1617859040701 0.8934760084177585 55
1617859166643 0.8921789609371348 56
1617859292695 0.8934071805882962 57
1617859418695 0.8896079856030484 58
1617859544881 0.893062948546511 59
1617859670936 0.893299993682415 60
1617859797409 0.8947595544952027 61
1617859923582 0.8940666124541709 62
1617860049724 0.8943338666824584 63
1617860175545 0.8970961485137331 64
1617860301787 0.8974700040639715 65
1617860427738 0.8971852596769941 66
1617860553585 0.8986010469020681 67
1617860679759 0.8932456364657017 68
1617860805804 0.8994856096328573 69
1617860931968 0.8988403684281289 70
1617861058039 0.8969723480813047 71
1617861184441 0.8957601687375535 72
1617861310735 0.8860979828428714 73
1617861437166 0.8484410049908973 74
1617861563489 0.8862517831173349 75
1617861689298 0.8931915642733269 76
1617861815284 0.8939132335338187 77
1617861941420 0.846039900358053 78
1617862066916 0.8876880575367745 79
1617862193051 0.8943758362785299 80
1617862318804 0.894423800580045 81
1617862444724 0.9004197358450992 82
1617862570621 0.897313708796146 83
1617862696475 0.901199645184456 84
1617862822456 0.900448574347699 85
1617862948159 0.901035799942118 86
1617863074091 0.9016629771349278 87
1617863200163 0.9031900630352345 88
1617863326052 0.9031720995268924 89
1617863452035 0.8967403129060217 90
1617863578108 0.901687370969894 91
1617863705178 0.9035342660673121 92
1617863831352 0.9031375893887054 93
1617863957441 0.9031929265945515 94
1617864083531 0.9028160318415216 95
1617864209456 0.9037491403361584 96
1617864335502 0.9033952719987707 97
1617864461338 0.8891291555334279 98
1617864587564 0.8986428462444468 99
1617864713804 0.8990226578205189 100
1617864839866 0.8954599880157633 101
1617864965917 0.9048931433799419 102
1617865091791 0.905382550460227 103
1617865217737 0.9080620316114831 104
1617865343585 0.9077287687266127 105
1617865469698 0.9097641655739318 106
1617865595397 0.9091228249859302 107
1617865722584 0.9056222514903292 108
1617865849284 0.9072891067951283 109
1617865977045 0.9091513944750137 110
1617866103572 0.9112384940715547 111
1617866229444 0.909259539652378 112
1617866355949 0.9102923274040222 113
1617866481822 0.9094909201277063 114
1617866608047 0.9083488827690165 115
1617866734178 0.9111345990541133 116
1617866860075 0.9138651499722866 117
1617866985954 0.9116337961973028 118
1617867112059 0.9093555380055245 119
1617867238179 0.9110858709888255 120
1617867364152 0.9144653700133587 121
1617867490124 0.9075024800097689 122
1617867616122 0.9107541711406505 123
1617867742510 0.914697916266766 124
1617867868785 0.9117690743284023 125
1617867994703 0.9147440122163042 126
1617868120850 0.9129845021252937 127
1617868246784 0.9145885940561903 128
1617868373154 0.914383812153593 129
1617868499369 0.9174012792237262 130
1617868625399 0.9108322047172709 131
1617868751272 0.9128690251010529 132
1617868877385 0.91424013452327 133
1617869003320 0.9083845548807307 134
1617869129262 0.9094197902273624 135
1617869255333 0.9121167708901649 136
1617869380955 0.9131189464254582 137
1617869506795 0.9137331409023163 138
1617869633250 0.9176943831621333 139
1617869759527 0.9108862204754606 140
1617869885256 0.9185991664516165 141
1617870011262 0.9168038634543724 142
1617870137172 0.9186131757624606 143
1617870263036 0.9197457372508151 144
1617870389238 0.9156711821226363 145
1617870515372 0.9131527787193339 146
1617870641440 0.9153238290801962 147
1617870767671 0.9178558740210025 148
1617870893908 0.9156486728089921 149
1617871020075 0.9104332854139044 150
1617871145989 0.9134044571125761 151
1617871271994 0.8917489229364598 152
1617871397758 0.900614782533747 153
1617871523850 0.9117791643168064 154
1617871649686 0.9151712484816288 155
1617871775560 0.9174533362718339 156
1617871901449 0.9146648226900304 157
1617872027355 0.9175181309593484 158
1617872153640 0.9133599584406995 159
1617872279900 0.9159120882445193 160
1617872405732 0.9191159377706811 161
1617872531747 0.9165036529302597 162
1617872657855 0.916749360079461 163
1617872783877 0.8864971854268237 164
1617872909800 0.8889003836728157 165
1617873035938 0.9008249012713737 166
1617873162035 0.9142202665197089 167
1617873288291 0.9157765732800707 168
1617873414166 0.918860803893272 169
1617873540673 0.9146534410562921 170
1617873666578 0.9156769298492594 171
1617873792645 0.9198754337873865 172
1617873918341 0.9222071731978274 173
1617874044431 0.9185654235647079 174
1617874170779 0.917260986693362 175
1617874297231 0.9199386388063431 176
1617874423230 0.9214126198215687 177
1617874549487 0.9215619364317428 178
1617874675347 0.9229570398939416 179
1617874801455 0.9229655329217302 180
1617874927271 0.920210673771006 181
1617875053077 0.9246611683926684 182
1617875179288 0.9204860824219724 183
1617875305518 0.921003816609687 184
1617875432407 0.9229335163501983 185
1617875560249 0.9253390596268025 186
1617875686282 0.9192665612443964 187
1617875811927 0.9197353390937156 188
1617875937593 0.9236784425187619 189
1617876063376 0.9234215823259759 190
1617876199952 0.9228904561159459 191
1617876326429 0.9009937472799991 192
1617876452501 0.9150773121955547 193
1617876578448 0.9184258732389896 194
1617876704689 0.9239689536551212 195
1617876830777 0.9200583119341668 196
1617876956866 0.9228173969907963 197
1617877082799 0.9250746343998199 198
1617877208843 0.924950859965162 199
1617877334997 0.9181143213459786 200
1617877460873 0.9223127631430931 201
1617877586856 0.9244039356708527 202
1617877713192 0.9267083355721007 203
1617877839482 0.9263748244402257 204
1617877965553 0.9259744210446135 205
1617878091401 0.926257092267909 206
1617878217391 0.918335422873497 207
1617878343497 0.9246993673608658 208
1617878469471 0.927281768081036 209
1617878595388 0.9209833246596316 210
1617878721331 0.922152339461002 211
1617878847341 0.9249896838309917 212
1617878973212 0.9246031464414394 213
1617879099140 0.9251272957375709 214
1617879225097 0.926319882907766 215
1617879351131 0.9182839845406249 216
1617879477110 0.9221609396503326 217
1617879603121 0.9245466910144116 218
1617879731210 0.9288577694208064 219
1617879857190 0.9277373628413423 220
1617879983028 0.9257265240588086 221
1617880109152 0.9302507867204383 222
1617880235409 0.9246138340615212 223
1617880364885 0.9251157539956113 224
1617880490852 0.9303103311264769 225
1617880616877 0.9233568069782663 226
1617880743367 0.920631838922805 227
1617880869350 0.922838808374202 228
1617880995460 0.9275646732842668 229
1617881121402 0.9286617861783251 230
1617881247613 0.9271465340193282 231
1617881373416 0.923232616262233 232
1617881499564 0.9254898784008432 233
1617881625350 0.9244458539054748 234
1617881751423 0.919621856605753 235
1617881877716 0.9182836077314742 236
1617882003657 0.913679578519882 237
1617882129556 0.9215870090621583 238
1617882255516 0.9277964285079469 239
1617882381908 0.9275446121997022 240
1617882508139 0.9267562377326032 241
1617882634184 0.9213663444240042 242
1617882760355 0.9301399994403758 243
1617882886190 0.9302456784755626 244
1617883012088 0.929639921543446 245
1617883137978 0.9259815238257671 246
1617883263740 0.9304010570049286 247
1617883390783 0.9211141597083274 248
1617883516772 0.915017101992952 249
