1612360088423 0.24067389164397965 0
1612360156922 0.1990184018861002 1
1612360226114 0.17557330629718837 2
1612360294428 0.21005028575213988 3
1612360363356 0.12880626454282162 4
1612360432613 0.12113172171720818 5
1612360501546 0.1261071456012441 6
1612360569920 0.1911873612830888 7
1612360638770 0.09789481447703803 8
1612360708966 0.14074978721675588 9
1612360777647 0.1214422708127036 10
1612360846030 0.19124220022514685 11
1612360915090 0.12278718379006456 12
1612360983667 0.1816169984305083 13
1612361052093 0.09359299691755381 14
1612361120545 0.13152176764473986 15
1612361189157 0.24678384368099385 16
1612361259429 0.11586962618044953 17
1612361329152 0.11977991684159237 18
1612361399544 0.08828713288947718 19
1612361468810 0.12186432418538563 20
1612361538175 0.14091843811433707 21
1612361607398 0.11511603042260925 22
1612361676463 0.1667831121985592 23
1612361745974 0.11780861331455743 24
1612361815341 0.11615578985925931 25
1612361885514 0.1279302114871011 26
1612361955638 0.08753649601295813 27
1612362024939 0.099128336159151 28
1612362093848 0.15775165184220272 29
1612362164890 0.09211666637392187 30
1612362234966 0.14187848123151864 31
1612362304306 0.13895708589411493 32
1612362373227 0.11921816619474497 33
1612362441699 0.08233002851258463 34
1612362510439 0.09765325909230246 35
1612362579670 0.07715870996019733 36
1612362649335 0.08928489951945062 37
1612362720037 0.06692792586426237 38
1612362788870 0.1159546428651952 39
1612362859647 0.08602269371943687 40
1612362929321 0.09551005576973531 41
1612362998443 0.08367612824511172 42
1612363067913 0.08336705236292596 43
1612363137675 0.08579655547640216 44
1612363206607 0.13073430221472213 45
1612363275337 0.11404656741156508 46
1612363343771 0.11427661732061585 47
1612363412094 0.12645444585316218 48
1612363480528 0.11556702318476207 49
1612363549201 0.15632058168525126 50
1612363619309 0.09574532419887942 51
1612363688244 0.11490729940471364 52
1612363756921 0.10680850762039867 53
1612363825727 0.08412979254082067 54
1612363894193 0.12602362614959034 55
1612363964250 0.11025635164175461 56
1612364034379 0.11018743443844924 57
1612364103657 0.11037187344992339 58
1612364172295 0.1639128665425884 59
1612364242941 0.12036629310294764 60
1612364312521 0.11331376477853576 61
1612364381704 0.08468165237512161 62
1612364450870 0.10532572732042911 63
1612364520272 0.12014098576645353 64
1612364591041 0.12515807596605216 65
1612364661245 0.10333417333773713 66
1612364730293 0.11268213435785095 67
1612364800604 0.08598430299047213 68
1612364872966 0.12823770562214637 69
1612364943635 0.1675134594760724 70
1612365012971 0.12908538152922444 71
1612365082230 0.08586150763639763 72
1612365150680 0.11846840381622314 73
1612365219003 0.08603210057785261 74
1612365287784 0.12484670574985333 75
1612365356480 0.09896292259444052 76
1612365426656 0.13914449357274752 77
1612365495108 0.11535731981049722 78
1612365563641 0.10487108799948622 79
1612365632202 0.15334229326959867 80
1612365700553 0.0851592919719753 81
1612365769180 0.09469081038859353 82
1612365837838 0.10398762172727442 83
1612365906551 0.05532655253339169 84
1612365975462 0.08381419217408594 85
1612366044275 0.12191090832895307 86
1612366114746 0.10424800595240806 87
1612366184947 0.1256268931858575 88
1612366253761 0.1178422881596124 89
1612366322187 0.09312780312637785 90
1612366391081 0.07785262367618617 91
1612366459691 0.08041821664838648 92
1612366528112 0.12387725488463444 93
1612366596980 0.13063451158466624 94
1612366666238 0.07551726031659255 95
1612366734570 0.12283938500418592 96
1612366803541 0.11320396946437324 97
1612366872169 0.08338169998197413 98
1612366940672 0.09006685107501584 99
1612367009316 0.1317212715077756 100
1612367078053 0.1479610578337712 101
1612367146899 0.09632348747395758 102
1612367215207 0.0867967294223273 103
1612367284317 0.10757375742072489 104
1612367353254 0.07826853065348383 105
1612367421601 0.12421573364912573 106
1612367491531 0.0890976404076192 107
1612367561033 0.07095830831954729 108
1612367629874 0.07733511035122088 109
1612367699829 0.10164710478996163 110
1612367768185 0.11567209460842076 111
1612367838146 0.09429031610488892 112
1612367907196 0.1334703884907623 113
1612367975780 0.12706359998503727 114
1612368044474 0.10824067201187361 115
1612368112949 0.1307068805196392 116
1612368181610 0.13233952024089757 117
1612368250181 0.1393638030806584 118
1612368319132 0.13132750988006592 119
1612368388067 0.14491463419216782 120
1612368458213 0.07829786503492896 121
1612368526765 0.19065864228490573 122
1612368595536 0.12047148462551743 123
1612368664328 0.11042112823742539 124
1612368732880 0.09627301924264253 125
1612368801220 0.11045910262349826 126
1612368869862 0.13803191327337008 127
1612368938741 0.10962974669328376 128
1612369007111 0.13327527846863021 129
1612369075696 0.11136231404631886 130
1612369144567 0.11512294100291694 131
1612369214405 0.1109363694689167 132
1612369284406 0.11035271011181731 133
1612369353277 0.09039344449541462 134
1612369422560 0.10963399018814314 135
1612369491456 0.09609543921342537 136
1612369560717 0.08845879782491656 137
1612369629614 0.1081840742879839 138
1612369698543 0.10712688983376346 139
1612369767387 0.07511286593195218 140
1612369836231 0.13317267396556798 141
1612369904993 0.1266322972169563 142
1612369973629 0.11933963245420313 143
1612370042196 0.12161276411654344 144
1612370110857 0.13228236027617954 145
1612370180171 0.0988244360952235 146
1612370249176 0.12840463065389376 147
1612370318009 0.11783580370803377 148
1612370386950 0.06938218002888694 149
1612370456520 0.0729102501228674 150
1612370525180 0.11288887618192986 151
1612370594745 0.09668998042149331 152
1612370663618 0.09242183503819935 153
1612370732430 0.06824504795359142 154
1612370801105 0.111463077032744 155
1612370870256 0.13724204853399477 156
1612370939380 0.0649813146733526 157
1612371009850 0.07436297811678987 158
1612371078393 0.1062138222936374 159
1612371146959 0.0951795275531598 160
1612371216346 0.1323463044949432 161
1612371285135 0.08815248866579425 162
1612371353421 0.1305387536091591 163
1612371422010 0.09650944329019803 164
1612371490577 0.11717126796494669 165
1612371560929 0.11842797407463415 166
1612371629645 0.09500691517075496 167
1612371698079 0.064223218320021 168
1612371767141 0.08881945396537211 169
1612371835849 0.10155710978294487 170
1612371904704 0.10662550267888539 171
1612371972971 0.10152433879339873 172
1612372041561 0.15493591329944667 173
1612372110251 0.07614504846174326 174
1612372180786 0.09579417065008362 175
1612372249656 0.09256446272579592 176
1612372318197 0.059412339730049245 177
1612372386676 0.0978040588435842 178
1612372455281 0.08088024605565997 179
1612372523890 0.09413796752246457 180
1612372592227 0.1483303148355057 181
1612372661279 0.11619881017884212 182
1612372730072 0.10026195511889102 183
1612372798446 0.09451596060795571 184
1612372867468 0.07184196497077372 185
1612372936608 0.09245527591278303 186
1612373005563 0.10491737856793759 187
1612373074628 0.08492231191094242 188
1612373143509 0.05642103259243182 189
1612373212074 0.1023249056801867 190
1612373280536 0.05075161314722317 191
1612373349001 0.11651893338160728 192
1612373417498 0.11991553342164453 193
1612373486299 0.113964765819151 194
1612373554769 0.08634231250677536 195
1612373623312 0.10497751253754345 196
1612373693354 0.12494303130391818 197
1612373761673 0.07136027403731844 198
1612373831890 0.08003570517497276 199
1612373900622 0.1060247163274395 200
1612373969191 0.10771205709941352 201
1612374037994 0.11118571349044344 202
1612374107936 0.1071667777958201 203
1612374177841 0.058169420085736175 204
1612374246286 0.06936484664233762 205
1612374314870 0.0951540567981663 206
1612374383393 0.12802686442190142 207
1612374452373 0.1239400781802277 208
1612374521344 0.07350881864775473 209
1612374590027 0.10123300552368164 210
1612374658656 0.16110928734736657 211
1612374727155 0.07780212163925171 212
1612374797530 0.07146381264302268 213
1612374866169 0.08595189318728091 214
1612374935139 0.09982424618592903 215
1612375004131 0.07503116664601796 216
1612375072632 0.10296117903581306 217
1612375141356 0.11703445306464808 218
1612375209461 0.12367652957119159 219
1612375278558 0.11535689101290347 220
1612375347162 0.05807618596660557 221
1612375416275 0.07883807438523022 222
1612375484864 0.10222903917084879 223
1612375553548 0.11396263873399194 224
1612375621868 0.1292843320476475 225
1612375691108 0.08788655231248087 226
1612375759585 0.06821417986457028 227
1612375828525 0.0987679735938115 228
1612375897155 0.08519724233826595 229
1612375965791 0.11675496332681001 230
1612376035192 0.06722604160878196 231
1612376104511 0.07421215256648277 232
1612376172895 0.08366176619458554 233
1612376241372 0.10254322414967551 234
1612376310195 0.098095492640538 235
1612376378723 0.0892800350687397 236
1612376447621 0.08948345326665622 237
1612376516461 0.10881138737521955 238
1612376585119 0.0661084812078903 239
1612376653704 0.09499028458524106 240
1612376721991 0.06440688513997775 241
1612376790986 0.1556421562806884 242
1612376859694 0.10247712615710586 243
1612376928522 0.07605648307657953 244
1612376996797 0.12666478174835888 245
1612377065757 0.11706590296617195 246
1612377134314 0.08310596177827066 247
1612377202924 0.11028020684398822 248
1612377271293 0.13482163112554976 249
1612377341895 0.11008208812172733 250
1612377410476 0.13775167002606747 251
1612377479306 0.10307978783080828 252
1612377548182 0.08638734159184926 253
1612377617180 0.07080799074315314 254
1612377685664 0.1409438074524723 255
1612377754313 0.06330881990603547 256
1612377823175 0.12312554512450945 257
1612377893748 0.07462607034996374 258
1612377962165 0.10314065395896115 259
1612378031148 0.09855757008737592 260
1612378099848 0.0793999433517456 261
1612378169379 0.07339005238974272 262
1612378239693 0.07439595371929568 263
1612378308756 0.09229232037245337 264
1612378377365 0.09242295863023445 265
1612378445367 0.08471848448710655 266
1612378514126 0.08788516539246288 267
1612378583001 0.10576959777234206 268
1612378651624 0.09387557631108298 269
1612378720555 0.06352671758452458 270
1612378789382 0.09009176136842414 271
1612378858001 0.11120762486956012 272
1612378926961 0.0932547592405063 273
1612378997032 0.07065532456583051 274
1612379065912 0.07065077859963943 275
1612379136251 0.10166978569173102 276
1612379205717 0.10268419803078495 277
1612379274321 0.05624722455864522 278
1612379342711 0.07558088249235011 279
1612379411796 0.06252298960045202 280
1612379480564 0.06875177550671706 281
1612379551242 0.11047593248424245 282
1612379619862 0.08973135076352019 283
1612379688622 0.05921291504333268 284
1612379757121 0.1009308028576979 285
1612379827428 0.0744080356697538 286
1612379895676 0.055262281823514114 287
1612379964130 0.08587097854756598 288
1612380034250 0.0747655710177635 289
1612380103003 0.1288986321705491 290
1612380171357 0.07718223155434452 291
1612380239765 0.07414029427428744 292
1612380309831 0.07901408156352256 293
1612380378529 0.11195604925724997 294
1612380447236 0.08025561161895296 295
1612380515584 0.09981156996826628 296
1612380583815 0.11884916629364241 297
1612380652544 0.08813413310406813 298
1612380721102 0.07313545693212481 299
1612380789771 0.08942133544096306 300
1612380858414 0.07025705967376482 301
1612380926805 0.08368201131251321 302
1612380995214 0.09388755239657502 303
1612381063913 0.09125504653845261 304
1612381132484 0.07918206880341715 305
1612381201034 0.12122510707200464 306
1612381269555 0.08915933388382641 307
1612381338701 0.060985185317139125 308
1612381408920 0.09127392252879356 309
1612381477488 0.0898307899930584 310
1612381545991 0.06418561223727554 311
1612381614854 0.07535720316331777 312
1612381683083 0.09491226210523007 313
1612381751822 0.0712854141619668 314
1612381820402 0.09656573320502665 315
1612381889158 0.08388665718818779 316
1612381958089 0.05410447227421092 317
1612382026576 0.08361123480013948 318
1612382096679 0.08485447470821551 319
1612382165290 0.0768686879926653 320
1612382233809 0.09782352287377884 321
1612382302359 0.08703182971299585 322
1612382372344 0.07641100260748793 323
1612382440923 0.06107673271378474 324
1612382509489 0.09073908115500834 325
1612382578153 0.08624713367490626 326
1612382646789 0.08983614462525097 327
1612382715725 0.08319286979846101 328
1612382784030 0.08794602262440013 329
1612382853266 0.12455611531414203 330
1612382921495 0.12401882125370538 331
1612382989915 0.09514586961091455 332
1612383058482 0.07258062843066543 333
1612383127063 0.07674277718387433 334
1612383196323 0.07676041571062002 335
1612383264971 0.05940892536248734 336
1612383333564 0.09732314099126788 337
1612383402629 0.06613315308271948 338
1612383472020 0.08350484940543104 339
1612383540980 0.07678431895241808 340
1612383610629 0.07084946312121491 341
1612383679447 0.06542398858426222 342
1612383749756 0.07778570723177781 343
1612383818766 0.09036276233730031 344
1612383887751 0.09150040238650876 345
1612383956189 0.06998726058362136 346
1612384024638 0.05656510858393427 347
1612384093258 0.0796782080806903 348
1612384161903 0.06686580625932607 349
1612384230581 0.07693202815838714 350
1612384298709 0.09196666550280443 351
1612384367474 0.09419384376326603 352
1612384436364 0.07487743737092659 353
1612384504475 0.11226708853422705 354
1612384572971 0.08725856667134299 355
1612384643355 0.08206267054401227 356
1612384711686 0.06871586771153693 357
1612384780123 0.0897888434467031 358
1612384848782 0.07116420055503275 359
1612384917411 0.10001515363579366 360
1612384986010 0.08503116689511199 361
1612385054547 0.08420017228197696 362
1612385122702 0.09348817547755454 363
1612385191390 0.10244654452622827 364
1612385260199 0.07792533155697495 365
1612385329179 0.08888151752414988 366
1612385398028 0.060217715911011195 367
1612385466743 0.07253787499755177 368
1612385538802 0.11764476548379926 369
1612385607318 0.06042131559172673 370
1612385675616 0.06536523085921558 371
1612385743939 0.07374291989340712 372
1612385812432 0.09094763335896962 373
1612385880999 0.1204894407471614 374
1612385949910 0.09048785825273883 375
1612386018376 0.09622476616902138 376
1612386086613 0.1270579944795637 377
1612386154949 0.09636481484370445 378
1612386223082 0.056921754310380164 379
1612386291765 0.0610877471183663 380
1612386360371 0.05978300767158395 381
1612386432216 0.06728489541295748 382
1612386500604 0.06540774498412859 383
1612386568980 0.08364637752077472 384
1612386637975 0.05790913193973143 385
1612386706922 0.0647755140688882 386
1612386775627 0.05911953413664405 387
1612386844054 0.057656416252477846 388
1612386912639 0.06230379574334444 389
1612386981219 0.06553975325911793 390
1612387049689 0.05954110622406006 391
1612387119760 0.10697021769053901 392
1612387188796 0.10570327648475988 393
1612387258049 0.0818542286531249 394
1612387327205 0.08284814055286237 395
1612387395981 0.09389060201929576 396
1612387464503 0.09038745467342547 397
1612387532739 0.08508316972362462 398
1612387601520 0.06664593806907312 399
1612387670128 0.10453865866162884 400
1612387739117 0.09585154234473385 401
1612387807592 0.08669635253166084 402
1612387876437 0.06587081791749641 403
1612387944895 0.06564989196720408 404
1612388013364 0.08635285897041435 405
1612388081914 0.09498997054882903 406
1612388152326 0.065998507969415 407
1612388221275 0.07708531084345348 408
1612388289605 0.06760756649188142 409
1612388359577 0.13032380235728933 410
1612388427925 0.08344371372194433 411
1612388496760 0.072287798817478 412
1612388565226 0.059459322424077275 413
1612388633896 0.07451286778521182 414
1612388702277 0.0650804710032335 415
1612388771525 0.09185305104326846 416
1612388840217 0.07436630885992478 417
1612388908814 0.10382762239940131 418
1612388977865 0.05276760147578681 419
1612389048248 0.07050532992206403 420
1612389116832 0.07027462703078541 421
1612389187042 0.04626485038159499 422
1612389255335 0.0884443663839084 423
1612389323986 0.07013498224429231 424
1612389393751 0.0598270323739123 425
1612389462148 0.06347901162816517 426
1612389530562 0.05522960869234 427
1612389600774 0.07599407078614875 428
1612389670971 0.07539029352700533 429
1612389741458 0.05481093855046514 430
1612389809468 0.08941917455018457 431
1612389877966 0.08125964385360035 432
1612389948504 0.0685315310065426 433
1612390017478 0.07727544076407133 434
1612390086076 0.07449711347693827 435
1612390154919 0.09234240517687442 436
1612390223715 0.09578338932635179 437
1612390292995 0.09219896081668227 438
1612390361916 0.12014503799267669 439
1612390431019 0.06968475010857653 440
1612390499598 0.12195678077526946 441
1612390568444 0.08214488670007507 442
1612390637609 0.08170455783160764 443
1612390706256 0.10902918897457976 444
1612390774392 0.07445833131448547 445
1612390842939 0.09512133918591399 446
1612390912416 0.0704337812181729 447
1612390981302 0.08158195285654779 448
1612391049581 0.06573461863531996 449
1612391118550 0.09375162355935396 450
1612391186793 0.07559157841241182 451
1612391256915 0.08337131898794602 452
1612391325717 0.05454716308793025 453
1612391394755 0.10124006289154736 454
1612391463284 0.06429020593415445 455
1612391531467 0.06695585553325824 456
1612391600060 0.08824812743201185 457
1612391669141 0.07625754288773039 458
1612391738013 0.11690744980057674 459
1612391806387 0.07054430424277462 460
1612391875025 0.07061269301087109 461
1612391943669 0.09509734787158113 462
1612392012598 0.05709094965635841 463
1612392081366 0.10407129419383718 464
1612392150062 0.057755059270716426 465
1612392218311 0.06988929456739283 466
1612392287069 0.074978469023064 467
1612392355414 0.07646306593026687 468
1612392425970 0.06453486787739085 469
1612392494543 0.07333633703971977 470
1612392562954 0.07867134951833468 471
1612392631639 0.0932762916408368 472
1612392700427 0.05743097636237073 473
1612392769527 0.08875730678216735 474
1612392838177 0.05462608764420694 475
1612392906649 0.08763027458048578 476
1612392977026 0.0796845724333578 477
1612393047112 0.05308874774335036 478
1612393115962 0.05808026310223252 479
1612393184544 0.09046414450033387 480
1612393253347 0.0631917047856459 481
1612393322003 0.07112244794617838 482
1612393390435 0.07856832155540808 483
1612393459754 0.06966281648892075 484
1612393528249 0.05692998686833168 485
1612393597373 0.07040210980087963 486
1612393665673 0.083846286161622 487
1612393733924 0.10203481965990209 488
1612393802405 0.052863817606399306 489
1612393871299 0.09060785930548142 490
1612393939716 0.051770446905449255 491
1612394008310 0.0881722302579168 492
1612394076866 0.11613041785225939 493
1612394145238 0.057735798074238336 494
1612394213576 0.08316589647264623 495
1612394281691 0.07977696319124591 496
1612394350472 0.09275051284192214 497
1612394418721 0.07601878625243458 498
1612394486930 0.0751215824440344 499
1612394555754 0.10080392325102393 500
1612394624800 0.10646620437280456 501
1612394693163 0.06406953085714312 502
1612394761972 0.0770214680415481 503
1612394830490 0.0732003761761224 504
1612394898622 0.05842169629993724 505
1612394967313 0.05133897244040646 506
1612395036495 0.07247411670969493 507
1612395104956 0.06415636059063584 508
1612395173572 0.05146423026696959 509
1612395242147 0.07624031269728247 510
1612395310782 0.10099809027429837 511
1612395379766 0.12784695447380864 512
1612395448108 0.05855958942157119 513
1612395517022 0.0928093043725882 514
1612395585290 0.05298459974687491 515
1612395653874 0.09048255610821852 516
1612395722379 0.09418757282086272 517
1612395791516 0.06122184244554434 518
1612395859894 0.11201487548315703 519
1612395928752 0.05795308547233468 520
1612395997367 0.09114817185188408 521
1612396066392 0.05963027210377935 522
1612396135242 0.08317886270693879 523
1612396203885 0.08166852015167919 524
1612396272701 0.07033798498893852 525
1612396341790 0.07029767712550376 526
1612396410472 0.06605993900726091 527
1612396479502 0.06045896971403663 528
1612396549776 0.06911625168216762 529
1612396618122 0.11223932611408519 530
1612396686782 0.06714459675461498 531
1612396754885 0.05249861816861736 532
1612396823242 0.08437395095825195 533
1612396892426 0.09581429833796487 534
1612396961160 0.06449014126364865 535
1612397029362 0.07535818886401048 536
1612397098152 0.059317112858615705 537
1612397168441 0.1142234651010428 538
1612397236749 0.09761643854539785 539
1612397305374 0.07723636146801621 540
1612397374078 0.08801338298996883 541
1612397442447 0.06708059115196342 542
1612397510886 0.08258078703239782 543
1612397581116 0.09914788025528637 544
1612397649594 0.042618286253801034 545
1612397718028 0.047359226354912146 546
1612397786523 0.06504157585884209 547
1612397857074 0.07256073916136328 548
1612397925850 0.10541080894754894 549
1612397994635 0.08723952165290491 550
1612398063467 0.06863074249296046 551
1612398132412 0.08198752776900334 552
1612398200698 0.07373539992232821 553
1612398270722 0.09481191457207523 554
1612398339599 0.05624901981496099 555
1612398408461 0.06615865586408928 556
1612398477260 0.13148457345677844 557
1612398546503 0.09619512308889361 558
1612398615028 0.057766847646058495 559
1612398683388 0.11641282465920519 560
1612398752088 0.06242975459169986 561
1612398820989 0.11953068046427484 562
1612398889571 0.0660924502273104 563
1612398958172 0.06595685410855422 564
1612399026546 0.07028177069194282 565
1612399094879 0.05758068365837211 566
1612399163157 0.05583640621669257 567
1612399232023 0.07998108507981941 568
1612399300746 0.1073683206714801 569
1612399369372 0.1217245717546833 570
1612399439415 0.05495196402962528 571
1612399508385 0.0824802251004461 572
1612399576880 0.08209173625974513 573
1612399645518 0.062180803782904324 574
1612399714462 0.06903073680934621 575
1612399783080 0.10181107983660342 576
1612399851589 0.11273804084578556 577
1612399922003 0.0627237318167046 578
1612399990768 0.07767130901564413 579
1612400059653 0.10647161505115565 580
1612400128436 0.07756519495551266 581
1612400196778 0.07327748946289518 582
1612400265377 0.0699024547391863 583
1612400334085 0.07907278502165381 584
1612400403185 0.05996099069936952 585
1612400471753 0.058931764382034985 586
1612400539921 0.06305202886239807 587
1612400608678 0.081308238541902 588
1612400677116 0.08400811188256563 589
1612400746214 0.06435707700786306 590
1612400814597 0.06991757207842016 591
1612400883190 0.059907145464598244 592
1612400951918 0.06472004171627671 593
1612401020676 0.06496345285159438 594
1612401089094 0.08181221894363859 595
1612401157883 0.10292532016981894 596
1612401226907 0.07790638261766576 597
1612401295481 0.084120477313426 598
1612401364042 0.05190799752278114 599
1612401433472 0.06086945622714598 600
1612401501768 0.05331916328686387 601
1612401570296 0.053530027617269486 602
1612401639150 0.07836580543375726 603
1612401708113 0.08183745394891767 604
1612401776516 0.06944087103231629 605
1612401844787 0.0753849326674618 606
1612401913383 0.07615889631100554 607
1612401982476 0.11359937689197597 608
1612402050788 0.06843758430053938 609
1612402120056 0.08355570640136946 610
1612402189119 0.06678681409181055 611
1612402257953 0.08192763755570596 612
1612402326581 0.06339488723384801 613
1612402395182 0.056263435242781 614
1612402463875 0.0648914878048114 615
1612402532459 0.07196499251607638 616
1612402601101 0.0738703323833978 617
1612402671175 0.131315437715445 618
1612402739660 0.05330270528793335 619
1612402808876 0.06575785644018828 620
1612402877474 0.07141634955335019 621
1612402946003 0.08548802404261346 622
1612403015140 0.09232329699530531 623
1612403083603 0.08338675570132127 624
1612403152455 0.09570229765194566 625
1612403220891 0.07326874804140916 626
1612403291203 0.07141285778871223 627
1612403359585 0.06207812099314448 628
1612403428158 0.07869073704107483 629
1612403496762 0.11184086016754606 630
1612403565625 0.08394473524235968 631
1612403634198 0.0577658788481755 632
1612403704320 0.10361742528516855 633
1612403772737 0.09256176539321444 634
1612403841256 0.09012220955606717 635
1612403910106 0.044162112385479374 636
1612403978927 0.07253346069535213 637
1612404048655 0.07658527057562302 638
1612404117342 0.09272659981428687 639
1612404186367 0.07787020882563804 640
1612404255010 0.06539526448320987 641
1612404323518 0.0801444133715843 642
1612404392186 0.08563994115857936 643
1612404460928 0.07092201887671627 644
1612404529474 0.052953497687382486 645
1612404598689 0.06697440770134996 646
1612404667248 0.07761898058563915 647
1612404735871 0.05870062646581166 648
1612404806484 0.07676179284480081 649
1612404875072 0.046183104835339446 650
1612404943769 0.07128170888815354 651
1612405012275 0.07468540010167592 652
1612405081078 0.05205854195267407 653
1612405149764 0.07928441531622588 654
1612405219981 0.050598453229932644 655
1612405288800 0.08709365218432981 656
1612405357540 0.07462893582102079 657
1612405426048 0.06712814053492759 658
1612405494601 0.06850823092816481 659
1612405563676 0.07930659091294702 660
1612405632400 0.05193687019063466 661
1612405700788 0.05570497975420596 662
1612405769438 0.08550208451142952 663
1612405838052 0.0602429037663474 664
1612405909521 0.05500675315287576 665
1612405978213 0.10339246490108434 666
1612406046719 0.08038784496819795 667
1612406115819 0.050138998387464835 668
1612406185365 0.059970848595918114 669
1612406253966 0.052357130975865605 670
1612406322424 0.06588569683815117 671
1612406392398 0.06915421717202486 672
1612406461161 0.07251632124630374 673
1612406529680 0.11323253165430097 674
1612406598237 0.07564848572460574 675
1612406666891 0.07585119845262214 676
1612406735714 0.0780108232996357 677
1612406806169 0.11442347248988365 678
1612406874491 0.051762781926055455 679
1612406943347 0.09298813076161627 680
1612407011999 0.06468404851742644 681
1612407080534 0.052054767288378816 682
1612407148829 0.04838532298358519 683
1612407217230 0.08011093424327338 684
1612407285812 0.06402927903986688 685
1612407354099 0.11649516002455754 686
1612407424276 0.06756725151147415 687
1612407493030 0.04272346087356112 688
1612407562854 0.064588760262105 689
1612407632338 0.0746806361782017 690
1612407701053 0.06143021583557129 691
1612407769791 0.07594868763169246 692
1612407838457 0.05388273320980926 693
1612407907899 0.04680282767139264 694
1612407976960 0.09782053908305381 695
1612408045153 0.07185843898289239 696
1612408113816 0.09350609156622816 697
1612408182610 0.06069075527475841 698
1612408251555 0.11225410094901697 699
1612408320602 0.08885761962008121 700
1612408389262 0.11078570849859892 701
1612408458516 0.10838206223587492 702
1612408528757 0.07422852783060785 703
1612408597167 0.0704239010810852 704
1612408666824 0.06464664082028973 705
1612408735509 0.0794839538745026 706
1612408804192 0.07438089509508503 707
1612408873600 0.0725904676451612 708
1612408942551 0.05784857095177494 709
1612409011144 0.052657686952334734 710
1612409079944 0.06727047998513748 711
1612409148679 0.0676567723501974 712
1612409217122 0.07544465296304048 713
1612409285538 0.09532688980671897 714
1612409354017 0.07100965638658893 715
1612409422593 0.06329236190710495 716
1612409491037 0.05183232720218488 717
1612409559703 0.06468816657564533 718
1612409628050 0.06798602218058572 719
1612409697023 0.04595756797648188 720
1612409765963 0.06576424837112427 721
1612409834610 0.05563598337458141 722
1612409902989 0.07189525152320292 723
1612409971821 0.08361838379902627 724
1612410040280 0.07112658557607167 725
1612410108385 0.098236767213736 726
1612410177069 0.07272733147464581 727
1612410245878 0.08194890484881046 728
1612410314183 0.06207817792892456 729
1612410382908 0.060680074478263284 730
1612410451473 0.07371770979753181 731
1612410520389 0.055055645864401294 732
1612410589220 0.08235408743815635 733
1612410657862 0.05690738425325992 734
1612410726482 0.05433028313651014 735
1612410795400 0.04534547364533837 736
1612410864736 0.043679470446572374 737
1612410933380 0.10600246066477761 738
1612411002090 0.053864036033402625 739
1612411071212 0.09977504388609928 740
1612411139918 0.0848833651685003 741
1612411208532 0.09637200120669692 742
1612411277204 0.056893449221084365 743
1612411345705 0.05835593369469714 744
1612411414693 0.06926421709914705 745
1612411483694 0.08000517781101056 746
1612411552400 0.0784319016470838 747
1612411620772 0.057614639623841245 748
1612411689455 0.061515472718139196 749
1612411757943 0.05161159874787971 750
1612411826522 0.07630768551755307 751
1612411895146 0.06172661638971585 752
1612411963944 0.0703497288832024 753
1612412034633 0.04726178788427097 754
1612412103111 0.06481993465281244 755
1612412171781 0.055887467825590675 756
1612412240983 0.059626573946938585 757
1612412309846 0.05582958993627064 758
1612412378409 0.05117913591327952 759
1612412447184 0.056816223841994556 760
1612412515718 0.07947753970302752 761
1612412584201 0.07028415932584164 762
1612412653084 0.04120659383375253 763
1612412721872 0.05687550288527759 764
1612412790718 0.07886901364397647 765
1612412859306 0.08486033108697008 766
1612412930082 0.06884744629931094 767
1612412998931 0.07329847830445019 768
1612413067633 0.06237140787181569 769
1612413136357 0.06245374946451899 770
1612413204555 0.07028228489320669 771
1612413273552 0.08646375207758661 772
1612413342158 0.08767467559273563 773
1612413410939 0.10982655589260272 774
1612413479782 0.06117004334036984 775
1612413548460 0.0667546453760631 776
1612413616906 0.059766532769843714 777
1612413686079 0.08505417606723842 778
1612413756324 0.07493467562234224 779
1612413826612 0.09219001656147971 780
1612413895237 0.09961242195385606 781
1612413964033 0.0654196232112486 782
1612414033931 0.04165376033355941 783
1612414102737 0.05684618095853435 784
1612414171197 0.08679214965051679 785
1612414239710 0.0460153453385652 786
1612414310275 0.06114219907504409 787
1612414380828 0.08704497654046585 788
1612414449544 0.049081345102680266 789
1612414518428 0.10495041288546662 790
1612414587336 0.06062545972083932 791
1612414656084 0.09797337606771668 792
1612414724391 0.06363422212316029 793
1612414793020 0.05860717794788418 794
1612414861830 0.05424544615532035 795
1612414930278 0.08190300126573932 796
1612414999134 0.057686079793901585 797
1612415069478 0.07256697273966092 798
1612415138064 0.04809195070124384 799
1612415206637 0.056556543307517894 800
1612415276967 0.07012765532109275 801
1612415347370 0.060027740784545446 802
1612415416046 0.06833672078687754 803
1612415486750 0.04841613324720468 804
1612415555196 0.04770867949101462 805
1612415623978 0.066176643122488 806
1612415692502 0.057464155688214655 807
1612415761117 0.06859227169805499 808
1612415829732 0.05936674484566076 809
1612415897928 0.05630974716214991 810
1612415966257 0.045627023746718225 811
1612416035750 0.06542500809057435 812
1612416105755 0.06965259473715256 813
1612416174566 0.04924910637869764 814
1612416243346 0.09010089689226293 815
1612416312677 0.04524643385588233 816
1612416381226 0.0953419021706083 817
1612416449987 0.056862455695422726 818
1612416518611 0.08407492335162946 819
1612416587331 0.0859472644862844 820
1612416656181 0.06504469398242324 821
1612416724690 0.0586027672041708 822
1612416793768 0.0871635942316767 823
1612416863113 0.09111994593890745 824
1612416931797 0.05954446276622032 825
1612417000935 0.04851106832276529 826
1612417069558 0.040635148980724276 827
1612417139525 0.06128138748567496 828
1612417208447 0.04771270591821244 829
1612417276907 0.04935382462259549 830
1612417345945 0.04211377563761241 831
1612417414266 0.06199556589126587 832
1612417482960 0.04841618217639069 833
1612417551444 0.06644822412462377 834
1612417620118 0.055920853543637405 835
1612417688892 0.06918987142505931 836
1612417757382 0.06200854813874657 837
1612417825855 0.05633978434463045 838
1612417894571 0.06618632843245321 839
1612417963100 0.0524505866107656 840
1612418033584 0.0748931925688217 841
1612418101861 0.0907200770591622 842
1612418170148 0.05635773779740974 843
1612418239129 0.052707209515927445 844
1612418307753 0.06370090103861112 845
1612418376655 0.04036405460158391 846
1612418444928 0.06694394705900505 847
1612418513399 0.06788517201124732 848
1612418582157 0.045468818785539315 849
1612418650598 0.05156156554150937 850
1612418718990 0.061910532303710485 851
1612418787486 0.051296229682751555 852
1612418855759 0.07436428052275929 853
1612418924857 0.08030407286402005 854
1612418993818 0.06283385807008886 855
1612419062747 0.08701499451452227 856
1612419131707 0.07008704231746161 857
1612419200277 0.08883666191528093 858
1612419269145 0.0682823827017599 859
1612419337877 0.11172920020658579 860
1612419407958 0.051996166136727404 861
1612419476437 0.06305261512300861 862
1612419546799 0.0645111612419584 863
1612419615501 0.08071935265811521 864
1612419684211 0.04265296370235842 865
1612419752599 0.080373973988775 866
1612419820593 0.0739575660050805 867
1612419889468 0.07107487454343198 868
1612419959432 0.08887938510126142 869
1612420027655 0.08379366415650097 870
1612420096528 0.04078906329710092 871
1612420165245 0.06661005607291834 872
1612420233541 0.04915931598464055 873
1612420302542 0.05232991389374235 874
1612420370921 0.10082971160091571 875
1612420439816 0.08583842818416766 876
1612420508820 0.07412478194307925 877
1612420577432 0.08930852430969921 878
1612420647572 0.04620639512788004 879
1612420715965 0.06172807003135112 880
1612420784861 0.0555175516142774 881
1612420853367 0.07257411640081833 882
1612420922711 0.06642460734096926 883
1612420991159 0.0654695861375154 884
1612421059761 0.09896558345253788 885
1612421128239 0.04795424351051672 886
1612421197019 0.07415778067574572 887
1612421265928 0.0744261955147359 888
1612421334629 0.062486233995921577 889
1612421402937 0.0772209016244803 890
1612421471632 0.049157917499542236 891
1612421540399 0.07355212453585952 892
1612421610417 0.050540144763775725 893
1612421679121 0.06028000098555835 894
1612421747885 0.05364402105559164 895
1612421818651 0.07098533769152057 896
1612421887653 0.08004495101188545 897
1612421956453 0.057917465914541215 898
1612422024887 0.035596529939281404 899
1612422093701 0.08491016234924544 900
1612422162329 0.06452337574602952 901
1612422231309 0.061689555644989014 902
1612422300163 0.10191934055356837 903
1612422368704 0.0546268509395087 904
1612422437188 0.06691965149409736 905
1612422505892 0.05962019713956918 906
1612422574735 0.07339433769681561 907
1612422643794 0.04431161151003482 908
1612422712306 0.06944223927028144 909
1612422781418 0.057085399307421784 910
1612422850364 0.05949811081388103 911
1612422920551 0.09183216717705797 912
1612422989093 0.04225725736191024 913
1612423057526 0.052397203089585946 914
1612423125793 0.06510311809938345 915
1612423193895 0.0389342912987097 916
1612423262672 0.06288613490204313 917
1612423331801 0.08743574548123488 918
1612423400277 0.06973455023409715 919
1612423469280 0.09394098039883286 920
1612423538686 0.04629241530574969 921
1612423606739 0.06034558833535038 922
1612423675249 0.08175850537285875 923
1612423744044 0.03520113229751587 924
1612423812624 0.06676512066997699 925
1612423881398 0.048803867688819544 926
1612423950047 0.06781692647222262 927
1612424018880 0.03704493526202529 928
1612424086989 0.09217162808375572 929
1612424155424 0.07108886562176604 930
1612424224037 0.05878615379333496 931
1612424292619 0.06447416188111946 932
1612424362108 0.05948290095400455 933
1612424430470 0.06898141796909162 934
1612424499125 0.04656750408571158 935
1612424568020 0.05553464035489666 936
1612424636778 0.06856056469589916 937
1612424705423 0.09971638757791092 938
1612424774063 0.05220017326411916 939
1612424842466 0.09591272250929875 940
1612424911320 0.06820156592041698 941
1612424980096 0.05915994964428802 942
1612425048506 0.0509712731660302 943
1612425118811 0.04788824248669753 944
1612425187240 0.0752139242727365 945
1612425255841 0.06646943715081285 946
1612425324246 0.06018536037473536 947
1612425392625 0.07141415574657384 948
1612425462711 0.06659549029905405 949
1612425531202 0.05093936955750878 950
1612425599723 0.09632799073831359 951
1612425668498 0.06666112479878895 952
1612425737147 0.038728800282549505 953
1612425805585 0.05640036312501822 954
1612425874257 0.0481229780325249 955
1612425943438 0.0716870569471103 956
1612426012505 0.05473939785316809 957
1612426080931 0.043052348627972956 958
1612426149567 0.0811021158944315 959
1612426218337 0.0648469898238111 960
1612426286991 0.06520337044303097 961
1612426355375 0.06501087412905338 962
1612426424000 0.07844054876868405 963
1612426492881 0.08341547357502269 964
1612426561764 0.040625670952583424 965
1612426630097 0.0764541172269565 966
1612426698638 0.08616237409079253 967
1612426767145 0.0910059747411244 968
1612426835684 0.08168140365116631 969
1612426904446 0.0813256902481193 970
1612426972982 0.07194377860026573 971
1612427041849 0.07323602509142747 972
1612427111007 0.06805587259691152 973
1612427179526 0.08549609468944037 974
1612427248091 0.05616672181371433 975
1612427316409 0.05375091086572675 976
1612427384877 0.03760111065053228 977
1612427453539 0.08138787390580818 978
1612427522526 0.0498588565570205 979
1612427591804 0.10820765815564055 980
1612427660733 0.07760969293651296 981
1612427729387 0.04319079509421961 982
1612427798201 0.08101390546827174 983
1612427867060 0.06273235936663044 984
1612427935661 0.07031531298338477 985
1612428004121 0.05904527653509112 986
1612428073115 0.06744837938849606 987
1612428142362 0.06351140452854669 988
1612428210823 0.07055023268087586 989
1612428280384 0.0530874462270025 990
1612428348854 0.07214452170613986 991
1612428418186 0.04899147731154712 992
1612428487607 0.06220756270992222 993
1612428556856 0.06674056889405891 994
1612428625894 0.051460862159729004 995
1612428694509 0.08623339435947475 996
1612428765204 0.06992571834307998 997
1612428834119 0.07055022556390335 998
1612428902566 0.05482781467153065 999
