1616223001288 0.3722182390245391 0
1616223001290 0.3722182390245391 0
1616223127416 0.5196567891608983 1
1616223127418 0.5196567891608983 1
1616223253631 0.5886898380596891 2
1616223253633 0.5886898380596891 2
1616223379578 0.6173384584119939 3
1616223379580 0.6173384584119939 3
1616223505595 0.6431219124266948 4
1616223505597 0.6431219124266948 4
1616223631634 0.6627908574133239 5
1616223631636 0.6627908574133239 5
1616223757333 0.6786096418117928 6
1616223757335 0.6786096418117928 6
1616223883145 0.6921984876533296 7
1616223883147 0.6921984876533296 7
1616224008520 0.7047496682951072 8
1616224008523 0.7047496682951072 8
1616224134120 0.7156200457449542 9
1616224134123 0.7156200457449542 9
1616224259926 0.7246153744504165 10
1616224259928 0.7246153744504165 10
1616224385531 0.7300700923585751 11
1616224385534 0.7300700923585751 11
1616224511183 0.7349494846366336 12
1616224511185 0.7349494846366336 12
1616224636586 0.7404683937988905 13
1616224636589 0.7404683937988905 13
1616224762171 0.7458549679520612 14
1616224762173 0.7458549679520612 14
1616224888168 0.7512064091272446 15
1616224888170 0.7512064091272446 15
1616225014300 0.7550144251604507 16
1616225014302 0.7550144251604507 16
1616225139953 0.759506943335062 17
1616225139955 0.759506943335062 17
1616225265606 0.762835132526992 18
1616225265608 0.762835132526992 18
1616225391058 0.7664496347173978 19
1616225391061 0.7664496347173978 19
1616225516818 0.7701522894931 20
1616225516820 0.7701522894931 20
1616225642282 0.7727405602565245 21
1616225642285 0.7727405602565245 21
1616225767679 0.7755082031355051 22
1616225767681 0.7755082031355051 22
1616225893515 0.7788184076941872 23
1616225893517 0.7788184076941872 23
1616226018934 0.7817080395815781 24
1616226018936 0.7817080395815781 24
1616226144582 0.7842346261710821 25
1616226144585 0.7842346261710821 25
1616226270271 0.7865801849173515 26
1616226270273 0.7865801849173515 26
1616226395808 0.7888875489732493 27
1616226395810 0.7888875489732493 27
1616226521591 0.7909795581230247 28
1616226521593 0.7909795581230247 28
1616226647074 0.7927297711237304 29
1616226647076 0.7927297711237304 29
1616226772602 0.7947910377344117 30
1616226772604 0.7947910377344117 30
1616226898355 0.7966862042848009 31
1616226898357 0.7966862042848009 31
1616227024105 0.7986942739687836 32
1616227024107 0.7986942739687836 32
1616227149815 0.8005146096586556 33
1616227149817 0.8005146096586556 33
1616227275265 0.8023073445342762 34
1616227275268 0.8023073445342762 34
1616227400979 0.8040521043911332 35
1616227400982 0.8040521043911332 35
1616227526495 0.8057220675545662 36
1616227526498 0.8057220675545662 36
1616227651978 0.807349764973315 37
1616227651980 0.807349764973315 37
1616227777600 0.8088403788004384 38
1616227777603 0.8088403788004384 38
1616227903052 0.8102220307695905 39
1616227903054 0.8102220307695905 39
1616228028369 0.8114584940418843 40
1616228028372 0.8114584940418843 40
1616228153641 0.8125578695867736 41
1616228153643 0.8125578695867736 41
1616228279040 0.813677165984547 42
1616228279042 0.813677165984547 42
1616228404719 0.8149305269169301 43
1616228404721 0.8149305269169301 43
1616228530370 0.8161200777839666 44
1616228530372 0.8161200777839666 44
1616228655593 0.81718723519416 45
1616228655595 0.81718723519416 45
1616228781144 0.8179820749286296 46
1616228781146 0.8179820749286296 46
1616228906628 0.818998600605284 47
1616228906631 0.818998600605284 47
1616229032128 0.8199027313658837 48
1616229032131 0.8199027313658837 48
1616229157507 0.8207849550932511 49
1616229157511 0.8207849550932511 49
1616229282865 0.8217631394734289 50
1616229282867 0.8217631394734289 50
1616229408158 0.8226809589074431 51
1616229408160 0.8226809589074431 51
1616229533321 0.8236572343032548 52
1616229533324 0.8236572343032548 52
1616229658411 0.8246279523292633 53
1616229658413 0.8246279523292633 53
1616229784029 0.8255694944580582 54
1616229784031 0.8255694944580582 54
1616229909511 0.8264889026677545 55
1616229909514 0.8264889026677545 55
1616230034652 0.8273428646253235 56
1616230034654 0.8273428646253235 56
1616230159802 0.8281725465894785 57
1616230159804 0.8281725465894785 57
1616230285178 0.8290381521852642 58
1616230285181 0.8290381521852642 58
1616230410550 0.8298138585074308 59
1616230410553 0.8298138585074308 59
1616230535876 0.8298576246729327 60
1616230535879 0.8298576246729327 60
1616230661415 0.8303956546387881 61
1616230661417 0.8303956546387881 61
1616230786650 0.8309973602346328 62
1616230786652 0.8309973602346328 62
1616230911921 0.8315323752175479 63
1616230911924 0.8315323752175479 63
1616231037611 0.8320249231076998 64
1616231037613 0.8320249231076998 64
1616231162774 0.8326880923331913 65
1616231162776 0.8326880923331913 65
1616231288295 0.8333698946047235 66
1616231288297 0.8333698946047235 66
1616231413482 0.8340577723461691 67
1616231413484 0.8340577723461691 67
1616231538859 0.834761641353274 68
1616231538861 0.834761641353274 68
1616231664307 0.8346300442649074 69
1616231664310 0.8346300442649074 69
1616231789841 0.8349777355023551 70
1616231789843 0.8349777355023551 70
1616231915117 0.835479053131647 71
1616231915119 0.835479053131647 71
1616232040354 0.836046318453194 72
1616232040356 0.836046318453194 72
1616232165580 0.8366312633840439 73
1616232165582 0.8366312633840439 73
1616232290728 0.837185967060262 74
1616232290731 0.837185967060262 74
1616232415958 0.8377328394902995 75
1616232415961 0.8377328394902995 75
1616232541534 0.838163529169045 76
1616232541536 0.838163529169045 76
1616232667023 0.8385713836562235 77
1616232667027 0.8385713836562235 77
1616232792421 0.8390968480633716 78
1616232792423 0.8390968480633716 78
1616232918174 0.839582562523051 79
1616232918176 0.839582562523051 79
1616233043829 0.8401357911676571 80
1616233043831 0.8401357911676571 80
1616233169475 0.8405980561115082 81
1616233169477 0.8405980561115082 81
1616233294856 0.8411031501977254 82
1616233294858 0.8411031501977254 82
1616233420072 0.8415767717069566 83
1616233420074 0.8415767717069566 83
1616233545378 0.842067246322849 84
1616233545380 0.842067246322849 84
1616233670587 0.8425582289674372 85
1616233670590 0.8425582289674372 85
1616233795692 0.8430498947921536 86
1616233795694 0.8430498947921536 86
1616233921345 0.8435295011882495 87
1616233921348 0.8435295011882495 87
1616234046634 0.8440224781316994 88
1616234046636 0.8440224781316994 88
1616234171761 0.844501767996198 89
1616234171763 0.844501767996198 89
1616234297012 0.844955061901382 90
1616234297014 0.844955061901382 90
1616234422418 0.8454256129063136 91
1616234422420 0.8454256129063136 91
1616234547502 0.8458805459455367 92
1616234547504 0.8458805459455367 92
1616234672722 0.8463102183168076 93
1616234672725 0.8463102183168076 93
1616234797815 0.8467270725062911 94
1616234797817 0.8467270725062911 94
1616234923177 0.8470411015678344 95
1616234923179 0.8470411015678344 95
1616235048312 0.847485757951995 96
1616235048315 0.847485757951995 96
1616235173756 0.847939562924097 97
1616235173758 0.847939562924097 97
1616235298969 0.8483095209266924 98
1616235298971 0.8483095209266924 98
1616235424277 0.8487140145129378 99
1616235424280 0.8487140145129378 99
1616235549936 0.8491234776469821 100
1616235549938 0.8491234776469821 100
1616235675001 0.8495403110061857 101
1616235675003 0.8495403110061857 101
1616235800073 0.8499478731216057 102
1616235800076 0.8499478731216057 102
1616235925498 0.8503088300979236 103
1616235925500 0.8503088300979236 103
1616236050579 0.8507180146443053 104
1616236050582 0.8507180146443053 104
1616236175923 0.8511394888514572 105
1616236175925 0.8511394888514572 105
1616236301254 0.8515004147929505 106
1616236301257 0.8515004147929505 106
1616236426695 0.8518785682386638 107
1616236426698 0.8518785682386638 107
1616236551853 0.8522353077502363 108
1616236551855 0.8522353077502363 108
1616236677364 0.8525183021350644 109
1616236677366 0.8525183021350644 109
1616236802583 0.8528560356016662 110
1616236802585 0.8528560356016662 110
1616236927986 0.8531901205075109 111
1616236927988 0.8531901205075109 111
1616237053224 0.8535434431868882 112
1616237053227 0.8535434431868882 112
1616237178498 0.8539180256052582 113
1616237178501 0.8539180256052582 113
1616237303473 0.854261012043693 114
1616237303475 0.854261012043693 114
1616237428790 0.854597831075776 115
1616237428792 0.854597831075776 115
1616237554264 0.8549333774535123 116
1616237554266 0.8549333774535123 116
1616237679591 0.8552676597542401 117
1616237679594 0.8552676597542401 117
1616237804998 0.8555819815724892 118
1616237805001 0.8555819815724892 118
1616237930596 0.8559051608171683 119
1616237930598 0.8559051608171683 119
1616238056091 0.8562345156428045 120
1616238056093 0.8562345156428045 120
1616238181170 0.8565650564760975 121
1616238181172 0.8565650564760975 121
1616238306448 0.856831920828861 122
1616238306450 0.856831920828861 122
1616238431603 0.8571378925300785 123
1616238431605 0.8571378925300785 123
1616238556890 0.8574375519005345 124
1616238556892 0.8574375519005345 124
1616238682084 0.8577564031195626 125
1616238682087 0.8577564031195626 125
1616238807489 0.8580835761410915 126
1616238807491 0.8580835761410915 126
1616238932813 0.8583827797837543 127
1616238932815 0.8583827797837543 127
1616239058293 0.858687439670086 128
1616239058295 0.858687439670086 128
1616239183499 0.8589915286903057 129
1616239183501 0.8589915286903057 129
1616239308743 0.8593140292668093 130
1616239308746 0.8593140292668093 130
1616239433852 0.8596048983220883 131
1616239433854 0.8596048983220883 131
1616239559421 0.859904370431677 132
1616239559423 0.859904370431677 132
1616239684558 0.8602001655545576 133
1616239684560 0.8602001655545576 133
1616239810114 0.8604740289703616 134
1616239810117 0.8604740289703616 134
1616239935661 0.8607536257280309 135
1616239935663 0.8607536257280309 135
1616240061053 0.8610630655816388 136
1616240061055 0.8610630655816388 136
1616240186325 0.861329898228228 137
1616240186327 0.861329898228228 137
1616240311866 0.8616142382932637 138
1616240311869 0.8616142382932637 138
1616240437205 0.8619058356618499 139
1616240437207 0.8619058356618499 139
1616240563015 0.8621813999754107 140
1616240563018 0.8621813999754107 140
1616240688278 0.8624528479418087 141
1616240688280 0.8624528479418087 141
1616240813569 0.8627285927080812 142
1616240813572 0.8627285927080812 142
1616240938743 0.8630041413909496 143
1616240938745 0.8630041413909496 143
1616241064133 0.8630550042116848 144
1616241064135 0.8630550042116848 144
1616241190441 0.8630055240196199 145
1616241190444 0.8630055240196199 145
1616241315970 0.8631605653516176 146
1616241315973 0.8631605653516176 146
1616241441830 0.863363684290498 147
1616241441832 0.863363684290498 147
1616241567079 0.8636043705914166 148
1616241567081 0.8636043705914166 148
1616241692646 0.8638650196216944 149
1616241692649 0.8638650196216944 149
1616241818236 0.8641100914240204 150
1616241818240 0.8641100914240204 150
1616241943444 0.8643622872652457 151
1616241943447 0.8643622872652457 151
1616242068584 0.8646223650080632 152
1616242068587 0.8646223650080632 152
1616242193966 0.8649002298259777 153
1616242193969 0.8649002298259777 153
1616242319270 0.8651646153474876 154
1616242319272 0.8651646153474876 154
1616242444451 0.8654103676901275 155
1616242444454 0.8654103676901275 155
1616242570022 0.8656430023113346 156
1616242570024 0.8656430023113346 156
1616242695534 0.8659043459683717 157
1616242695536 0.8659043459683717 157
1616242820901 0.8661552062860284 158
1616242820903 0.8661552062860284 158
1616242946127 0.866380514360694 159
1616242946129 0.866380514360694 159
1616243071505 0.8666193579027561 160
1616243071508 0.8666193579027561 160
1616243196713 0.8668633531130987 161
1616243196716 0.8668633531130987 161
1616243321994 0.8670981681004242 162
1616243321997 0.8670981681004242 162
1616243447261 0.8673522363124184 163
1616243447263 0.8673522363124184 163
1616243572657 0.8675899114649713 164
1616243572659 0.8675899114649713 164
1616243697965 0.8678090763556648 165
1616243697967 0.8678090763556648 165
1616243823311 0.8680392325116663 166
1616243823314 0.8680392325116663 166
1616243948496 0.8682852454573124 167
1616243948499 0.8682852454573124 167
1616244073823 0.8685078102288583 168
1616244073825 0.8685078102288583 168
1616244199120 0.8687565636915714 169
1616244199122 0.8687565636915714 169
1616244324420 0.8689913476069052 170
1616244324422 0.8689913476069052 170
1616244449829 0.8690653763890687 171
1616244449832 0.8690653763890687 171
1616244575215 0.8691425491725929 172
1616244575217 0.8691425491725929 172
1616244700832 0.8691256220537419 173
1616244700835 0.8691256220537419 173
1616244827005 0.8692525057822644 174
1616244827008 0.8692525057822644 174
1616244952120 0.8694211941285684 175
1616244952123 0.8694211941285684 175
1616245077319 0.8696149100909305 176
1616245077321 0.8696149100909305 176
1616245202848 0.8698279267212696 177
1616245202850 0.8698279267212696 177
1616245328060 0.87003353936334 178
1616245328062 0.87003353936334 178
1616245453293 0.8702268707821007 179
1616245453296 0.8702268707821007 179
1616245579187 0.8703611094900112 180
1616245579190 0.8703611094900112 180
1616245704520 0.8705185331157365 181
1616245704523 0.8705185331157365 181
1616245830026 0.8707000511794337 182
1616245830029 0.8707000511794337 182
1616245955503 0.8708853263332861 183
1616245955506 0.8708853263332861 183
1616246081251 0.8710746850076848 184
1616246081254 0.8710746850076848 184
1616246206475 0.8712729279070219 185
1616246206477 0.8712729279070219 185
1616246331782 0.8714711718460749 186
1616246331785 0.8714711718460749 186
1616246457094 0.8716473698663328 187
1616246457096 0.8716473698663328 187
1616246582423 0.8718545000574582 188
1616246582426 0.8718545000574582 188
1616246707549 0.8720501413320304 189
1616246707551 0.8720501413320304 189
1616246833090 0.8722614289963526 190
1616246833093 0.8722614289963526 190
1616246958209 0.8724351123001642 191
1616246958211 0.8724351123001642 191
1616247083687 0.8726254794078948 192
1616247083690 0.8726254794078948 192
1616247208925 0.8728141101290547 193
1616247208927 0.8728141101290547 193
1616247334396 0.8730050517787418 194
1616247334399 0.8730050517787418 194
1616247459825 0.8731853794842012 195
1616247459828 0.8731853794842012 195
1616247584897 0.8733765074172394 196
1616247584900 0.8733765074172394 196
1616247710006 0.8735928143346875 197
1616247710009 0.8735928143346875 197
1616247835158 0.8737753536155559 198
1616247835161 0.8737753536155559 198
1616247960419 0.8739490133713846 199
1616247960422 0.8739490133713846 199
1616248085968 0.8741368694821899 200
1616248085971 0.8741368694821899 200
1616248211242 0.8743211202231299 201
1616248211245 0.8743211202231299 201
1616248336307 0.8744925379990188 202
1616248336309 0.8744925379990188 202
1616248461691 0.8746650117974836 203
1616248461695 0.8746650117974836 203
1616248587064 0.8748431315478039 204
1616248587067 0.8748431315478039 204
1616248712681 0.8750236848514369 205
1616248712683 0.8750236848514369 205
1616248838238 0.8752020387414611 206
1616248838240 0.8752020387414611 206
1616248963651 0.8753583133734801 207
1616248963653 0.8753583133734801 207
1616249089216 0.8755369987452246 208
1616249089218 0.8755369987452246 208
1616249214530 0.8757207865466972 209
1616249214532 0.8757207865466972 209
1616249340386 0.875900807532828 210
1616249340389 0.875900807532828 210
1616249465905 0.8760613116247719 211
1616249465908 0.8760613116247719 211
1616249591256 0.8762244257689391 212
1616249591258 0.8762244257689391 212
1616249716775 0.8763903752687576 213
1616249716777 0.8763903752687576 213
1616249841857 0.8765715929473287 214
1616249841860 0.8765715929473287 214
1616249967364 0.8767440278778896 215
1616249967367 0.8767440278778896 215
1616250092635 0.8769314651770681 216
1616250092638 0.8769314651770681 216
1616250218163 0.8771095862620925 217
1616250218166 0.8771095862620925 217
1616250343738 0.8772919815028677 218
1616250343741 0.8772919815028677 218
1616250469129 0.8774579146351532 219
1616250469131 0.8774579146351532 219
1616250594365 0.8776180560736977 220
1616250594368 0.8776180560736977 220
1616250720172 0.8777921109419661 221
1616250720175 0.8777921109419661 221
1616250845513 0.8779530928252827 222
1616250845516 0.8779530928252827 222
1616250970705 0.8781017496275584 223
1616250970708 0.8781017496275584 223
1616251096436 0.8782587504566277 224
1616251096439 0.8782587504566277 224
1616251221876 0.8784321947743707 225
1616251221878 0.8784321947743707 225
1616251347186 0.8785876834342125 226
1616251347189 0.8785876834342125 226
1616251472621 0.8787383960576022 227
1616251472624 0.8787383960576022 227
1616251598274 0.878854172034271 228
1616251598276 0.878854172034271 228
1616251723815 0.8789814838155426 229
1616251723817 0.8789814838155426 229
1616251849586 0.8791265799849399 230
1616251849589 0.8791265799849399 230
1616251975295 0.8792803267461552 231
1616251975297 0.8792803267461552 231
1616252100612 0.8794405588533095 232
1616252100615 0.8794405588533095 232
1616252225831 0.8795886147515698 233
1616252225833 0.8795886147515698 233
1616252351310 0.8797168732522268 234
1616252351312 0.8797168732522268 234
1616252476558 0.8798714746137103 235
1616252476561 0.8798714746137103 235
1616252602042 0.8800274542957242 236
1616252602045 0.8800274542957242 236
1616252727565 0.8801803857450158 237
1616252727568 0.8801803857450158 237
1616252853172 0.8803366857330931 238
1616252853175 0.8803366857330931 238
1616252978432 0.8804901885552104 239
1616252978434 0.8804901885552104 239
1616253103826 0.880621346155895 240
1616253103828 0.880621346155895 240
1616253229307 0.8807720007174499 241
1616253229309 0.8807720007174499 241
1616253354681 0.8809176779527755 242
1616253354684 0.8809176779527755 242
1616253480093 0.8810772967278008 243
1616253480096 0.8810772967278008 243
1616253605369 0.8812205909566285 244
1616253605371 0.8812205909566285 244
1616253730810 0.8813687505297227 245
1616253730812 0.8813687505297227 245
1616253856141 0.881504477222237 246
1616253856144 0.881504477222237 246
1616253981858 0.8816520718746486 247
1616253981861 0.8816520718746486 247
1616254107118 0.881795845557646 248
1616254107121 0.881795845557646 248
1616254232825 0.8819439255659947 249
1616254232827 0.8819439255659947 249
