1616223001286 0.582691175982039 0
1616223127414 0.43597522554324664 1
1616223253629 0.3665956726548731 2
1616223379576 0.3369694672069175 3
1616223505592 0.3109043829222308 4
1616223631632 0.29239719547991844 5
1616223757331 0.2764330876362722 6
1616223883143 0.2634693188345099 7
1616224008518 0.25117051798022455 8
1616224134118 0.24038286344445448 9
1616224259924 0.23179683041879526 10
1616224385529 0.22661530944611216 11
1616224511181 0.22193667918303447 12
1616224636584 0.21653167050796077 13
1616224762169 0.21149067610687186 14
1616224888166 0.2064914866263899 15
1616225014298 0.20286876778322294 16
1616225139951 0.19853880807281807 17
1616225265604 0.1951723492653229 18
1616225391056 0.1917468289141246 19
1616225516816 0.18814764108618282 20
1616225642280 0.18571610122511964 21
1616225767677 0.18305322686839196 22
1616225893512 0.17986667922579067 23
1616226018932 0.1770727005703969 24
1616226144580 0.1747364958377826 25
1616226270269 0.17250708129823536 26
1616226395806 0.17043115466261297 27
1616226521589 0.16848728732805168 28
1616226647072 0.16684079843289248 29
1616226772599 0.16488854634826752 30
1616226898353 0.16303381028131858 31
1616227024102 0.1611035907746735 32
1616227149813 0.15943366851895413 33
1616227275263 0.15777726830705138 34
1616227400977 0.15611364013497797 35
1616227526493 0.15454578226354013 36
1616227651976 0.15301136917790265 37
1616227777598 0.1516045878386756 38
1616227903050 0.15026901898895725 39
1616228028367 0.14916789087746726 40
1616228153639 0.14813999910230286 41
1616228279038 0.1471007216978912 42
1616228404717 0.145921989146357 43
1616228530368 0.1447887288921691 44
1616228655591 0.1437680265550897 45
1616228781142 0.14308263232316795 46
1616228906626 0.14216816200666682 47
1616229032126 0.14131010398697355 48
1616229157505 0.14049169754015003 49
1616229282863 0.1395777125011789 50
1616229408156 0.1387250127302065 51
1616229533319 0.13780051178853348 52
1616229658409 0.13688923855377486 53
1616229784027 0.13602595217057595 54
1616229909509 0.13517321977908736 55
1616230034649 0.1343913154743303 56
1616230159800 0.13360702572629587 57
1616230285176 0.13279280367515928 58
1616230410548 0.13206398848985842 59
1616230535874 0.13200699623718332 60
1616230661413 0.13150097941372518 61
1616230786648 0.1309241530426005 62
1616230911919 0.1303835545565581 63
1616231037609 0.12990550288470207 64
1616231162772 0.12928272302212643 65
1616231288292 0.12870135104858035 66
1616231413481 0.12805229404128768 67
1616231538857 0.12739622342161028 68
1616231664305 0.1275296113855774 69
1616231789838 0.12720516518401387 70
1616231915114 0.12674188571316064 71
1616232040351 0.1261936275462729 72
1616232165578 0.1256309275404518 73
1616232290726 0.1251427490372501 74
1616232415956 0.12464431636290953 75
1616232541532 0.12425187907847422 76
1616232667021 0.12387326171197933 77
1616232792418 0.1233744313980538 78
1616232918172 0.12291533153732008 79
1616233043827 0.1223937174535765 80
1616233169473 0.12197753006314976 81
1616233294854 0.12151899643460089 82
1616233420070 0.12108568886527082 83
1616233545376 0.1206378455787841 84
1616233670585 0.12018770768036645 85
1616233795690 0.11973655659443017 86
1616233921343 0.11928553528596449 87
1616234046632 0.11882542082699232 88
1616234171759 0.11837154600800104 89
1616234297010 0.11796212874449612 90
1616234422416 0.11752950252898753 91
1616234547500 0.11710729253559526 92
1616234672720 0.1167073919426864 93
1616234797812 0.11631791075088775 94
1616234923174 0.11605395402813806 95
1616235048310 0.11565030325285029 96
1616235173754 0.11523347950746321 97
1616235298967 0.11490043172584365 98
1616235424275 0.11451896168093416 99
1616235549933 0.11414293438189904 100
1616235674999 0.11376401533042056 101
1616235800071 0.11339198515004602 102
1616235925496 0.11306730690034969 103
1616236050577 0.11267729234799607 104
1616236175921 0.11228541784446099 105
1616236301252 0.11194993741495499 106
1616236426693 0.11160674125985064 107
1616236551851 0.11128381802568661 108
1616236677361 0.11103806516382578 109
1616236802580 0.11072816733590073 110
1616236927984 0.11041641218136958 111
1616237053222 0.1100865566616938 112
1616237178496 0.10974411706649778 113
1616237303470 0.10943905434241238 114
1616237428788 0.10912905901759967 115
1616237554261 0.10882535066515218 116
1616237679589 0.1085211192973071 117
1616237804996 0.10823623374175768 118
1616237930593 0.10795062446705865 119
1616238056089 0.10764417583566649 120
1616238181168 0.10734865149121861 121
1616238306446 0.10709719845995791 122
1616238431600 0.10681735411415476 123
1616238556887 0.10655356372195358 124
1616238682082 0.10625947814649278 125
1616238807487 0.10595827053219437 126
1616238932810 0.10569087578241648 127
1616239058290 0.10542979510209174 128
1616239183497 0.10515111623485857 129
1616239308741 0.10485289323101159 130
1616239433849 0.10459151027580336 131
1616239559419 0.10431368457146886 132
1616239684556 0.1040626841026606 133
1616239810112 0.1038159525126859 134
1616239935658 0.10355751235374615 135
1616240061050 0.10328043343402109 136
1616240186322 0.10304475883807389 137
1616240311864 0.10278458266199543 138
1616240437202 0.1025140553618722 139
1616240563013 0.10226860147786627 140
1616240688276 0.10202592485541062 141
1616240813567 0.1017817458199672 142
1616240938740 0.10152281617755943 143
1616241064131 0.1014741574306115 144
1616241190439 0.10152258177768878 145
1616241315968 0.10139183768852124 146
1616241441827 0.10119994894271776 147
1616241567076 0.10098437178598309 148
1616241692644 0.10074633552824935 149
1616241818234 0.10052364994499484 150
1616241943442 0.10029627283658858 151
1616242068582 0.10005552152238044 152
1616242193964 0.09979972339124077 153
1616242319267 0.09956274717329003 154
1616242444449 0.09934004074765602 155
1616242570019 0.09913115916071434 156
1616242695532 0.09888827502510547 157
1616242820899 0.09865919459706146 158
1616242946124 0.09844950866957318 159
1616243071503 0.09823073455876795 160
1616243196711 0.09800649751777714 161
1616243321992 0.09779227031422805 162
1616243447258 0.09756920787827932 163
1616243572654 0.09734299549572342 164
1616243697963 0.09715109466507288 165
1616243823309 0.09693568150257413 166
1616243948494 0.0967097909038433 167
1616244073820 0.09650337230765908 168
1616244199118 0.09627635797645402 169
1616244324418 0.0960604264366136 170
1616244449827 0.0959926274147614 171
1616244575212 0.09591597748522643 172
1616244700830 0.095941681719988 173
1616244827003 0.09582602686857337 174
1616244952118 0.09566456787449193 175
1616245077317 0.09548354597257555 176
1616245202846 0.09529048975802225 177
1616245328057 0.09510898975054116 178
1616245453291 0.09493988179590723 179
1616245579185 0.0948176677695675 180
1616245704518 0.09466520740450483 181
1616245830024 0.09449961821029655 182
1616245955501 0.09433461226396711 183
1616246081249 0.09416408717269195 184
1616246206473 0.09398770225232203 185
1616246331780 0.09381561359662526 186
1616246457092 0.09365776354131229 187
1616246582421 0.0934693728798824 188
1616246707546 0.09329805742017928 189
1616246833088 0.09310506677681016 190
1616246958207 0.09295171660087108 191
1616247083685 0.09277627618727535 192
1616247208922 0.09261214238362495 193
1616247334394 0.0924459594762714 194
1616247459823 0.09228702836517931 195
1616247584894 0.09211008585713872 196
1616247710004 0.09191223953966858 197
1616247835156 0.09174665549892873 198
1616247960417 0.09158968087706834 199
1616248085966 0.09142051476283693 200
1616248211240 0.09124858456926489 201
1616248336305 0.09109865416351076 202
1616248461689 0.09095329013753149 203
1616248587062 0.09079443557438266 204
1616248712678 0.0906333789562503 205
1616248838235 0.09047094843144443 206
1616248963649 0.09032916319021138 207
1616249089213 0.09016559693701987 208
1616249214527 0.09000052812206348 209
1616249340384 0.08983633738885254 210
1616249465902 0.08969266559068372 211
1616249591254 0.08954140518456788 212
1616249716773 0.08939504812293418 213
1616249841855 0.08923579406238383 214
1616249967362 0.08907752529686058 215
1616250092633 0.08890926661262975 216
1616250218161 0.08874454666302664 217
1616250343735 0.08857730589730126 218
1616250469126 0.08842377195164483 219
1616250594363 0.08827593080340616 220
1616250720170 0.08812156083895609 221
1616250845511 0.08797890677172525 222
1616250970703 0.08784322404837142 223
1616251096434 0.08770226840779678 224
1616251221874 0.08754144774406525 225
1616251347184 0.08739960497398477 226
1616251472618 0.08726314583527513 227
1616251598271 0.08715361146437002 228
1616251723812 0.08703876423199766 229
1616251849584 0.08691561201712045 230
1616251975292 0.08677824229137461 231
1616252100610 0.08663784470580094 232
1616252225828 0.08650764684722262 233
1616252351308 0.08639195717882993 234
1616252476556 0.08624823353977237 235
1616252602040 0.0861079333690686 236
1616252727563 0.08596676140243509 237
1616252853170 0.08582716011140866 238
1616252978430 0.0856936136138021 239
1616253103823 0.08557314986987608 240
1616253229305 0.08543740936417979 241
1616253354679 0.08530528636680808 242
1616253480091 0.08515932425684991 243
1616253605366 0.08503465493241202 244
1616253730807 0.08490008516886778 245
1616253856139 0.08477228279853684 246
1616253981856 0.08464196976056522 247
1616254107116 0.0845089265804322 248
1616254232822 0.08437556834001726 249
