1616223001279 0.582691175982039 0
1616223127407 0.2892592751044542 1
1616223253622 0.22783656687812603 2
1616223379570 0.2480908508630509 3
1616223505586 0.20664404578348425 4
1616223631624 0.19986125826835632 5
1616223757325 0.1806484405743949 6
1616223883137 0.17272293722217388 7
1616224008511 0.1527801111459415 8
1616224134112 0.1432939726225239 9
1616224259917 0.14593650016220325 10
1616224385522 0.16961857874659783 11
1616224511174 0.16579311602610222 12
1616224636578 0.14626655773200253 13
1616224762162 0.14091675449162722 14
1616224888159 0.1315036444191603 15
1616225014291 0.14490526629255174 16
1616225139943 0.12492949299593555 17
1616225265597 0.1345760907304097 18
1616225391049 0.12666194224135674 19
1616225516809 0.11616388452734719 20
1616225642274 0.13465376414279354 21
1616225767669 0.12446999102038273 22
1616225893506 0.10657608344596117 23
1616226018925 0.11001721284094643 24
1616226144573 0.11633137752242545 25
1616226270262 0.11454230327000643 26
1616226395799 0.11438113550080899 27
1616226521582 0.11405900196033589 28
1616226647065 0.11909262047327579 29
1616226772592 0.10632098380951806 30
1616226898345 0.10553699220590135 31
1616227024095 0.09933656656203117 32
1616227149806 0.10432623408021445 33
1616227275256 0.10145966110235834 34
1616227400970 0.09788665411240877 35
1616227526486 0.09810289889177744 36
1616227651968 0.09623808500931617 37
1616227777591 0.09814689694804714 38
1616227903043 0.09818183384994243 39
1616228028360 0.10512276641786733 40
1616228153631 0.10599643632056231 41
1616228279031 0.10345107071260189 42
1616228404710 0.09523648943038697 43
1616228530361 0.09492527770790014 44
1616228655583 0.0978364213865171 45
1616228781135 0.11155449765476774 46
1616228906619 0.09918805713111416 47
1616229032119 0.10012331904169727 48
1616229157499 0.1003897816457964 49
1616229282856 0.09387846055262267 50
1616229408149 0.09523732441061354 51
1616229533312 0.08972646282153561 52
1616229658402 0.0885917571115684 53
1616229784021 0.08940848747783518 54
1616229909501 0.08827293824721524 55
1616230034642 0.09060467440793489 56
1616230159793 0.08890251008833343 57
1616230285169 0.08556792470923763 58
1616230410541 0.0890638925571074 59
1616230535867 0.12858746107667685 60
1616230661406 0.10063395318277973 61
1616230786641 0.09516091803286938 62
1616230911912 0.09632584993588797 63
1616231037601 0.0993101958859157 64
1616231162765 0.08880203195471079 65
1616231288285 0.09033080079454056 66
1616231413474 0.08456547455267703 67
1616231538849 0.08278342128354818 68
1616231664298 0.13673338089930884 69
1616231789831 0.1044939310745673 70
1616231915107 0.09384904328258113 71
1616232040345 0.0867190395303546 72
1616232165571 0.0845538271155129 73
1616232290719 0.08901753980032306 74
1616232415949 0.0872618657873666 75
1616232541524 0.09442664546139062 76
1616232667015 0.09471972449187269 77
1616232792411 0.084465666911862 78
1616232918164 0.08664644253935586 79
1616233043820 0.08066459075409046 80
1616233169465 0.08826635143858322 81
1616233294847 0.08391923889359261 82
1616233420063 0.08512116061087618 83
1616233545369 0.08301900951389937 84
1616233670578 0.08192598631486614 85
1616233795683 0.0809375632039093 86
1616233921337 0.08004668144945135 87
1616234046625 0.07833534843744115 88
1616234171752 0.07797668711777697 89
1616234297002 0.08111457502905359 90
1616234422409 0.07816051691770554 91
1616234547492 0.07826397314350655 92
1616234672713 0.07951663680216099 93
1616234797805 0.07970667872181599 94
1616234923167 0.0909780653669162 95
1616235048303 0.07689982882522522 96
1616235173747 0.074801576204915 97
1616235298959 0.08226174912712675 98
1616235424268 0.07675342723489442 99
1616235549926 0.07654020447838814 100
1616235674991 0.0754931911310934 101
1616235800064 0.0754449067518432 102
1616235925489 0.0796254471816281 103
1616236050570 0.0721157789032193 104
1616236175913 0.07113859497327754 105
1616236301246 0.07638901188731828 106
1616236426687 0.07488475266368465 107
1616236551844 0.07640810873597226 108
1616236677354 0.08425100322099442 109
1616236802573 0.07663940626414532 110
1616236927976 0.07581159002841154 111
1616237053214 0.07314273845800694 112
1616237178489 0.07104844280934715 113
1616237303463 0.07466190379667789 114
1616237428780 0.0734795966641383 115
1616237554254 0.07359518178124377 116
1616237679582 0.07292604925943182 117
1616237804988 0.07461973818692755 118
1616237930585 0.07396312077787329 119
1616238056081 0.07087034006860662 120
1616238181160 0.0715902058130249 121
1616238306438 0.07641992864615106 122
1616238431593 0.07239649958036681 123
1616238556880 0.07384355508900703 124
1616238682075 0.06949878121389354 125
1616238807480 0.06800611113059393 126
1616238932802 0.07173174256062571 127
1616239058283 0.07201146802052538 128
1616239183489 0.06920154236177815 129
1616239308734 0.06608390273090373 130
1616239433842 0.07035034314352781 131
1616239559412 0.06764069159931325 132
1616239684548 0.0706796217511626 133
1616239810104 0.07075391945607484 134
1616239935651 0.0686680908968791 135
1616240061043 0.06559770035141325 136
1616240186315 0.07075733919330734 137
1616240311856 0.06688027036316851 138
1616240437195 0.06491076064474405 139
1616240563006 0.06790505771703542 140
1616240688268 0.06780852108916387 141
1616240813560 0.0671083227869995 142
1616240938733 0.0644958773132493 143
1616241064123 0.09446729787011096 144
1616241190432 0.10854411210389213 145
1616241315961 0.08230320067006222 146
1616241441819 0.07299230330960547 147
1616241567069 0.06907895258925062 148
1616241692637 0.06527893312592456 149
1616241818227 0.06712081245681707 150
1616241943435 0.06596232946724334 151
1616242068574 0.06346132176274315 152
1616242193956 0.060662609326871154 153
1616242319260 0.06306840960887518 154
1616242444441 0.06482054477438648 155
1616242570012 0.06654563159780934 156
1616242695525 0.06075546573451225 157
1616242820891 0.062464486966107756 158
1616242946117 0.0651094461989371 159
1616243071496 0.06322687682992917 160
1616243196704 0.06190433391825633 161
1616243321985 0.0630874633392755 162
1616243447251 0.06121003081863548 163
1616243572647 0.06024416475655868 164
1616243697954 0.06548745760773407 165
1616243823301 0.06117709652778316 166
1616243948487 0.05898606091579224 167
1616244073813 0.06182504814871131 168
1616244199113 0.057910936002797904 169
1616244324410 0.05935206466374245 170
1616244449819 0.08439899467803696 171
1616244575205 0.08273218960521068 172
1616244700823 0.10038851433374146 173
1616244826997 0.075702082722428 174
1616244952111 0.06740924391023656 175
1616245077310 0.06362369123529246 176
1616245202839 0.06111953978208785 177
1616245328050 0.06280198841890756 178
1616245453284 0.06466955791643643 179
1616245579178 0.07281914302841463 180
1616245704511 0.06706988132816363 181
1616245830017 0.06436238486438672 182
1616245955494 0.06413852408567959 183
1616246081242 0.06278747037806093 184
1616246206466 0.061356491983888 185
1616246331773 0.06180712363702503 186
1616246457085 0.0641398031977897 187
1616246582414 0.05805192853106146 188
1616246707539 0.060919435536290735 189
1616246833080 0.05643684453667795 190
1616246958200 0.06366183299650537 191
1616247083678 0.0590917167768992 192
1616247208915 0.06093431827909452 193
1616247334387 0.06020647544968635 194
1616247459816 0.061295461702219986 195
1616247584887 0.05742935428118452 196
1616247709997 0.052936514998052984 197
1616247835149 0.05896101543243895 198
1616247960410 0.06035173112685059 199
1616248085959 0.057587291916554914 200
1616248211233 0.05669061566128376 201
1616248336297 0.0608127122011749 202
1616248461683 0.06144439286374031 203
1616248587054 0.05838810469202222 204
1616248712671 0.05761677223911628 205
1616248838228 0.057010260321437675 206
1616248963641 0.06097961825496973 207
1616249089206 0.0561438162731839 208
1616249214521 0.0555011457961766 209
1616249340377 0.05535628341455409 210
1616249465896 0.05937791617706101 211
1616249591247 0.05747419908801292 212
1616249716765 0.05822099399495315 213
1616249841848 0.05515542510460983 214
1616249967354 0.055049740709364414 215
1616250092627 0.052565390818772165 216
1616250218154 0.053000317599148826 217
1616250343728 0.05211881896916856 218
1616250469119 0.05479983785288765 219
1616250594356 0.05575087819089915 220
1616250720162 0.05400579869549008 221
1616250845503 0.05630970384648189 222
1616250970695 0.05758597674046425 223
1616251096426 0.056128204919080785 224
1616251221866 0.051356798404471035 225
1616251347177 0.05534313893579739 226
1616251472611 0.056286921348184984 227
1616251598264 0.062179774898005295 228
1616251723805 0.06073874801872892 229
1616251849576 0.05859060259535909 230
1616251975285 0.05504583564408599 231
1616252100603 0.054065604852710634 232
1616252225821 0.05617154579847417 233
1616252351300 0.05932057477494187 234
1616252476549 0.05247317836124529 235
1616252602032 0.05299709308298027 236
1616252727555 0.052509005310291304 237
1616252853163 0.052602052847121626 238
1616252978421 0.053776000685831334 239
1616253103815 0.056661851327628535 240
1616253229298 0.05272394749137791 241
1616253354672 0.05333152100285317 242
1616253480083 0.04969053153701602 243
1616253605359 0.05461533976956568 244
1616253730799 0.051930493100526484 245
1616253856132 0.05333289969712496 246
1616253981848 0.05245464938157733 247
1616254107108 0.05151421790744396 248
1616254232815 0.05116936647670066 249
