1616223001284 inf 0
1616223127412 22.673480401151625 1
1616223253627 19.884725523636025 2
1616223379574 20.48659829839755 3
1616223505590 19.629380516280246 4
1616223631630 19.639430414351384 5
1616223757329 18.267364243896687 6
1616223883141 18.246989975240435 7
1616224008516 16.4223772797978 8
1616224134116 16.32522477843927 9
1616224259921 16.38160612344505 10
1616224385527 17.4766057710787 11
1616224511179 16.852686811622107 12
1616224636582 15.178497981509869 13
1616224762167 15.85313536241139 14
1616224888164 15.780704523584383 15
1616225014295 15.984709669646271 16
1616225139949 14.428055382835764 17
1616225265602 15.038011065380205 18
1616225391054 14.022308378187779 19
1616225516814 14.323358859598574 20
1616225642278 13.919117187919442 21
1616225767674 13.922327253591169 22
1616225893510 13.463885225565685 23
1616226018930 14.294833214766829 24
1616226144578 13.564984632515824 25
1616226270267 14.489209014204803 26
1616226395804 13.964354860840846 27
1616226521587 13.046869212940491 28
1616226647069 15.473225186160368 29
1616226772597 13.039385281893573 30
1616226898350 13.017755094027395 31
1616227024100 12.118883967998604 32
1616227149810 12.212536418322495 33
1616227275261 13.050206773051364 34
1616227400975 12.562258546318217 35
1616227526491 12.456882692850833 36
1616227651973 13.787068780574097 37
1616227777596 12.492485300663951 38
1616227903048 13.501931982290271 39
1616228028365 12.406716832819756 40
1616228153637 13.122815403211657 41
1616228279036 12.363079587796712 42
1616228404715 12.053497959890779 43
1616228530365 11.927078479114122 44
1616228655588 11.575090193486044 45
1616228781140 13.689074300711273 46
1616228906624 12.476313107559076 47
1616229032124 12.83455595611339 48
1616229157503 12.79592842561191 49
1616229282861 12.28350074882495 50
1616229408154 11.270529798180839 51
1616229533317 10.813465189436933 52
1616229658407 10.965010937176613 53
1616229784025 11.389713255467028 54
1616229909507 11.359569428727637 55
1616230034647 10.899017503132875 56
1616230159798 11.575201733894716 57
1616230285174 11.966518149737789 58
1616230410546 11.38698113357252 59
1616230535872 15.736422949785672 60
1616230661411 13.001427573445618 61
1616230786645 11.394907708793173 62
1616230911917 12.703969240111297 63
1616231037606 13.730938381101803 64
1616231162770 10.476405142044372 65
1616231288290 10.61602072648891 66
1616231413478 10.238803781482805 67
1616231538854 10.398360443083712 68
1616231664303 14.92194011171761 69
1616231789836 12.215323436657487 70
1616231915112 11.814030964915915 71
1616232040349 10.918920079160971 72
1616232165576 10.486562671283917 73
1616232290724 10.54785948254024 74
1616232415954 11.46600791987967 75
1616232541529 11.281444029853054 76
1616232667019 12.05765604645278 77
1616232792416 10.178077959619777 78
1616232918169 11.839726076281217 79
1616233043825 10.162392163727246 80
1616233169470 11.370601490935014 81
1616233294851 10.393694676667199 82
1616233420068 10.939316971302645 83
1616233545374 10.599570066392522 84
1616233670583 9.915572051698323 85
1616233795688 10.36219868813247 86
1616233921341 10.08013056077593 87
1616234046629 9.695600079278929 88
1616234171756 10.107454134153157 89
1616234297008 9.994128546637192 90
1616234422414 10.444324294913136 91
1616234547497 10.003789045922266 92
1616234672718 9.577901719084721 93
1616234797810 10.993072862501256 94
1616234923172 11.473128025738516 95
1616235048308 9.22780321386296 96
1616235173752 9.279084460227308 97
1616235298965 10.899776337222713 98
1616235424273 9.472352966731128 99
1616235549931 9.333961193841775 100
1616235674997 9.870893129556972 101
1616235800069 9.442804768470666 102
1616235925494 10.55741735390916 103
1616236050575 9.18093314750936 104
1616236175918 9.530536658966204 105
1616236301250 9.654371754791432 106
1616236426691 9.708194788388466 107
1616236551849 10.684685420024422 108
1616236677359 11.140037557578768 109
1616236802578 10.526792180739019 110
1616236927982 10.853497619187504 111
1616237053220 10.295329676250233 112
1616237178494 9.506803434434927 113
1616237303468 9.659343146314443 114
1616237428785 9.553683104520411 115
1616237554259 11.086933964331852 116
1616237679587 9.37339228187187 117
1616237804994 9.780340036133143 118
1616237930591 10.304800972877871 119
1616238056087 10.253322798831432 120
1616238181165 9.5423216174889 121
1616238306443 12.335730726416214 122
1616238431598 9.944783761949232 123
1616238556885 9.449304738334495 124
1616238682080 9.58288246844255 125
1616238807484 9.40767329385931 126
1616238932808 10.322782969775657 127
1616239058288 10.056035596095183 128
1616239183495 9.133355969603684 129
1616239308739 9.62967053958169 130
1616239433847 8.976178615725278 131
1616239559417 10.0642124796001 132
1616239684553 8.37869318177871 133
1616239810110 8.856987071307948 134
1616239935656 8.96920094045989 135
1616240061048 8.756612862363085 136
1616240186320 10.549362676581131 137
1616240311862 9.835789398880681 138
1616240437200 9.627661840022645 139
1616240563011 8.632853556249984 140
1616240688274 9.949988449090057 141
1616240813564 9.304888535154026 142
1616240938738 9.010601602507442 143
1616241064128 12.946532553231322 144
1616241190437 13.085127022273884 145
1616241315966 11.34746323563098 146
1616241441825 10.77182843379636 147
1616241567074 9.310301932347961 148
1616241692642 9.54970918199689 149
1616241818232 9.222180287569689 150
1616241943439 8.555711574167606 151
1616242068579 9.406580330665397 152
1616242193962 8.24413381420192 153
1616242319265 8.607842050927557 154
1616242444446 9.457278730888216 155
1616242570017 8.70659957778124 156
1616242695530 8.539462303090026 157
1616242820896 8.427489464588591 158
1616242946122 8.466592585150721 159
1616243071501 9.180706427576753 160
1616243196709 8.625622732721045 161
1616243321990 8.93043372631168 162
1616243447256 9.04828253428379 163
1616243572652 8.896560229234542 164
1616243697960 8.44676301745251 165
1616243823307 9.897127944920719 166
1616243948492 9.062463960478414 167
1616244073818 8.037046795801388 168
1616244199116 7.794924854679403 169
1616244324415 9.11797288919381 170
1616244449825 11.587745833617026 171
1616244575210 11.373402169380123 172
1616244700828 12.94827546730718 173
1616244827001 10.88074069439701 174
1616244952116 9.250034936653703 175
1616245077314 8.65049646198269 176
1616245202843 10.163428450403755 177
1616245328055 9.142541968595461 178
1616245453289 9.882972891637555 179
1616245579183 9.993556598871628 180
1616245704516 10.286995661124045 181
1616245830022 10.485851698586007 182
1616245955499 8.766756448933418 183
1616246081247 9.177164036745719 184
1616246206470 8.476931513550083 185
1616246331778 8.735693533547622 186
1616246457090 8.971976820946919 187
1616246582419 9.146200143437039 188
1616246707544 8.185246139406939 189
1616246833086 8.687311335687935 190
1616246958205 8.76164498368017 191
1616247083683 9.29728928203938 192
1616247208920 8.6389580996792 193
1616247334392 9.320436444301198 194
1616247459820 8.498306133425057 195
1616247584892 8.080079019205984 196
1616247710002 7.99005176625701 197
1616247835154 8.907927030767297 198
1616247960415 9.387554033028776 199
1616248085964 9.131721557469765 200
1616248211238 9.430747148126972 201
1616248336302 8.374321069441281 202
1616248461687 8.733335572698147 203
1616248587060 8.434890702475663 204
1616248712676 9.09805574247263 205
1616248838233 8.587004078769326 206
1616248963646 8.211409328019995 207
1616249089211 9.128994795077224 208
1616249214525 8.17451653779368 209
1616249340382 9.201652589408223 210
1616249465900 8.574526482992491 211
1616249591251 8.874578907594708 212
1616249716771 9.20077851375977 213
1616249841853 8.888563225924953 214
1616249967360 8.188231239052495 215
1616250092631 8.589918676718382 216
1616250218159 8.586623619491553 217
1616250343733 8.28734131434126 218
1616250469124 9.543275191346197 219
1616250594361 8.885927236910009 220
1616250720168 9.228848450646582 221
1616250845509 7.721804212450238 222
1616250970700 8.755540697015043 223
1616251096432 9.611307668547441 224
1616251221871 7.763593511990914 225
1616251347182 9.51332377608569 226
1616251472616 7.752876749858435 227
1616251598269 11.34902048830632 228
1616251723810 8.766304730223045 229
1616251849581 9.128796742829637 230
1616251975290 9.556766834612642 231
1616252100607 10.179320745485743 232
1616252225825 9.269191375366315 233
1616252351305 8.389570708204419 234
1616252476554 8.721448536019444 235
1616252602037 9.784287552298208 236
1616252727560 7.761031947531706 237
1616252853168 8.392056442168554 238
1616252978427 7.582455905597205 239
1616253103821 9.647681081530319 240
1616253229303 7.756806031204965 241
1616253354677 7.6605154732250025 242
1616253480088 7.882480073776168 243
1616253605364 9.556915251729945 244
1616253730804 9.032222090141135 245
1616253856137 9.119257864868581 246
1616253981854 8.853922363171888 247
1616254107113 8.413042820622811 248
1616254232820 8.737118913566805 249
