1616223001282 0.3722182390245391 0
1616223127410 0.6670953392972575 1
1616223253625 0.7267559358572706 2
1616223379572 0.7032843194689082 3
1616223505588 0.7462557284854987 4
1616223631628 0.7611355823464692 5
1616223757327 0.7735223482026065 6
1616223883138 0.787320408544087 7
1616224008514 0.8051591134293282 8
1616224134114 0.8134534427935772 9
1616224259919 0.8145686615050394 10
1616224385525 0.7900719893483217 11
1616224511177 0.7935021919733349 12
1616224636580 0.8122142129082311 13
1616224762164 0.82126700609645 14
1616224888161 0.8314780267549956 15
1616225014294 0.815942681691748 16
1616225139946 0.8358797523034538 17
1616225265599 0.8227425379817315 18
1616225391052 0.8351251763351103 19
1616225516812 0.8442053850071426 20
1616225642276 0.8270942462884395 21
1616225767672 0.8363963464730756 22
1616225893508 0.8549531125438776 23
1616226018927 0.8510592048789593 24
1616226144576 0.8473992909086828 25
1616226270265 0.8475647123203554 26
1616226395802 0.8511863784824915 27
1616226521585 0.849555814316734 28
1616226647067 0.8434859481442006 29
1616226772595 0.8566290360548474 30
1616226898348 0.8554363673468656 31
1616227024098 0.8629525038562319 32
1616227149808 0.8605856874244328 33
1616227275258 0.8632603303053753 34
1616227400973 0.865118699381128 35
1616227526489 0.865840741438157 36
1616227651971 0.8675745694670192 37
1616227777594 0.8654837042311246 38
1616227903046 0.8641064575665254 39
1616228028363 0.860917024933634 40
1616228153635 0.857632266927233 41
1616228279033 0.8606876146910276 42
1616228404712 0.8688250470094065 43
1616228530363 0.86846031593357 44
1616228655586 0.865209318652868 45
1616228781138 0.8545447027142299 46
1616228906622 0.8667753074080387 47
1616229032122 0.8633010078746667 48
1616229157502 0.864013917734252 49
1616229282859 0.8706723584823232 50
1616229408152 0.8694897500421614 51
1616229533315 0.8744235548854588 52
1616229658405 0.8760760077077182 53
1616229784023 0.8764127694129785 54
1616229909505 0.877056354201062 55
1616230034645 0.8751647342491816 56
1616230159796 0.8754644185463165 57
1616230285172 0.8792432767408405 58
1616230410543 0.8755805315152603 59
1616230535870 0.8324835946030439 60
1616230661409 0.8632154825559639 61
1616230786643 0.8683031071770064 62
1616230911915 0.8652383191411958 63
1616231037604 0.8635479880774275 64
1616231162768 0.8757940919901384 65
1616231288288 0.878368844525849 66
1616231413476 0.8801455810230147 67
1616231538852 0.8826247338364099 68
1616231664301 0.8255498451676141 69
1616231789834 0.8593161221236941 70
1616231915110 0.8710726048113738 71
1616232040347 0.8768894216045737 72
1616232165574 0.8793322433360872 73
1616232290722 0.8782340391004022 74
1616232415952 0.8787482717431131 75
1616232541526 0.8708959447537014 76
1616232667017 0.8699761791689757 77
1616232792414 0.8800830718209135 78
1616232918167 0.8779540048377152 79
1616233043822 0.8843940827361447 80
1616233169468 0.878041516563439 81
1616233294849 0.8825208652675389 82
1616233420066 0.8808873569731541 83
1616233545372 0.8832671140578199 84
1616233670580 0.884291753757428 85
1616233795685 0.8853331557177799 86
1616233921339 0.8852552576485943 87
1616234046627 0.8874044491552767 88
1616234171754 0.8871585659365705 89
1616234297005 0.8857515133679548 90
1616234422412 0.8882457543550891 91
1616234547495 0.8877343855540645 92
1616234672716 0.886269748844999 93
1616234797807 0.8859113663177383 94
1616234923170 0.8768738624144424 95
1616235048305 0.8901727708314169 96
1616235173750 0.8919586452179925 97
1616235298962 0.8845654051810344 98
1616235424271 0.888758879551228 99
1616235549929 0.8900697910514205 100
1616235674995 0.8916404802857482 101
1616235800067 0.891519208894448 102
1616235925491 0.8874873986586611 103
1616236050573 0.8932732074680005 104
1616236175916 0.8953942806024026 105
1616236301248 0.8897585645912492 106
1616236426689 0.8923409869299924 107
1616236551847 0.8907631750000601 108
1616236677357 0.8833646900813155 109
1616236802576 0.8900067169278701 110
1616236927979 0.8902735450562644 111
1616237053217 0.8931155832771688 112
1616237178491 0.8962458388810541 113
1616237303465 0.8933614660252599 114
1616237428783 0.8933320197653263 115
1616237554257 0.8938567572709252 116
1616237679585 0.8943786889393913 117
1616237804991 0.8926719561258846 118
1616237930589 0.8943634909339884 119
1616238056084 0.89575709471915 120
1616238181163 0.8965604973045436 121
1616238306441 0.8893893718660036 122
1616238431596 0.8947724117798374 123
1616238556882 0.894595313837078 124
1616238682078 0.8976128054980902 125
1616238807482 0.8993073768537254 126
1616238932805 0.8963816424019317 127
1616239058286 0.8976839051205427 128
1616239183492 0.8982190122986411 129
1616239308737 0.9012391042122816 130
1616239433844 0.8977087445636379 131
1616239559414 0.8994346888973674 132
1616239684551 0.8995409168976736 133
1616239810107 0.8971717266881085 134
1616239935654 0.8984991880133748 135
1616240061046 0.9031468856723067 136
1616240186317 0.8978859708109435 137
1616240311859 0.90085316726819 138
1616240437198 0.9024378698953288 139
1616240563008 0.9007604038739141 140
1616240688271 0.9007270112039244 141
1616240813562 0.9018843495187924 142
1616240938736 0.9024076030411302 143
1616241064126 0.870379250397549 144
1616241190434 0.8558308961702153 145
1616241315963 0.8857965998232682 146
1616241441823 0.8932221683059284 147
1616241567072 0.8992259431273696 148
1616241692639 0.9027017251330804 149
1616241818230 0.9008708617729234 150
1616241943437 0.9024438592902524 151
1616242068577 0.9041541819163459 152
1616242193959 0.907413546966904 153
1616242319263 0.9058799856599975 154
1616242444444 0.9035019807993098 155
1616242570015 0.9019340032196426 156
1616242695527 0.9069353001231842 157
1616242820894 0.9057911364757951 158
1616242946120 0.9022044982325207 159
1616243071499 0.9048343246327119 160
1616243196706 0.9061465819782399 161
1616243321987 0.9051381960471577 162
1616243447254 0.9087653548674698 163
1616243572650 0.9065686364836515 164
1616243697957 0.9039712833200998 165
1616243823304 0.9062451544079058 166
1616243948490 0.9093694073801979 167
1616244073816 0.9058986918485545 168
1616244199114 0.9107958988900832 169
1616244324412 0.9089046132136532 170
1616244449822 0.8817242981390433 171
1616244575208 0.8824162679387534 172
1616244700826 0.8661972304925005 173
1616244826999 0.8913302745452111 174
1616244952113 0.8989416547317771 175
1616245077312 0.9037089194666516 176
1616245202841 0.9075318702912711 177
1616245328053 0.9066325896518662 178
1616245453286 0.9048331947402751 179
1616245579181 0.8945240769138996 180
1616245704514 0.8990122093720004 181
1616245830020 0.9037363387723553 182
1616245955497 0.9047906794882519 183
1616246081244 0.9059166810970675 184
1616246206468 0.9079478642843822 185
1616246331775 0.908344544509941 186
1616246457088 0.9045963996545748 187
1616246582417 0.9107949759890425 188
1616246707541 0.9090263422261528 189
1616246833083 0.9124060852175697 190
1616246958202 0.9056086233282026 191
1616247083680 0.9091759640921621 192
1616247208918 0.9092198393129288 193
1616247334390 0.9100477318180368 194
1616247459818 0.9083492820488012 195
1616247584890 0.910837582292709 196
1616247709999 0.9162052770719883 197
1616247835151 0.909918131227506 198
1616247960413 0.9085073047812949 199
1616248085962 0.9117080916432624 200
1616248211236 0.911355519152068 201
1616248336300 0.9091189287285856 202
1616248461685 0.9096771928858249 203
1616248587057 0.9111795606131249 204
1616248712674 0.9120371120962056 205
1616248838231 0.9119429400864434 206
1616248963644 0.9077071622014046 207
1616249089209 0.9127035560680831 208
1616249214523 0.9141324370544641 209
1616249340380 0.9137052146202707 210
1616249465898 0.9099276750249431 211
1616249591249 0.9108046243323925 212
1616249716768 0.9117376187301063 213
1616249841851 0.9153521761615225 214
1616249967357 0.9138175379484892 215
1616250092629 0.9174179217996116 216
1616250218157 0.9157618617123746 217
1616250343731 0.9170541439918761 218
1616250469122 0.9137972706056973 219
1616250594358 0.9128491725534835 220
1616250720166 0.9162582368292707 221
1616250845506 0.9136910709215605 222
1616250970698 0.9112522165350457 223
1616251096429 0.9134269361681444 224
1616251221869 0.9174571662665681 225
1616251347179 0.9137281205584394 226
1616251472614 0.9129501615670768 227
1616251598267 0.9052510947147583 228
1616251723807 0.9081358817267291 229
1616251849579 0.9124986989463263 230
1616251975288 0.9147958285868802 231
1616252100605 0.9166144077131089 232
1616252225823 0.9140856390462276 233
1616252351303 0.9097293624059951 234
1616252476551 0.9162027945623119 235
1616252602035 0.9168386592509898 236
1616252727558 0.9164251392271291 237
1616252853165 0.9175360828955123 238
1616252978424 0.9171773630412335 239
1616253103819 0.9120991703202116 240
1616253229300 0.9170797500521579 241
1616253354674 0.9161715689016149 242
1616253480086 0.9198646590589209 243
1616253605361 0.9161843827905807 244
1616253730802 0.9176678459377999 245
1616253856134 0.9148932435807395 246
1616253981851 0.9181079510203067 247
1616254107111 0.9174517189410138 248
1616254232818 0.9188158476447805 249
