1615807726122 0.6716698177937251 0
1615807726124 0.6716698177937251 0
1615807820879 0.7201538580789495 1
1615807820881 0.7201538580789495 1
1615807914501 0.7468010755765496 2
1615807914503 0.7468010755765496 2
1615808008064 0.7581395233856207 3
1615808008066 0.7581395233856207 3
1615808100539 0.7700046132749585 4
1615808100541 0.7700046132749585 4
1615808193105 0.7791155271639871 5
1615808193107 0.7791155271639871 5
1615808285292 0.7873429206610997 6
1615808285294 0.7873429206610997 6
1615808377640 0.793285193102462 7
1615808377642 0.793285193102462 7
1615808470112 0.7983867526919292 8
1615808470114 0.7983867526919292 8
1615808562268 0.8043239312719053 9
1615808562270 0.8043239312719053 9
1615808654997 0.8088232345545469 10
1615808655002 0.8088232345545469 10
1615808746667 0.8124204235086542 11
1615808746672 0.8124204235086542 11
1615808837695 0.816190070257737 12
1615808837697 0.816190070257737 12
1615808930177 0.8196328109912654 13
1615808930179 0.8196328109912654 13
1615809022680 0.822539013765048 14
1615809022685 0.822539013765048 14
1615809113617 0.8248989411435131 15
1615809113620 0.8248989411435131 15
1615809204811 0.8265947340623762 16
1615809204813 0.8265947340623762 16
1615809296282 0.8283536566195895 17
1615809296284 0.8283536566195895 17
1615809387780 0.8301730432254258 18
1615809387782 0.8301730432254258 18
1615809478983 0.832349827068288 19
1615809478985 0.832349827068288 19
1615809570198 0.8344481596888679 20
1615809570201 0.8344481596888679 20
1615809661171 0.8365278796038844 21
1615809661173 0.8365278796038844 21
1615809752326 0.8383187031945107 22
1615809752329 0.8383187031945107 22
1615809842935 0.8400234843914708 23
1615809842937 0.8400234843914708 23
1615809933745 0.8417494629167799 24
1615809933748 0.8417494629167799 24
1615810024859 0.8433221598913898 25
1615810024861 0.8433221598913898 25
1615810116079 0.8438878926479928 26
1615810116081 0.8438878926479928 26
1615810207378 0.8443251436095692 27
1615810207380 0.8443251436095692 27
1615810298288 0.8446696986603909 28
1615810298290 0.8446696986603909 28
1615810389789 0.8450207206480835 29
1615810389791 0.8450207206480835 29
1615810480778 0.8458643856498275 30
1615810480780 0.8458643856498275 30
1615810571700 0.8467324444322166 31
1615810571702 0.8467324444322166 31
1615810663346 0.8477654557814969 32
1615810663348 0.8477654557814969 32
1615810755412 0.8485107462660224 33
1615810755414 0.8485107462660224 33
1615810846153 0.8494885495953215 34
1615810846155 0.8494885495953215 34
1615810937050 0.8503815581123183 35
1615810937052 0.8503815581123183 35
1615811027959 0.8512933165189623 36
1615811027961 0.8512933165189623 36
1615811118794 0.852218245126114 37
1615811118795 0.852218245126114 37
1615811209910 0.8529986895127539 38
1615811209912 0.8529986895127539 38
1615811301077 0.8537787675635139 39
1615811301079 0.8537787675635139 39
1615811392361 0.8546864634802179 40
1615811392363 0.8546864634802179 40
1615811483326 0.8555488710496216 41
1615811483328 0.8555488710496216 41
1615811574187 0.8563384614918472 42
1615811574189 0.8563384614918472 42
1615811665129 0.857055615224298 43
1615811665130 0.857055615224298 43
1615811756089 0.8578363047854026 44
1615811756091 0.8578363047854026 44
1615811847317 0.8584777440810497 45
1615811847319 0.8584777440810497 45
1615811938336 0.8588761705922943 46
1615811938338 0.8588761705922943 46
1615812029209 0.859383114826731 47
1615812029211 0.859383114826731 47
1615812119983 0.8600009638762786 48
1615812119985 0.8600009638762786 48
1615812210900 0.8606317602520558 49
1615812210902 0.8606317602520558 49
1615812302113 0.8611958935172159 50
1615812302115 0.8611958935172159 50
1615812393323 0.8618135592599755 51
1615812393324 0.8618135592599755 51
1615812484409 0.86241724163554 52
1615812484411 0.86241724163554 52
1615812575600 0.8629986279705335 53
1615812575602 0.8629986279705335 53
1615812666397 0.8636210762823613 54
1615812666400 0.8636210762823613 54
1615812757231 0.8641721790970196 55
1615812757233 0.8641721790970196 55
1615812848193 0.8646389464490479 56
1615812848195 0.8646389464490479 56
1615812939551 0.8626692051655596 57
1615812939552 0.8626692051655596 57
1615813030551 0.8622316337863674 58
1615813030553 0.8622316337863674 58
1615813121623 0.8622816918352941 59
1615813121625 0.8622816918352941 59
1615813212361 0.8625283247324314 60
1615813212363 0.8625283247324314 60
1615813303192 0.8628079009080483 61
1615813303194 0.8628079009080483 61
1615813394201 0.8631983479033484 62
1615813394203 0.8631983479033484 62
1615813485347 0.8635655270312536 63
1615813485349 0.8635655270312536 63
1615813576548 0.8639523178236354 64
1615813576550 0.8639523178236354 64
1615813667587 0.8643528873303904 65
1615813667589 0.8643528873303904 65
1615813758739 0.8646411496849625 66
1615813758742 0.8646411496849625 66
1615813849632 0.8650570980733532 67
1615813849634 0.8650570980733532 67
1615813940709 0.8654690677924199 68
1615813940711 0.8654690677924199 68
1615814031668 0.8658217546305675 69
1615814031670 0.8658217546305675 69
1615814122586 0.8660768677932964 70
1615814122588 0.8660768677932964 70
1615814213329 0.8664570818215015 71
1615814213331 0.8664570818215015 71
1615814304369 0.8667176455576174 72
1615814304371 0.8667176455576174 72
1615814395597 0.8670816242021626 73
1615814395598 0.8670816242021626 73
1615814486677 0.8674760223472888 74
1615814486679 0.8674760223472888 74
1615814577678 0.867850903404082 75
1615814577679 0.867850903404082 75
1615814668661 0.8682597651803278 76
1615814668663 0.8682597651803278 76
1615814759575 0.8686859874440435 77
1615814759577 0.8686859874440435 77
1615814850643 0.8691039058727689 78
1615814850645 0.8691039058727689 78
1615814941739 0.8694660854122753 79
1615814941740 0.8694660854122753 79
1615815032959 0.8698565422203608 80
1615815032961 0.8698565422203608 80
1615815123954 0.8702375632325953 81
1615815123956 0.8702375632325953 81
1615815214817 0.8705849971778314 82
1615815214819 0.8705849971778314 82
1615815305777 0.8709418014083758 83
1615815305779 0.8709418014083758 83
1615815396862 0.8713042169809342 84
1615815396864 0.8713042169809342 84
1615815487705 0.8716948885588297 85
1615815487706 0.8716948885588297 85
1615815578982 0.8720448570654147 86
1615815578984 0.8720448570654147 86
1615815669886 0.8724097158239202 87
1615815669889 0.8724097158239202 87
1615815760747 0.8727831381960202 88
1615815760750 0.8727831381960202 88
1615815851444 0.8731748200891227 89
1615815851446 0.8731748200891227 89
1615815942635 0.873553940953926 90
1615815942637 0.873553940953926 90
1615816033497 0.8739305913187249 91
1615816033499 0.8739305913187249 91
1615816124438 0.874272193455367 92
1615816124440 0.874272193455367 92
1615816215237 0.8746269257599 93
1615816215239 0.8746269257599 93
1615816306116 0.8749859995993684 94
1615816306118 0.8749859995993684 94
1615816397107 0.8753244640231502 95
1615816397109 0.8753244640231502 95
1615816488295 0.8756977688383002 96
1615816488298 0.8756977688383002 96
1615816579161 0.8760478415487016 97
1615816579164 0.8760478415487016 97
1615816670264 0.8764062297886965 98
1615816670266 0.8764062297886965 98
1615816761035 0.8767374840601165 99
1615816761037 0.8767374840601165 99
1615816852240 0.8770534425304474 100
1615816852242 0.8770534425304474 100
1615816943074 0.877376371693168 101
1615816943076 0.877376371693168 101
1615817034053 0.8776751725229036 102
1615817034056 0.8776751725229036 102
1615817124832 0.8779839022100039 103
1615817124834 0.8779839022100039 103
1615817215979 0.8782765070258426 104
1615817215982 0.8782765070258426 104
1615817306948 0.8785630862092978 105
1615817306950 0.8785630862092978 105
1615817397986 0.8788440036426978 106
1615817397988 0.8788440036426978 106
1615817488812 0.8791062691536742 107
1615817488814 0.8791062691536742 107
1615817579725 0.8793988623032093 108
1615817579727 0.8793988623032093 108
1615817670843 0.8795277118359363 109
1615817670845 0.8795277118359363 109
1615817762170 0.8797335324808204 110
1615817762172 0.8797335324808204 110
1615817852959 0.8799782391153038 111
1615817852962 0.8799782391153038 111
1615817943874 0.8802652263846836 112
1615817943876 0.8802652263846836 112
1615818035216 0.8805629169813748 113
1615818035218 0.8805629169813748 113
1615818126177 0.8808458943459061 114
1615818126179 0.8808458943459061 114
1615818217073 0.8811456415393859 115
1615818217074 0.8811456415393859 115
1615818308044 0.8814401663749526 116
1615818308046 0.8814401663749526 116
1615818399214 0.8816963701124679 117
1615818399217 0.8816963701124679 117
1615818490446 0.8819806097416663 118
1615818490449 0.8819806097416663 118
1615818581636 0.8822492348039479 119
1615818581639 0.8822492348039479 119
1615818672761 0.8825259132859181 120
1615818672763 0.8825259132859181 120
1615818763770 0.8828066344297049 121
1615818763772 0.8828066344297049 121
1615818854689 0.8830955216728679 122
1615818854691 0.8830955216728679 122
1615818945523 0.8833539396323549 123
1615818945525 0.8833539396323549 123
1615819036802 0.8836187516842318 124
1615819036804 0.8836187516842318 124
1615819127608 0.8838587650608691 125
1615819127611 0.8838587650608691 125
1615819218326 0.8841150005197314 126
1615819218329 0.8841150005197314 126
1615819308997 0.8843853209244172 127
1615819308999 0.8843853209244172 127
1615819399713 0.8846516813097985 128
1615819399715 0.8846516813097985 128
1615819490564 0.8849109195591937 129
1615819490566 0.8849109195591937 129
1615819582017 0.8851826089236221 130
1615819582020 0.8851826089236221 130
1615819673240 0.885440651583475 131
1615819673243 0.885440651583475 131
1615819764251 0.8856890985121192 132
1615819764253 0.8856890985121192 132
1615819855509 0.8859439925501226 133
1615819855511 0.8859439925501226 133
1615819946975 0.8861970903153181 134
1615819946977 0.8861970903153181 134
1615820038536 0.8864014219211399 135
1615820038539 0.8864014219211399 135
1615820129630 0.8866403951992566 136
1615820129632 0.8866403951992566 136
1615820220964 0.8868805456913812 137
1615820220965 0.8868805456913812 137
1615820312130 0.8870944036191843 138
1615820312132 0.8870944036191843 138
1615820403079 0.8873290780177124 139
1615820403081 0.8873290780177124 139
1615820494422 0.887554944604178 140
1615820494424 0.887554944604178 140
1615820585568 0.8877981166776827 141
1615820585570 0.8877981166776827 141
1615820677030 0.8880316690084845 142
1615820677031 0.8880316690084845 142
1615820768308 0.8882670613920094 143
1615820768310 0.8882670613920094 143
1615820859819 0.888491605977637 144
1615820859821 0.888491605977637 144
1615820951057 0.8887176438160679 145
1615820951060 0.8887176438160679 145
1615821042172 0.8889592948017639 146
1615821042175 0.8889592948017639 146
1615821133592 0.8891997341023025 147
1615821133595 0.8891997341023025 147
1615821224884 0.8894047898328179 148
1615821224886 0.8894047898328179 148
1615821316504 0.8896416564426617 149
1615821316507 0.8896416564426617 149
1615821408327 0.8898760461549208 150
1615821408330 0.8898760461549208 150
1615821499438 0.8901009811681041 151
1615821499441 0.8901009811681041 151
1615821590507 0.8903147559662055 152
1615821590509 0.8903147559662055 152
1615821681746 0.8905261269163828 153
1615821681748 0.8905261269163828 153
1615821772830 0.8907411304958525 154
1615821772832 0.8907411304958525 154
1615821863765 0.8909521978441168 155
1615821863768 0.8909521978441168 155
1615821955266 0.8911603036936799 156
1615821955269 0.8911603036936799 156
1615822046231 0.8913862489370802 157
1615822046233 0.8913862489370802 157
1615822137580 0.8915865982693936 158
1615822137583 0.8915865982693936 158
1615822229482 0.8917997450234179 159
1615822229485 0.8917997450234179 159
1615822321194 0.8919992052827458 160
1615822321196 0.8919992052827458 160
1615822412677 0.8921856240086058 161
1615822412679 0.8921856240086058 161
1615822503869 0.892400258519462 162
1615822503871 0.892400258519462 162
1615822594953 0.8926070335415723 163
1615822594955 0.8926070335415723 163
1615822686160 0.8928156904279786 164
1615822686162 0.8928156904279786 164
1615822777076 0.893036411859121 165
1615822777079 0.893036411859121 165
1615822867989 0.8932337149017482 166
1615822867991 0.8932337149017482 166
1615822959275 0.8934307322779829 167
1615822959278 0.8934307322779829 167
1615823050492 0.8936131628833772 168
1615823050495 0.8936131628833772 168
1615823141718 0.8938161777955491 169
1615823141720 0.8938161777955491 169
1615823233204 0.8940291713191297 170
1615823233206 0.8940291713191297 170
1615823324533 0.8942319865078927 171
1615823324535 0.8942319865078927 171
1615823415602 0.8944093771590614 172
1615823415604 0.8944093771590614 172
1615823506736 0.8945921223222711 173
1615823506738 0.8945921223222711 173
1615823598057 0.8947969703811576 174
1615823598059 0.8947969703811576 174
1615823689225 0.8949819605322393 175
1615823689227 0.8949819605322393 175
1615823780734 0.8950642659105454 176
1615823780736 0.8950642659105454 176
1615823872397 0.8952040931891823 177
1615823872399 0.8952040931891823 177
1615823963938 0.8953716331721846 178
1615823963941 0.8953716331721846 178
1615824055217 0.8955575899624116 179
1615824055219 0.8955575899624116 179
1615824146603 0.8957617460300245 180
1615824146605 0.8957617460300245 180
1615824238064 0.895944625026812 181
1615824238067 0.895944625026812 181
1615824329490 0.8961374796620107 182
1615824329492 0.8961374796620107 182
1615824420733 0.8963252734308275 183
1615824420735 0.8963252734308275 183
1615824512110 0.896513366918018 184
1615824512113 0.896513366918018 184
1615824603241 0.8966843692573573 185
1615824603243 0.8966843692573573 185
1615824694126 0.8968323649013024 186
1615824694128 0.8968323649013024 186
1615824785486 0.8969958445602051 187
1615824785489 0.8969958445602051 187
1615824877062 0.8971424886944606 188
1615824877064 0.8971424886944606 188
1615824968604 0.8972968916090477 189
1615824968606 0.8972968916090477 189
1615825060410 0.897460675001089 190
1615825060412 0.897460675001089 190
1615825153786 0.8976300769365068 191
1615825153789 0.8976300769365068 191
1615825246105 0.8978085123038831 192
1615825246107 0.8978085123038831 192
1615825339208 0.8979782802193952 193
1615825339210 0.8979782802193952 193
1615825431829 0.8981588730399658 194
1615825431831 0.8981588730399658 194
1615825523011 0.8983196867831302 195
1615825523013 0.8983196867831302 195
1615825614397 0.8984791330337817 196
1615825614400 0.8984791330337817 196
1615825705416 0.898645566090926 197
1615825705419 0.898645566090926 197
1615825796810 0.8988122678921553 198
1615825796812 0.8988122678921553 198
1615825888235 0.8989618321319128 199
1615825888237 0.8989618321319128 199
1615825979751 0.8991275589813272 200
1615825979754 0.8991275589813272 200
1615826070931 0.8992892089866197 201
1615826070933 0.8992892089866197 201
1615826161991 0.8994522129172012 202
1615826161993 0.8994522129172012 202
1615826252765 0.8996045689180581 203
1615826252767 0.8996045689180581 203
1615826344228 0.8997498146286439 204
1615826344230 0.8997498146286439 204
1615826435006 0.8998999488930693 205
1615826435008 0.8998999488930693 205
1615826526111 0.9000658201809466 206
1615826526113 0.9000658201809466 206
1615826617265 0.9002420481585236 207
1615826617268 0.9002420481585236 207
1615826708528 0.9003918978547847 208
1615826708530 0.9003918978547847 208
1615826799781 0.9005414179795677 209
1615826799784 0.9005414179795677 209
1615826891523 0.9007019860796593 210
1615826891525 0.9007019860796593 210
1615826983048 0.9008503970114392 211
1615826983050 0.9008503970114392 211
1615827074266 0.90100174044253 212
1615827074268 0.90100174044253 212
1615827165543 0.9011686372593173 213
1615827165546 0.9011686372593173 213
1615827256910 0.9013297222650374 214
1615827256912 0.9013297222650374 214
1615827348113 0.9014845585863426 215
1615827348116 0.9014845585863426 215
1615827439683 0.9015817954809358 216
1615827439685 0.9015817954809358 216
1615827531108 0.9017283679132153 217
1615827531111 0.9017283679132153 217
1615827622117 0.9018551617249437 218
1615827622119 0.9018551617249437 218
1615827713477 0.9020110919485265 219
1615827713479 0.9020110919485265 219
1615827805102 0.9021453193828599 220
1615827805104 0.9021453193828599 220
1615827896434 0.9022415132242156 221
1615827896436 0.9022415132242156 221
1615827987724 0.9022285286535362 222
1615827987726 0.9022285286535362 222
1615828079615 0.9023304313891879 223
1615828079617 0.9023304313891879 223
1615828170803 0.9024385736128984 224
1615828170805 0.9024385736128984 224
1615828262014 0.9025554860876996 225
1615828262017 0.9025554860876996 225
1615828353270 0.902689283047095 226
1615828353273 0.902689283047095 226
1615828444482 0.9028277028518831 227
1615828444484 0.9028277028518831 227
1615828535681 0.90295221200727 228
1615828535683 0.90295221200727 228
1615828627070 0.9030824004414408 229
1615828627072 0.9030824004414408 229
1615828718398 0.9032397500955454 230
1615828718400 0.9032397500955454 230
1615828809793 0.9033849740288753 231
1615828809795 0.9033849740288753 231
1615828900978 0.9035232350269357 232
1615828900981 0.9035232350269357 232
1615828992423 0.9036735201670075 233
1615828992426 0.9036735201670075 233
1615829084127 0.9038133107421514 234
1615829084129 0.9038133107421514 234
1615829175207 0.9039522931761921 235
1615829175209 0.9039522931761921 235
1615829266365 0.9041164570113669 236
1615829266368 0.9041164570113669 236
1615829357727 0.9042643740414366 237
1615829357729 0.9042643740414366 237
1615829449119 0.9043932774793441 238
1615829449121 0.9043932774793441 238
1615829540292 0.9045393861746835 239
1615829540295 0.9045393861746835 239
1615829631948 0.9046497468161145 240
1615829631951 0.9046497468161145 240
1615829722873 0.9047590882960949 241
1615829722876 0.9047590882960949 241
1615829814044 0.9049044676318629 242
1615829814046 0.9049044676318629 242
1615829905103 0.9050433309067428 243
1615829905106 0.9050433309067428 243
1615829996646 0.905189288581177 244
1615829996648 0.905189288581177 244
1615830088048 0.9053327215898969 245
1615830088051 0.9053327215898969 245
1615830179237 0.9054633893972586 246
1615830179239 0.9054633893972586 246
1615830270290 0.9055740408972448 247
1615830270292 0.9055740408972448 247
1615830361434 0.9057156405617266 248
1615830361436 0.9057156405617266 248
1615830452559 0.9058441870194767 249
1615830452561 0.9058441870194767 249
