1615807726120 0.31604236097478156 0
1615807820877 0.2588843952363996 1
1615807914499 0.22962250756980174 2
1615808008061 0.21689351903858467 3
1615808100537 0.2047195737041644 4
1615808193104 0.19585749699701716 5
1615808285290 0.18814118965856555 6
1615808377638 0.18220136181187271 7
1615808470110 0.17740724612626665 8
1615808562266 0.17186103543238854 9
1615808654995 0.16765694435448306 10
1615808746665 0.16436284357932077 11
1615808837693 0.16085773261625377 12
1615808930175 0.15771669397221957 13
1615809022678 0.15505171640595397 14
1615809113615 0.15291312670529783 15
1615809204809 0.15139504034755735 16
1615809296280 0.1497189403074496 17
1615809387778 0.14809971612359446 18
1615809478981 0.14606084138599798 19
1615809570196 0.14415925338747831 20
1615809661169 0.14225747129972144 21
1615809752324 0.14058947187983165 22
1615809842933 0.13901015608316633 23
1615809933743 0.13742850011854033 24
1615810024857 0.13603589698313026 25
1615810116077 0.1354193559926541 26
1615810207376 0.13499722186563368 27
1615810298286 0.13468823645204478 28
1615810389787 0.134325066520207 29
1615810480776 0.13353063963213735 30
1615810571698 0.13275789833669344 31
1615810663345 0.13183635260281332 32
1615810755410 0.13121252108604056 33
1615810846151 0.13035334264799986 34
1615810937048 0.12951752370467431 35
1615811027957 0.12868608994174263 36
1615811118792 0.12785473955211354 37
1615811209908 0.12712059646468488 38
1615811301075 0.1264319281079876 39
1615811392359 0.12560497358316589 40
1615811483324 0.12482555412873361 41
1615811574185 0.12409925136000115 42
1615811665127 0.12343405961505108 43
1615811756087 0.12272352970654692 44
1615811847315 0.12216569236700293 45
1615811938334 0.12177667367189565 46
1615812029207 0.12131369438263316 47
1615812119981 0.12076037940621703 48
1615812210898 0.1201810152317161 49
1615812302111 0.119674659242817 50
1615812393321 0.11911124346861199 51
1615812484407 0.118563709494699 52
1615812575598 0.11803057824398946 53
1615812666395 0.11748292069260431 54
1615812757229 0.117013773287156 55
1615812848191 0.1165980650324196 56
1615812939549 0.1182854474051 57
1615813030549 0.11864184027468438 58
1615813121621 0.11858215723464739 59
1615813212360 0.11835967326240084 60
1615813303191 0.11808444072434579 61
1615813394199 0.11773134416043829 62
1615813485345 0.11740097902548402 63
1615813576546 0.11706861499803896 64
1615813667585 0.11668436246077867 65
1615813758737 0.11644692520809534 66
1615813849630 0.1160769844076108 67
1615813940707 0.11570221544111442 68
1615814031666 0.1154024589798852 69
1615814122584 0.11515225869456033 70
1615814213327 0.11480336811757996 71
1615814304368 0.11455663872311096 72
1615814395595 0.11423810256157443 73
1615814486675 0.11387930908013338 74
1615814577676 0.11354704201221466 75
1615814668659 0.11318961245118474 76
1615814759573 0.11281400863074087 77
1615814850641 0.1124372218003373 78
1615814941737 0.11212825226917196 79
1615815032957 0.11178697604203457 80
1615815123952 0.11145222797843382 81
1615815214815 0.11114783594450103 82
1615815305775 0.11082250435850513 83
1615815396860 0.1105003965644066 84
1615815487703 0.11014415563207994 85
1615815578980 0.10983361797444016 86
1615815669885 0.10952629841449625 87
1615815760746 0.10919766404695525 88
1615815851442 0.10885215598354687 89
1615815942633 0.10851704724327313 90
1615816033495 0.10819121256306294 91
1615816124436 0.10789641351000376 92
1615816215235 0.10758786113082738 93
1615816306113 0.10726905963782336 94
1615816397105 0.1069663344646123 95
1615816488293 0.10663285928976539 96
1615816579159 0.10632334666356713 97
1615816670262 0.10600915300024773 98
1615816761033 0.10571041050241954 99
1615816852238 0.10543951970427783 100
1615816943072 0.10515413938086389 101
1615817034051 0.10490947371893147 102
1615817124830 0.1046426341827236 103
1615817215977 0.10438961180373126 104
1615817306946 0.1041375655031513 105
1615817397984 0.10389179831885413 106
1615817488810 0.10366111462487905 107
1615817579723 0.10340185904362487 108
1615817670841 0.10327663038284839 109
1615817762168 0.10310427614705478 110
1615817852957 0.10288958429400598 111
1615817943872 0.10263561500203669 112
1615818035213 0.1023695753425414 113
1615818126175 0.10211731439128777 114
1615818217070 0.10184861384466389 115
1615818308042 0.10158625616530309 116
1615818399212 0.10136514695541723 117
1615818490444 0.1011055002588707 118
1615818581634 0.10087396819793168 119
1615818672760 0.10062382159316026 120
1615818763768 0.1003731162500813 121
1615818854687 0.10011715736945787 122
1615818945521 0.09988816601184335 123
1615819036800 0.09966451198663283 124
1615819127606 0.09945960146249455 125
1615819218324 0.09923275980521823 126
1615819308995 0.09899406967712426 127
1615819399711 0.09877835298100375 128
1615819490561 0.09855101174246154 129
1615819582015 0.09830868879130043 130
1615819673238 0.09808084448232525 131
1615819764249 0.09786962527054727 132
1615819855507 0.09764660704000461 133
1615819946973 0.09742092122156493 134
1615820038534 0.09723439798923415 135
1615820129628 0.09701823035620542 136
1615820220962 0.09680915970243265 137
1615820312128 0.09662333039634277 138
1615820403076 0.0964218078963538 139
1615820494419 0.09623141128877818 140
1615820585565 0.09601709297381456 141
1615820677028 0.09581527385466806 142
1615820768305 0.09561311818078581 143
1615820859816 0.09542211852488418 144
1615820951055 0.09521596225413095 145
1615821042170 0.09500194769944623 146
1615821133590 0.09479078435883402 147
1615821224881 0.09461523596800774 148
1615821316502 0.0944042742845431 149
1615821408325 0.09419830996987612 150
1615821499436 0.09399619826700215 151
1615821590505 0.0938147282719019 152
1615821681743 0.09363040009726155 153
1615821772827 0.0934400038416132 154
1615821863763 0.0932694162119863 155
1615821955264 0.0930896224217651 156
1615822046229 0.09289325362969815 157
1615822137578 0.09271566091563617 158
1615822229480 0.09253163108073956 159
1615822321192 0.09236164017648399 160
1615822412675 0.0922070908594773 161
1615822503866 0.09201421351586057 162
1615822594950 0.09184374218968684 163
1615822686157 0.0916606139619121 164
1615822777074 0.09146627648188431 165
1615822867987 0.09129289573825754 166
1615822959273 0.09112407779685133 167
1615823050490 0.09096207702832627 168
1615823141716 0.09078296835847444 169
1615823233202 0.09059682170310718 170
1615823324532 0.09041595702078642 171
1615823415600 0.09026046956174792 172
1615823506735 0.09010966193473532 173
1615823598055 0.08993357645677354 174
1615823689222 0.08977408644969463 175
1615823780731 0.0897029334462024 176
1615823872395 0.08958175115171106 177
1615823963936 0.08943787523537794 178
1615824055215 0.08927948708656813 179
1615824146601 0.08909712039186743 180
1615824238062 0.0889393324898524 181
1615824329488 0.08877073160422276 182
1615824420731 0.08860445755070329 183
1615824512108 0.08844681083314504 184
1615824603239 0.08829814062189703 185
1615824694124 0.08817015193543705 186
1615824785484 0.0880286875803458 187
1615824877061 0.08790052442634258 188
1615824968602 0.0877649119587649 189
1615825060408 0.08761923754411799 190
1615825153784 0.08747571306905495 191
1615825246102 0.0873233815668797 192
1615825339206 0.08717987379269855 193
1615825431827 0.08701946734469652 194
1615825523009 0.08688058135642394 195
1615825614395 0.08674537042242374 196
1615825705414 0.08659960247534682 197
1615825796808 0.08645244791566199 198
1615825888233 0.08632779933178608 199
1615825979749 0.08617978438756037 200
1615826070928 0.08604580703013513 201
1615826161989 0.08590401176073725 202
1615826252763 0.08577280194831939 203
1615826344225 0.08564624733433628 204
1615826435003 0.0855101828574444 205
1615826526108 0.08536309547487585 206
1615826617263 0.08520940197663801 207
1615826708526 0.08507713648469797 208
1615826799779 0.08495209630957382 209
1615826891520 0.08481425808369382 210
1615826983046 0.0846844374403354 211
1615827074264 0.08455103753151191 212
1615827165541 0.08440187274952424 213
1615827256908 0.08426116779834525 214
1615827348111 0.08412662483319326 215
1615827439682 0.08404349731820124 216
1615827531106 0.08392296639041157 217
1615827622114 0.08381056720994538 218
1615827713475 0.083671300968451 219
1615827805100 0.08356299984098459 220
1615827896432 0.08348127239827946 221
1615827987721 0.08349190711113406 222
1615828079612 0.08340237479108868 223
1615828170801 0.08330448596631713 224
1615828262012 0.08320459416435068 225
1615828353268 0.08309112290626247 226
1615828444479 0.08296986677690966 227
1615828535679 0.08286328770024586 228
1615828627067 0.08275607769401104 229
1615828718395 0.08261713044560376 230
1615828809791 0.08248979010826775 231
1615828900976 0.08236704108411293 232
1615828992421 0.08223562395942202 233
1615829084125 0.08211677589277197 234
1615829175204 0.08199991649942646 235
1615829266363 0.08186031575917346 236
1615829357724 0.08173176769209707 237
1615829449117 0.08163070270006138 238
1615829540290 0.08150268045823969 239
1615829631946 0.08140827866097301 240
1615829722871 0.08131232891156877 241
1615829814042 0.08118344945071718 242
1615829905101 0.08105899112817275 243
1615829996643 0.08092928180017746 244
1615830088046 0.08080309096390643 245
1615830179234 0.08068745706339132 246
1615830270287 0.0805934240999392 247
1615830361431 0.08046961893232468 248
1615830452556 0.08035666377864671 249
