1615807726116 0.6716698177937251 0
1615807820873 0.7686378983641738 1
1615807914492 0.8000955105717502 2
1615808008048 0.7921548668128341 3
1615808100527 0.8174649728323097 4
1615808193095 0.8246700966091298 5
1615808285277 0.836707281643775 6
1615808377635 0.8348811001919988 7
1615808470106 0.8391992294076663 8
1615808562262 0.8577585384916904 9
1615808654991 0.8538162673809635 10
1615808746661 0.8519895020038334 11
1615808837690 0.8614258312467319 12
1615808930171 0.864388440527133 13
1615809022674 0.8632258525980052 14
1615809113611 0.8602978518204902 15
1615809204806 0.853727420764183 16
1615809296276 0.8582553400922177 17
1615809387774 0.86292200213048 18
1615809478977 0.8737087200826673 19
1615809570192 0.8764148121004673 20
1615809661165 0.8802019978192315 21
1615809752320 0.877716822188292 22
1615809842929 0.8792334519215484 23
1615809933739 0.8831729475241988 24
1615810024852 0.8826395842566419 25
1615810116073 0.8585969443196682 26
1615810207372 0.8561309195721327 27
1615810298283 0.8543172400833955 28
1615810389783 0.8552003582911705 29
1615810480772 0.8711743357021418 30
1615810571693 0.873642266686283 31
1615810663341 0.8808218189584676 32
1615810755404 0.8731053322553635 33
1615810846147 0.8827338627914885 34
1615810937043 0.8816368562072071 35
1615811027953 0.884116619158147 36
1615811118788 0.8864406035907233 37
1615811209904 0.8826555762050757 38
1615811301072 0.8842018115431515 39
1615811392355 0.8909943001483803 40
1615811483320 0.8909075813951777 41
1615811574181 0.8895012600653207 42
1615811665123 0.8878932257196797 43
1615811756083 0.8921866454740068 44
1615811847311 0.887342512385169 45
1615811938329 0.877203790109549 46
1615812029203 0.8832094938452564 47
1615812119977 0.8896577182545591 48
1615812210894 0.8915407826651388 49
1615812302108 0.8894025567752212 50
1615812393317 0.8933145121407153 51
1615812484403 0.8938087251648974 52
1615812575594 0.8938121037251914 53
1615812666391 0.8972332851210637 54
1615812757225 0.8944828339032272 55
1615812848187 0.8907779181626305 56
1615812939545 0.7503939520067243 57
1615813030544 0.8368524937932171 58
1615813121617 0.8652351167219788 59
1615813212356 0.8773262985606691 60
1615813303186 0.8798620476206737 61
1615813394195 0.8874060616119585 62
1615813485341 0.8866978120892796 63
1615813576542 0.8887069285360735 64
1615813667581 0.8903899052694663 65
1615813758733 0.8836664650867234 66
1615813849627 0.8929256400955257 67
1615813940703 0.8934830086889551 68
1615814031662 0.8901571464627537 69
1615814122580 0.8839347891843141 70
1615814213323 0.8934522778240602 71
1615814304364 0.8854782345579632 72
1615814395591 0.8936520652539695 73
1615814486671 0.8966614850866261 74
1615814577671 0.8959669826635673 75
1615814668656 0.8993332601750075 76
1615814759569 0.9015051017501461 77
1615814850638 0.9017015433133538 78
1615814941733 0.8980782690332897 79
1615815032953 0.9010930868671901 80
1615815123948 0.9011002652235885 81
1615815214811 0.8990745806871955 82
1615815305771 0.9005565525435689 83
1615815396856 0.9017471250758242 84
1615815487699 0.9049019726799495 85
1615815578976 0.9021421486317222 86
1615815669881 0.9041524278139 87
1615815760742 0.9056443069408189 88
1615815851438 0.9080345085752544 89
1615815942629 0.9076748187862226 90
1615816033491 0.9082057745154224 91
1615816124432 0.9056995900264427 92
1615816215232 0.9076170300814643 93
1615816306109 0.9087389405093976 94
1615816397101 0.9074785842824338 95
1615816488289 0.9115350310927006 96
1615816579155 0.9100048944576463 97
1615816670257 0.9115282773081936 98
1615816761029 0.9095316569306957 99
1615816852234 0.9086492895635206 100
1615816943067 0.9099922171279565 101
1615817034047 0.9081528571559422 102
1615817124826 0.9097830599813319 103
1615817215973 0.9087074078730683 104
1615817306943 0.9086539004720858 105
1615817397980 0.9086212515830994 106
1615817488806 0.9071686788281398 107
1615817579720 0.9109989224529979 108
1615817670837 0.8935723109031791 109
1615817762164 0.902373803418074 110
1615817852953 0.9071406755429595 111
1615817943868 0.9124078005552292 112
1615818035209 0.9142019544074784 113
1615818126171 0.9131053139024706 114
1615818217066 0.9156165687895533 115
1615818308039 0.9156050473006804 116
1615818399208 0.9116722074017596 117
1615818490440 0.9155208859870683 118
1615818581630 0.9142156172154555 119
1615818672756 0.9157273311223557 120
1615818763764 0.916773892827888 121
1615818854683 0.9183397653387554 122
1615818945517 0.9151393486492669 123
1615819036796 0.9164554461169598 124
1615819127602 0.913860437140536 125
1615819218320 0.9164006683363843 126
1615819308991 0.9187160123195222 127
1615819399707 0.9187458106386128 128
1615819490556 0.918352653731161 129
1615819582011 0.9205022262993143 130
1615819673233 0.9192442400241966 131
1615819764245 0.9184840930931604 132
1615819855502 0.9198448996045696 133
1615819946968 0.9201121908515247 134
1615820038530 0.913986188707067 135
1615820129623 0.9191407610231371 136
1615820220958 0.9197811631124411 137
1615820312123 0.9166067976560166 138
1615820403072 0.9199488194131139 139
1615820494415 0.9191762667093704 140
1615820585561 0.9220853790418425 141
1615820677023 0.9211960999823329 142
1615820768301 0.9219281722360583 143
1615820859812 0.9208260263080028 144
1615820951050 0.9214931303885445 145
1615821042166 0.9242403387133755 146
1615821133585 0.9245443112814604 147
1615821224877 0.9197530379491066 148
1615821316498 0.924934781309384 149
1615821408321 0.9250345029937688 150
1615821499432 0.9240661681588016 151
1615821590501 0.9228085252776075 152
1615821681739 0.9228658822935019 153
1615821772823 0.923851681734199 154
1615821863759 0.9236676368250776 155
1615821955259 0.9236248162255358 156
1615822046225 0.9268596521509227 157
1615822137573 0.9232417927749121 158
1615822229476 0.9256900789132759 159
1615822321188 0.9239128467751972 160
1615822412671 0.9221990388720783 161
1615822503862 0.9271710492781738 162
1615822594947 0.926311362145552 163
1615822686153 0.927035419798609 164
1615822777069 0.9294554479976198 165
1615822867983 0.9259860199778828 166
1615822959269 0.9263326341091697 167
1615823050485 0.9242615045896218 168
1615823141712 0.9281256979525979 169
1615823233199 0.9302380703278442 170
1615823324527 0.928913383786358 171
1615823415595 0.9249205691600914 172
1615823506731 0.9262070355575476 173
1615823598050 0.9304405326273903 174
1615823689218 0.9273552369715562 175
1615823780727 0.9095500124924218 176
1615823872390 0.9199535215078894 177
1615823963931 0.9251937501466097 178
1615824055211 0.9288438554130384 179
1615824146596 0.9325098382003272 180
1615824238058 0.92904572344538 181
1615824329484 0.931237023268173 182
1615824420728 0.930691533124269 183
1615824512104 0.93112256856107 184
1615824603235 0.9283198020351466 185
1615824694119 0.924359554675088 186
1615824785480 0.9275665407750144 187
1615824877057 0.9247115859344824 188
1615824968597 0.9264790424660071 189
1615825060404 0.9285795194889183 190
1615825153781 0.9299858466013154 191
1615825246097 0.9320681028401674 192
1615825339202 0.9307434879132171 193
1615825431824 0.9331938802306332 194
1615825523005 0.9296783667002151 195
1615825614392 0.9297305981614696 196
1615825705410 0.9314328783483647 197
1615825796803 0.9318192245355293 198
1615825888228 0.9287251158436732 199
1615825979745 0.9322729288642086 200
1615826070924 0.9317808600504007 201
1615826161984 0.9323790068946668 202
1615826252758 0.9305328370919869 203
1615826344221 0.9293799395881482 204
1615826434999 0.9306774731002637 205
1615826526104 0.9342353054836615 206
1615826617259 0.9367212395169842 207
1615826708521 0.9315606346770898 208
1615826799774 0.9317911240591932 209
1615826891516 0.9344212870989272 210
1615826983042 0.9321651036169991 211
1615827074259 0.9330865478337701 212
1615827165536 0.9367176592350006 213
1615827256903 0.9358019134891566 214
1615827348107 0.9347743676669562 215
1615827439677 0.922584964713054 216
1615827531102 0.9335345857178987 217
1615827622110 0.9294962126817277 218
1615827713471 0.9361598109131428 219
1615827805095 0.9316753549362297 220
1615827896427 0.923500352163813 221
1615827987716 0.8993459539626961 222
1615828079608 0.9250547414395347 223
1615828170796 0.926662431724036 224
1615828262007 0.9288607929179917 225
1615828353264 0.9329273958704365 226
1615828444474 0.9342489985387716 227
1615828535673 0.9313402994355159 228
1615828627062 0.9328955518665598 229
1615828718390 0.9394301705395998 230
1615828809786 0.9369317026280645 231
1615828900971 0.9355997865769401 232
1615828992417 0.9386899578037546 233
1615829084121 0.9365243053258355 234
1615829175199 0.9366131651757369 235
1615829266359 0.9428591221126158 236
1615829357720 0.939320710167956 237
1615829449112 0.9350722957013259 238
1615829540285 0.9394593643608378 239
1615829631942 0.931136300759529 240
1615829722866 0.9311103849713482 241
1615829814037 0.9400862668877217 242
1615829905096 0.9387871067025768 243
1615829996638 0.9408029611430951 244
1615830088041 0.9404738087262681 245
1615830179229 0.9376076700082466 246
1615830270282 0.9329049613938403 247
1615830361426 0.9408323573532389 248
1615830452552 0.9378522549992176 249
