1615807726114 0.31604236097478156 0
1615807820871 0.20172642949801772 1
1615807914487 0.17109873223660596 2
1615808008044 0.17870655344493352 3
1615808100522 0.1560237923664833 4
1615808193090 0.15154711346128094 5
1615808285271 0.1418433456278559 6
1615808377632 0.14062256688502298 7
1615808470104 0.139054320641418 8
1615808562260 0.12194513918748542 9
1615808654989 0.12561603357542805 10
1615808746659 0.12812773505253577 11
1615808837687 0.11879640105944961 12
1615808930169 0.11688319159977471 13
1615809022672 0.1177420304782355 14
1615809113606 0.12083428119545553 15
1615809204804 0.1271056586237096 16
1615809296271 0.12122523962561764 17
1615809387769 0.11895368081420216 18
1615809478973 0.10732222137166493 19
1615809570187 0.1061274934170851 20
1615809661162 0.10232004745682674 21
1615809752316 0.10389348464225655 22
1615809842927 0.102685892759864 23
1615809933737 0.09946875696751609 24
1615810024849 0.10122081859787899 25
1615810116071 0.11938929024027355 26
1615810207367 0.12359960043608252 27
1615810298280 0.12603664487155516 28
1615810389778 0.12379313849691134 29
1615810480767 0.10969783299004854 30
1615810571688 0.10880291817793206 31
1615810663338 0.10234688911865007 32
1615810755397 0.11062608103253949 33
1615810846145 0.10114127575461544 34
1615810937039 0.1002638606882807 35
1615811027948 0.09875447447620221 36
1615811118783 0.09709477513583738 37
1615811209899 0.09922315914239456 38
1615811301070 0.09957386219679419 39
1615811392351 0.09252679259029788 40
1615811483318 0.09286935649701018 41
1615811574176 0.09359453507323763 42
1615811665122 0.09483081458219841 43
1615811756078 0.09146021373236357 44
1615811847310 0.09706301208752305 45
1615811938324 0.10388181369696091 46
1615812029200 0.09955366778729567 47
1615812119975 0.09420126053824354 48
1615812210884 0.09179217068117056 49
1615812302105 0.09435685979786204 50
1615812393315 0.09037703898415636 51
1615812484398 0.09009194285122317 52
1615812575590 0.089774621956384 53
1615812666387 0.08790941291780614 54
1615812757223 0.09121066598749872 55
1615812848184 0.0933184027671814 56
1615812939542 0.21446624264788272 57
1615813030539 0.13931262671057856 58
1615813121614 0.11506085787246477 59
1615813212351 0.10501063492760729 60
1615813303182 0.10129525590298781 61
1615813394190 0.09583935719817432 62
1615813485336 0.09658797552336508 63
1615813576537 0.09579731724155482 64
1615813667578 0.0917079475388598 65
1615813758729 0.1007760665309963 66
1615813849625 0.09129095077514648 67
1615813940701 0.09021792571936081 68
1615814031660 0.09471926315506893 69
1615814122576 0.09763823872181907 70
1615814213319 0.09003213715197435 71
1615814304359 0.09679212232134235 72
1615814395589 0.09098496276940872 73
1615814486666 0.08732859145349531 74
1615814577667 0.0886270119183099 75
1615814668654 0.08602496581291084 76
1615814759567 0.08389251445656393 77
1615814850636 0.08304784902885778 78
1615814941730 0.08771965930710977 79
1615815032948 0.08448487787104364 80
1615815123947 0.08433763482677403 81
1615815214809 0.08618768916201236 82
1615815305765 0.08381998272084479 83
1615815396851 0.08344334186013065 84
1615815487696 0.07986367638431378 85
1615815578972 0.08312737941741943 86
1615815669875 0.0827894966993759 87
1615815760740 0.08027783970334637 88
1615815851433 0.07810193834020131 89
1615815942626 0.07835726061863686 90
1615816033489 0.07854025666393451 91
1615816124427 0.08077490062855963 92
1615816215229 0.07889248986742389 93
1615816306105 0.07730171929544477 94
1615816397096 0.07820744300956156 95
1615816488285 0.07461924250446149 96
1615816579150 0.0763006219223364 97
1615816670253 0.07521817399494683 98
1615816761027 0.07613490321742955 99
1615816852229 0.07835043989010711 100
1615816943065 0.0763307267160558 101
1615817034043 0.07995357620182322 102
1615817124821 0.07715816195331403 103
1615817215964 0.07807528438852794 104
1615817306938 0.07767270394225619 105
1615817397975 0.07784047678335389 106
1615817488801 0.07897795936954555 107
1615817579717 0.0754022562681739 108
1615817670831 0.08962670635821214 109
1615817762159 0.08414531020975824 110
1615817852949 0.07905878860559036 111
1615817943863 0.0741910543014754 112
1615818035204 0.07230709381957552 113
1615818126168 0.07335956594837245 114
1615818217056 0.07094805098291654 115
1615818308036 0.07115276535945152 116
1615818399203 0.07549536939877183 117
1615818490435 0.07046719006638029 118
1615818581625 0.07332165294618749 119
1615818672754 0.07060622902058844 120
1615818763762 0.07003776973752833 121
1615818854678 0.06889017393339926 122
1615818945514 0.07172222902525717 123
1615819036794 0.07193141286052875 124
1615819127597 0.0738457859452091 125
1615819218315 0.07065071098840059 126
1615819308986 0.06868042340919153 127
1615819399704 0.07116661587757851 128
1615819490552 0.06922399197051775 129
1615819582006 0.0668067051403558 130
1615819673228 0.06823324000657495 131
1615819764240 0.06998868931585284 132
1615819855498 0.06798518237782948 133
1615819946963 0.06717902155064825 134
1615820038524 0.07205376162457822 135
1615820129621 0.06761943226429953 136
1615820220955 0.06816648013556181 137
1615820312114 0.07097888615593981 138
1615820403068 0.06841018039788772 139
1615820494410 0.06957588622819132 140
1615820585556 0.06579821056394435 141
1615820677018 0.06715695893586572 142
1615820768299 0.06670485681562281 143
1615820859807 0.0679181680750491 144
1615820951045 0.06532330299491312 145
1615821042164 0.0637558227154746 146
1615821133580 0.06374977328884068 147
1615821224872 0.06863407412571694 148
1615821316493 0.06297098344831324 149
1615821408317 0.06330366276983004 150
1615821499427 0.06347733113303114 151
1615821590499 0.0662312890166667 152
1615821681734 0.06542818937728655 153
1615821772820 0.0641189804717676 154
1615821863756 0.0668283336198152 155
1615821955257 0.06504179114726052 156
1615822046220 0.0620633532751852 157
1615822137563 0.06465601209384292 158
1615822229473 0.06327088733217609 159
1615822321183 0.06516309549559408 160
1615822412670 0.06732465082140111 161
1615822503857 0.060768083849949625 162
1615822594942 0.06405691602336827 163
1615822686150 0.061627584606853886 164
1615822777064 0.05940059227729911 165
1615822867981 0.06251169229621317 166
1615822959264 0.06293148158201531 167
1615823050483 0.06374594791611629 168
1615823141709 0.06051360315351344 169
1615823233196 0.0589518902906731 170
1615823324523 0.0594880963439372 171
1615823415592 0.06351662660712626 172
1615823506729 0.06401994246155468 173
1615823598045 0.059294703291423285 174
1615823689208 0.06186333521088557 175
1615823780725 0.0771800048315703 176
1615823872385 0.06813248502674388 177
1615823963926 0.0638279621280841 178
1615824055208 0.06092800844961138 179
1615824146593 0.05627111534574138 180
1615824238053 0.06037972222513227 181
1615824329481 0.05808537041963036 182
1615824420726 0.05817630575664008 183
1615824512099 0.05943981480242601 184
1615824603233 0.060794151541012434 185
1615824694114 0.06436425625388302 186
1615824785475 0.0615748531782805 187
1615824877055 0.06380585147373712 188
1615824968595 0.06213415558658429 189
1615825060402 0.05994109876120268 190
1615825153778 0.06006253833201394 191
1615825246092 0.05807573314922959 192
1615825339200 0.059482873375736066 193
1615825431821 0.05590061643230381 194
1615825523000 0.05979781364327046 195
1615825614389 0.060244027358382496 196
1615825705405 0.057883316901192736 197
1615825796798 0.05731584509806847 198
1615825888226 0.061522731140478334 199
1615825979742 0.05657679554241807 200
1615826070922 0.05911635818766124 201
1615826161980 0.057261367342365324 202
1615826252755 0.059137210027495425 203
1615826344216 0.05982910608177754 204
1615826434994 0.05761696509460905 205
1615826526100 0.05506309466575509 206
1615826617254 0.053394847841405156 207
1615826708516 0.057565914161169705 208
1615826799769 0.05881869970862545 209
1615826891512 0.05586823064889481 210
1615826983037 0.05729228169170778 211
1615827074254 0.05627025686093231 212
1615827165531 0.05262977418614857 213
1615827256899 0.054150308246043194 214
1615827348102 0.05519988732551461 215
1615827439667 0.0660879540799269 216
1615827531097 0.057767755060053584 217
1615827622105 0.05930754586831847 218
1615827713466 0.053171994081184046 219
1615827805090 0.05973675179837355 220
1615827896422 0.0654195075604453 221
1615827987711 0.0858528133648545 222
1615828079598 0.06343666742097086 223
1615828170791 0.06137738921749058 224
1615828262002 0.06072893872189877 225
1615828353259 0.05744661857832724 226
1615828444470 0.05544472541382064 227
1615828535667 0.058563258220900354 228
1615828627057 0.058204986266235804 229
1615828718385 0.050659263311927 230
1615828809781 0.05307417218364886 231
1615828900966 0.05388926748019546 232
1615828992411 0.051615433906441306 233
1615829084116 0.05430632829666138 234
1615829175196 0.054537959063231056 235
1615829266354 0.04891454105946555 236
1615829357717 0.051265875794994295 237
1615829449106 0.05757723459556921 238
1615829540279 0.05090536466285364 239
1615829631937 0.05875184731696969 240
1615829722861 0.05818843930514891 241
1615829814032 0.04999461992463069 242
1615829905094 0.05081561874987474 243
1615829996634 0.04928020576932537 244
1615830088036 0.04988633607750508 245
1615830179224 0.052241517536675754 246
1615830270277 0.0573672821272665 247
1615830361421 0.049765937363923485 248
1615830452547 0.05223083051282968 249
