1615807726118 20.561878581803565 0
1615807820875 15.557078033819458 1
1615807914497 14.804104598280684 2
1615808008057 14.936039108153173 3
1615808100532 13.847622716709612 4
1615808193100 13.765837078406332 5
1615808285285 13.062259042274098 6
1615808377636 13.48787042665443 7
1615808470108 13.91501065586391 8
1615808562264 12.290198928638045 9
1615808654993 12.174262350583014 10
1615808746663 13.44993786863282 11
1615808837691 11.169826590699687 12
1615808930173 11.405640206025128 13
1615809022676 11.84753579960052 14
1615809113613 12.470696164767118 15
1615809204808 11.76267303455166 16
1615809296278 13.822999508135851 17
1615809387776 11.576091990532023 18
1615809478979 10.40777784133467 19
1615809570194 10.988797328409172 20
1615809661167 10.227455194642221 21
1615809752322 11.056955594920602 22
1615809842931 10.129624336658388 23
1615809933741 10.328828639026549 24
1615810024855 10.141891520340414 25
1615810116075 12.188871096180147 26
1615810207374 11.401247617931347 27
1615810298284 12.467532924624805 28
1615810389785 12.392933874656478 29
1615810480774 10.595349934994736 30
1615810571695 11.314867977299079 31
1615810663343 9.836615961030512 32
1615810755405 11.996179160800331 33
1615810846149 11.154400976715193 34
1615810937046 10.404410426309 35
1615811027955 10.082948040515612 36
1615811118790 9.829130394728674 37
1615811209906 11.247654578955832 38
1615811301074 9.842629587159397 39
1615811392357 9.587212873817629 40
1615811483322 9.16079698048616 41
1615811574183 9.799777953200913 42
1615811665125 9.088346601302174 43
1615811756085 9.728088358138002 44
1615811847313 9.974044074671305 45
1615811938331 10.569722415330148 46
1615812029205 11.002891360909604 47
1615812119979 9.393455282965112 48
1615812210896 9.579990539152444 49
1615812302109 9.769486770153357 50
1615812393319 9.341597338608619 51
1615812484405 9.200042974212003 52
1615812575596 10.480885887441733 53
1615812666393 9.059184364748397 54
1615812757227 9.18933950212514 55
1615812848189 10.218642104937144 56
1615812939547 16.282704468175016 57
1615813030546 14.0083649117707 58
1615813121619 13.281784265782097 59
1615813212358 10.28631457024993 60
1615813303189 10.254924594489843 61
1615813394197 9.714648600656096 62
1615813485343 9.619030187765942 63
1615813576544 9.97199024447696 64
1615813667583 9.347049832218135 65
1615813758735 10.043223563265506 66
1615813849629 9.892310529471155 67
1615813940705 8.947233917432149 68
1615814031664 9.789383534040594 69
1615814122582 9.516414569635678 70
1615814213325 8.798684870084749 71
1615814304366 10.772287503819213 72
1615814395593 10.300850716952935 73
1615814486673 9.260915386631808 74
1615814577673 9.934916727980418 75
1615814668658 8.455043697067211 76
1615814759571 9.089352628235867 77
1615814850639 8.520604297176778 78
1615814941734 9.954128845764714 79
1615815032955 8.396872835992694 80
1615815123950 8.475672235784321 81
1615815214813 9.119045309109788 82
1615815305773 9.462097130489797 83
1615815396858 8.315757636792837 84
1615815487701 9.125122079577231 85
1615815578978 9.022019028849316 86
1615815669883 8.65355691406422 87
1615815760744 9.532976121143827 88
1615815851440 8.223289068510095 89
1615815942631 7.950795943104384 90
1615816033493 8.286852867719022 91
1615816124434 9.157849813344953 92
1615816215233 8.394666437104668 93
1615816306111 8.873514148667146 94
1615816397103 8.53671559767283 95
1615816488291 7.585589539412134 96
1615816579157 7.777833428700304 97
1615816670259 7.7224335336687755 98
1615816761031 7.359025072427715 99
1615816852236 9.084817067823547 100
1615816943069 7.039941722104927 101
1615817034050 8.792940911828083 102
1615817124828 7.68418123340928 103
1615817215975 7.548030652630192 104
1615817306945 7.563749924103529 105
1615817397982 7.6225404973825235 106
1615817488808 8.894025506787054 107
1615817579722 7.3986656669953765 108
1615817670839 10.518914573946871 109
1615817762166 9.57993715631074 110
1615817852955 7.7707505183045225 111
1615817943870 8.22923863220652 112
1615818035211 8.617153512029926 113
1615818126173 7.430511489745323 114
1615818217068 6.973577657500136 115
1615818308040 7.507353683945402 116
1615818399210 8.482882597711676 117
1615818490442 7.327471430056913 118
1615818581632 7.32668710340634 119
1615818672758 7.526555247452973 120
1615818763766 7.201190835333776 121
1615818854685 8.19449945716751 122
1615818945519 6.916643389634821 123
1615819036798 8.320897266939461 124
1615819127604 7.726868547831663 125
1615819218322 7.297892295285469 126
1615819308993 7.307871830291212 127
1615819399709 6.881737710668859 128
1615819490559 8.117485880984137 129
1615819582013 7.058214210675752 130
1615819673235 6.859246164865624 131
1615819764247 7.873557315008925 132
1615819855505 7.294928424570671 133
1615819946971 8.584026455831692 134
1615820038532 8.251677506840064 135
1615820129625 7.064938567837732 136
1615820220960 7.7302785796542635 137
1615820312126 8.033782881592192 138
1615820403074 6.27948114642697 139
1615820494417 6.796753181930733 140
1615820585563 6.800965744343347 141
1615820677025 7.61156029177622 142
1615820768303 6.463422349810346 143
1615820859814 8.924279516183148 144
1615820951053 7.1492682835985715 145
1615821042168 7.057459249396424 146
1615821133588 7.1555713552010145 147
1615821224879 8.078916287409374 148
1615821316500 6.938894916738583 149
1615821408323 7.384001184337693 150
1615821499434 6.270466389189144 151
1615821590503 8.118817462528991 152
1615821681741 6.9720010663583185 153
1615821772825 7.15467990971704 154
1615821863761 7.570088473836344 155
1615821955262 7.377331375142357 156
1615822046227 6.9609590513903505 157
1615822137575 8.49110056782921 158
1615822229478 7.270699539364504 159
1615822321190 8.738029727129565 160
1615822412673 6.857320962359394 161
1615822503864 6.01180501988382 162
1615822594949 7.006907977709058 163
1615822686155 8.136691841121742 164
1615822777071 6.764241345007833 165
1615822867985 7.01694596950379 166
1615822959271 7.927550382457143 167
1615823050488 6.641677136367883 168
1615823141714 7.1489179613488 169
1615823233201 6.156243416262025 170
1615823324530 7.525567137317043 171
1615823415597 7.607548384359914 172
1615823506733 7.658274637433815 173
1615823598052 6.4963553757758445 174
1615823689220 6.533218346536056 175
1615823780729 9.986852555248568 176
1615823872393 9.035716907756012 177
1615823963934 7.294161222853307 178
1615824055213 8.038934809523694 179
1615824146598 6.229705490533363 180
1615824238060 6.016747323121397 181
1615824329486 7.599113607384358 182
1615824420729 8.038217770102866 183
1615824512106 8.8946817775322 184
1615824603237 6.3148707171632585 185
1615824694121 7.247373280933173 186
1615824785482 6.99626799334008 187
1615824877059 8.846984949044366 188
1615824968600 7.267423059645952 189
1615825060407 8.437576356039374 190
1615825153782 7.125239332963442 191
1615825246100 7.200817710855546 192
1615825339204 6.380543521764186 193
1615825431825 6.158019566196267 194
1615825523007 6.75057605997169 195
1615825614393 8.089264253533864 196
1615825705412 6.265384661197861 197
1615825796805 7.775290811530204 198
1615825888230 7.260666573167659 199
1615825979747 7.8539043846150465 200
1615826070926 7.532474380758423 201
1615826161987 6.293535306311108 202
1615826252761 7.389683678505052 203
1615826344223 6.970910621751297 204
1615826435001 6.685478978339336 205
1615826526106 6.786685580051439 206
1615826617261 6.213649310196053 207
1615826708523 7.891991358457584 208
1615826799777 7.518048690341298 209
1615826891518 7.354961683838982 210
1615826983044 8.424649300558219 211
1615827074261 6.229855754643327 212
1615827165539 6.628584670737485 213
1615827256905 7.846543444458796 214
1615827348109 6.537530187726433 215
1615827439679 8.258088990871844 216
1615827531104 6.356989035347267 217
1615827622112 7.192295370874227 218
1615827713473 5.919028943107646 219
1615827805098 7.6089531361593385 220
1615827896430 8.4247758995841 221
1615827987719 10.539113126662611 222
1615828079610 9.953804534866642 223
1615828170799 7.301115668160281 224
1615828262009 7.981881357902753 225
1615828353266 6.78386578874073 226
1615828444477 6.699045322034064 227
1615828535675 6.471085512166161 228
1615828627064 6.537990705328296 229
1615828718393 6.695625534692912 230
1615828809788 6.661297398212213 231
1615828900973 8.959034877014558 232
1615828992419 5.676139814821046 233
1615829084123 6.821911352381696 234
1615829175202 6.73451452864111 235
1615829266361 5.815058119366076 236
1615829357722 5.845944698297504 237
1615829449114 6.230404382900929 238
1615829540287 5.72766987698707 239
1615829631944 8.536673986034732 240
1615829722869 7.472631693314607 241
1615829814039 5.962990860690609 242
1615829905099 6.082878115357992 243
1615829996641 6.729030476035377 244
1615830088044 6.849970247843775 245
1615830179232 6.931926366173715 246
1615830270285 8.548303229701295 247
1615830361429 7.61622278397898 248
1615830452554 6.037658711367217 249
