1617209439654 0.49150795380317386 0
1617209439657 0.49150795380317386 0
1617209569515 0.5700865166269223 1
1617209569556 0.5700865166269223 1
1617209699480 0.6142887520060564 2
1617209699499 0.6142887520060564 2
1617209829590 0.6410777539930039 3
1617209829592 0.6410777539930039 3
1617209957859 0.6636057584244323 4
1617209957862 0.6636057584244323 4
1617210084992 0.6683121363816912 5
1617210084994 0.6683121363816912 5
1617210211910 0.6785271692981075 6
1617210211913 0.6785271692981075 6
1617210338550 0.6929740047116673 7
1617210338552 0.6929740047116673 7
1617210465359 0.7027789673047751 8
1617210465361 0.7027789673047751 8
1617210591795 0.7137918001480471 9
1617210591798 0.7137918001480471 9
1617210718416 0.7239234297101952 10
1617210718419 0.7239234297101952 10
1617210844636 0.731915650565936 11
1617210844638 0.731915650565936 11
1617210971020 0.7390234271606846 12
1617210971022 0.7390234271606846 12
1617211097852 0.7454017730302207 13
1617211097854 0.7454017730302207 13
1617211224326 0.7515553386025758 14
1617211224329 0.7515553386025758 14
1617211350581 0.755300110815563 15
1617211350583 0.755300110815563 15
1617211476829 0.7594656859280791 16
1617211476831 0.7594656859280791 16
1617211602968 0.7640247749822875 17
1617211602970 0.7640247749822875 17
1617211728868 0.768345672245284 18
1617211728870 0.768345672245284 18
1617211855255 0.7719990201970004 19
1617211855258 0.7719990201970004 19
1617211981701 0.7759242930320156 20
1617211981704 0.7759242930320156 20
1617212107991 0.7792036887836428 21
1617212107993 0.7792036887836428 21
1617212234333 0.7821701640587031 22
1617212234335 0.7821701640587031 22
1617212360766 0.7853042831751647 23
1617212360768 0.7853042831751647 23
1617212487160 0.7875572199043026 24
1617212487162 0.7875572199043026 24
1617212613147 0.7900195577215315 25
1617212613150 0.7900195577215315 25
1617212739422 0.7924867382728008 26
1617212739424 0.7924867382728008 26
1617212865377 0.7950075010807198 27
1617212865379 0.7950075010807198 27
1617212991835 0.7972347234825979 28
1617212991838 0.7972347234825979 28
1617213118321 0.7987155988602324 29
1617213118323 0.7987155988602324 29
1617213244765 0.8006888032804486 30
1617213244767 0.8006888032804486 30
1617213371313 0.8023825925602651 31
1617213371316 0.8023825925602651 31
1617213497571 0.8041294257510153 32
1617213497573 0.8041294257510153 32
1617213623973 0.8057707183866065 33
1617213623976 0.8057707183866065 33
1617213750048 0.8075618426625103 34
1617213750050 0.8075618426625103 34
1617213876274 0.8092614795824327 35
1617213876277 0.8092614795824327 35
1617214002664 0.8103112124545995 36
1617214002667 0.8103112124545995 36
1617214128636 0.8113876258515276 37
1617214128638 0.8113876258515276 37
1617214254876 0.812575736600926 38
1617214254878 0.812575736600926 38
1617214380974 0.8134711041254862 39
1617214380976 0.8134711041254862 39
1617214507603 0.814286633813772 40
1617214507606 0.814286633813772 40
1617214633707 0.8151408204094478 41
1617214633710 0.8151408204094478 41
1617214759624 0.816236836143673 42
1617214759627 0.816236836143673 42
1617214885452 0.8174765961879641 43
1617214885454 0.8174765961879641 43
1617215011378 0.8186229469770641 44
1617215011381 0.8186229469770641 44
1617215137525 0.8197830732564574 45
1617215137528 0.8197830732564574 45
1617215263591 0.8208765090507648 46
1617215263594 0.8208765090507648 46
1617215389513 0.8219970447038488 47
1617215389515 0.8219970447038488 47
1617215515647 0.8231134712955648 48
1617215515650 0.8231134712955648 48
1617215642099 0.8242133081530747 49
1617215642101 0.8242133081530747 49
1617215768285 0.8252577794033443 50
1617215768287 0.8252577794033443 50
1617215894193 0.8252249015831233 51
1617215894195 0.8252249015831233 51
1617216020330 0.8256533529590702 52
1617216020333 0.8256533529590702 52
1617216146300 0.8264410572348835 53
1617216146302 0.8264410572348835 53
1617216272039 0.82718133440021 54
1617216272041 0.82718133440021 54
1617216398156 0.8280195129291453 55
1617216398158 0.8280195129291453 55
1617216523982 0.8288921758814067 56
1617216523984 0.8288921758814067 56
1617216650039 0.8297584907194079 57
1617216650041 0.8297584907194079 57
1617216776077 0.8305713155781395 58
1617216776080 0.8305713155781395 58
1617216902294 0.8313666823221634 59
1617216902297 0.8313666823221634 59
1617217028260 0.8320157889642474 60
1617217028263 0.8320157889642474 60
1617217154200 0.832632824754327 61
1617217154202 0.832632824754327 61
1617217280081 0.8333006546629081 62
1617217280083 0.8333006546629081 62
1617217405887 0.8340372455336655 63
1617217405889 0.8340372455336655 63
1617217531942 0.8347918107484333 64
1617217531945 0.8347918107484333 64
1617217658114 0.8355157818359981 65
1617217658116 0.8355157818359981 65
1617217784005 0.8362758277205282 66
1617217784007 0.8362758277205282 66
1617217909971 0.836973948750434 67
1617217909973 0.836973948750434 67
1617218036134 0.8376364063815562 68
1617218036137 0.8376364063815562 68
1617218161886 0.8382946266388447 69
1617218161889 0.8382946266388447 69
1617218288196 0.8389187757398566 70
1617218288199 0.8389187757398566 70
1617218414359 0.8395478574418701 71
1617218414361 0.8395478574418701 71
1617218540662 0.8401873080824238 72
1617218540665 0.8401873080824238 72
1617218666792 0.8408073337696667 73
1617218666794 0.8408073337696667 73
1617218792638 0.8409813697478101 74
1617218792640 0.8409813697478101 74
1617218918988 0.8411496070507165 75
1617218918990 0.8411496070507165 75
1617219045137 0.8416011475786765 76
1617219045139 0.8416011475786765 76
1617219171245 0.8418870890870216 77
1617219171248 0.8418870890870216 77
1617219297260 0.8423763869078426 78
1617219297263 0.8423763869078426 78
1617219423491 0.8428490966846246 79
1617219423494 0.8428490966846246 79
1617219549643 0.8433644959739266 80
1617219549645 0.8433644959739266 80
1617219675503 0.8439153438820136 81
1617219675505 0.8439153438820136 81
1617219801963 0.8444709069148764 82
1617219801966 0.8444709069148764 82
1617219928164 0.8449792222798754 83
1617219928166 0.8449792222798754 83
1617220054430 0.8454400055148193 84
1617220054432 0.8454400055148193 84
1617220180748 0.845861246395588 85
1617220180750 0.845861246395588 85
1617220306895 0.8463108934513519 86
1617220306897 0.8463108934513519 86
1617220433128 0.8467948248635545 87
1617220433131 0.8467948248635545 87
1617220559136 0.8472612035540674 88
1617220559139 0.8472612035540674 88
1617220685036 0.8477189041014039 89
1617220685038 0.8477189041014039 89
1617220811163 0.848182943587572 90
1617220811166 0.848182943587572 90
1617220937428 0.8486553080342462 91
1617220937430 0.8486553080342462 91
1617221063729 0.8491436088003418 92
1617221063732 0.8491436088003418 92
1617221189659 0.849602438732954 93
1617221189661 0.849602438732954 93
1617221315922 0.8500400172886888 94
1617221315925 0.8500400172886888 94
1617221441932 0.850444301279261 95
1617221441934 0.850444301279261 95
1617221567793 0.8508624221249921 96
1617221567795 0.8508624221249921 96
1617221693602 0.8512838239451549 97
1617221693605 0.8512838239451549 97
1617221819696 0.8516903376351646 98
1617221819699 0.8516903376351646 98
1617221945782 0.8521055122940838 99
1617221945784 0.8521055122940838 99
1617222071811 0.8525421255032508 100
1617222071813 0.8525421255032508 100
1617222197968 0.8528562470599536 101
1617222197971 0.8528562470599536 101
1617222323897 0.8531879411348495 102
1617222323900 0.8531879411348495 102
1617222450158 0.8534939680065947 103
1617222450161 0.8534939680065947 103
1617222575887 0.8538423292339204 104
1617222575889 0.8538423292339204 104
1617222702327 0.8542084605696981 105
1617222702330 0.8542084605696981 105
1617222828090 0.8545966085308367 106
1617222828093 0.8545966085308367 106
1617222954139 0.8549742117646321 107
1617222954141 0.8549742117646321 107
1617223079965 0.8553436023410568 108
1617223079968 0.8553436023410568 108
1617223205895 0.8557151325616598 109
1617223205898 0.8557151325616598 109
1617223331935 0.856045805212756 110
1617223331937 0.856045805212756 110
1617223458265 0.8563824096435908 111
1617223458267 0.8563824096435908 111
1617223584311 0.8567432164718334 112
1617223584314 0.8567432164718334 112
1617223710348 0.8569531323122257 113
1617223710351 0.8569531323122257 113
1617223836777 0.8571401811268069 114
1617223836779 0.8571401811268069 114
1617223962831 0.8571061685316791 115
1617223962834 0.8571061685316791 115
1617224089010 0.8572267720865308 116
1617224089013 0.8572267720865308 116
1617224215197 0.8574279102524326 117
1617224215200 0.8574279102524326 117
1617224341292 0.8576690467911071 118
1617224341295 0.8576690467911071 118
1617224467343 0.8579517181038324 119
1617224467346 0.8579517181038324 119
1617224593212 0.8582382244471767 120
1617224593216 0.8582382244471767 120
1617224719185 0.8585449170320234 121
1617224719187 0.8585449170320234 121
1617224845183 0.8588240167709226 122
1617224845185 0.8588240167709226 122
1617224971069 0.859120760016511 123
1617224971072 0.859120760016511 123
1617225097230 0.8594334457447219 124
1617225097233 0.8594334457447219 124
1617225223328 0.8597422926638248 125
1617225223331 0.8597422926638248 125
1617225349194 0.8600351349047614 126
1617225349196 0.8600351349047614 126
1617225475053 0.8603224046051824 127
1617225475055 0.8603224046051824 127
1617225600969 0.8606312168366377 128
1617225600972 0.8606312168366377 128
1617225726815 0.8609263972198168 129
1617225726818 0.8609263972198168 129
1617225853085 0.8612422824217225 130
1617225853088 0.8612422824217225 130
1617225979496 0.8615225205032484 131
1617225979498 0.8615225205032484 131
1617226105339 0.8618127056034993 132
1617226105342 0.8618127056034993 132
1617226231130 0.8620762579680411 133
1617226231133 0.8620762579680411 133
1617226357174 0.862349645632007 134
1617226357177 0.862349645632007 134
1617226483023 0.8625933135421673 135
1617226483026 0.8625933135421673 135
1617226609016 0.862869827290016 136
1617226609019 0.862869827290016 136
1617226734978 0.8631459191077663 137
1617226734981 0.8631459191077663 137
1617226860944 0.8634155956133567 138
1617226860947 0.8634155956133567 138
1617226986697 0.8636668441834415 139
1617226986700 0.8636668441834415 139
1617227112906 0.8639380817836008 140
1617227112909 0.8639380817836008 140
1617227239035 0.8642026081671468 141
1617227239037 0.8642026081671468 141
1617227365367 0.8644696981116354 142
1617227365370 0.8644696981116354 142
1617227491406 0.8647065811161097 143
1617227491409 0.8647065811161097 143
1617227617420 0.8649663772967219 144
1617227617423 0.8649663772967219 144
1617227743444 0.8652074542151994 145
1617227743447 0.8652074542151994 145
1617227869474 0.8654436604674788 146
1617227869477 0.8654436604674788 146
1617227995537 0.8656688869956228 147
1617227995539 0.8656688869956228 147
1617228121467 0.8658995665876066 148
1617228121470 0.8658995665876066 148
1617228247668 0.8661499488475513 149
1617228247670 0.8661499488475513 149
1617228373668 0.8663987415960145 150
1617228373671 0.8663987415960145 150
1617228499601 0.866639640591625 151
1617228499604 0.866639640591625 151
1617228625579 0.8668969607993969 152
1617228625582 0.8668969607993969 152
1617228751649 0.8671030117691619 153
1617228751652 0.8671030117691619 153
1617228877671 0.8672581066471663 154
1617228877674 0.8672581066471663 154
1617229003651 0.867460244147266 155
1617229003654 0.867460244147266 155
1617229129913 0.8676749338916252 156
1617229129915 0.8676749338916252 156
1617229258547 0.8678923933065955 157
1617229258550 0.8678923933065955 157
1617229385078 0.8681073255391539 158
1617229385080 0.8681073255391539 158
1617229511374 0.8683394441866806 159
1617229511377 0.8683394441866806 159
1617229637441 0.8685799314124633 160
1617229637443 0.8685799314124633 160
1617229763519 0.86881080366691 161
1617229763522 0.86881080366691 161
1617229889866 0.8690059597645174 162
1617229889868 0.8690059597645174 162
1617230015661 0.8692329490570108 163
1617230015664 0.8692329490570108 163
1617230141495 0.8694400747050472 164
1617230141498 0.8694400747050472 164
1617230267753 0.8696454724077989 165
1617230267755 0.8696454724077989 165
1617230393802 0.8697743921407176 166
1617230393805 0.8697743921407176 166
1617230519841 0.8698566953860362 167
1617230519844 0.8698566953860362 167
1617230645730 0.8700282656338488 168
1617230645732 0.8700282656338488 168
1617230771730 0.870235749288427 169
1617230771732 0.870235749288427 169
1617230897884 0.8704242204977038 170
1617230897887 0.8704242204977038 170
1617231023684 0.870614672155279 171
1617231023687 0.870614672155279 171
1617231150013 0.8707664223561468 172
1617231150016 0.8707664223561468 172
1617231276403 0.8708290635056896 173
1617231276405 0.8708290635056896 173
1617231402615 0.8709978699552515 174
1617231402618 0.8709978699552515 174
1617231528876 0.8711941652508567 175
1617231528879 0.8711941652508567 175
1617231654877 0.8713690864069961 176
1617231654880 0.8713690864069961 176
1617231781003 0.8715628765691478 177
1617231781006 0.8715628765691478 177
1617231906917 0.8717594642732512 178
1617231906920 0.8717594642732512 178
1617232033002 0.8719789880761345 179
1617232033006 0.8719789880761345 179
1617232159208 0.8721767854669087 180
1617232159211 0.8721767854669087 180
1617232285446 0.8723833518634245 181
1617232285449 0.8723833518634245 181
1617232411694 0.8725865219178361 182
1617232411697 0.8725865219178361 182
1617232537725 0.8727908558005185 183
1617232537728 0.8727908558005185 183
1617232664139 0.8729793541887195 184
1617232664143 0.8729793541887195 184
1617232790562 0.8731625702579587 185
1617232790565 0.8731625702579587 185
1617232916902 0.8732639880140052 186
1617232916905 0.8732639880140052 186
1617233043173 0.8734468131588539 187
1617233043175 0.8734468131588539 187
1617233169293 0.8736342154476556 188
1617233169296 0.8736342154476556 188
1617233295553 0.8738105552556511 189
1617233295555 0.8738105552556511 189
1617233421734 0.8740026521599654 190
1617233421737 0.8740026521599654 190
1617233547595 0.874199373926199 191
1617233547599 0.874199373926199 191
1617233673782 0.8743779225702394 192
1617233673784 0.8743779225702394 192
1617233800020 0.8745393078646492 193
1617233800023 0.8745393078646492 193
1617233926175 0.8746652074353048 194
1617233926178 0.8746652074353048 194
1617234052177 0.8748111909682179 195
1617234052180 0.8748111909682179 195
1617234178212 0.8749546788943231 196
1617234178214 0.8749546788943231 196
1617234304218 0.875117375330233 197
1617234304220 0.875117375330233 197
1617234430174 0.8752831623215239 198
1617234430177 0.8752831623215239 198
1617234556352 0.8753659462520331 199
1617234556355 0.8753659462520331 199
1617234682701 0.875494116165427 200
1617234682703 0.875494116165427 200
1617234808869 0.875663557753558 201
1617234808871 0.875663557753558 201
1617234934833 0.8758155282806396 202
1617234934836 0.8758155282806396 202
1617235060734 0.8759782131155732 203
1617235060736 0.8759782131155732 203
1617235186539 0.8761510298278313 204
1617235186542 0.8761510298278313 204
1617235312425 0.8763031571009763 205
1617235312428 0.8763031571009763 205
1617235438434 0.8764769570381576 206
1617235438436 0.8764769570381576 206
1617235564631 0.8766009872432247 207
1617235564634 0.8766009872432247 207
1617235690458 0.8767779266728294 208
1617235690461 0.8767779266728294 208
1617235816587 0.8769502601630399 209
1617235816590 0.8769502601630399 209
1617235942757 0.8771202481743456 210
1617235942759 0.8771202481743456 210
1617236068588 0.8772660870099565 211
1617236068591 0.8772660870099565 211
1617236194781 0.8774385340452032 212
1617236194784 0.8774385340452032 212
1617236320596 0.8775658202912009 213
1617236320599 0.8775658202912009 213
1617236446676 0.8777271424861882 214
1617236446679 0.8777271424861882 214
1617236572766 0.877885417105979 215
1617236572768 0.877885417105979 215
1617236698776 0.8780352850401018 216
1617236698778 0.8780352850401018 216
1617236825126 0.8781812189754932 217
1617236825129 0.8781812189754932 217
1617236951293 0.8783180452517478 218
1617236951296 0.8783180452517478 218
1617237077574 0.8784534596641485 219
1617237077576 0.8784534596641485 219
1617237203904 0.8785915709554764 220
1617237203907 0.8785915709554764 220
1617237330008 0.8787312183463941 221
1617237330011 0.8787312183463941 221
1617237456075 0.8788069170730554 222
1617237456077 0.8788069170730554 222
1617237582085 0.8789007314041858 223
1617237582087 0.8789007314041858 223
1617237708368 0.8790321367281334 224
1617237708371 0.8790321367281334 224
1617237834771 0.8791632468129289 225
1617237834773 0.8791632468129289 225
1617237960785 0.8792878148298612 226
1617237960788 0.8792878148298612 226
1617238086739 0.8794231789353948 227
1617238086742 0.8794231789353948 227
1617238212970 0.8795764851419564 228
1617238212973 0.8795764851419564 228
1617238339217 0.8796976157021908 229
1617238339219 0.8796976157021908 229
1617238465653 0.8798327774791929 230
1617238465656 0.8798327774791929 230
1617238591535 0.8799798228201724 231
1617238591538 0.8799798228201724 231
1617238717694 0.8801269768197441 232
1617238717697 0.8801269768197441 232
1617238843819 0.880276116303866 233
1617238843822 0.880276116303866 233
1617238970274 0.8804037821109187 234
1617238970277 0.8804037821109187 234
1617239096361 0.8805290597238534 235
1617239096364 0.8805290597238534 235
1617239222472 0.8806658927138663 236
1617239222475 0.8806658927138663 236
1617239348683 0.8808039298672847 237
1617239348685 0.8808039298672847 237
1617239474757 0.8809352962975358 238
1617239474760 0.8809352962975358 238
1617239601065 0.8810766041668339 239
1617239601067 0.8810766041668339 239
1617239727576 0.8812203141896228 240
1617239727578 0.8812203141896228 240
1617239853974 0.8813348393058437 241
1617239853977 0.8813348393058437 241
1617239980196 0.8814740392711393 242
1617239980199 0.8814740392711393 242
1617240106491 0.8816199785674503 243
1617240106493 0.8816199785674503 243
1617240233038 0.88173305830175 244
1617240233041 0.88173305830175 244
1617240359291 0.8818694449454486 245
1617240359294 0.8818694449454486 245
1617240485369 0.8820106303204416 246
1617240485372 0.8820106303204416 246
1617240611348 0.8821391914405278 247
1617240611350 0.8821391914405278 247
1617240737419 0.8821715210318893 248
1617240737423 0.8821715210318893 248
1617240863574 0.8822785177354288 249
1617240863577 0.8822785177354288 249
