1617209439652 0.5122503679483494 0
1617209569513 0.4114654067348926 1
1617209699478 0.3563423898097471 2
1617209829588 0.3235906818386246 3
1617209957857 0.29937796454797394 4
1617210084989 0.2932029513985658 5
1617210211908 0.28213410810949585 6
1617210338548 0.2672224963836847 7
1617210465357 0.2575581640568749 8
1617210591793 0.246275404694074 9
1617210718414 0.2358825250638638 10
1617210844633 0.2275935162605176 11
1617210971018 0.22013991873912547 12
1617211097850 0.21387540581593667 13
1617211224324 0.20776738504357367 14
1617211350579 0.20417709616904559 15
1617211476827 0.19984980016359322 16
1617211602965 0.1952914340150747 17
1617211728865 0.19084947079749648 18
1617211855253 0.18705135183111624 19
1617211981699 0.1831325726893097 20
1617212107989 0.1797506262645543 21
1617212234331 0.17671677432902616 22
1617212360763 0.17357630883459105 23
1617212487158 0.17115069218534734 24
1617212613145 0.16878339982897944 25
1617212739419 0.16624956757382106 26
1617212865375 0.1636487785924939 27
1617212991833 0.16139235591033493 28
1617213118318 0.1597828620430478 29
1617213244763 0.15774377167938236 30
1617213371311 0.15605435834360365 31
1617213497568 0.1542749957582024 32
1617213623971 0.15248434575104405 33
1617213750046 0.15061716936064434 34
1617213876272 0.14890032275976176 35
1617214002662 0.14773429815709385 36
1617214128633 0.1465776286954592 37
1617214254874 0.1452717430797135 38
1617214380972 0.14427640791883337 39
1617214507601 0.143315354400311 40
1617214633705 0.14232080772504013 41
1617214759621 0.1411537981404564 42
1617214885450 0.139848083216243 43
1617215011376 0.13860373885302538 44
1617215137523 0.13734080286086583 45
1617215263589 0.13620678537165606 46
1617215389511 0.13499118227731263 47
1617215515645 0.13383828534102093 48
1617215642097 0.13266930649453335 49
1617215768282 0.13151561600864428 50
1617215894190 0.13126728266482154 51
1617216020328 0.13079844365873722 52
1617216146298 0.1299165197419864 53
1617216272037 0.12909915413584996 54
1617216398154 0.1281367639086059 55
1617216523979 0.12721286038859436 56
1617216650036 0.12623263060771917 57
1617216776074 0.12534615554330614 58
1617216902292 0.12446793320172642 59
1617217028258 0.12373471076275085 60
1617217154198 0.12306324431388882 61
1617217280078 0.12232327964175735 62
1617217405885 0.12148149128312222 63
1617217531940 0.12060056376452333 64
1617217658112 0.11978633539045021 65
1617217784002 0.11889708646336225 66
1617217909969 0.118083746777148 67
1617218036132 0.1173092195806686 68
1617218161884 0.11654348636051708 69
1617218288194 0.1158394829724804 70
1617218414356 0.11513233188227096 71
1617218540660 0.11438502611267218 72
1617218666790 0.1136557539754138 73
1617218792636 0.11339056504612903 74
1617218918986 0.11307180392913609 75
1617219045134 0.11250256128150077 76
1617219171243 0.1120951786221691 77
1617219297258 0.11146088847411412 78
1617219423489 0.11085473423987187 79
1617219549641 0.1102485271180031 80
1617219675501 0.10953701361694833 81
1617219801961 0.10886393123328056 82
1617219928161 0.10823698183087574 83
1617220054427 0.10764445240058011 84
1617220180746 0.1070977752935648 85
1617220306893 0.10656530533271082 86
1617220433126 0.10594878220260573 87
1617220559134 0.10536977002019127 88
1617220685033 0.10481847482127957 89
1617220811161 0.10424041701970685 90
1617220937426 0.10366091470856124 91
1617221063727 0.10303251423304752 92
1617221189656 0.10245459146828009 93
1617221315920 0.10187699415982768 94
1617221441930 0.10134499460679199 95
1617221567790 0.10079299485183028 96
1617221693600 0.1002272813513396 97
1617221819694 0.09967844199942447 98
1617221945779 0.099131290779667 99
1617222071809 0.09852872040100773 100
1617222197966 0.0980823889777257 101
1617222323895 0.09761869024132905 102
1617222450156 0.09719571019690514 103
1617222575885 0.09670484610800201 104
1617222702325 0.09618151915382663 105
1617222828088 0.0956336379010096 106
1617222954136 0.09508212097851489 107
1617223079963 0.09454345309635302 108
1617223205892 0.09402115557241887 109
1617223331933 0.09349930982498349 110
1617223458262 0.09302251093959332 111
1617223584309 0.09249739147999081 112
1617223710346 0.092087737004752 113
1617223836774 0.09176362631385876 114
1617223962828 0.09159443057511171 115
1617224089007 0.0912966741425779 116
1617224215194 0.0908951288362205 117
1617224341290 0.09045184793621139 118
1617224467341 0.09001424201014482 119
1617224593210 0.08955964902656602 120
1617224719182 0.08908193337464365 121
1617224845180 0.08863707780167832 122
1617224971067 0.08819067676365629 123
1617225097228 0.0876981568850101 124
1617225223326 0.08719667697662523 125
1617225349191 0.08670619940552168 126
1617225475050 0.08625213762028809 127
1617225600967 0.08574149785134783 128
1617225726813 0.085286930182403 129
1617225853082 0.08476930943680588 130
1617225979492 0.0842940089215364 131
1617226105336 0.0838108643645981 132
1617226231128 0.08336031909309806 133
1617226357171 0.08288769548475576 134
1617226483021 0.08247574553178046 135
1617226609013 0.08199838227528043 136
1617226734976 0.08153900174444727 137
1617226860942 0.08106391187417966 138
1617226986695 0.08061571350550464 139
1617227112903 0.08014190506616722 140
1617227239032 0.0796425755590352 141
1617227365365 0.07916294688641859 142
1617227491403 0.07870315782473714 143
1617227617417 0.07822650441816532 144
1617227743442 0.07777920530900505 145
1617227869471 0.07729503359440171 146
1617227995534 0.0768710140899614 147
1617228121465 0.07643630754989365 148
1617228247666 0.07595957848897321 149
1617228373666 0.07548580893190839 150
1617228499598 0.07499020236629307 151
1617228625577 0.07448494281130748 152
1617228751646 0.07406833797060704 153
1617228877667 0.07369174710452535 154
1617229003648 0.07321035292188077 155
1617229129910 0.07274036097066025 156
1617229258544 0.07228484526030778 157
1617229385075 0.07182317765829163 158
1617229511371 0.07131784200554396 159
1617229637438 0.07081376204866037 160
1617229763517 0.07031304532557331 161
1617229889863 0.06989995022036301 162
1617230015658 0.0694477714723354 163
1617230141493 0.06899382219122042 164
1617230267750 0.06851837520483549 165
1617230393800 0.0681374667372314 166
1617230519838 0.0677709676815516 167
1617230645728 0.0673363187984542 168
1617230771728 0.06680159903188541 169
1617230897881 0.066339802232645 170
1617231023682 0.06588886573312566 171
1617231150011 0.06545739128059523 172
1617231276400 0.06522115277033962 173
1617231402613 0.06476158498109838 174
1617231528874 0.06424349443809126 175
1617231654875 0.0637863871033226 176
1617231781001 0.06329272107568291 177
1617231906915 0.06278855167019352 178
1617232033000 0.06226619583010746 179
1617232159206 0.06175898811518815 180
1617232285443 0.06123430628298161 181
1617232411692 0.060700347713771835 182
1617232537723 0.06016426032034736 183
1617232664137 0.059692844970214994 184
1617232790559 0.059177404763895096 185
1617232916900 0.05876978686985806 186
1617233043170 0.058265558218827174 187
1617233169291 0.05774395874534008 188
1617233295550 0.05723516283492161 189
1617233421732 0.056726701669162605 190
1617233547593 0.05620505259108504 191
1617233673780 0.055728956228963004 192
1617233800018 0.055266356448160615 193
1617233926172 0.05484089180329218 194
1617234052174 0.05435765153557368 195
1617234178209 0.05389363279131439 196
1617234304215 0.053389526502117805 197
1617234430172 0.052914942765988224 198
1617234556350 0.052478317468764 199
1617234682698 0.05197157287116253 200
1617234808866 0.051466022492257915 201
1617234934831 0.050969642004844086 202
1617235060732 0.05042278154812985 203
1617235186537 0.04986658749070559 204
1617235312422 0.04938491951107466 205
1617235438432 0.04880901041955388 206
1617235564629 0.04831337261403517 207
1617235690456 0.04776673601494856 208
1617235816585 0.04719925979369348 209
1617235942754 0.0466330275587528 210
1617236068585 0.046143209792012585 211
1617236194779 0.0455673474923778 212
1617236320594 0.04506422512193997 213
1617236446674 0.044514234373525696 214
1617236572763 0.043949859352306074 215
1617236698773 0.04342049326315188 216
1617236825123 0.04289478246730149 217
1617236951290 0.04239211537685496 218
1617237077572 0.04182610095503814 219
1617237203902 0.04130914435086497 220
1617237330006 0.040751565915338 221
1617237456072 0.04029348861836995 222
1617237582083 0.03978456050275377 223
1617237708366 0.03922258777301715 224
1617237834768 0.0386718733151496 225
1617237960783 0.03812389207296985 226
1617238086737 0.03756821266940046 227
1617238212968 0.03699788102400917 228
1617238339214 0.036437939290667194 229
1617238465651 0.03585314797790802 230
1617238591532 0.035254758829917146 231
1617238717691 0.03466501323620706 232
1617238843817 0.03407420486523065 233
1617238970270 0.03349720981805141 234
1617239096359 0.03291277994309058 235
1617239222470 0.032276206316239286 236
1617239348680 0.03167345841358112 237
1617239474754 0.031077403814956283 238
1617239601062 0.03046473024086037 239
1617239727574 0.029813606695798994 240
1617239853972 0.029279085261105623 241
1617239980194 0.028670101778488947 242
1617240106488 0.028038830109646164 243
1617240233036 0.027459529889047905 244
1617240359289 0.026788168403135883 245
1617240485367 0.026169804394410738 246
1617240611345 0.025516529787106827 247
1617240737417 0.025039838590692393 248
1617240863571 0.02441490960263826 249
