1617209439650 inf 0
1617209569511 22.899314585245133 1
1617209699476 20.004326532811685 2
1617209829586 18.89320990419373 3
1617209957855 19.17553708478672 4
1617210084987 20.443693035782733 5
1617210211906 18.990595748198377 6
1617210338545 16.27165518898109 7
1617210465355 17.092767495387097 8
1617210591791 17.228662770586503 9
1617210718412 14.664107420990817 10
1617210844631 17.407641735061993 11
1617210971015 15.693730309996019 12
1617211097848 15.478199980879392 13
1617211224322 15.422148397018926 14
1617211350577 17.104104903837527 15
1617211476824 15.641014901739414 16
1617211602963 14.614437345355146 17
1617211728863 13.361348441465406 18
1617211855251 14.673471419604738 19
1617211981697 14.449107004814188 20
1617212107987 14.154569550044506 21
1617212234328 15.58569833092135 22
1617212360761 13.11785005223156 23
1617212487156 13.754092016582394 24
1617212613143 14.07139780262599 25
1617212739417 14.020541033003497 26
1617212865372 13.93131159305188 27
1617212991831 13.95452151285334 28
1617213118316 16.46016895723891 29
1617213244760 14.437309600694276 30
1617213371309 14.553805492163995 31
1617213497566 12.40784742332711 32
1617213623968 12.460123697837016 33
1617213750044 13.253689574978555 34
1617213876270 12.117958355402454 35
1617214002660 15.026531100564425 36
1617214128631 13.355849654593873 37
1617214254872 13.671044739049135 38
1617214380969 14.035673008449136 39
1617214507598 13.737422800292848 40
1617214633703 13.894497553840734 41
1617214759619 12.456446547980605 42
1617214885448 11.75891603809516 43
1617215011374 12.996649890977007 44
1617215137521 13.311990005710204 45
1617215263586 12.692851305843506 46
1617215389508 11.927579266711874 47
1617215515643 11.559425097969406 48
1617215642095 11.303758600912111 49
1617215768280 11.05925992118564 50
1617215894188 14.766095899708294 51
1617216020326 13.714070809334478 52
1617216146295 13.08213642585673 53
1617216272034 11.57577910163405 54
1617216398151 11.90616372350551 55
1617216523977 11.261720419102685 56
1617216650034 10.885626696390437 57
1617216776072 11.398841606483174 58
1617216902289 11.296755040540843 59
1617217028256 13.038239483582354 60
1617217154196 12.968146525015447 61
1617217280076 10.955899012270086 62
1617217405882 11.29620901969515 63
1617217531938 10.3423957835735 64
1617217658109 10.47190012286202 65
1617217784000 10.687796426140487 66
1617217909966 10.803226053399989 67
1617218036129 11.359243483468338 68
1617218161882 10.605087694139954 69
1617218288192 11.121011038691577 70
1617218414354 10.936186946156507 71
1617218540658 10.615314893385648 72
1617218666787 10.80947307864403 73
1617218792634 13.272292663783805 74
1617218918984 13.523471025748243 75
1617219045132 11.697210063725011 76
1617219171241 13.205561215537967 77
1617219297256 11.024695090013337 78
1617219423487 11.876107322268185 79
1617219549639 10.87620492075151 80
1617219675499 10.106330315492999 81
1617219801959 9.251318262599273 82
1617219928159 9.78515866598575 83
1617220054425 11.597714011329925 84
1617220180743 11.070516729301609 85
1617220306891 11.506896697106972 86
1617220433123 9.954096649593655 87
1617220559131 10.07510944593859 88
1617220685031 9.457931687247696 89
1617220811159 9.75257271482005 90
1617220937424 9.77859537924319 91
1617221063725 10.132651796475354 92
1617221189654 10.459028189980106 93
1617221315917 11.11878012031468 94
1617221441926 9.854012768304504 95
1617221567788 10.531965952093165 96
1617221693598 9.133860266969336 97
1617221819692 9.726724927749723 98
1617221945777 9.36654458932006 99
1617222071806 9.262057533379911 100
1617222197963 10.74982688402084 101
1617222323892 11.588598900993201 102
1617222450154 10.573525559254675 103
1617222575882 10.645233389898603 104
1617222702323 10.649013090982029 105
1617222828086 8.975586491918587 106
1617222954134 9.308352097566992 107
1617223079960 9.217407602293056 108
1617223205890 9.557978589062872 109
1617223331930 9.679756590545647 110
1617223458260 10.090597237911968 111
1617223584306 9.371622509135532 112
1617223710344 10.420780041232534 113
1617223836772 11.330482344819249 114
1617223962825 13.054112968362716 115
1617224089004 12.55295416105307 116
1617224215192 10.873048315621793 117
1617224341287 10.830978084720439 118
1617224467338 10.024427648695742 119
1617224593208 10.04165198086469 120
1617224719180 9.559360922859382 121
1617224845178 9.671671356474905 122
1617224971065 9.37066311038052 123
1617225097225 9.326705824992665 124
1617225223323 9.643436618342037 125
1617225349189 9.577874976224486 126
1617225475048 9.500635146089628 127
1617225600964 8.775856717116893 128
1617225726811 9.196532049765263 129
1617225853080 8.7643413804122 130
1617225979490 9.253888946462155 131
1617226105333 10.237619808961853 132
1617226231126 8.94724140044701 133
1617226357169 9.665268679393774 134
1617226483018 10.472248807131347 135
1617226609011 9.009441118500304 136
1617226734973 9.088493229108824 137
1617226860940 9.086289279174668 138
1617226986692 8.71082061512597 139
1617227112901 9.476493779629275 140
1617227239030 8.705257913528634 141
1617227365362 8.723112999854228 142
1617227491401 10.019147294604911 143
1617227617415 9.244865547201332 144
1617227743439 8.902600603195141 145
1617227869469 8.875500065423982 146
1617227995531 8.49762461044956 147
1617228121462 9.203674908397318 148
1617228247663 9.042299252452704 149
1617228373663 8.613196913359708 150
1617228499596 8.985598853275892 151
1617228625574 8.717068552417773 152
1617228751643 10.96448387369371 153
1617228877665 9.951433312254846 154
1617229003646 8.874116618873458 155
1617229129908 8.555159838171859 156
1617229258542 9.067832733319696 157
1617229385073 8.724811524216802 158
1617229511369 8.341275636633164 159
1617229637436 8.555710230768266 160
1617229763514 9.783484478086237 161
1617229889861 9.180970413104092 162
1617230015656 8.991618333803727 163
1617230141491 8.436801252036716 164
1617230267747 9.154835531916284 165
1617230393797 10.38776115319711 166
1617230519836 11.263013928783218 167
1617230645725 10.425048270415846 168
1617230771726 8.487783260480187 169
1617230897879 9.193279158436644 170
1617231023680 8.800502629402352 171
1617231150008 10.413719724162519 172
1617231276398 11.414914278817493 173
1617231402610 8.98704644235168 174
1617231528871 8.383334964693704 175
1617231654873 9.298095057848201 176
1617231780998 9.435307623989846 177
1617231906912 8.817790849473303 178
1617232032998 7.735396170095037 179
1617232159203 9.093539882457893 180
1617232285441 8.457898245394272 181
1617232411690 8.918688319586314 182
1617232537720 8.052477054872961 183
1617232664135 8.902117629238811 184
1617232790557 9.145045145042138 185
1617232916897 11.883802494090526 186
1617233043168 8.701552341560735 187
1617233169288 8.733754802653912 188
1617233295548 8.401925857956142 189
1617233421729 7.930007356031631 190
1617233547591 7.882008909542469 191
1617233673777 7.736046085861583 192
1617233800015 8.894366456085564 193
1617233926170 9.533301983689517 194
1617234052172 9.194559985240332 195
1617234178207 8.513512219016132 196
1617234304213 8.362208731161552 197
1617234430169 7.613839803045898 198
1617234556347 10.690880560252008 199
1617234682695 8.534752706142381 200
1617234808864 9.048914674318349 201
1617234934828 8.353984957596966 202
1617235060729 8.18540889706033 203
1617235186534 7.924371894923619 204
1617235312420 10.021373062605377 205
1617235438429 8.054330981263266 206
1617235564627 9.087244286665317 207
1617235690453 8.023634315346778 208
1617235816582 7.955222929661192 209
1617235942751 7.544446334900525 210
1617236068583 7.953987215808291 211
1617236194777 8.622938676940416 212
1617236320591 9.241108856159297 213
1617236446672 9.103002325273996 214
1617236572761 8.020164009139386 215
1617236698771 8.846412122474122 216
1617236825120 8.288811655221275 217
1617236951288 8.428227029559425 218
1617237077569 9.35211784469455 219
1617237203899 8.727533984110392 220
1617237330003 9.194362120942927 221
1617237456070 9.104696436514441 222
1617237582080 8.905870902198819 223
1617237708363 7.695227177976878 224
1617237834766 9.118436280671004 225
1617237960779 8.43426583613433 226
1617238086733 8.287989390647379 227
1617238212965 7.941620623812801 228
1617238339212 8.925976061143885 229
1617238465649 8.418657887242851 230
1617238591529 7.521683008923878 231
1617238717689 7.265042233493152 232
1617238843814 8.29731220447559 233
1617238970268 8.685530581705445 234
1617239096356 8.481560609983223 235
1617239222468 8.2733224209118 236
1617239348678 7.644734780898162 237
1617239474752 7.7974753912768495 238
1617239601059 7.395092757282966 239
1617239727571 7.800494720909252 240
1617239853969 8.747473891746074 241
1617239980190 7.967674531544597 242
1617240106485 7.46640649979781 243
1617240233033 8.081175803911838 244
1617240359286 8.001019987475768 245
1617240485364 8.377185941798873 246
1617240611342 8.744301656490238 247
1617240737414 9.242631511712917 248
1617240863568 8.896438716435709 249
