1617209439645 0.5122503679483494 0
1617209569506 0.31068044552143587 1
1617209699471 0.24609635595945603 2
1617209829581 0.22533555792525728 3
1617209957851 0.20252709538537136 4
1617210084983 0.26232788565152504 5
1617210211902 0.21572104837507644 6
1617210338540 0.16284121430300652 7
1617210465350 0.18024350544239612 8
1617210591786 0.14473057042886603 9
1617210718408 0.13195372876176176 10
1617210844626 0.13641441942370952 11
1617210971010 0.13069674848242008 12
1617211097843 0.13243673781448223 13
1617211224318 0.12225509423049206 14
1617211350572 0.15032276305112433 15
1617211476819 0.13061306407635517 16
1617211602958 0.11779920949025992 17
1617211728858 0.11089413288108846 18
1617211855246 0.11488709146989153 19
1617211981691 0.1047569898531792 20
1617212107981 0.10872975134469093 21
1617212234323 0.1099720317474071 22
1617212360756 0.1013456024625834 23
1617212487151 0.11293589260349883 24
1617212613138 0.10960109091978124 25
1617212739412 0.10036992893970394 26
1617212865368 0.09342747609666054 27
1617212991825 0.09821252080988377 28
1617213118311 0.11310753989172109 29
1617213244756 0.09657106076941845 30
1617213371303 0.10368254493446426 31
1617213497561 0.09733539302536148 32
1617213623963 0.09339289551481922 33
1617213750038 0.0871331720870543 34
1617213876265 0.08881069172887092 35
1617214002655 0.10575741246104875 36
1617214128626 0.10378085861497736 37
1617214254866 0.09564808968137553 38
1617214380964 0.10545833664450874 39
1617214507593 0.10487321365941712 40
1617214633699 0.10154439403893466 41
1617214759614 0.09213939558793889 42
1617214885442 0.08370234147506825 43
1617215011369 0.08385258687144899 44
1617215137515 0.08050868321368669 45
1617215263582 0.08404198086800728 46
1617215389503 0.07785783684317102 47
1617215515638 0.07849923239901979 48
1617215642090 0.0753893430166422 49
1617215768275 0.07383109171419068 50
1617215894184 0.11860228212986221 51
1617216020321 0.10641881534235274 52
1617216146290 0.08317455215419227 53
1617216272029 0.08496141140448286 54
1617216398146 0.07520530141018172 55
1617216523972 0.07547426326794827 56
1617216650029 0.07035953309783276 57
1617216776067 0.07393060180735081 58
1617216902285 0.0726528150485234 59
1617217028250 0.07974136442421599 60
1617217154191 0.08210379093330591 61
1617217280072 0.07644546996960615 62
1617217405878 0.06844882468910927 63
1617217531933 0.06422120257419475 64
1617217658104 0.0668614910756971 65
1617217783994 0.06020665727555752 66
1617217909961 0.06358998780079345 67
1617218036125 0.06464137022007019 68
1617218161877 0.06370789417006234 69
1617218288186 0.06655924580991268 70
1617218414349 0.06492460447740048 71
1617218540650 0.06057901070155996 72
1617218666780 0.06041888795555272 73
1617218792626 0.09376658427905529 74
1617218918976 0.08916472015466462 75
1617219045125 0.06924012006121746 76
1617219171235 0.08072671385363062 77
1617219297248 0.06198625692582511 78
1617219423480 0.06296854973473448 79
1617219549631 0.061751957368501954 80
1617219675490 0.051904420031512036 81
1617219801952 0.05367117577252236 82
1617219928151 0.05620018143127573 83
1617220054418 0.057871980255747094 84
1617220180736 0.060630221197262725 85
1617220306883 0.06077288869926904 86
1617220433117 0.05231126988346272 87
1617220559124 0.05441669796771826 88
1617220685025 0.05575320211813805 89
1617220811152 0.05221521487816217 90
1617220937417 0.05092620439431135 91
1617221063718 0.045219670485784395 92
1617221189646 0.04870777434491096 93
1617221315911 0.04758284716530049 94
1617221441920 0.05080503706840125 95
1617221567781 0.047801018375507064 96
1617221693592 0.04535307180374227 97
1617221819686 0.045892185511741235 98
1617221945769 0.04496332002367745 99
1617222071799 0.0382716825350802 100
1617222197956 0.05300291522624011 101
1617222323884 0.05032141912887071 102
1617222450147 0.05362876562124237 103
1617222575876 0.04565498086207725 104
1617222702316 0.0412321889654119 105
1617222828079 0.0375582251024056 106
1617222954126 0.03606981027158017 107
1617223079953 0.03636732182287155 108
1617223205882 0.03709072546359706 109
1617223331924 0.03609627760708966 110
1617223458252 0.04009783466128593 111
1617223584298 0.033684012004511155 112
1617223710336 0.0457967813027666 113
1617223836765 0.05481500755202897 114
1617223962817 0.07213692061920116 115
1617224088998 0.056756927968656765 116
1617224215184 0.04391432799240376 117
1617224341280 0.03814470173513636 118
1617224467332 0.03793913680822291 119
1617224593199 0.03500849099710901 120
1617224719171 0.03127833949203821 121
1617224845171 0.03436469789990719 122
1617224971058 0.03328334908694663 123
1617225097217 0.02662569193288367 124
1617225223315 0.024511688428514814 125
1617225349182 0.02490602544647582 126
1617225475040 0.028586290895621827 127
1617225600958 0.02037960742699339 128
1617225726802 0.02664770088852086 129
1617225853073 0.017478612509179623 130
1617225979483 0.022029641421234356 131
1617226105326 0.020035782848742415 132
1617226231118 0.02343779798359313 133
1617226357161 0.019556131966887637 134
1617226483011 0.026862501880114385 135
1617226609004 0.017076979391276836 136
1617226734965 0.01860386902030478 137
1617226860933 0.015501509777250443 138
1617226986685 0.018316140259675522 139
1617227112893 0.013808723558929372 140
1617227239023 0.009237115053420371 141
1617227365355 0.011055675374859191 142
1617227491393 0.012953322004289069 143
1617227617407 0.009588413871824741 144
1617227743432 0.012920834480765019 145
1617227869461 0.0066059632623132235 146
1617227995523 0.01454014693723714 147
1617228121455 0.012099739619867598 148
1617228247656 0.004926948411826124 149
1617228373656 0.004420375372184084 150
1617228499589 0.00015361095838090208 151
1617228625566 -0.0023145095465031077 152
1617228751636 0.010327797343439244 153
1617228877657 0.015696753727945875 154
1617229003639 -0.0014057453880284695 155
1617229129890 -0.0005783834197419755 156
1617229258535 0.00076887873496781 157
1617229385066 -0.0011203034602581187 158
1617229511361 -0.00903052678133579 159
1617229637429 -0.009839031052716236 160
1617229763508 -0.010302347091442727 161
1617229889854 0.0029785431762959095 162
1617230015648 -0.004257364456165344 163
1617230141484 -0.005453859911637104 164
1617230267740 -0.009930377548679392 165
1617230393790 0.004906661114952666 166
1617230519828 0.006565625383023252 167
1617230645718 -0.00568469356190651 168
1617230771719 -0.023566041518240533 169
1617230897871 -0.012165653638224652 170
1617231023672 -0.011221275684681344 171
1617231150001 -0.008756214554639572 172
1617231276391 0.024351890496117003 173
1617231402602 -0.015203210346876307 174
1617231528864 -0.026422350588155553 175
1617231654866 -0.016664503815960376 176
1617231780990 -0.02408616581654295 177
1617231906904 -0.02695360250691784 178
1617232032992 -0.031235499545297724 179
1617232159197 -0.029538400570287348 180
1617232285434 -0.033733105346401955 181
1617232411681 -0.036480111882407615 182
1617232537712 -0.0379397326763323 183
1617232664127 -0.027047579454139194 184
1617232790549 -0.0361790334052862 185
1617232916890 -0.017047141421031444 186
1617233043160 -0.03602519952394861 187
1617233169282 -0.04031674227023378 188
1617233295541 -0.03892726423417 189
1617233421722 -0.03988091982504789 190
1617233547585 -0.043429921321729396 191
1617233673770 -0.035681545298467295 192
1617233800008 -0.03401540124669988 193
1617233926163 -0.027699249301185 194
1617234052164 -0.03987420066953339 195
1617234178198 -0.037054041083505816 196
1617234304206 -0.04591941246961025 197
1617234430162 -0.0410526369876684 198
1617234556339 -0.03441011667885679 199
1617234682688 -0.049377346649131876 200
1617234808857 -0.050149603667569924 201
1617234934821 -0.04929921645274822 202
1617235060721 -0.060589891164860826 203
1617235186527 -0.06359700022384207 204
1617235312412 -0.04935701631326625 205
1617235438421 -0.06982826243372674 206
1617235564620 -0.054283653128337356 207
1617235690446 -0.06593367659506645 208
1617235816576 -0.07140327044861748 209
1617235942744 -0.07227574177878968 210
1617236068576 -0.05720833899017344 211
1617236194769 -0.07651546003019556 212
1617236320583 -0.06210083978131731 213
1617236446664 -0.07318378578712965 214
1617236572754 -0.07739077020991356 215
1617236698764 -0.07092258199415308 216
1617236825113 -0.07118446023223247 217
1617236951280 -0.06718931034048821 218
1617237077562 -0.08213105742284592 219
1617237203893 -0.07242130856723228 220
1617237329995 -0.08247326833612108 221
1617237456061 -0.06139967130853775 222
1617237582072 -0.07370640927965337 223
1617237708355 -0.08665930368798844 224
1617237834759 -0.08523887970504608 225
1617237960771 -0.0857198686596561 226
1617238086725 -0.08857101194084958 227
1617238212957 -0.09303773412520581 228
1617238339204 -0.09178871764464581 229
1617238465641 -0.0986488539567019 230
1617238591521 -0.10297313435597623 231
1617238717681 -0.10215596450453109 232
1617238843806 -0.10358414557227429 233
1617238970261 -0.10151963122189045 234
1617239096349 -0.10442824067270502 235
1617239222461 -0.1179551696206661 236
1617239348671 -0.11117779451640362 237
1617239474745 -0.11078359065775542 238
1617239601051 -0.11596425396806383 239
1617239727564 -0.1264560441189307 240
1617239853962 -0.09954058049999653 241
1617239980183 -0.11870390101474651 242
1617240106478 -0.12536018541914987 243
1617240233026 -0.11388972393692808 244
1617240359279 -0.137695395645309 245
1617240485356 -0.1259477417519752 246
1617240611334 -0.13584229821695926 247
1617240737406 -0.09317957812008705 248
1617240863561 -0.1311924084228404 249
