1617209439647 0.49150795380317386 0
1617209569508 0.6486650794506708 1
1617209699474 0.7026932227643247 2
1617209829584 0.7214447599538463 3
1617209957853 0.7537177761501455 4
1617210084985 0.691844026167986 5
1617210211904 0.7398173667966051 6
1617210338543 0.7941018526065857 7
1617210465353 0.7812186680496374 8
1617210591789 0.8129072957374948 9
1617210718410 0.8252397253316768 10
1617210844629 0.8198300799790849 11
1617210971013 0.8243167462976689 12
1617211097846 0.8283202693341895 13
1617211224320 0.8377052566155474 14
1617211350575 0.8114716940103693 15
1617211476822 0.826114887728336 16
1617211602960 0.8415292889038299 17
1617211728861 0.846121822979222 18
1617211855248 0.8414126312796105 19
1617211981694 0.8544297497323219 20
1617212107984 0.8480709995678131 21
1617212234326 0.8474326201100298 22
1617212360759 0.8573890228537803 23
1617212487153 0.8416277014036128 24
1617212613141 0.8515780031522537 25
1617212739415 0.8566334326057992 26
1617212865370 0.8630680968945331 27
1617212991829 0.8595969507351835 28
1617213118314 0.8416609848116307 29
1617213244758 0.8598849358869359 30
1617213371305 0.8548900602345771 31
1617213497564 0.8600280878550195 32
1617213623966 0.8599333753611179 33
1617213750041 0.8684600680432422 34
1617213876267 0.8687487717797148 35
1617214002658 0.8481015958526033 36
1617214128629 0.8512149215378659 37
1617214254869 0.8577239450780635 38
1617214380967 0.84839043758334 39
1617214507596 0.8469078213452025 40
1617214633701 0.85016247083215 41
1617214759617 0.8622694969811338 42
1617214885445 0.8707862780924808 43
1617215011371 0.869062381697462 44
1617215137518 0.8719887558291567 45
1617215263584 0.8711745555889099 46
1617215389506 0.8746622203987964 47
1617215515640 0.8767019476979336 48
1617215642092 0.8781053141710606 49
1617215768278 0.87748134191683 50
1617215894186 0.8235481327518503 51
1617216020323 0.8479328245083069 52
1617216146293 0.8681893838529892 53
1617216272032 0.8671563013278424 54
1617216398148 0.8741193320205871 55
1617216523975 0.8777613012080497 56
1617216650032 0.8791384364854782 57
1617216776070 0.8777151573845681 58
1617216902287 0.8782933202195675 59
1617217028253 0.8709621874892965 60
1617217154193 0.8702720079491747 61
1617217280074 0.8747061089949405 62
1617217405880 0.88044247039138 63
1617217531935 0.8830839844935752 64
1617217658107 0.8825739025277026 65
1617217783998 0.8864388560995142 66
1617217909964 0.8837480577541158 67
1617218036127 0.88268352529787 68
1617218161880 0.8837118243917506 69
1617218288189 0.8826092128106888 70
1617218414352 0.8842126582848265 71
1617218540655 0.8862277542022948 72
1617218666785 0.8860692089383907 73
1617218792631 0.853860032130429 74
1617218918981 0.8537674047686952 75
1617219045130 0.8759182277036474 76
1617219171238 0.8639045852295896 77
1617219297253 0.8805416169318747 78
1617219423484 0.8801931690503942 79
1617219549636 0.884596439118081 80
1617219675496 0.8885340244370572 81
1617219801957 0.8900270756096282 82
1617219928156 0.88716939757479 83
1617220054423 0.8841457972501187 84
1617220180740 0.881666721260928 85
1617220306888 0.8849805402470395 86
1617220433121 0.8888968577251789 87
1617220559129 0.8883025283192066 88
1617220685029 0.8884542528143589 89
1617220811156 0.8899464973426879 90
1617220937421 0.8916404726815984 91
1617221063722 0.8940672792811343 92
1617221189652 0.8922736224658946 93
1617221315915 0.8911724015277751 94
1617221441925 0.8888512803836072 95
1617221567786 0.8910020233151761 96
1617221693595 0.8921598005009458 97
1617221819690 0.8915286792561095 98
1617221945774 0.8932078035270914 99
1617222071804 0.8962034464199492 100
1617222197961 0.8845825242869397 101
1617222323890 0.8870207367742315 102
1617222450152 0.8850147357963501 103
1617222575880 0.8900718968757924 104
1617222702321 0.8926522508263588 105
1617222828083 0.8957402924115353 106
1617222954132 0.8953777577807295 107
1617223079958 0.8952377845949315 108
1617223205887 0.8962119266073755 109
1617223331928 0.8924197968333325 110
1617223458258 0.893745501466254 111
1617223584304 0.897153581235003 112
1617223710341 0.8806736222765548 113
1617223836769 0.878463745989064 114
1617223962823 0.853194720091972 115
1617224089002 0.8712167844493338 116
1617224215189 0.8809610756629325 117
1617224341284 0.8861231583547085 118
1617224467336 0.8915896043181419 119
1617224593205 0.892618985648485 120
1617224719177 0.8956547197984889 121
1617224845175 0.8928741849166282 122
1617224971062 0.8956201792238875 123
1617225097223 0.8982064760428794 124
1617225223321 0.8983481575516944 125
1617225349187 0.8969332572627575 126
1617225475045 0.8968056565586556 127
1617225600962 0.9001591824629205 128
1617225726807 0.8990046666499149 129
1617225853077 0.9023073586694738 130
1617225979488 0.898233709183145 131
1617226105331 0.900117138836612 132
1617226231123 0.8971287224521028 133
1617226357166 0.8989835926034349 134
1617226483015 0.8954884814138108 135
1617226609008 0.9004756969974396 136
1617226734970 0.9009704981395539 137
1617226860937 0.9006309533848408 138
1617226986690 0.8985903954252283 139
1617227112898 0.9019113458058936 140
1617227239028 0.9015008282471211 141
1617227365360 0.9023964702290423 142
1617227491399 0.8985808507559148 143
1617227617413 0.9023770273048827 144
1617227743437 0.9001636073944417 145
1617227869466 0.899929773300252 146
1617227995529 0.8987771866327905 147
1617228121460 0.9000401462012149 148
1617228247661 0.9034569055793134 149
1617228373661 0.9037176538655098 150
1617228499593 0.9030153889288294 151
1617228625572 0.9060096323807189 152
1617228751641 0.8986288101432172 153
1617228877663 0.8911427178598464 154
1617229003643 0.8987915566627015 155
1617229129901 0.9011665340116684 156
1617229258539 0.9020335214569214 157
1617229385070 0.9020666182833783 158
1617229511366 0.9052463091434316 159
1617229637433 0.9070578875376824 160
1617229763512 0.9059812366328341 161
1617229889858 0.9006212475769063 162
1617230015653 0.9062322037334137 163
1617230141488 0.9034086809830463 164
1617230267745 0.9035360933618343 165
1617230393795 0.8911750678052294 166
1617230519834 0.883601337354234 167
1617230645722 0.8988520672663729 168
1617230771723 0.9053004869121186 169
1617230897877 0.9024643260747829 170
1617231023678 0.9031819056006188 171
1617231150006 0.8968674569053853 172
1617231276396 0.8816659823765959 173
1617231402608 0.9003701921790204 174
1617231528869 0.9055458419817559 175
1617231654870 0.9021552098875351 176
1617231780996 0.9058637352699929 177
1617231906910 0.9067520756036678 178
1617232032996 0.9112737487922323 179
1617232159201 0.907780315806257 180
1617232285438 0.909771869632792 181
1617232411687 0.9095634718207602 182
1617232537717 0.910183956331395 183
1617232664133 0.9076630576176846 184
1617232790554 0.907057543067222 185
1617232916895 0.8921276906386335 186
1617233043164 0.9076351152455553 187
1617233169286 0.9088658457423778 188
1617233295546 0.9071387789667921 189
1617233421727 0.9105010639796866 190
1617233547589 0.9117732312768063 191
1617233673775 0.908659262225983 192
1617233800013 0.9056866696857392 193
1617233926167 0.8990897241425007 194
1617234052170 0.9032779798862782 195
1617234178204 0.9030783124109532 196
1617234304211 0.9071685732045072 197
1617234430167 0.9081089865971119 198
1617234556345 0.8918399484233653 199
1617234682693 0.9011280988442137 200
1617234808862 0.9097213169678728 201
1617234934826 0.9065135747511336 202
1617235060726 0.9090032346071081 203
1617235186532 0.911405639128482 204
1617235312417 0.9074892480956748 205
1617235438427 0.912279744097527 206
1617235564624 0.9022752396920894 207
1617235690451 0.9135813280305964 208
1617235816580 0.9129679596170466 209
1617235942748 0.912817730548534 210
1617236068580 0.9080380813238469 211
1617236194774 0.913997305517501 212
1617236320589 0.9046777906887075 213
1617236446669 0.9122500922134582 214
1617236572759 0.9119144603610039 215
1617236698769 0.9104067588106115 216
1617236825119 0.9098488829554395 217
1617236951285 0.9081461734752706 218
1617237077567 0.9081092159798805 219
1617237203896 0.9089760550476135 220
1617237330001 0.9095932917392 221
1617237456067 0.8956120343918496 222
1617237582077 0.89982132724625 223
1617237708360 0.9084669292924252 224
1617237834764 0.9086630158918969 225
1617237960777 0.9074401866565359 226
1617238086731 0.9101508308915381 227
1617238212962 0.9145303002380311 228
1617238339209 0.9074365139958707 229
1617238465646 0.9109199861896798 230
1617238591527 0.9139472965864425 231
1617238717686 0.9142667047203855 232
1617238843811 0.9150256161042984 233
1617238970266 0.910277580961268 234
1617239096354 0.9099692987634781 235
1617239222465 0.9129584783569296 236
1617239348675 0.9135187352274327 237
1617239474750 0.9122005066973098 238
1617239601056 0.9148491849290564 239
1617239727569 0.9157107196589733 240
1617239853967 0.9089353923150834 241
1617239980188 0.9151604308726939 242
1617240106483 0.9170832275710208 243
1617240233031 0.909324513470873 244
1617240359283 0.9152841726516155 245
1617240485361 0.9167422325687206 246
1617240611340 0.9138937881018253 247
1617240737412 0.890189259689539 248
1617240863565 0.9089206969167324 249
