1615483661512 0.4165899433306794 0
1615483735974 0.37563125944849274 1
1615483810313 0.36060301492463304 2
1615483884661 0.3527511255954629 3
1615483958453 0.3273979649614932 4
1615484032622 0.3199381224848145 5
1615484106610 0.3138004733301175 6
1615484181287 0.30666237735926216 7
1615484255401 0.2983599479123332 8
1615484329336 0.2942283327899762 9
1615484403152 0.29317659988817396 10
1615484476987 0.2866242706627395 11
1615484550576 0.283920790243094 12
1615484624400 0.2802238362048989 13
1615484698394 0.27873380955178934 14
1615484772307 0.27977892345012123 15
1615484846368 0.275789131555147 16
1615484920292 0.2742841675704589 17
1615484993914 0.272355550963019 18
1615485068059 0.26993016894183947 19
1615485142286 0.2672386420222149 20
1615485215840 0.26757795783202076 21
1615485289740 0.2670093501720392 22
1615485363659 0.2657011853373466 23
1615485437563 0.2632558416252706 24
1615485511155 0.26084485872467955 25
1615485585017 0.25959644191103 26
1615485658659 0.2575210790707867 27
1615485732343 0.25516257844999535 28
1615485806152 0.2528602224380816 29
1615485879957 0.2540876171482143 30
1615485953850 0.25188319802061837 31
1615486027875 0.2501081730757618 32
1615486101443 0.24907290404359952 33
1615486175489 0.2487918759205702 34
1615486249269 0.2473727788152188 35
1615486323059 0.24640050461908744 36
1615486397225 0.2453011655704486 37
1615486471240 0.2450501074336563 38
1615486545154 0.24354402981142495 39
1615486618985 0.24358439783985755 40
1615486692615 0.24264589106689208 41
1615486766494 0.24131504751170352 42
1615486840078 0.23995784788393743 43
1615486913819 0.23857423976483821 44
1615486987648 0.2373168204876604 45
1615487061934 0.23725257823867768 46
1615487135662 0.2361918269883637 47
1615487209446 0.23519494124676005 48
1615487283843 0.23433282355764015 49
1615487357887 0.23467661692867994 50
1615487432257 0.2345348661925844 51
1615487506224 0.23347060979503667 52
1615487579830 0.23206954166466123 53
1615487654262 0.2321068528872817 54
1615487727928 0.23191322144796087 55
1615487801711 0.23142452474413314 56
1615487875543 0.23054120255939992 57
1615487949248 0.23037128465977189 58
1615488023287 0.22967196138047455 59
1615488097221 0.22906120657074963 60
1615488170947 0.22871002102908342 61
1615488244669 0.22836739982764487 62
1615488318139 0.2289130644205568 63
1615488391823 0.22852728262834512 64
1615488465707 0.22782414509990212 65
1615488539720 0.22731744398595918 66
1615488613501 0.22647391204723039 67
1615488687724 0.22632504863293423 68
1615488761453 0.22618618184315364 69
1615488835398 0.22629054823868003 70
1615488909173 0.22606906406025384 71
1615488982975 0.22547732975750556 72
1615489056508 0.22526728272582314 73
1615489129822 0.22462651696371203 74
1615489203944 0.2241009416443479 75
1615489277603 0.2237463621673576 76
1615489351144 0.2236913218495492 77
1615489424661 0.22313610899995676 78
1615489498080 0.22229005820048386 79
1615489572125 0.22160864277221626 80
1615489645890 0.22061919739648217 81
1615489719592 0.220531390331092 82
1615489793348 0.22039543434331493 83
1615489866753 0.21955258395192492 84
1615489940159 0.21926573048197362 85
1615490013729 0.21892889962431125 86
1615490087385 0.21908665399902383 87
1615490160972 0.21856489135338197 88
1615490234516 0.21836362335812393 89
1615490308435 0.21782287992921953 90
1615490382297 0.21746658089484278 91
1615490455984 0.21730796275102887 92
1615490529675 0.21682761336516185 93
1615490603241 0.21629071127029265 94
1615490676843 0.21607433692250977 95
1615490749896 0.21550463494713043 96
1615490823541 0.21500860694302246 97
1615490896877 0.21435636765418076 98
1615490970257 0.21409267513609645 99
1615491043911 0.2135164128530848 100
1615491117600 0.2135012113092097 101
1615491191219 0.21338506763939444 102
1615491264792 0.21284038608575115 103
1615491338565 0.21272326082563095 104
1615491412444 0.21308842214085089 105
1615491486448 0.21309856328194005 106
1615491560110 0.21282405835808543 107
1615491633755 0.2125355042563095 108
1615491707373 0.2121773007766848 109
1615491780753 0.2117506978219117 110
1615491854122 0.21160050017683746 111
1615491927528 0.21117526858852145 112
1615492001041 0.2109519979363182 113
1615492074802 0.21066083723968068 114
1615492148195 0.21017761673438934 115
1615492221625 0.20997167845620293 116
1615492295236 0.209802064629045 117
1615492368639 0.20968219177734596 118
1615492441948 0.20936010003238176 119
1615492515619 0.20895293782521107 120
1615492588782 0.20838905671478805 121
1615492662336 0.20796364644186807 122
1615492736187 0.20786048617567304 123
1615492810085 0.20778246104539333 124
1615492883708 0.20779767143898625 125
1615492957757 0.20752628597141168 126
1615493031554 0.20727973671129613 127
1615493105220 0.20720179741214054 128
1615493178706 0.20706007295853782 129
1615493252412 0.20701971240286485 130
1615493326497 0.2070787209749545 131
1615493400455 0.20672160467974676 132
1615493474131 0.20658911014750422 133
1615493547874 0.2061857500809078 134
1615493621479 0.2057091150174442 135
1615493695225 0.205499031780358 136
1615493768660 0.20524960389494146 137
1615493841915 0.2052590059092282 138
1615493915501 0.2050774116378857 139
1615493988825 0.204834253324634 140
1615494062384 0.20457633440800763 141
1615494135981 0.20441062474546914 142
1615494209710 0.20418390999880198 143
1615494283579 0.20414053533596285 144
1615494357098 0.20417130449826765 145
1615494430846 0.2038781606239623 146
1615494504348 0.20381531758311294 147
1615494577674 0.20333213990883156 148
1615494651087 0.2030031569205706 149
1615494724630 0.20301835551332126 150
1615494798381 0.20288208486382076 151
1615494872066 0.20254293051292552 152
1615494945820 0.2026715912336433 153
1615495019587 0.20249186703719135 154
1615495093080 0.20216230002231536 155
1615495166798 0.20202835439241748 156
1615495240393 0.2018789890502545 157
1615495313943 0.2015872351677666 158
1615495387542 0.20123410072010844 159
1615495461115 0.20089848921541445 160
1615495534835 0.20045739149814462 161
1615495608331 0.20014773648842474 162
1615495681684 0.2001500941262403 163
1615495755161 0.19977106693803534 164
1615495829026 0.19955649289740138 165
1615495902838 0.19946221865174896 166
1615495976434 0.1992819702945115 167
1615496049632 0.19901330461774122 168
1615496122893 0.1987081300908793 169
1615496196381 0.19842861706833673 170
1615496270346 0.19818958936466682 171
1615496344234 0.19797136303615592 172
1615496417895 0.19795556867750494 173
1615496491623 0.19793429890675326 174
1615496565401 0.1976550566676999 175
1615496639138 0.19757007517675107 176
1615496712503 0.19718161721108002 177
1615496785828 0.1970101145541788 178
1615496859368 0.19679276233486473 179
1615496932932 0.19654085537444987 180
1615497006319 0.1963838617127509 181
1615497079907 0.19627080592447216 182
1615497153409 0.1961098436911643 183
1615497227040 0.19609567796861804 184
1615497300678 0.19582660419947454 185
1615497374317 0.19558118286246226 186
1615497447823 0.1953063298734872 187
1615497521251 0.19522291741965742 188
1615497594749 0.19507305423574756 189
1615497668303 0.19482553877140793 190
1615497742029 0.19450311105587145 191
1615497816074 0.1943128667549987 192
1615497889552 0.19401237347030992 193
1615497962897 0.193861374666168 194
1615498036440 0.19372897143321105 195
1615498109771 0.19354987702628718 196
1615498182971 0.19355759401585962 197
1615498256533 0.19336108002007826 198
1615498329794 0.1930150224246196 199
1615498403593 0.19307182234309253 200
1615498477326 0.19303017131983136 201
1615498550696 0.19292236777686275 202
1615498624651 0.1927814107995512 203
1615498698433 0.19263017427543747 204
1615498772092 0.19261024324656603 205
1615498845851 0.19254315045136225 206
1615498919582 0.19224504544800647 207
1615498993211 0.19202565812710426 208
1615499066616 0.19191669594250252 209
1615499140027 0.1918447682904229 210
1615499213548 0.1916630948951163 211
1615499286541 0.19152254393286014 212
1615499360194 0.19141541560053044 213
1615499433883 0.19131347426769013 214
1615499515112 0.19123269694575687 215
1615499589073 0.19108160063639754 216
1615499662606 0.1908742365291245 217
1615499736196 0.19055022285782888 218
1615499809911 0.19044540111213068 219
1615499883769 0.19019921968618778 220
1615499957374 0.19022564100485037 221
1615500030830 0.19014937148723848 222
1615500103911 0.18985802174281716 223
1615500177287 0.18970599229458354 224
1615500250752 0.18949497227088696 225
1615500324098 0.18929782862321215 226
1615500397301 0.18904694790348825 227
1615500470186 0.18884769201138832 228
1615500543550 0.18858328394732018 229
1615500616880 0.18843910735252867 230
1615500690489 0.1884966043087237 231
1615500763562 0.18822848248562693 232
1615500837033 0.18849488376567428 233
1615500910841 0.18831032006162882 234
1615500984015 0.1882947168522414 235
1615501057861 0.18817163213793758 236
1615501131220 0.18805934543907452 237
1615501204984 0.18794664111685602 238
1615501278732 0.187866225460572 239
1615501352517 0.18775776655244156 240
1615501426160 0.18754038424590105 241
1615501499774 0.18737959739112067 242
1615501573478 0.1872296189478682 243
1615501646729 0.1871480379350077 244
1615501719514 0.18715943637844312 245
1615501792440 0.18707626576841155 246
1615501866132 0.18710193378410492 247
1615501939626 0.1869348131523482 248
1615502013135 0.18684787270560194 249
1615502086521 0.18661932990405963 250
1615502160037 0.18656786329809508 251
1615502232912 0.18636177219575742 252
1615502306032 0.18627347034409963 253
1615502379065 0.1860059351749437 254
1615502452230 0.18595329525797114 255
1615502525928 0.18593781890544586 256
1615502599079 0.18579527773639748 257
1615502672415 0.1857035849263797 258
1615502745764 0.1855701750646913 259
1615502819242 0.18556612021396654 260
1615502892093 0.18544958809099288 261
1615502965301 0.18534849268591408 262
1615503038439 0.1852360157568171 263
1615503111801 0.18514037751305507 264
1615503185281 0.185031940641126 265
1615503258659 0.18495283087047976 266
1615503331929 0.18490508445707665 267
1615503405100 0.18473850782535478 268
1615503478342 0.1845219475317555 269
1615503551727 0.18441424376968377 270
1615503624989 0.184338788703882 271
1615503697543 0.18436435516898206 272
1615503770999 0.18424863822580434 273
1615503844124 0.1841193886916058 274
1615503917433 0.18398146773542437 275
1615503990503 0.1837736528279086 276
1615504063998 0.1836603564432941 277
1615504137145 0.18349638889136013 278
1615504210231 0.1833986647538284 279
1615504283166 0.18322498214132762 280
1615504356334 0.18316086656683594 281
1615504429745 0.18301362974923727 282
1615504502872 0.182943754526204 283
1615504575895 0.18288153167731094 284
1615504649100 0.18272915047664076 285
1615504722733 0.1826280952057889 286
1615504795801 0.18244878794213326 287
1615504869002 0.1823599595505916 288
1615504942040 0.18224652740247327 289
1615505015219 0.18210006804504636 290
1615505088352 0.18195858267803316 291
1615505162140 0.1817845068019926 292
1615505235580 0.18175548771962685 293
1615505308920 0.1815975846775024 294
1615505382349 0.18158250788062164 295
1615505455538 0.18146435724945478 296
1615505528481 0.18136398346023108 297
1615505601518 0.18131804670057172 298
1615505674719 0.18122612649231992 299
1615505748436 0.18116648603148874 300
1615505821485 0.18104870358309483 301
1615505894529 0.1810865873544945 302
1615505967614 0.18095429980277258 303
1615506040677 0.18080666537153006 304
1615506113820 0.18068631576707955 305
1615506187122 0.18055195328304774 306
1615506260632 0.1805275913633378 307
1615506333596 0.18044073401583172 308
1615506406656 0.1802947292921344 309
1615506479859 0.18018685565683848 310
1615506553257 0.18014042524259474 311
1615506626386 0.18013561539063092 312
1615506699305 0.17995724339813357 313
1615506772670 0.17983516017511195 314
1615506846204 0.17981779493705408 315
1615506919489 0.17968656444646092 316
1615506992679 0.17955280385375025 317
1615507066024 0.17943878449192485 318
1615507139359 0.17932114677865105 319
1615507213261 0.17916921982124662 320
1615507286955 0.1790741005829711 321
1615507363266 0.17895555693695273 322
1615507437390 0.17886292892682382 323
1615507510716 0.17882831179315534 324
1615507584303 0.1787980815264213 325
1615507657712 0.1786992456009878 326
1615507730914 0.17860155200845412 327
1615507804155 0.17850642748495102 328
1615507877686 0.1784594155851395 329
1615507950918 0.17837516617644872 330
1615508024238 0.17815286456209523 331
1615508097671 0.1779865276369497 332
1615508170832 0.1778744576774042 333
1615508244394 0.17781210753773752 334
1615508317590 0.17764860917446704 335
1615508390859 0.17763099626483436 336
1615508464064 0.17755330886234819 337
1615508537266 0.17745215924650165 338
1615508610237 0.17738987523751676 339
1615508683523 0.17723290640692027 340
1615508757124 0.17715789969599843 341
1615508831122 0.17703093201833672 342
1615508905448 0.17686610592607402 343
1615508978634 0.17669572213138043 344
1615509052112 0.17650550394831216 345
1615509125815 0.17638064968780295 346
1615509199482 0.17631264288105583 347
1615509272605 0.17620859971554417 348
1615509345843 0.17610243851950422 349
1615509419321 0.17599456547859463 350
1615509492692 0.17584788902401108 351
1615509565900 0.17573393133144172 352
1615509639226 0.1755489951814946 353
1615509712407 0.17551815689725228 354
1615509785597 0.17538888975615544 355
1615509858600 0.1752525612290145 356
1615509931397 0.175134577134786 357
1615510004486 0.17504339647982972 358
1615510077429 0.17483367759542867 359
1615510150649 0.17469012460776823 360
1615510223748 0.1745274401663593 361
1615510297197 0.17441172359815219 362
1615510370718 0.17421674986725963 363
1615510444070 0.17410426362358794 364
1615510517473 0.17409083606679362 365
1615510590910 0.17391456352301599 366
1615510664493 0.17374302824447863 367
1615510737702 0.1736175209863649 368
1615510811056 0.17349726007128008 369
1615510884617 0.17338908216223065 370
1615510957965 0.1732139158422999 371
1615511031255 0.17313305208803312 372
1615511104750 0.17303520322597662 373
1615511178201 0.1729423057001028 374
1615511251608 0.1728221922308424 375
1615511324906 0.17284317496147697 376
1615511398123 0.17274466613773143 377
1615511471208 0.17262653273717019 378
1615511544334 0.17259564490086057 379
1615511617558 0.17259179923305284 380
1615511691388 0.17248273297307115 381
1615511765030 0.172497449609766 382
1615511838864 0.17244641867406033 383
1615511911815 0.17237383299360073 384
1615511984913 0.1722285955160218 385
1615512058144 0.17203857151476018 386
1615512131312 0.1719936906080793 387
1615512205014 0.17188113632367905 388
1615512278461 0.171845487466134 389
1615512351736 0.17175739832714768 390
1615512424969 0.17170018629442435 391
1615512498119 0.1715712551490032 392
1615512571559 0.1714526592231048 393
1615512645112 0.17133089155099487 394
1615512718523 0.1712047198064795 395
1615512791712 0.17111763031062582 396
1615512864932 0.17100197070762369 397
1615512938143 0.17084567840620268 398
1615513011320 0.17076156876202844 399
1615513084806 0.17066777711976483 400
1615513157964 0.1705524790209121 401
1615513231060 0.17043235889739772 402
1615513304424 0.17033957544996628 403
1615513377585 0.17028801371340865 404
1615513451015 0.1702086973121067 405
1615513524041 0.17012475293314525 406
1615513597070 0.1700133574237453 407
1615513670158 0.16987210564581506 408
1615513743099 0.16973402994218031 409
1615513816333 0.16971545061930235 410
1615513889533 0.1696368192217693 411
1615513962951 0.16955044475187134 412
1615514036142 0.1693943750347742 413
1615514109516 0.16935390701312816 414
1615514183052 0.16921868914979957 415
1615514256085 0.16909916823149 416
1615514329268 0.16901819109235647 417
1615514402593 0.16895047133476696 418
1615514475791 0.16888041895971126 419
1615514549378 0.1688025504098146 420
1615514622671 0.1686814109641761 421
1615514696096 0.16860826575912977 422
1615514769398 0.16854618596958473 423
1615514842508 0.16851818282317454 424
1615514915796 0.16842878863051522 425
1615514988793 0.1682955272949673 426
1615515062119 0.16823012769754375 427
1615515135306 0.16810026493524752 428
1615515208511 0.16806323997099676 429
1615515282027 0.16800129435484065 430
1615515355241 0.16794857931992113 431
1615515428370 0.1678894243867078 432
1615515501901 0.16776606975341982 433
1615515575451 0.1676450097145726 434
1615515649047 0.16759727711418337 435
1615515722618 0.16748405110335643 436
1615515796196 0.1673930701502325 437
1615515869485 0.16726826034934397 438
1615515942816 0.16719901424047903 439
1615516015738 0.16715367126130778 440
1615516088883 0.16707911682682805 441
1615516161876 0.16710091400715196 442
1615516234621 0.16712262179200102 443
1615516307995 0.16694935114815912 444
1615516381540 0.16684830724518826 445
1615516455088 0.16674416734482148 446
1615516528479 0.1667492586984309 447
1615516601805 0.1666453884656262 448
1615516675151 0.16662633137718758 449
1615516748391 0.16654429348306415 450
1615516821710 0.16643027875637884 451
1615516895009 0.1663988744056636 452
1615516968263 0.1663299517049475 453
1615517041524 0.16624465968660862 454
1615517114777 0.16614930457931812 455
1615517187975 0.1661106661390855 456
1615517261208 0.16603823640057025 457
1615517334493 0.16596903913339642 458
1615517407380 0.16587508748406946 459
1615517480316 0.16577212867328628 460
1615517553375 0.16574257905495413 461
1615517626545 0.16568441733735687 462
1615517699613 0.16562789439871267 463
1615517772944 0.1655604609706929 464
1615517846034 0.16548510541349892 465
1615517919289 0.16540403213919763 466
1615517992480 0.1653493538846743 467
1615518065612 0.16524633808184241 468
1615518139019 0.1651547827259553 469
1615518212369 0.16502794247032906 470
1615518285769 0.16494563267543408 471
1615518359127 0.16491992134455233 472
1615518432312 0.1648273824804623 473
1615518505416 0.16477678912320853 474
1615518578444 0.16466423168462568 475
1615518651553 0.16458950131985173 476
1615518724491 0.16446735186229333 477
1615518797741 0.1644305213842433 478
1615518871395 0.16438909463436155 479
1615518944950 0.16430830904088575 480
1615519018428 0.16423695114527562 481
1615519092373 0.1642111721135627 482
1615519165487 0.16418394593969293 483
1615519238825 0.16416608363522953 484
1615519312744 0.16409639565242198 485
1615519386659 0.1640276769658784 486
1615519460266 0.1639645192612638 487
1615519533429 0.1639063167374813 488
1615519606663 0.16381820523263185 489
1615519680038 0.16371421425575272 490
1615519753446 0.16362271991412247 491
1615519826928 0.16350983243804076 492
1615519900250 0.16343460462303547 493
1615519973829 0.1634068049224239 494
1615520047409 0.16330729213668338 495
1615520120911 0.16323670310735552 496
1615520194518 0.1631049259006352 497
1615520267901 0.16301795393402355 498
1615520341281 0.16294042276980272 499
