1615483661514 0.5847795169155758 0
1615483661516 0.5847795169155758 0
1615483735976 0.6036615813804292 1
1615483735978 0.6036615813804292 1
1615483810315 0.613869167741537 2
1615483810317 0.613869167741537 2
1615483884662 0.619166521457446 3
1615483884664 0.619166521457446 3
1615483958455 0.642255575459644 4
1615483958457 0.642255575459644 4
1615484032624 0.6484446098345632 5
1615484032626 0.6484446098345632 5
1615484106612 0.6535695446505315 6
1615484106614 0.6535695446505315 6
1615484181289 0.6594421627569265 7
1615484181291 0.6594421627569265 7
1615484255403 0.6681265357697952 8
1615484255408 0.6681265357697952 8
1615484329338 0.6706183046343382 9
1615484329343 0.6706183046343382 9
1615484403154 0.6708331115029961 10
1615484403156 0.6708331115029961 10
1615484476989 0.6775853874772317 11
1615484476994 0.6775853874772317 11
1615484550577 0.6801939454772695 12
1615484550582 0.6801939454772695 12
1615484624401 0.6845088824468804 13
1615484624406 0.6845088824468804 13
1615484698396 0.6859338134767513 14
1615484698401 0.6859338134767513 14
1615484772309 0.6852414441190336 15
1615484772313 0.6852414441190336 15
1615484846370 0.6900049612097306 16
1615484846372 0.6900049612097306 16
1615484920294 0.6918119046230788 17
1615484920296 0.6918119046230788 17
1615484993916 0.6943298755952315 18
1615484993918 0.6943298755952315 18
1615485068061 0.6969059803190083 19
1615485068063 0.6969059803190083 19
1615485142288 0.6999199682462961 20
1615485142291 0.6999199682462961 20
1615485215842 0.6998094729802868 21
1615485215844 0.6998094729802868 21
1615485289742 0.7006226182928097 22
1615485289744 0.7006226182928097 22
1615485363661 0.7025376907272816 23
1615485363663 0.7025376907272816 23
1615485437565 0.7054350396701947 24
1615485437567 0.7054350396701947 24
1615485511157 0.7084147427409246 25
1615485511159 0.7084147427409246 25
1615485585019 0.7100813666790192 26
1615485585021 0.7100813666790192 26
1615485658661 0.7125458886083814 27
1615485658664 0.7125458886083814 27
1615485732345 0.7149968198647207 28
1615485732347 0.7149968198647207 28
1615485806154 0.7176213487128698 29
1615485806156 0.7176213487128698 29
1615485879959 0.7161453957007454 30
1615485879961 0.7161453957007454 30
1615485953852 0.7185121949491884 31
1615485953854 0.7185121949491884 31
1615486027877 0.7205940792661174 32
1615486027879 0.7205940792661174 32
1615486101446 0.7216040845522771 33
1615486101448 0.7216040845522771 33
1615486175491 0.7219333384442786 34
1615486175493 0.7219333384442786 34
1615486249271 0.7230880521401242 35
1615486249273 0.7230880521401242 35
1615486323061 0.7242195748417357 36
1615486323063 0.7242195748417357 36
1615486397227 0.7253677931510506 37
1615486397229 0.7253677931510506 37
1615486471242 0.7256219791547377 38
1615486471244 0.7256219791547377 38
1615486545157 0.7272614615818445 39
1615486545159 0.7272614615818445 39
1615486618987 0.7273813834147397 40
1615486618989 0.7273813834147397 40
1615486692617 0.7284810326910716 41
1615486692619 0.7284810326910716 41
1615486766496 0.7300153945007029 42
1615486766498 0.7300153945007029 42
1615486840080 0.7315389315968104 43
1615486840082 0.7315389315968104 43
1615486913821 0.732931635473589 44
1615486913823 0.732931635473589 44
1615486987650 0.7343867242975475 45
1615486987652 0.7343867242975475 45
1615487061936 0.7343737526399791 46
1615487061938 0.7343737526399791 46
1615487135664 0.7356352430279616 47
1615487135666 0.7356352430279616 47
1615487209448 0.7367938903106943 48
1615487209450 0.7367938903106943 48
1615487283845 0.7376002741722704 49
1615487283847 0.7376002741722704 49
1615487357889 0.7373100947869528 50
1615487357891 0.7373100947869528 50
1615487432259 0.7377233052646144 51
1615487432261 0.7377233052646144 51
1615487506226 0.7385341950417792 52
1615487506228 0.7385341950417792 52
1615487579832 0.7400168509280893 53
1615487579834 0.7400168509280893 53
1615487654264 0.740157061230304 54
1615487654267 0.740157061230304 54
1615487727930 0.7404790166233034 55
1615487727932 0.7404790166233034 55
1615487801713 0.7411913738292173 56
1615487801715 0.7411913738292173 56
1615487875545 0.7421370308525351 57
1615487875547 0.7421370308525351 57
1615487949250 0.7423311666619588 58
1615487949252 0.7423311666619588 58
1615488023289 0.7430578356132993 59
1615488023291 0.7430578356132993 59
1615488097223 0.743832882696772 60
1615488097225 0.743832882696772 60
1615488170949 0.7440458284137362 61
1615488170951 0.7440458284137362 61
1615488244671 0.7444443762153299 62
1615488244674 0.7444443762153299 62
1615488318141 0.7440023017571347 63
1615488318143 0.7440023017571347 63
1615488391825 0.7442995515927127 64
1615488391827 0.7442995515927127 64
1615488465709 0.7450587679872097 65
1615488465711 0.7450587679872097 65
1615488539723 0.745660489632412 66
1615488539725 0.745660489632412 66
1615488613503 0.7465833474126762 67
1615488613505 0.7465833474126762 67
1615488687726 0.7467849484296866 68
1615488687728 0.7467849484296866 68
1615488761455 0.7468855241327272 69
1615488761457 0.7468855241327272 69
1615488835400 0.7466633108238032 70
1615488835402 0.7466633108238032 70
1615488909175 0.7468609931671644 71
1615488909177 0.7468609931671644 71
1615488982977 0.7474221487347122 72
1615488982979 0.7474221487347122 72
1615489056511 0.7477195144411287 73
1615489056513 0.7477195144411287 73
1615489129824 0.7483699615249702 74
1615489129826 0.7483699615249702 74
1615489203946 0.7489625566676386 75
1615489203948 0.7489625566676386 75
1615489277605 0.7493113649826683 76
1615489277607 0.7493113649826683 76
1615489351146 0.7494401275349281 77
1615489351148 0.7494401275349281 77
1615489424663 0.7500151234219102 78
1615489424665 0.7500151234219102 78
1615489498082 0.7508945731039933 79
1615489498084 0.7508945731039933 79
1615489572128 0.7515536652263833 80
1615489572130 0.7515536652263833 80
1615489645892 0.7526193425171082 81
1615489645894 0.7526193425171082 81
1615489719594 0.7528021578025267 82
1615489719596 0.7528021578025267 82
1615489793350 0.7530225810202478 83
1615489793352 0.7530225810202478 83
1615489866755 0.7539177769275816 84
1615489866757 0.7539177769275816 84
1615489940161 0.7540736634739816 85
1615489940163 0.7540736634739816 85
1615490013731 0.7544380648854512 86
1615490013733 0.7544380648854512 86
1615490087387 0.7543452923463626 87
1615490087389 0.7543452923463626 87
1615490160974 0.7549651342392845 88
1615490160976 0.7549651342392845 88
1615490234518 0.7551743379048721 89
1615490234520 0.7551743379048721 89
1615490308437 0.7556966758810579 90
1615490308439 0.7556966758810579 90
1615490382299 0.7560969197772364 91
1615490382301 0.7560969197772364 91
1615490455986 0.756383020646449 92
1615490455988 0.756383020646449 92
1615490529677 0.7567959317669126 93
1615490529679 0.7567959317669126 93
1615490603243 0.7573448278945887 94
1615490603246 0.7573448278945887 94
1615490676845 0.7576104997882265 95
1615490676847 0.7576104997882265 95
1615490749898 0.7581900177009493 96
1615490749901 0.7581900177009493 96
1615490823543 0.7587536692471692 97
1615490823546 0.7587536692471692 97
1615490896879 0.7594650694625755 98
1615490896881 0.7594650694625755 98
1615490970258 0.7596635845338967 99
1615490970260 0.7596635845338967 99
1615491043913 0.760323547952758 100
1615491043915 0.760323547952758 100
1615491117602 0.7603722282665689 101
1615491117604 0.7603722282665689 101
1615491191221 0.7605255706478523 102
1615491191223 0.7605255706478523 102
1615491264795 0.7610645891609942 103
1615491264797 0.7610645891609942 103
1615491338567 0.7612690164032547 104
1615491338569 0.7612690164032547 104
1615491412446 0.760876699397497 105
1615491412449 0.760876699397497 105
1615491486450 0.7608583217048535 106
1615491486452 0.7608583217048535 106
1615491560112 0.7611403930298567 107
1615491560114 0.7611403930298567 107
1615491633757 0.7614877173234529 108
1615491633759 0.7614877173234529 108
1615491707376 0.7618755869310891 109
1615491707378 0.7618755869310891 109
1615491780756 0.7623522712118739 110
1615491780758 0.7623522712118739 110
1615491854124 0.7625378175296004 111
1615491854126 0.7625378175296004 111
1615491927530 0.7630567768346485 112
1615491927533 0.7630567768346485 112
1615492001043 0.7633617703501435 113
1615492001045 0.7633617703501435 113
1615492074804 0.7636298323333359 114
1615492074806 0.7636298323333359 114
1615492148196 0.7641395398592029 115
1615492148199 0.7641395398592029 115
1615492221627 0.7643581699412191 116
1615492221629 0.7643581699412191 116
1615492295238 0.764445418870266 117
1615492295241 0.764445418870266 117
1615492368642 0.7645973008691412 118
1615492368644 0.7645973008691412 118
1615492441950 0.7649567432171783 119
1615492441952 0.7649567432171783 119
1615492515622 0.7653823957891929 120
1615492515624 0.7653823957891929 120
1615492588784 0.7659179708629316 121
1615492588787 0.7659179708629316 121
1615492662338 0.7663257832067586 122
1615492662340 0.7663257832067586 122
1615492736189 0.7664266432103027 123
1615492736191 0.7664266432103027 123
1615492810087 0.7665284291851195 124
1615492810090 0.7665284291851195 124
1615492883711 0.7666046634195888 125
1615492883714 0.7666046634195888 125
1615492957759 0.7668925819743906 126
1615492957762 0.7668925819743906 126
1615493031557 0.7671405701348792 127
1615493031558 0.7671405701348792 127
1615493105222 0.7672643792354376 128
1615493105224 0.7672643792354376 128
1615493178709 0.7674880404018631 129
1615493178711 0.7674880404018631 129
1615493252414 0.7676142733736964 130
1615493252416 0.7676142733736964 130
1615493326499 0.767636211250694 131
1615493326501 0.767636211250694 131
1615493400457 0.7679609909967818 132
1615493400459 0.7679609909967818 132
1615493474133 0.7680938573038567 133
1615493474135 0.7680938573038567 133
1615493547877 0.7685362879854772 134
1615493547879 0.7685362879854772 134
1615493621481 0.7690105443300199 135
1615493621483 0.7690105443300199 135
1615493695227 0.7691954886756139 136
1615493695229 0.7691954886756139 136
1615493768662 0.7694810697437641 137
1615493768664 0.7694810697437641 137
1615493841917 0.7694408713481989 138
1615493841920 0.7694408713481989 138
1615493915503 0.7695963701243312 139
1615493915505 0.7695963701243312 139
1615493988827 0.7698168033725614 140
1615493988829 0.7698168033725614 140
1615494062386 0.7700548083165317 141
1615494062389 0.7700548083165317 141
1615494135983 0.7702016491505695 142
1615494135985 0.7702016491505695 142
1615494209712 0.7704640407271092 143
1615494209714 0.7704640407271092 143
1615494283581 0.7705680848041547 144
1615494283584 0.7705680848041547 144
1615494357100 0.7705390053834191 145
1615494357103 0.7705390053834191 145
1615494430848 0.7708236457855242 146
1615494430851 0.7708236457855242 146
1615494504350 0.7709246303342282 147
1615494504353 0.7709246303342282 147
1615494577676 0.7714037286144007 148
1615494577678 0.7714037286144007 148
1615494651089 0.771727600155831 149
1615494651092 0.771727600155831 149
1615494724633 0.7717179462662378 150
1615494724635 0.7717179462662378 150
1615494798383 0.7718954670336771 151
1615494798385 0.7718954670336771 151
1615494872068 0.7722371490351895 152
1615494872070 0.7722371490351895 152
1615494945822 0.7720722892470807 153
1615494945824 0.7720722892470807 153
1615495019590 0.7722942186994937 154
1615495019592 0.7722942186994937 154
1615495093082 0.7726527986861288 155
1615495093085 0.7726527986861288 155
1615495166800 0.7727981205499104 156
1615495166802 0.7727981205499104 156
1615495240395 0.772949669632893 157
1615495240397 0.772949669632893 157
1615495313945 0.7732768562236946 158
1615495313947 0.7732768562236946 158
1615495387544 0.7736701869197051 159
1615495387546 0.7736701869197051 159
1615495461118 0.7740559386091985 160
1615495461120 0.7740559386091985 160
1615495534837 0.7745112212137361 161
1615495534839 0.7745112212137361 161
1615495608333 0.7748029892715841 162
1615495608336 0.7748029892715841 162
1615495681686 0.7748553299132898 163
1615495681688 0.7748553299132898 163
1615495755164 0.7752605930871791 164
1615495755166 0.7752605930871791 164
1615495829028 0.7755589497579587 165
1615495829031 0.7755589497579587 165
1615495902840 0.7756801952963069 166
1615495902842 0.7756801952963069 166
1615495976436 0.7758853853120953 167
1615495976438 0.7758853853120953 167
1615496049634 0.7761953285324202 168
1615496049637 0.7761953285324202 168
1615496122895 0.7765302715135587 169
1615496122897 0.7765302715135587 169
1615496196384 0.7768026478347867 170
1615496196386 0.7768026478347867 170
1615496270348 0.7770238570325013 171
1615496270350 0.7770238570325013 171
1615496344236 0.7772662766351537 172
1615496344239 0.7772662766351537 172
1615496417898 0.7773126542873743 173
1615496417900 0.7773126542873743 173
1615496491625 0.7773544670884677 174
1615496491628 0.7773544670884677 174
1615496565403 0.7775836906717367 175
1615496565406 0.7775836906717367 175
1615496639140 0.7777131158054659 176
1615496639143 0.7777131158054659 176
1615496712505 0.7781209437390432 177
1615496712507 0.7781209437390432 177
1615496785830 0.778358705973494 178
1615496785832 0.778358705973494 178
1615496859370 0.7785801250814129 179
1615496859372 0.7785801250814129 179
1615496932934 0.7788456301699092 180
1615496932937 0.7788456301699092 180
1615497006321 0.7790153576569298 181
1615497006323 0.7790153576569298 181
1615497079909 0.7791744769721539 182
1615497079910 0.7791744769721539 182
1615497153411 0.779357708120768 183
1615497153414 0.779357708120768 183
1615497227043 0.7794155003564098 184
1615497227045 0.7794155003564098 184
1615497300680 0.7797168996696509 185
1615497300683 0.7797168996696509 185
1615497374319 0.7799836671877981 186
1615497374321 0.7799836671877981 186
1615497447825 0.7802868705095912 187
1615497447827 0.7802868705095912 187
1615497521253 0.7803851706693861 188
1615497521255 0.7803851706693861 188
1615497594751 0.7805781040598301 189
1615497594754 0.7805781040598301 189
1615497668305 0.7808525776515247 190
1615497668308 0.7808525776515247 190
1615497742031 0.7811532239814422 191
1615497742033 0.7811532239814422 191
1615497816076 0.7813632645040207 192
1615497816078 0.7813632645040207 192
1615497889554 0.7816272190725095 193
1615497889557 0.7816272190725095 193
1615497962900 0.7818072918139733 194
1615497962902 0.7818072918139733 194
1615498036443 0.7819884617599338 195
1615498036445 0.7819884617599338 195
1615498109773 0.7821333727133004 196
1615498109775 0.7821333727133004 196
1615498182973 0.7821253969805256 197
1615498182976 0.7821253969805256 197
1615498256535 0.7823296756272645 198
1615498256537 0.7823296756272645 198
1615498329796 0.7826769141228503 199
1615498329798 0.7826769141228503 199
1615498403595 0.7826483552763974 200
1615498403597 0.7826483552763974 200
1615498477329 0.7827524729395493 201
1615498477331 0.7827524729395493 201
1615498550699 0.7828840085779822 202
1615498550701 0.7828840085779822 202
1615498624652 0.7830437693505367 203
1615498624654 0.7830437693505367 203
1615498698435 0.7831848624516513 204
1615498698437 0.7831848624516513 204
1615498772095 0.7832033173189438 205
1615498772098 0.7832033173189438 205
1615498845853 0.7832650281813545 206
1615498845855 0.7832650281813545 206
1615498919585 0.7835925703589239 207
1615498919587 0.7835925703589239 207
1615498993213 0.7838316183095231 208
1615498993215 0.7838316183095231 208
1615499066618 0.783934479773019 209
1615499066620 0.783934479773019 209
1615499140029 0.7840149841225924 210
1615499140031 0.7840149841225924 210
1615499213550 0.7842102614254751 211
1615499213552 0.7842102614254751 211
1615499286543 0.7843210323810555 212
1615499286545 0.7843210323810555 212
1615499360196 0.7844632890204468 213
1615499360198 0.7844632890204468 213
1615499433886 0.7845929989632362 214
1615499433888 0.7845929989632362 214
1615499515114 0.7846633971149471 215
1615499515116 0.7846633971149471 215
1615499589074 0.7848212020820905 216
1615499589076 0.7848212020820905 216
1615499662608 0.7850656910633882 217
1615499662610 0.7850656910633882 217
1615499736198 0.7854048328509093 218
1615499736200 0.7854048328509093 218
1615499809914 0.7855276185596758 219
1615499809916 0.7855276185596758 219
1615499883771 0.7857652196601989 220
1615499883773 0.7857652196601989 220
1615499957377 0.7857770439917825 221
1615499957379 0.7857770439917825 221
1615500030833 0.7858668853288946 222
1615500030835 0.7858668853288946 222
1615500103913 0.7861682190417442 223
1615500103915 0.7861682190417442 223
1615500177290 0.7863459161461318 224
1615500177292 0.7863459161461318 224
1615500250754 0.7865682316526338 225
1615500250756 0.7865682316526338 225
1615500324101 0.7867938273424878 226
1615500324103 0.7867938273424878 226
1615500397303 0.7870596944904473 227
1615500397305 0.7870596944904473 227
1615500470188 0.787285609953719 228
1615500470191 0.787285609953719 228
1615500543552 0.7875576210835961 229
1615500543554 0.7875576210835961 229
1615500616883 0.7877284008384778 230
1615500616885 0.7877284008384778 230
1615500690491 0.7876989756805102 231
1615500690494 0.7876989756805102 231
1615500763565 0.7879545611088211 232
1615500763567 0.7879545611088211 232
1615500837035 0.7877211265841587 233
1615500837037 0.7877211265841587 233
1615500910843 0.787949609545578 234
1615500910846 0.787949609545578 234
1615500984017 0.7879894092531542 235
1615500984019 0.7879894092531542 235
1615501057864 0.7881124328495148 236
1615501057865 0.7881124328495148 236
1615501131222 0.7882353930526365 237
1615501131224 0.7882353930526365 237
1615501204986 0.7883608130161084 238
1615501204988 0.7883608130161084 238
1615501278735 0.7884712444443088 239
1615501278737 0.7884712444443088 239
1615501352519 0.7885899985706126 240
1615501352521 0.7885899985706126 240
1615501426162 0.7888095513295679 241
1615501426165 0.7888095513295679 241
1615501499776 0.7889958266961216 242
1615501499779 0.7889958266961216 242
1615501573480 0.7891870879954092 243
1615501573483 0.7891870879954092 243
1615501646731 0.7892956674801945 244
1615501646733 0.7892956674801945 244
1615501719516 0.7892943995668033 245
1615501719519 0.7892943995668033 245
1615501792442 0.7893603963938534 246
1615501792445 0.7893603963938534 246
1615501866134 0.7893649615459652 247
1615501866137 0.7893649615459652 247
1615501939629 0.7895098214519818 248
1615501939630 0.7895098214519818 248
1615502013137 0.7896119359808584 249
1615502013140 0.7896119359808584 249
1615502086523 0.7898258706544797 250
1615502086526 0.7898258706544797 250
1615502160040 0.7899072068564814 251
1615502160041 0.7899072068564814 251
1615502232914 0.7901390923316622 252
1615502232917 0.7901390923316622 252
1615502306035 0.7902421064767507 253
1615502306037 0.7902421064767507 253
1615502379067 0.7905295691255407 254
1615502379070 0.7905295691255407 254
1615502452232 0.7906001794607328 255
1615502452235 0.7906001794607328 255
1615502525930 0.7906586611746286 256
1615502525933 0.7906586611746286 256
1615502599081 0.7908207740549426 257
1615502599084 0.7908207740549426 257
1615502672417 0.7909352383951399 258
1615502672420 0.7909352383951399 258
1615502745767 0.7911031592140929 259
1615502745769 0.7911031592140929 259
1615502819244 0.7911076439649448 260
1615502819247 0.7911076439649448 260
1615502892096 0.7912652900822325 261
1615502892098 0.7912652900822325 261
1615502965303 0.7913750617088027 262
1615502965306 0.7913750617088027 262
1615503038442 0.7915171735953718 263
1615503038444 0.7915171735953718 263
1615503111804 0.7916175663448264 264
1615503111806 0.7916175663448264 264
1615503185283 0.7917345804955845 265
1615503185286 0.7917345804955845 265
1615503258661 0.7917923152110585 266
1615503258663 0.7917923152110585 266
1615503331931 0.7918455212865031 267
1615503331934 0.7918455212865031 267
1615503405102 0.7920248909813475 268
1615503405104 0.7920248909813475 268
1615503478345 0.7922532642876177 269
1615503478347 0.7922532642876177 269
1615503551729 0.7924044222347619 270
1615503551732 0.7924044222347619 270
1615503624991 0.7924576057819471 271
1615503624994 0.7924576057819471 271
1615503697546 0.7924177500804854 272
1615503697548 0.7924177500804854 272
1615503771001 0.7925387645739419 273
1615503771003 0.7925387645739419 273
1615503844126 0.7926549254366492 274
1615503844129 0.7926549254366492 274
1615503917435 0.792827216149254 275
1615503917437 0.792827216149254 275
1615503990505 0.793056629975693 276
1615503990507 0.793056629975693 276
1615504064000 0.7931859313058317 277
1615504064002 0.7931859313058317 277
1615504137148 0.7933769112940187 278
1615504137150 0.7933769112940187 278
1615504210233 0.7934876039565256 279
1615504210235 0.7934876039565256 279
1615504283169 0.7936679997648294 280
1615504283171 0.7936679997648294 280
1615504356336 0.7937526281171033 281
1615504356338 0.7937526281171033 281
1615504429747 0.7938912791074969 282
1615504429750 0.7938912791074969 282
1615504502874 0.7939972891007101 283
1615504502877 0.7939972891007101 283
1615504575897 0.7940963701171125 284
1615504575899 0.7940963701171125 284
1615504649102 0.7942465440802009 285
1615504649105 0.7942465440802009 285
1615504722735 0.7943325439400037 286
1615504722737 0.7943325439400037 286
1615504795803 0.7945101026670397 287
1615504795806 0.7945101026670397 287
1615504869004 0.7946239106924169 288
1615504869007 0.7946239106924169 288
1615504942042 0.7947669317453644 289
1615504942044 0.7947669317453644 289
1615505015221 0.7948914222030106 290
1615505015223 0.7948914222030106 290
1615505088355 0.7950503416620656 291
1615505088357 0.7950503416620656 291
1615505162142 0.7952440719798924 292
1615505162145 0.7952440719798924 292
1615505235582 0.7952753608321271 293
1615505235584 0.7952753608321271 293
1615505308923 0.7954593507948556 294
1615505308925 0.7954593507948556 294
1615505382351 0.7955159794505593 295
1615505382354 0.7955159794505593 295
1615505455542 0.7956667124951341 296
1615505455544 0.7956667124951341 296
1615505528483 0.7957902070048023 297
1615505528486 0.7957902070048023 297
1615505601520 0.7958448738037139 298
1615505601522 0.7958448738037139 298
1615505674721 0.7959612761705778 299
1615505674723 0.7959612761705778 299
1615505748438 0.7960381249831948 300
1615505748440 0.7960381249831948 300
1615505821488 0.7961640855389314 301
1615505821490 0.7961640855389314 301
1615505894532 0.7961305002194856 302
1615505894534 0.7961305002194856 302
1615505967616 0.7962727366880893 303
1615505967618 0.7962727366880893 303
1615506040679 0.7964270462727768 304
1615506040682 0.7964270462727768 304
1615506113821 0.7965453220431253 305
1615506113824 0.7965453220431253 305
1615506187124 0.79670811651777 306
1615506187127 0.79670811651777 306
1615506260634 0.7967467306689668 307
1615506260637 0.7967467306689668 307
1615506333599 0.7968436124197789 308
1615506333601 0.7968436124197789 308
1615506406658 0.7970041586369006 309
1615506406661 0.7970041586369006 309
1615506479861 0.7971137057756511 310
1615506479863 0.7971137057756511 310
1615506553259 0.7971860570016805 311
1615506553261 0.7971860570016805 311
1615506626389 0.7971719501986999 312
1615506626391 0.7971719501986999 312
1615506699307 0.7973692448295641 313
1615506699310 0.7973692448295641 313
1615506772673 0.7975195648660954 314
1615506772675 0.7975195648660954 314
1615506846207 0.7975428894930184 315
1615506846209 0.7975428894930184 315
1615506919491 0.797698269287345 316
1615506919493 0.797698269287345 316
1615506992681 0.7978417349991643 317
1615506992683 0.7978417349991643 317
1615507066026 0.7979728051456634 318
1615507066029 0.7979728051456634 318
1615507139362 0.798099633728782 319
1615507139363 0.798099633728782 319
1615507213263 0.7982635044539951 320
1615507213265 0.7982635044539951 320
1615507286958 0.7983669753542904 321
1615507286960 0.7983669753542904 321
1615507363269 0.798501575034584 322
1615507363271 0.798501575034584 322
1615507437392 0.7986161486576663 323
1615507437394 0.7986161486576663 323
1615507510718 0.7986836579241579 324
1615507510721 0.7986836579241579 324
1615507584305 0.7987083179309875 325
1615507584307 0.7987083179309875 325
1615507657715 0.7988400105568569 326
1615507657717 0.7988400105568569 326
1615507730916 0.7989521397150388 327
1615507730919 0.7989521397150388 327
1615507804158 0.7990650832183802 328
1615507804160 0.7990650832183802 328
1615507877689 0.7991204834847481 329
1615507877691 0.7991204834847481 329
1615507950921 0.7992338583224995 330
1615507950923 0.7992338583224995 330
1615508024240 0.7994566881914288 331
1615508024242 0.7994566881914288 331
1615508097674 0.7995864927874708 332
1615508097676 0.7995864927874708 332
1615508170835 0.7997001764108812 333
1615508170836 0.7997001764108812 333
1615508244397 0.7997746693713474 334
1615508244399 0.7997746693713474 334
1615508317592 0.7999461591060241 335
1615508317595 0.7999461591060241 335
1615508390861 0.7999743910343964 336
1615508390863 0.7999743910343964 336
1615508464066 0.8000556527973267 337
1615508464069 0.8000556527973267 337
1615508537268 0.8001655727818237 338
1615508537270 0.8001655727818237 338
1615508610239 0.8002414896218423 339
1615508610241 0.8002414896218423 339
1615508683526 0.8004111524544086 340
1615508683528 0.8004111524544086 340
1615508757126 0.8004765204044328 341
1615508757128 0.8004765204044328 341
1615508831124 0.80060002960197 342
1615508831126 0.80060002960197 342
1615508905451 0.8007828101635488 343
1615508905453 0.8007828101635488 343
1615508978636 0.80097313760413 344
1615508978638 0.80097313760413 344
1615509052115 0.8011673355993372 345
1615509052117 0.8011673355993372 345
1615509125817 0.8013031138307287 346
1615509125820 0.8013031138307287 346
1615509199484 0.8013721843824125 347
1615509199486 0.8013721843824125 347
1615509272608 0.8014848938721917 348
1615509272609 0.8014848938721917 348
1615509345845 0.8016070349443065 349
1615509345848 0.8016070349443065 349
1615509419323 0.8017341514893215 350
1615509419325 0.8017341514893215 350
1615509492694 0.8018849095656523 351
1615509492696 0.8018849095656523 351
1615509565902 0.8019928689887097 352
1615509565905 0.8019928689887097 352
1615509639228 0.8021778271174389 353
1615509639230 0.8021778271174389 353
1615509712409 0.8022375162927854 354
1615509712411 0.8022375162927854 354
1615509785599 0.8023824457306817 355
1615509785601 0.8023824457306817 355
1615509858602 0.8025276454035839 356
1615509858604 0.8025276454035839 356
1615509931399 0.8026466961981642 357
1615509931401 0.8026466961981642 357
1615510004488 0.8027477333184255 358
1615510004490 0.8027477333184255 358
1615510077432 0.8029711778878024 359
1615510077434 0.8029711778878024 359
1615510150651 0.8030798062654625 360
1615510150653 0.8030798062654625 360
1615510223751 0.8032247328127256 361
1615510223753 0.8032247328127256 361
1615510297199 0.8033654513164197 362
1615510297202 0.8033654513164197 362
1615510370720 0.8035696791062237 363
1615510370722 0.8035696791062237 363
1615510444072 0.8036955175793195 364
1615510444075 0.8036955175793195 364
1615510517475 0.8037192728550389 365
1615510517477 0.8037192728550389 365
1615510590912 0.803895474761437 366
1615510590914 0.803895474761437 366
1615510664496 0.8040961050861747 367
1615510664498 0.8040961050861747 367
1615510737704 0.804236241185026 368
1615510737706 0.804236241185026 368
1615510811057 0.8043682476370246 369
1615510811059 0.8043682476370246 369
1615510884619 0.8044803387856285 370
1615510884622 0.8044803387856285 370
1615510957967 0.8046539984623938 371
1615510957970 0.8046539984623938 371
1615511031257 0.8047661620312995 372
1615511031259 0.8047661620312995 372
1615511104752 0.8048668757918049 373
1615511104754 0.8048668757918049 373
1615511178203 0.8049796875614706 374
1615511178205 0.8049796875614706 374
1615511251610 0.8050995083652933 375
1615511251613 0.8050995083652933 375
1615511324908 0.8050829575406552 376
1615511324911 0.8050829575406552 376
1615511398125 0.8052059368733439 377
1615511398128 0.8052059368733439 377
1615511471211 0.8053317486103132 378
1615511471213 0.8053317486103132 378
1615511544337 0.8053665661905561 379
1615511544339 0.8053665661905561 379
1615511617561 0.8053705396489387 380
1615511617563 0.8053705396489387 380
1615511691390 0.8055001568493398 381
1615511691392 0.8055001568493398 381
1615511765033 0.8054912590525644 382
1615511765035 0.8054912590525644 382
1615511838867 0.8055515499163403 383
1615511838869 0.8055515499163403 383
1615511911817 0.8056319367787573 384
1615511911819 0.8056319367787573 384
1615511984916 0.8057681875393509 385
1615511984918 0.8057681875393509 385
1615512058146 0.8059704966150898 386
1615512058148 0.8059704966150898 386
1615512131314 0.8060253599530811 387
1615512131317 0.8060253599530811 387
1615512205017 0.8061589689686263 388
1615512205019 0.8061589689686263 388
1615512278464 0.8061981093995697 389
1615512278466 0.8061981093995697 389
1615512351738 0.8063003875009337 390
1615512351741 0.8063003875009337 390
1615512424971 0.806369783015452 391
1615512424972 0.806369783015452 391
1615512498120 0.8065088591486953 392
1615512498122 0.8065088591486953 392
1615512571561 0.8066316661606594 393
1615512571563 0.8066316661606594 393
1615512645114 0.8067510490128311 394
1615512645117 0.8067510490128311 394
1615512718525 0.806886755364508 395
1615512718528 0.806886755364508 395
1615512791714 0.8069836077886062 396
1615512791715 0.8069836077886062 396
1615512864934 0.8071118240342858 397
1615512864936 0.8071118240342858 397
1615512938145 0.8072716610036078 398
1615512938148 0.8072716610036078 398
1615513011322 0.8073664504960409 399
1615513011325 0.8073664504960409 399
1615513084808 0.8074719414050007 400
1615513084810 0.8074719414050007 400
1615513157965 0.8076109944593897 401
1615513157969 0.8076109944593897 401
1615513231062 0.807746900576862 402
1615513231065 0.807746900576862 402
1615513304426 0.8078493502513538 403
1615513304429 0.8078493502513538 403
1615513377587 0.8079131241407563 404
1615513377590 0.8079131241407563 404
1615513451017 0.8080112823876204 405
1615513451020 0.8080112823876204 405
1615513524043 0.8080975139125133 406
1615513524046 0.8080975139125133 406
1615513597072 0.8082080858090626 407
1615513597074 0.8082080858090626 407
1615513670161 0.8083562862109738 408
1615513670163 0.8083562862109738 408
1615513743101 0.8085072937519867 409
1615513743104 0.8085072937519867 409
1615513816335 0.8085407989556125 410
1615513816338 0.8085407989556125 410
1615513889535 0.8086273869991271 411
1615513889537 0.8086273869991271 411
1615513962953 0.8087230350243565 412
1615513962956 0.8087230350243565 412
1615514036144 0.8088965423715985 413
1615514036146 0.8088965423715985 413
1615514109518 0.8089513311536529 414
1615514109520 0.8089513311536529 414
1615514183055 0.8090742660746822 415
1615514183057 0.8090742660746822 415
1615514256087 0.8091959177391045 416
1615514256090 0.8091959177391045 416
1615514329271 0.8092856515998812 417
1615514329273 0.8092856515998812 417
1615514402595 0.8093562566750923 418
1615514402598 0.8093562566750923 418
1615514475794 0.809434769593217 419
1615514475796 0.809434769593217 419
1615514549381 0.8095115374366966 420
1615514549383 0.8095115374366966 420
1615514622680 0.809626864522815 421
1615514622692 0.809626864522815 421
1615514696098 0.8097044121775697 422
1615514696100 0.8097044121775697 422
1615514769401 0.809789848900405 423
1615514769403 0.809789848900405 423
1615514842510 0.8098261052739033 424
1615514842512 0.8098261052739033 424
1615514915798 0.8099250033988333 425
1615514915801 0.8099250033988333 425
1615514988795 0.8100768742116969 426
1615514988796 0.8100768742116969 426
1615515062121 0.8101522977101362 427
1615515062123 0.8101522977101362 427
1615515135309 0.8102882597030314 428
1615515135310 0.8102882597030314 428
1615515208513 0.8103239459071431 429
1615515208516 0.8103239459071431 429
1615515282029 0.8103823398628343 430
1615515282032 0.8103823398628343 430
1615515355243 0.8104309108938256 431
1615515355246 0.8104309108938256 431
1615515428373 0.8104977743217523 432
1615515428375 0.8104977743217523 432
1615515501903 0.810618706568104 433
1615515501906 0.810618706568104 433
1615515575453 0.8107391014070974 434
1615515575455 0.8107391014070974 434
1615515649049 0.8107904069828197 435
1615515649051 0.8107904069828197 435
1615515722620 0.8109153201887118 436
1615515722623 0.8109153201887118 436
1615515796199 0.8110260567712498 437
1615515796200 0.8110260567712498 437
1615515869487 0.811158123909793 438
1615515869490 0.811158123909793 438
1615515942818 0.8112317831852124 439
1615515942820 0.8112317831852124 439
1615516015741 0.81127761111984 440
1615516015743 0.81127761111984 440
1615516088886 0.8113583847147594 441
1615516088888 0.8113583847147594 441
1615516161878 0.8113465660443475 442
1615516161880 0.8113465660443475 442
1615516234624 0.8113326264725232 443
1615516234626 0.8113326264725232 443
1615516307997 0.8115098372605886 444
1615516307999 0.8115098372605886 444
1615516381542 0.8116119924367895 445
1615516381544 0.8116119924367895 445
1615516455090 0.8117252257528573 446
1615516455092 0.8117252257528573 446
1615516528481 0.811728856249409 447
1615516528483 0.811728856249409 447
1615516601806 0.8118443823444362 448
1615516601808 0.8118443823444362 448
1615516675153 0.8118807879847029 449
1615516675156 0.8118807879847029 449
1615516748393 0.8119706705634264 450
1615516748396 0.8119706705634264 450
1615516821712 0.8120954061300896 451
1615516821714 0.8120954061300896 451
1615516895011 0.8121395566970389 452
1615516895013 0.8121395566970389 452
1615516968266 0.8122141689584149 453
1615516968268 0.8122141689584149 453
1615517041526 0.8123044356488299 454
1615517041529 0.8123044356488299 454
1615517114779 0.8123976336962833 455
1615517114781 0.8123976336962833 455
1615517187977 0.8124571426896046 456
1615517187979 0.8124571426896046 456
1615517261209 0.8125478805742588 457
1615517261211 0.8125478805742588 457
1615517334496 0.8126376902986001 458
1615517334498 0.8126376902986001 458
1615517407382 0.8127343646629944 459
1615517407385 0.8127343646629944 459
1615517480319 0.8128407949015387 460
1615517480321 0.8128407949015387 460
1615517553377 0.8128738464191051 461
1615517553379 0.8128738464191051 461
1615517626547 0.812954156909049 462
1615517626550 0.812954156909049 462
1615517699616 0.8130237980061318 463
1615517699618 0.8130237980061318 463
1615517772946 0.8130993011332475 464
1615517772948 0.8130993011332475 464
1615517846036 0.8131678663342432 465
1615517846038 0.8131678663342432 465
1615517919291 0.813260433931868 466
1615517919293 0.813260433931868 466
1615517992482 0.8133167929017288 467
1615517992484 0.8133167929017288 467
1615518065614 0.8134219984149745 468
1615518065617 0.8134219984149745 468
1615518139021 0.8135318759721684 469
1615518139023 0.8135318759721684 469
1615518212372 0.8136654501717214 470
1615518212374 0.8136654501717214 470
1615518285771 0.8137578285988477 471
1615518285774 0.8137578285988477 471
1615518359129 0.8137929556235354 472
1615518359131 0.8137929556235354 472
1615518432314 0.8138937923132499 473
1615518432316 0.8138937923132499 473
1615518505418 0.8139603786395133 474
1615518505421 0.8139603786395133 474
1615518578446 0.8140784772038128 475
1615518578448 0.8140784772038128 475
1615518651555 0.8141513779438339 476
1615518651558 0.8141513779438339 476
1615518724494 0.8142827404736142 477
1615518724496 0.8142827404736142 477
1615518797743 0.8143243718879932 478
1615518797745 0.8143243718879932 478
1615518871397 0.8143866723197402 479
1615518871400 0.8143866723197402 479
1615518944952 0.8144863992452287 480
1615518944955 0.8144863992452287 480
1615519018431 0.8145731817954202 481
1615519018433 0.8145731817954202 481
1615519092375 0.814611607801689 482
1615519092377 0.814611607801689 482
1615519165490 0.8146470158459574 483
1615519165492 0.8146470158459574 483
1615519238827 0.8146681582800727 484
1615519238829 0.8146681582800727 484
1615519312746 0.8147238599458044 485
1615519312748 0.8147238599458044 485
1615519386661 0.8148119412901211 486
1615519386664 0.8148119412901211 486
1615519460268 0.8148899795634112 487
1615519460271 0.8148899795634112 487
1615519533432 0.8149727598266414 488
1615519533434 0.8149727598266414 488
1615519606666 0.8150758746342581 489
1615519606668 0.8150758746342581 489
1615519680040 0.8151900529394127 490
1615519680042 0.8151900529394127 490
1615519753448 0.815288388841873 491
1615519753450 0.815288388841873 491
1615519826930 0.8154098875296948 492
1615519826933 0.8154098875296948 492
1615519900252 0.8154915439522592 493
1615519900255 0.8154915439522592 493
1615519973831 0.8155150717276757 494
1615519973833 0.8155150717276757 494
1615520047411 0.8156259875744453 495
1615520047413 0.8156259875744453 495
1615520120913 0.8156993450439273 496
1615520120915 0.8156993450439273 496
1615520194521 0.815842085562427 497
1615520194523 0.815842085562427 497
1615520267903 0.8159251229235029 498
1615520267906 0.8159251229235029 498
1615520341284 0.8160097143033852 499
1615520341286 0.8160097143033852 499
