1615483661503 0.4165899433306794 0
1615483735968 0.33467257556630603 1
1615483810307 0.3305465258769135 2
1615483884654 0.3291954576079525 3
1615483958447 0.22598532242561453 4
1615484032616 0.28263891010142084 5
1615484106604 0.2769745784019356 6
1615484181281 0.25669570556327476 7
1615484255396 0.23194051233690177 8
1615484329330 0.25704379668876304 9
1615484403146 0.2826592708701518 10
1615484476981 0.21454864918296015 11
1615484550569 0.2514790252073487 12
1615484624394 0.23216343370836173 13
1615484698388 0.25787343640825644 14
1615484772301 0.29545563192509894 15
1615484846359 0.2119524612355588 16
1615484920283 0.2486997798307618 17
1615484993905 0.2376404520291001 18
1615485068050 0.2238479105394278 19
1615485142276 0.21340810362972432 20
1615485215835 0.2747035898379426 21
1615485289734 0.25449998165244486 22
1615485363650 0.23561339413941795 23
1615485437556 0.20456759253544593 24
1615485511146 0.20057028620990355 25
1615485585012 0.22713760475614178 26
1615485658651 0.20148628238421767 27
1615485732334 0.1891245610678374 28
1615485806145 0.18609189809258306 29
1615485879950 0.2909094584521963 30
1615485953844 0.18354620506514363 31
1615486027869 0.19330737484035207 32
1615486101434 0.21490902598224468 33
1615486175483 0.23923691973757388 34
1615486249260 0.19770438012792102 35
1615486323051 0.21139863355835872 36
1615486397219 0.20462562077081026 37
1615486471234 0.2355098982355488 38
1615486545145 0.18480700254440308 39
1615486618978 0.24519911897716237 40
1615486692606 0.2041671133753079 41
1615486766485 0.18541961819378297 42
1615486840070 0.18159826388999598 43
1615486913812 0.17769548252447329 44
1615486987641 0.18073295301465847 45
1615487061925 0.23429743478547282 46
1615487135653 0.18633651822360595 47
1615487209439 0.1873444256497853 48
1615487283837 0.19208905679076466 49
1615487357878 0.2518662854806701 50
1615487432251 0.22730557865171291 51
1615487506215 0.1781292771225545 52
1615487579821 0.1578129307547612 53
1615487654256 0.23412165890878706 54
1615487727919 0.22126349228531567 55
1615487801701 0.20405750932978162 56
1615487875534 0.18019183802960523 57
1615487949238 0.220516046481346 58
1615488023278 0.18841188790193245 59
1615488097211 0.19241591798725413 60
1615488170940 0.20728770298744315 61
1615488244662 0.20712488533845588 62
1615488318130 0.26328993377400867 63
1615488391814 0.20383724792679744 64
1615488465698 0.1821202057511059 65
1615488539711 0.19387517046572558 66
1615488613492 0.1699572721524025 67
1615488687714 0.21620233646079676 68
1615488761443 0.21660437334829302 69
1615488835392 0.23359619592552755 70
1615488909164 0.21034368739199283 71
1615488982968 0.18287245995962798 72
1615489056502 0.2099338494130035 73
1615489129814 0.1772098505674903 74
1615489203935 0.1846827926920421 75
1615489277594 0.19679832191609625 76
1615489351135 0.21945321737830317 77
1615489424652 0.17982950673174503 78
1615489498071 0.15545204504212337 79
1615489572117 0.16709540851080595 80
1615489645885 0.14047412196202064 81
1615489719585 0.21333121096909935 82
1615489793341 0.20911108735781997 83
1615489866745 0.14875315107516388 84
1615489940150 0.19488318553611414 85
1615490013719 0.1899614458653464 86
1615490087377 0.2328112845990195 87
1615490160963 0.1726497785368962 88
1615490234508 0.20045077178015638 89
1615490308429 0.16915597132782437 90
1615490382291 0.18504336876655691 91
1615490455975 0.20271509352015027 92
1615490529667 0.1721551204795268 93
1615490603232 0.1658219143525878 94
1615490676834 0.19551877388313635 95
1615490749888 0.16081324531071223 96
1615490823533 0.16689389054454976 97
1615490896868 0.15043691734769452 98
1615490970248 0.1879871158457514 99
1615491043903 0.15589018455192225 100
1615491117591 0.21196585537782356 101
1615491191209 0.2015384133182355 102
1615491264784 0.15673818606049267 103
1615491338558 0.20054223377313188 104
1615491412438 0.25143036023894355 105
1615491486439 0.21417352423739078 106
1615491560101 0.18345203150564166 107
1615491633746 0.18137166126450496 108
1615491707364 0.1731331214975955 109
1615491780744 0.16482437279686998 110
1615491854117 0.19492856157359792 111
1615491927519 0.1635493306971308 112
1615492001032 0.18572241423734978 113
1615492074792 0.1774685178230058 114
1615492148184 0.15460725862588456 115
1615492221615 0.1860828381865772 116
1615492295226 0.18995724685156523 117
1615492368630 0.1955371952768582 118
1615492441941 0.17103118238164416 119
1615492515610 0.16009347296472806 120
1615492588772 0.14015944235360445 121
1615492662329 0.1560635931456267 122
1615492736177 0.1951717734336853 123
1615492810077 0.19810734489070836 124
1615492883701 0.20969897063810433 125
1615492957748 0.17333171705701458 126
1615493031548 0.17596798067662253 127
1615493105213 0.19722556712022468 128
1615493178698 0.188777618443788 129
1615493252403 0.20177284016538022 130
1615493326488 0.21480884391870073 131
1615493400445 0.15958225371232673 132
1615493474121 0.18896733735924337 133
1615493547868 0.15213550115699198 134
1615493621471 0.14136338144985597 135
1615493695216 0.17692771153663522 136
1615493768650 0.17107798359287318 137
1615493841906 0.20655648388079742 138
1615493915491 0.1798358079212815 139
1615493988816 0.17079208946939725 140
1615494062375 0.16820976716368946 141
1615494135971 0.18087985266500445 142
1615494209703 0.17176370122539464 143
1615494283570 0.1978945838871287 144
1615494357089 0.2086328330324657 145
1615494430837 0.1610791549753787 146
1615494504339 0.19457739057825574 147
1615494577667 0.1318218441151861 148
1615494651079 0.15398469166969186 149
1615494724622 0.20529814442591882 150
1615494798375 0.1823052167892456 151
1615494872056 0.15099146917684755 152
1615494945813 0.2223566815034667 153
1615495019578 0.17481434078358893 154
1615495093071 0.15107941271653816 155
1615495166788 0.18113283612834874 156
1615495240386 0.17842863033066936 157
1615495313936 0.15549012173467608 158
1615495387532 0.1450857235424554 159
1615495461106 0.1472006484643737 160
1615495534826 0.1294406590177052 161
1615495608322 0.14998362491379924 162
1615495681675 0.20053438909018217 163
1615495755152 0.13761060807242323 164
1615495829017 0.1641517761927932 165
1615495902828 0.18381269387344815 166
1615495976424 0.1691804946358524 167
1615496049622 0.153877470920335 168
1615496122884 0.14713363505121488 169
1615496196373 0.15091140323610447 170
1615496270340 0.15731585203711665 171
1615496344225 0.1604364345322794 172
1615496417886 0.1952231446308876 173
1615496491614 0.19423335879596312 174
1615496565391 0.14878766483335354 175
1615496639130 0.182613332769764 176
1615496712493 0.1284245572873016 177
1615496785818 0.1664826416257602 178
1615496859358 0.15788671507764218 179
1615496932925 0.15119760249977682 180
1615497006310 0.16796800894523733 181
1615497079901 0.17569465245773544 182
1615497153399 0.16665375499583002 183
1615497227031 0.19348918502010518 184
1615497300668 0.1460479569079271 185
1615497374307 0.1499328141781821 186
1615497447817 0.1439088209351497 187
1615497521241 0.17954137609965765 188
1615497594740 0.16674891247678159 189
1615497668296 0.14779760054687954 190
1615497742023 0.1329194173884036 191
1615497816068 0.15778596098743267 192
1615497889543 0.13601716952537424 193
1615497962890 0.16456760666263637 194
1615498036431 0.16791034100660637 195
1615498109762 0.1584473732692092 196
1615498182961 0.1950778409616271 197
1615498256524 0.15445130885536992 198
1615498329784 0.12414956092834473 199
1615498403586 0.20443180603767508 200
1615498477318 0.18465831564433538 201
1615498550687 0.17114605209720668 202
1615498624644 0.16416714440530805 203
1615498698424 0.16177792335624125 204
1615498772083 0.18852438232791957 205
1615498845841 0.178722034639387 206
1615498919575 0.13053730975336103 207
1615498993201 0.1463930953794451 208
1615499066607 0.16914359936073645 209
1615499140017 0.17673996135370054 210
1615499213539 0.153330008485424 211
1615499286534 0.1617257399345512 212
1615499360184 0.16859708081430463 213
1615499433799 0.16949802903986688 214
1615499515102 0.17386557273010708 215
1615499589067 0.158444797814782 216
1615499662600 0.14587622525087043 217
1615499736189 0.11991524251539316 218
1615499809901 0.16748943880422792 219
1615499883759 0.13603930597874656 220
1615499957365 0.19606475242927893 221
1615500030820 0.17321753857740715 222
1615500103902 0.12488702873685467 223
1615500177280 0.15565139589025012 224
1615500250742 0.1420154669391575 225
1615500324089 0.14474336424870277 226
1615500397295 0.13209702452616906 227
1615500470177 0.1434173486126003 228
1615500543540 0.12803383727571857 229
1615500616871 0.15527849055048246 230
1615500690480 0.2017784011897756 231
1615500763553 0.1260242195271734 232
1615500837027 0.2505663820167086 233
1615500910831 0.14512241331499015 234
1615500984008 0.18462796264619968 235
1615501057852 0.15912363956223674 236
1615501131210 0.16144739780853043 237
1615501204974 0.16112301242885305 238
1615501278724 0.16864688360868996 239
1615501352509 0.16172762860113116 240
1615501426150 0.13515124836964393 241
1615501499764 0.14846917853426578 242
1615501573468 0.15078485723751694 243
1615501646719 0.16724227079704626 244
1615501719504 0.18995205502011883 245
1615501792430 0.1666162957006426 246
1615501866122 0.19344193366036486 247
1615501939616 0.14548889647668867 248
1615502013127 0.1651997014657775 249
1615502086511 0.12948362951848044 250
1615502160030 0.17364974520099696 251
1615502232902 0.1344268144066654 252
1615502306023 0.16393310187467888 253
1615502379055 0.11805200220933601 254
1615502452220 0.17253011642996943 255
1615502525918 0.18197587265897153 256
1615502599069 0.14916219729096142 257
1615502672405 0.16204683994179342 258
1615502745757 0.15101702088740335 259
1615502819232 0.1845118590255282 260
1615502892084 0.15503470399486485 261
1615502965291 0.15886149655527143 262
1615503038429 0.15565458340431326 263
1615503111792 0.15989188115988204 264
1615503185274 0.1562961695799187 265
1615503258649 0.1639096318785824 266
1615503331919 0.1721567920784452 267
1615503405094 0.14009597052389117 268
1615503478333 0.12626722855354422 269
1615503551717 0.15533422801031996 270
1615503624980 0.16389046587161163 271
1615503697534 0.191318433676193 272
1615503770991 0.15265791273828763 273
1615503844114 0.14870501632121072 274
1615503917425 0.14605320478553202 275
1615503990493 0.12641673835355843 276
1615504063992 0.15227725790507757 277
1615504137136 0.1379134094537194 278
1615504210221 0.1561336303824809 279
1615504283157 0.13459385064110826 280
1615504356329 0.16514439013466906 281
1615504429735 0.14149284718641594 282
1615504502861 0.16316906640778728 283
1615504575886 0.1652102425916871 284
1615504649090 0.13930050828563634 285
1615504722723 0.15372628774215927 286
1615504795792 0.13098760327296471 287
1615504868992 0.15677738278659423 288
1615504942029 0.14946463659628115 289
1615505015211 0.13962685439124037 290
1615505088342 0.14078634087719136 291
1615505162133 0.13095435099815256 292
1615505235570 0.17325289658646084 293
1615505308911 0.13517409029291638 294
1615505382340 0.17713485280079627 295
1615505455529 0.14649177042405997 296
1615505528472 0.15155296806079238 297
1615505601510 0.1676288923220848 298
1615505674709 0.15374198422503116 299
1615505748426 0.163274347782135 300
1615505821476 0.1455961866165275 301
1615505894519 0.19252748631719332 302
1615505967603 0.1408711716310302 303
1615506040667 0.13592579827379825 304
1615506113814 0.1439796864096798 305
1615506187112 0.13943703316930514 306
1615506260622 0.17304848201239287 307
1615506333586 0.15368867098395503 308
1615506406646 0.13517926966966087 309
1615506479849 0.1467460287151052 310
1615506553247 0.16570056641279762 311
1615506626377 0.17863494157791138 312
1615506699295 0.1241268097464718 313
1615506772661 0.14150102814631677 314
1615506846195 0.1743477449488284 315
1615506919479 0.13821772941902502 316
1615506992669 0.13715069596447163 317
1615507066015 0.1431806274314425 318
1615507139350 0.14179471624431325 319
1615507213251 0.13055259345182732 320
1615507286945 0.1485408250965289 321
1615507363257 0.14078450291904052 322
1615507437385 0.14894408165518916 323
1615507510708 0.1676123604845645 324
1615507584296 0.16897324483786055 325
1615507657705 0.14647873390966387 326
1615507730907 0.14665574724994487 327
1615507804148 0.1473055837759331 328
1615507877679 0.16299250054715284 329
1615507950911 0.15057286130848216 330
1615508024230 0.10457103021109282 331
1615508097664 0.12276266848863061 332
1615508170825 0.14055516114875452 333
1615508244388 0.15698716088907042 334
1615508317583 0.12287665747884494 335
1615508390849 0.1717130586282531 336
1615508464057 0.15137265422450963 337
1615508537258 0.14326358909037576 338
1615508610230 0.156275596191634 339
1615508683517 0.1238635040041226 340
1615508757116 0.1515806112716447 341
1615508831116 0.13360798625803705 342
1615508905441 0.12033075627995961 343
1615508978626 0.11808369675678994 344
1615509052105 0.11088023078975393 345
1615509125807 0.13318107555161662 346
1615509199474 0.15271428093981387 347
1615509272598 0.14000157811748448 348
1615509345833 0.13905218110155704 349
1615509419314 0.13823900116023732 350
1615509492684 0.12436445346519129 351
1615509565892 0.13562082354702168 352
1615509639218 0.11026653425017399 353
1615509712397 0.16460140427546716 354
1615509785590 0.1294990546667754 355
1615509858593 0.12671960556685036 356
1615509931389 0.13301425549521376 357
1615510004479 0.14240072200547405 358
1615510077422 0.0995445980954526 359
1615510150643 0.12301104905000373 360
1615510223741 0.11579835681772943 361
1615510297190 0.13252232590718055 362
1615510370711 0.1034412855532632 363
1615510444062 0.1331592709270876 364
1615510517465 0.16918977783687078 365
1615510590902 0.10939881250039855 366
1615510664485 0.1107895810212662 367
1615510737692 0.12743085000052382 368
1615510811050 0.12912098240496508 369
1615510884609 0.13336325581394023 370
1615510957959 0.10822721114799158 371
1615511031249 0.14305173550079117 372
1615511104743 0.13653757767890817 373
1615511178194 0.1381986310232931 374
1615511251600 0.1277796412581828 375
1615511324896 0.1807326816800815 376
1615511398115 0.1356068395856601 377
1615511471201 0.12797210732502723 378
1615511544327 0.16088915493950914 379
1615511617549 0.17113044546611272 380
1615511691379 0.1309284879200494 381
1615511765024 0.17811920482720903 382
1615511838857 0.1529015702987785 383
1615511911808 0.1445009316971053 384
1615511984903 0.11631216664812458 385
1615512058137 0.0986893070277883 386
1615512131305 0.15462477972258382 387
1615512205007 0.12821007397637438 388
1615512278454 0.15797808188111034 389
1615512351726 0.13740263412247844 390
1615512424963 0.14933028149960645 391
1615512498113 0.12103024614391042 392
1615512571551 0.12484446034502628 393
1615512645102 0.12335442873969008 394
1615512718513 0.12136688072289993 395
1615512791706 0.13663018995256565 396
1615512864924 0.12508510831576675 397
1615512938133 0.10864134244064787 398
1615513011313 0.13720182073650075 399
1615513084799 0.13315112021431993 400
1615513157956 0.12431794138097052 401
1615513231052 0.1221440692446125 402
1615513304417 0.13294784613509678 403
1615513377578 0.14945707214412404 404
1615513451008 0.13808555478480325 405
1615513524034 0.13604333507480906 406
1615513597062 0.12467538509795915 407
1615513670149 0.11224138025027602 408
1615513743092 0.1132610671555818 409
1615513816326 0.16209792823933844 410
1615513889526 0.1373193148356765 411
1615513962944 0.13396416315391882 412
1615514036132 0.10493758187365176 413
1615514109509 0.15260014605166308 414
1615514183045 0.11310327586843007 415
1615514256075 0.11937846621470664 416
1615514329259 0.13525072407366626 417
1615514402585 0.14064361266235806 418
1615514475784 0.1395284738113631 419
1615514549371 0.13609775945321836 420
1615514622656 0.11768170435037185 421
1615514696090 0.13774098922957234 422
1615514769391 0.14228643499203583 423
1615514842502 0.15664484874526066 424
1615514915789 0.1304362567503061 425
1615514988783 0.11152619835156113 426
1615515062112 0.14030449959769178 427
1615515135299 0.11251900267245164 428
1615515208503 0.15217953030742817 429
1615515282020 0.14136467940771758 430
1615515355231 0.14522839926961642 431
1615515428364 0.1423344932385345 432
1615515501894 0.11435351353972706 433
1615515575445 0.11510495285489666 434
1615515649038 0.14683359594487433 435
1615515722611 0.11811751038280886 436
1615515796189 0.12763439363508083 437
1615515869478 0.11260156756016745 438
1615515942809 0.136799972448776 439
1615516015729 0.14720276042596617 440
1615516088876 0.13420061122125654 441
1615516161869 0.17673526771032988 442
1615516234614 0.17673917048013033 443
1615516307988 0.09001718528235136 444
1615516381533 0.12188377042314899 445
1615516455081 0.12029777178123816 446
1615516528471 0.16902509376184263 447
1615516601800 0.12011152416912478 448
1615516675143 0.15806969866823795 449
1615516748383 0.12962724112752658 450
1615516821703 0.11500963702130673 451
1615516895003 0.1522041078823716 452
1615516968257 0.13510796828056448 453
1615517041517 0.1275220833607574 454
1615517114769 0.12276273076214007 455
1615517187968 0.14849153739302906 456
1615517261202 0.13293784589909796 457
1615517334485 0.13427669076777216 458
1615517407373 0.12275128044299226 459
1615517480310 0.11841107571302954 460
1615517553369 0.1521202050038238 461
1615517626537 0.13881370380743227 462
1615517699606 0.13945777380644386 463
1615517772938 0.1342713503695246 464
1615517846027 0.13044477131829332 465
1615517919279 0.12762388631479063 466
1615517992472 0.13981460902228285 467
1615518065605 0.11703494235650817 468
1615518139012 0.12221532081490133 469
1615518212363 0.1054130223259997 470
1615518285762 0.12617771927990132 471
1615518359118 0.1527841731683532 472
1615518432304 0.12105649976588007 473
1615518505409 0.14079553778491802 474
1615518578439 0.11119944835776713 475
1615518651544 0.1290178476874508 476
1615518724484 0.10620206060694225 477
1615518797734 0.1468255528763159 478
1615518871387 0.14454568144100816 479
1615518944943 0.12553122417250676 480
1615519018422 0.12991380335679695 481
1615519092366 0.15178567882794053 482
1615519165480 0.15103370396058952 483
1615519238817 0.15552072827495747 484
1615519312735 0.13029772399076775 485
1615519386652 0.13063039530569048 486
1615519460258 0.13320671711395035 487
1615519533420 0.13550348513161958 488
1615519606654 0.12073167936125798 489
1615519680030 0.11275863558498782 490
1615519753438 0.11869899817367098 491
1615519826921 0.10796919420583924 492
1615519900240 0.1263472918254226 493
1615519973822 0.14967375282031387 494
1615520047401 0.11404846319511755 495
1615520120903 0.12822454456073135 496
1615520194510 0.09761165416062768 497
1615520267893 0.11970591456142825 498
1615520341274 0.12425237182360976 499
