1615483661507 inf 0
1615483735972 19.462647260964648 1
1615483810311 16.419465699216996 2
1615483884659 16.530145968960884 3
1615483958451 13.287388478649675 4
1615484032620 14.632936053714086 5
1615484106608 14.66962691427771 6
1615484181285 15.96935033572505 7
1615484255399 13.208609974983085 8
1615484329334 14.34569479030154 9
1615484403150 14.207617655846725 10
1615484476985 11.769224575966783 11
1615484550574 14.132363951109935 12
1615484624398 12.215573276446104 13
1615484698393 16.40391560772317 14
1615484772305 16.519245258853015 15
1615484846366 12.28817149957425 16
1615484920290 12.742766173799707 17
1615484993912 inf 18
1615485068057 12.843705985771608 19
1615485142284 12.063135583912423 20
1615485215839 inf 21
1615485289738 inf 22
1615485363657 10.946511494069062 23
1615485437561 10.379446022740433 24
1615485511153 10.302317110128387 25
1615485585015 12.825739054809961 26
1615485658657 11.475602613504016 27
1615485732341 11.17005090433356 28
1615485806150 11.734911358461586 29
1615485879955 12.862574190290303 30
1615485953848 12.316781880176713 31
1615486027873 11.1481430391587 32
1615486101441 11.97228433713797 33
1615486175487 11.837418749408453 34
1615486249267 11.67533181764993 35
1615486323057 11.971911764429493 36
1615486397223 11.045001771666904 37
1615486471238 11.425395632755961 38
1615486545152 10.578596519511803 39
1615486618983 12.531193156036153 40
1615486692612 11.61716476552876 41
1615486766492 10.63206066064494 42
1615486840076 10.212472045096986 43
1615486913817 11.655910218185593 44
1615486987646 10.058231372078021 45
1615487061932 12.095058066812074 46
1615487135660 9.917971486108579 47
1615487209444 9.946442461489308 48
1615487283841 12.303605654201137 49
1615487357885 11.661911586406893 50
1615487432255 12.164498644565322 51
1615487506222 11.21758995749484 52
1615487579828 10.474449165103456 53
1615487654260 12.419644202559018 54
1615487727926 11.711671549961778 55
1615487801709 10.373576712826418 56
1615487875541 10.315871404700784 57
1615487949246 12.02241017209065 58
1615488023285 11.417407247344409 59
1615488097219 11.421833192832565 60
1615488170945 13.610919734909372 61
1615488244667 11.579702937230342 62
1615488318137 12.650039830215185 63
1615488391821 11.989441944239026 64
1615488465705 9.557111499566528 65
1615488539718 9.899149571450398 66
1615488613499 10.04297721624449 67
1615488687722 10.270081207865553 68
1615488761451 11.212116824896453 69
1615488835396 12.323267533630993 70
1615488909171 12.358020005038316 71
1615488982972 9.702469723379656 72
1615489056506 11.091895964989682 73
1615489129820 10.372336567635427 74
1615489203942 10.099931471631159 75
1615489277601 10.514809002362943 76
1615489351142 11.388968514410548 77
1615489424659 9.22046212391127 78
1615489498078 10.038105693082738 79
1615489572123 11.027219939891108 80
1615489645888 9.097323706675043 81
1615489719590 10.831688725895056 82
1615489793346 11.032536296197023 83
1615489866751 9.749442779988128 84
1615489940157 10.310536185462958 85
1615490013727 9.974593540223387 86
1615490087383 11.873045262779478 87
1615490160970 10.716937015302507 88
1615490234514 9.042235054749808 89
1615490308433 9.66349465772002 90
1615490382295 10.560684071224653 91
1615490455982 9.668068279164999 92
1615490529673 10.442250612992282 93
1615490603239 9.976960268315825 94
1615490676841 10.623836807568885 95
1615490749894 10.01627223752467 96
1615490823539 10.367200770537922 97
1615490896875 9.912938670721742 98
1615490970255 11.529786681968204 99
1615491043909 8.978363266929577 100
1615491117598 11.763560610404983 101
1615491191217 10.149968898990567 102
1615491264790 9.438795696524421 103
1615491338562 inf 104
1615491412442 inf 105
1615491486446 12.024661388645763 106
1615491560108 11.014742057470059 107
1615491633753 9.755008601232227 108
1615491707371 10.883552205183626 109
1615491780751 8.781913579898706 110
1615491854120 10.156099489753682 111
1615491927526 9.236572025455478 112
1615492001039 10.261563188784775 113
1615492074800 9.726761905372582 114
1615492148192 9.244470043894134 115
1615492221623 9.424597732417574 116
1615492295234 10.089621905966435 117
1615492368637 10.516543164892907 118
1615492441945 9.929457806707656 119
1615492515617 9.227727668183158 120
1615492588780 9.055709570217893 121
1615492662334 10.74270268287812 122
1615492736185 11.604161415158304 123
1615492810083 8.584893105042074 124
1615492883706 8.754153106387156 125
1615492957755 10.574472148362723 126
1615493031552 9.718022217264355 127
1615493105218 inf 128
1615493178704 9.31760083952451 129
1615493252410 inf 130
1615493326495 9.660024726031637 131
1615493400452 9.684722185858595 132
1615493474129 10.151176115220405 133
1615493547872 8.711687405555594 134
1615493621477 9.537356146978825 135
1615493695223 9.264173421098246 136
1615493768658 9.342093968913412 137
1615493841913 9.537680199276931 138
1615493915499 11.172369913121681 139
1615493988823 11.413477670917077 140
1615494062382 10.914187842841878 141
1615494135979 11.744814829533874 142
1615494209708 9.272032113779092 143
1615494283577 9.531225626862227 144
1615494357096 9.575201219515705 145
1615494430844 10.793031327552244 146
1615494504346 10.23323978914035 147
1615494577672 9.03843474935147 148
1615494651085 9.17154691032352 149
1615494724629 inf 150
1615494798379 10.604678967920139 151
1615494872063 8.852957766674198 152
1615494945817 inf 153
1615495019585 8.959825699698797 154
1615495093078 9.209079237708329 155
1615495166795 inf 156
1615495240391 8.370234535614443 157
1615495313941 inf 158
1615495387539 7.94241807555467 159
1615495461113 9.244756039449673 160
1615495534833 7.326693835324092 161
1615495608329 8.243332405063793 162
1615495681682 9.301197662330889 163
1615495755159 9.564645874546722 164
1615495829024 9.424691403135597 165
1615495902836 8.163839762516456 166
1615495976432 9.006004629503689 167
1615496049630 8.337437566011719 168
1615496122891 7.605654800496959 169
1615496196379 8.678413393661529 170
1615496270344 8.327682991276463 171
1615496344232 8.962649178120373 172
1615496417893 10.010317033463632 173
1615496491621 9.891802715655196 174
1615496565399 8.946390044234018 175
1615496639136 9.764628619927896 176
1615496712501 8.395764403365872 177
1615496785825 7.744594317316456 178
1615496859366 8.24680556475706 179
1615496932930 9.176252276603437 180
1615497006317 8.309664781028259 181
1615497079905 8.293167071015818 182
1615497153407 9.625373880482188 183
1615497227038 9.265874420180708 184
1615497300676 8.13971054432469 185
1615497374314 8.568844300996824 186
1615497447821 8.322827309581779 187
1615497521249 8.866251115813338 188
1615497594747 8.067820361711046 189
1615497668301 9.077630154978426 190
1615497742027 9.126475929831848 191
1615497816072 9.37621122284351 192
1615497889550 9.310656950724184 193
1615497962895 8.22956532875962 194
1615498036438 10.205390350748091 195
1615498109769 8.433777153853832 196
1615498182969 8.471972034626333 197
1615498256531 7.924383449575487 198
1615498329792 8.112840357784993 199
1615498403591 inf 200
1615498477324 inf 201
1615498550694 7.636208610943085 202
1615498624649 9.06939678469654 203
1615498698431 7.637401146431586 204
1615498772091 10.925036854070228 205
1615498845849 10.723630136594986 206
1615498919580 7.464740040104545 207
1615498993209 9.702494114152463 208
1615499066614 inf 209
1615499140025 9.067229026857659 210
1615499213546 9.62527585424019 211
1615499286539 8.514179041883178 212
1615499360192 7.709231066497783 213
1615499433881 8.51017666638551 214
1615499515110 8.73186873330137 215
1615499589071 8.213220296915125 216
1615499662604 8.515962690256961 217
1615499736194 8.449533430537146 218
1615499809909 8.286165023596318 219
1615499883767 7.941281169381814 220
1615499957372 10.258465562427658 221
1615500030828 9.481487643835877 222
1615500103909 8.65259106655554 223
1615500177285 7.872308802953928 224
1615500250749 7.8461456082563545 225
1615500324096 7.29616215159246 226
1615500397299 7.663964100565053 227
1615500470183 7.683766742281319 228
1615500543547 inf 229
1615500616879 inf 230
1615500690487 inf 231
1615500763560 inf 232
1615500837031 11.808185736354595 233
1615500910839 9.545845010021802 234
1615500984012 8.807165175476385 235
1615501057859 8.566553867311988 236
1615501131218 inf 237
1615501204981 9.33579224489232 238
1615501278730 8.623956342304595 239
1615501352514 8.098329810674668 240
1615501426158 7.934951584154199 241
1615501499771 8.057149100745592 242
1615501573476 8.7705766714076 243
1615501646726 8.437268839311423 244
1615501719511 8.914125880564237 245
1615501792438 9.506437852328824 246
1615501866130 8.888356400535091 247
1615501939623 8.401603848037011 248
1615502013132 11.136759196259074 249
1615502086519 8.87892737152274 250
1615502160035 9.54683941245249 251
1615502232909 7.882558855367232 252
1615502306030 9.150475254621792 253
1615502379063 6.865228929902586 254
1615502452228 7.945183374458878 255
1615502525925 7.556513939153997 256
1615502599076 8.092455761971657 257
1615502672413 8.520522421985191 258
1615502745762 8.322450048321793 259
1615502819240 8.885765033114858 260
1615502892091 7.672734006860015 261
1615502965298 inf 262
1615503038437 inf 263
1615503111799 7.7308147069865525 264
1615503185279 8.494919101149122 265
1615503258656 7.345871055946401 266
1615503331927 8.056093480557363 267
1615503405098 8.656584542923827 268
1615503478340 8.67520775644737 269
1615503551724 7.567590932950947 270
1615503624987 9.218669502144394 271
1615503697541 9.862100375622775 272
1615503770996 7.846894740467266 273
1615503844122 7.96374555830769 274
1615503917430 8.573524193125632 275
1615503990500 7.27513452000143 276
1615504063996 9.012275348382131 277
1615504137143 7.888741096932949 278
1615504210229 7.251805588175557 279
1615504283164 8.00286105328943 280
1615504356333 7.636089969570892 281
1615504429742 9.392068472676787 282
1615504502869 9.116204279707345 283
1615504575893 8.720038291601838 284
1615504649098 8.897069390078387 285
1615504722730 8.801604043432063 286
1615504795799 7.70742433837775 287
1615504868999 7.817193906538049 288
1615504942037 8.025103504953128 289
1615505015216 8.49893939491693 290
1615505088350 7.534839455747831 291
1615505162138 7.603547960589839 292
1615505235578 7.938751319662012 293
1615505308918 7.291617817108688 294
1615505382347 inf 295
1615505455536 7.753947413617278 296
1615505528479 8.39205044003273 297
1615505601515 8.029818683432655 298
1615505674716 8.750856100520624 299
1615505748433 7.737237939696515 300
1615505821483 8.556759449441715 301
1615505894527 9.256937920645111 302
1615505967611 7.388671832053367 303
1615506040675 7.359142683049364 304
1615506113818 7.363365554817814 305
1615506187119 8.409714597694904 306
1615506260630 8.301666020591265 307
1615506333594 inf 308
1615506406654 6.906814703232305 309
1615506479856 7.161717104844593 310
1615506553255 7.999778917235955 311
1615506626384 9.021617832084297 312
1615506699303 7.599405059729021 313
1615506772668 7.501663623518316 314
1615506846203 inf 315
1615506919486 8.406535745666263 316
1615506992676 8.469419678607737 317
1615507066022 7.254605448631053 318
1615507139357 7.131495526996528 319
1615507213258 8.55679639150106 320
1615507286953 7.668459455524538 321
1615507363264 8.395953354484769 322
1615507437388 8.468667069927127 323
1615507510714 7.857375343751409 324
1615507584300 inf 325
1615507657710 6.981969178343286 326
1615507730912 7.676310203775799 327
1615507804153 7.242243494696962 328
1615507877684 8.553783701154007 329
1615507950916 7.401551811133585 330
1615508024236 7.785894844468944 331
1615508097669 7.790329936580902 332
1615508170830 8.493861929768922 333
1615508244392 7.969022347993769 334
1615508317588 7.05148283618155 335
1615508390856 7.725575500006766 336
1615508464062 8.109294003636462 337
1615508537263 7.091621609994588 338
1615508610234 9.127379911894899 339
1615508683522 7.431079537597522 340
1615508757121 7.397885706730138 341
1615508831120 8.363488279515078 342
1615508905446 7.015578010135816 343
1615508978631 7.565311381220587 344
1615509052110 7.024122717260371 345
1615509125812 6.665318198933945 346
1615509199479 8.879359987524545 347
1615509272603 7.289995825533655 348
1615509345841 7.277126835209694 349
1615509419319 7.366648246842164 350
1615509492689 7.483272951146095 351
1615509565897 7.436726831616246 352
1615509639223 6.89893960023628 353
1615509712404 8.912167791609487 354
1615509785595 7.086580796122993 355
1615509858598 7.310458160946487 356
1615509931394 inf 357
1615510004484 6.864930580133295 358
1615510077427 6.539720478815839 359
1615510150647 7.697663873697828 360
1615510223746 8.506924618681179 361
1615510297195 6.51507909769615 362
1615510370716 7.186613445479385 363
1615510444068 7.381118483973672 364
1615510517470 7.547860293357632 365
1615510590908 8.237482175794247 366
1615510664491 7.58823736682554 367
1615510737700 6.9746356909194915 368
1615510811054 8.091577967855384 369
1615510884614 6.79577292656797 370
1615510957964 6.811893442335495 371
1615511031253 7.545245225728014 372
1615511104749 8.448995047763642 373
1615511178199 6.809456323508061 374
1615511251605 7.718471529525692 375
1615511324904 9.11521092073154 376
1615511398121 7.9427602892549 377
1615511471206 7.496722128305124 378
1615511544332 8.676412763569614 379
1615511617556 7.744876458500226 380
1615511691386 7.246523043371613 381
1615511765028 inf 382
1615511838862 9.068856782230917 383
1615511911812 8.251582042236429 384
1615511984911 8.708931087599153 385
1615512058141 7.373228164317635 386
1615512131310 8.78759814223189 387
1615512205012 7.443339192643162 388
1615512278459 7.652819117885765 389
1615512351734 7.1372995485175705 390
1615512424967 7.369145387407964 391
1615512498117 7.418172285991297 392
1615512571556 7.691931488725383 393
1615512645109 7.425139292120446 394
1615512718521 6.966608512324822 395
1615512791710 8.00339029193541 396
1615512864929 6.912626184787818 397
1615512938141 6.760848586872121 398
1615513011317 8.426579802906577 399
1615513084803 7.8204642642302025 400
1615513157961 7.70816436181864 401
1615513231058 8.102003230012803 402
1615513304422 7.282967316941386 403
1615513377583 7.414607732969074 404
1615513451013 6.765354729696779 405
1615513524039 7.7166957082257595 406
1615513597067 7.4854394358258665 407
1615513670157 6.843913533104113 408
1615513743097 6.872188353750812 409
1615513816331 7.744701544040738 410
1615513889531 6.85300977358761 411
1615513962949 6.859852938181186 412
1615514036140 7.245147463962637 413
1615514109513 7.701944208505942 414
1615514183050 7.3336548699453425 415
1615514256082 6.8020360407275655 416
1615514329266 7.296098288936629 417
1615514402590 7.249556956571207 418
1615514475789 7.162822217183874 419
1615514549376 9.268699174511541 420
1615514622659 7.175194602826651 421
1615514696094 7.424564886866922 422
1615514769396 7.472904712073519 423
1615514842506 7.919920377257062 424
1615514915794 7.043480186687125 425
1615514988790 6.894257965899374 426
1615515062116 6.586711578553028 427
1615515135304 7.29515802359453 428
1615515208508 7.766074334241838 429
1615515282024 9.055408408627 430
1615515355239 6.663593392151162 431
1615515428368 6.917881006691245 432
1615515501899 8.50880064261872 433
1615515575449 7.764578863163356 434
1615515649044 inf 435
1615515722616 7.422118671211177 436
1615515796194 9.01567766738292 437
1615515869483 7.666019961167489 438
1615515942814 8.013476835285095 439
1615516015736 7.269505990017898 440
1615516088881 7.044240570654172 441
1615516161873 7.961250091863609 442
1615516234619 9.541469213096777 443
1615516307992 6.980218913900034 444
1615516381538 7.690246659122497 445
1615516455086 7.07520081497149 446
1615516528476 8.039540598271262 447
1615516601804 7.511901094941856 448
1615516675148 7.250752978823955 449
1615516748389 7.942997798140457 450
1615516821708 8.039882858513922 451
1615516895007 8.731093090251889 452
1615516968261 7.918496168215446 453
1615517041522 6.460956599095592 454
1615517114774 7.5296242736448535 455
1615517187973 7.677510071763179 456
1615517261206 7.809601605766404 457
1615517334491 6.724813405759832 458
1615517407378 7.547075603969746 459
1615517480315 6.572389448586588 460
1615517553373 6.739095794296501 461
1615517626542 7.643674923375806 462
1615517699611 7.3871987995410855 463
1615517772942 7.565696744564819 464
1615517846031 8.287423646553952 465
1615517919286 7.5136252828647025 466
1615517992477 7.832552757558476 467
1615518065610 7.226392335660664 468
1615518139016 7.25016010568245 469
1615518212367 6.310386719510725 470
1615518285767 7.326651560517673 471
1615518359125 inf 472
1615518432309 inf 473
1615518505414 7.1082765297204356 474
1615518578443 7.11684652657423 475
1615518651552 7.613339254220437 476
1615518724489 7.428007690298367 477
1615518797738 7.770629221919037 478
1615518871392 8.727133509968276 479
1615518944948 6.418144081173565 480
1615519018427 8.521147784008246 481
1615519092371 10.1823426541401 482
1615519165485 8.636841250586311 483
1615519238823 8.150990989769122 484
1615519312741 8.77552304815866 485
1615519386657 7.679546220429359 486
1615519460263 8.28128889031225 487
1615519533427 6.920702066066256 488
1615519606660 6.888626271005545 489
1615519680035 6.69629396025713 490
1615519753444 7.2014466537763875 491
1615519826926 7.260586497011407 492
1615519900248 7.749472527852576 493
1615519973827 6.707102733173978 494
1615520047406 7.044898501625514 495
1615520120908 7.6818250766484875 496
1615520194516 6.592851434378169 497
1615520267899 6.641861733199938 498
1615520341279 6.237585601733894 499
