1615483661505 0.5847795169155758 0
1615483735970 0.6225436458452827 1
1615483810309 0.6342843404637524 2
1615483884657 0.6350585826051732 3
1615483958449 0.7346117914684357 4
1615484032618 0.6793897817091595 5
1615484106606 0.6843191535463409 6
1615484181283 0.7005504895016917 7
1615484255397 0.7376015198727449 8
1615484329333 0.6930442244152264 9
1615484403148 0.6729811801895743 10
1615484476983 0.751860423193824 11
1615484550572 0.7114966414777226 12
1615484624396 0.7406030630518217 13
1615484698391 0.7058828478949445 14
1615484772303 0.6748559037532686 15
1615484846363 0.7662212346608822 16
1615484920288 0.7225299426499987 17
1615484993910 0.7396533530939801 18
1615485068055 0.7458519700707661 19
1615485142279 0.7601997267920524 20
1615485215837 0.6974890723940916 21
1615485289736 0.7185118151683128 22
1615485363655 0.746584356720136 23
1615485437559 0.7749714143001116 24
1615485511151 0.7829073195091703 25
1615485585014 0.7534135890694765 26
1615485658655 0.7790879807011648 27
1615485732339 0.7836228950422198 28
1615485806148 0.7937326853091901 29
1615485879953 0.6718668053370147 30
1615485953846 0.7918829716509208 31
1615486027871 0.7872143774078443 32
1615486101439 0.7549342589955481 33
1615486175485 0.7331279707723297 34
1615486249265 0.7635030314947168 35
1615486323055 0.764954392099753 36
1615486397221 0.7678518705956993 37
1615486471236 0.7352810472948477 38
1615486545150 0.7912012762390077 39
1615486618981 0.732178256730549 40
1615486692610 0.77356665302068 41
1615486766490 0.7944585905052148 42
1615486840074 0.7970510267294371 43
1615486913815 0.7942106060518492 44
1615486987644 0.7998657213756815 45
1615487061930 0.7337770563918317 46
1615487135658 0.7949252912631402 47
1615487209441 0.7924089598818682 48
1615487283839 0.7771130833894976 49
1615487357882 0.7228011255210731 50
1615487432253 0.75879703962536 51
1615487506220 0.7807004634543495 52
1615487579826 0.8185976129025221 53
1615487654258 0.7477284175499032 54
1615487727923 0.7581865632382687 55
1615487801707 0.7810833773603945 56
1615487875539 0.7960394811816514 57
1615487949243 0.7535910436085292 58
1615488023283 0.7859313037423861 59
1615488097217 0.7903357077051293 60
1615488170943 0.7570355171485553 61
1615488244665 0.7691543399141385 62
1615488318135 0.7161516108908332 63
1615488391819 0.7633235410697037 64
1615488465703 0.7944078336295206 65
1615488539716 0.7853741182157626 66
1615488613497 0.8084148186903733 67
1615488687720 0.7604938175863936 68
1615488761448 0.7538252476425398 69
1615488835394 0.7311083791991237 70
1615488909169 0.7608964395458027 71
1615488982970 0.7878253495981616 72
1615489056504 0.769427211009539 73
1615489129818 0.7965030457292285 74
1615489203939 0.7934071923677738 75
1615489277599 0.7758207969249241 76
1615489351140 0.7593548440589355 77
1615489424657 0.794864802606522 78
1615489498076 0.8203710979885526 79
1615489572121 0.8042810350175826 80
1615489645886 0.83893920306582 81
1615489719588 0.767793011206847 82
1615489793344 0.7713177080910939 83
1615489866749 0.8291142331436276 84
1615489940154 0.7673240199179973 85
1615490013725 0.7857765862718225 86
1615490087381 0.7462740814456573 87
1615490160968 0.8095112208164099 88
1615490234512 0.7737934641421788 89
1615490308431 0.8027070937377792 90
1615490382293 0.7925191143294796 91
1615490455980 0.7827043006140174 92
1615490529671 0.7951966659700285 93
1615490603237 0.8089410638961468 94
1615490676839 0.7828493296838133 95
1615490749892 0.813823737322338 96
1615490823537 0.8134278692305088 97
1615490896873 0.8291822905723866 98
1615490970253 0.7793165765947005 99
1615491043907 0.8263198898388789 100
1615491117596 0.7652889399614651 101
1615491191215 0.7761664935387671 102
1615491264788 0.8165834960146029 103
1615491338560 0.7825294495983557 104
1615491412440 0.7196834137929338 105
1615491486445 0.7589102862846284 106
1615491560106 0.7913220248052052 107
1615491633751 0.7989987410318393 108
1615491707369 0.8041533741634339 109
1615491780749 0.8147875420982018 110
1615491854119 0.7831334587972378 111
1615491927524 0.821180219000036 112
1615492001037 0.7978260376010881 113
1615492074798 0.7941888984172575 114
1615492148190 0.8227559053339064 115
1615492221620 0.7897192594550905 116
1615492295232 0.7746535435687595 117
1615492368635 0.7825193767364208 118
1615492441943 0.8077303826335877 119
1615492515615 0.8164607044309378 120
1615492588778 0.8307225547853063 121
1615492662332 0.8160788891536574 122
1615492736183 0.7788324236462358 123
1615492810081 0.7791498900623992 124
1615492883704 0.7761339427282413 125
1615492957753 0.8031703198794276 126
1615493031549 0.7986350665169377 127
1615493105216 0.783111944106909 128
1615493178702 0.7963403308707656 129
1615493252408 0.7840245597120097 130
1615493326493 0.770510073137385 131
1615493400450 0.8108319174803671 132
1615493474127 0.7857650761448202 133
1615493547870 0.827821999322623 134
1615493621475 0.833035150843282 135
1615493695220 0.7943479196763918 136
1615493768655 0.8086056760803331 137
1615493841911 0.7638934927601968 138
1615493915497 0.791210700006735 139
1615493988820 0.8006774581247761 140
1615494062380 0.8036135054163395 141
1615494135976 0.7910530475839492 142
1615494209706 0.8079860361722799 143
1615494283575 0.7855504318987104 144
1615494357094 0.766322489376762 145
1615494430842 0.8123811444928569 146
1615494504344 0.7857693589937228 147
1615494577669 0.8423102740799228 148
1615494651083 0.8199844598289459 149
1615494724627 0.7702698628272628 150
1615494798377 0.798701102917011 151
1615494872061 0.8241728132650736 152
1615494945815 0.7468487416664439 153
1615495019583 0.8064713543710801 154
1615495093076 0.8282326966145774 155
1615495166793 0.7954683312998404 156
1615495240388 0.7967428756611687 157
1615495313939 0.824972337570328 158
1615495387537 0.8362097675853875 159
1615495461111 0.8357762089281371 160
1615495534830 0.8478117205442921 161
1615495608327 0.8220694146429499 162
1615495681679 0.7833868545113187 163
1615495755157 0.8417237536050379 164
1615495829022 0.8247878004365893 165
1615495902833 0.7958069546621118 166
1615495976429 0.8101521179487463 167
1615496049627 0.8282657895470038 168
1615496122888 0.8331356353259513 169
1615496196377 0.8231066224435645 170
1615496270342 0.8148506298416951 171
1615496344230 0.8189624482913623 172
1615496417891 0.785335988121537 173
1615496491619 0.7846298944787122 174
1615496565396 0.8176978177438348 175
1615496639133 0.8004919393417927 176
1615496712498 0.8503064879822353 177
1615496785823 0.8206803837057316 178
1615496859363 0.818214145398909 179
1615496932927 0.8266365460992332 180
1615497006315 0.8097360328076377 181
1615497079903 0.8081341923429416 182
1615497153404 0.8128890083171427 183
1615497227036 0.7900492717145067 184
1615497300674 0.8354757726192474 185
1615497374312 0.8296024255631935 186
1615497447819 0.8369858916848898 187
1615497521246 0.7988656007108235 188
1615497594745 0.8170425148537526 189
1615497668298 0.8330025600735098 190
1615497742025 0.8385766729956767 191
1615497816070 0.821691044839099 192
1615497889547 0.8325704507908579 193
1615497962893 0.816741403657943 194
1615498036436 0.8173166012222116 195
1615498109767 0.8105359195731581 196
1615498182967 0.7805541776238926 197
1615498256529 0.8227768476815924 198
1615498329790 0.8517773747444153 199
1615498403588 0.7769365859858226 200
1615498477322 0.8036801232330835 201
1615498550692 0.8094542075414211 202
1615498624647 0.8154752061791009 203
1615498698428 0.8119678550790395 204
1615498772088 0.7869865651138954 205
1615498845846 0.7959774658379574 206
1615498919578 0.851393801115808 207
1615498993207 0.8335535920341499 208
1615499066612 0.8054325256436583 209
1615499140022 0.8009208975330232 210
1615499213544 0.825413772333709 211
1615499286537 0.807804474964117 212
1615499360189 0.814763953210786 213
1615499433875 0.8123509267201791 214
1615499515108 0.7997989997327808 215
1615499589069 0.81890707498505 216
1615499662602 0.8381198000049952 217
1615499736192 0.8593377425305305 218
1615499809906 0.8124176887795329 219
1615499883763 0.8380374617752482 220
1615499957370 0.7883902212717768 221
1615500030825 0.8058116621677838 222
1615500103907 0.8533656370072138 223
1615500177283 0.8261500675289426 224
1615500250747 0.8365892206156065 225
1615500324094 0.8377784532494843 226
1615500397297 0.8474115370772779 227
1615500470182 0.8387943355796429 228
1615500543545 0.8498481698254416 229
1615500616876 0.827007744461298 230
1615500690484 0.7809017641899677 231
1615500763558 0.8472503804769672 232
1615500837029 0.7333308823378475 233
1615500910836 0.8414146225176641 234
1615500984010 0.79734234053355 235
1615501057857 0.8171460015906228 236
1615501131215 0.8173769611924414 237
1615501204978 0.8182107643224299 238
1615501278729 0.8148643557841961 239
1615501352512 0.8170909888835417 240
1615501426155 0.8417217662377704 241
1615501499769 0.8340744654021154 242
1615501573473 0.8356635837223042 243
1615501646724 0.8157890617678111 244
1615501719509 0.7889837607859619 245
1615501792436 0.8055956158481661 246
1615501866127 0.790492554117615 247
1615501939621 0.8254350781440735 248
1615502013130 0.8150384536711499 249
1615502086516 0.8433095390597979 250
1615502160032 0.8103225935589183 251
1615502232907 0.848574232077226 252
1615502306028 0.81630468518415 253
1615502379060 0.8635450819182018 254
1615502452225 0.8086058149347082 255
1615502525923 0.805629979931947 256
1615502599074 0.8324837842956185 257
1615502672410 0.8204670381660645 258
1615502745760 0.8345946513229248 259
1615502819237 0.7922736791864274 260
1615502892089 0.8324109266943006 261
1615502965296 0.8201352278701961 262
1615503038433 0.8288925997630665 263
1615503111797 0.8181212522008176 264
1615503185276 0.8227433304465006 265
1615503258654 0.8071497495271145 266
1615503331924 0.8060515434302103 267
1615503405097 0.8400959691996377 268
1615503478338 0.8536856836742825 269
1615503551722 0.8332170679637078 270
1615503624985 0.8068703470691558 271
1615503697539 0.7815769992828849 272
1615503770993 0.8255757212875381 273
1615503844119 0.8244830018184224 274
1615503917428 0.84020716211561 275
1615503990498 0.8563748460728675 276
1615504063994 0.8290023997542448 277
1615504137141 0.8464693480099623 278
1615504210226 0.8243708567959922 279
1615504283162 0.8441788260898893 280
1615504356331 0.8175331951060798 281
1615504429740 0.8329908583985001 282
1615504502867 0.8239981171800129 283
1615504575891 0.822235378775407 284
1615504649095 0.8370461235603979 285
1615504722728 0.8189285038436045 286
1615504795797 0.8454694573263652 287
1615504868997 0.8274006220010611 288
1615504942034 0.8361000160471751 289
1615505015214 0.8309936549204091 290
1615505088347 0.8412959042470902 291
1615505162136 0.8518133247853257 292
1615505235575 0.804442994536892 293
1615505308916 0.8495523998370538 294
1615505382345 0.8122214328831256 295
1615505455533 0.8402836936892886 296
1615505528476 0.8324680763762444 297
1615505601513 0.8121355798793957 298
1615505674714 0.830765583862861 299
1615505748431 0.8190927687683143 300
1615505821481 0.8340782128156178 301
1615505894525 0.7859877337468788 302
1615505967608 0.8393703866750002 303
1615506040672 0.8433371600177553 304
1615506113816 0.8326194319994219 305
1615506187117 0.846523225759015 306
1615506260627 0.8086012750864029 307
1615506333592 0.826683191669872 308
1615506406652 0.8466129397274926 309
1615506479854 0.8310733187883612 310
1615506553252 0.8196872882968322 311
1615506626382 0.7927706276687483 312
1615506699300 0.859122464290032 313
1615506772666 0.8447200563369375 314
1615506846200 0.8048901469737757 315
1615506919484 0.8467982842945135 316
1615506992674 0.8433203656459227 317
1615507066019 0.839653111732332 318
1615507139355 0.8385579517436406 319
1615507213256 0.850702136522159 320
1615507286950 0.8315811343491077 321
1615507363262 0.8418426720891148 322
1615507437387 0.8356234289132631 323
1615507510711 0.8205566602674398 324
1615507584298 0.8067228201506359 325
1615507657708 0.8417718065902591 326
1615507730910 0.8356183744405233 327
1615507804151 0.8361105523143824 328
1615507877682 0.8173471711197635 329
1615507950914 0.8366475547804977 330
1615508024233 0.8732133748069886 331
1615508097667 0.8426816186734608 332
1615508170828 0.8375568230065608 333
1615508244390 0.8246553181670606 334
1615508317586 0.8573952202226908 335
1615508390854 0.8094603189674672 336
1615508464060 0.8274408669048359 337
1615508537261 0.8373185275418181 338
1615508610232 0.8259772983881143 339
1615508683519 0.8580965155269951 340
1615508757119 0.8227669913627085 341
1615508831118 0.8428401751596419 342
1615508905443 0.8634765427850652 343
1615508978629 0.8664457771640558 344
1615509052107 0.8681656439458171 345
1615509125810 0.8482823818922043 346
1615509199477 0.8253396658166763 347
1615509272601 0.8407077963153521 348
1615509345838 0.8442342691123486 349
1615509419317 0.8462249422445893 350
1615509492687 0.8548009943577551 351
1615509565895 0.8399945859049187 352
1615509639221 0.8674680465588072 353
1615509712402 0.8233674843654488 354
1615509785593 0.8538323961838614 355
1615509858595 0.8542187289567664 356
1615509931392 0.8451478298633329 357
1615510004481 0.8389190223720107 358
1615510077425 0.8831877782940865 359
1615510150645 0.8421860222230878 360
1615510223744 0.8555432163747185 361
1615510297193 0.8543055496536769 362
1615510370713 0.8777043668050615 363
1615510444065 0.8495007217861712 364
1615510517468 0.8123899484926369 365
1615510590905 0.8683853725031498 366
1615510664489 0.8777274342648911 367
1615510737697 0.8558063255622983 368
1615510811052 0.8530786284245551 369
1615510884612 0.8459540637690695 370
1615510957961 0.8690817385423378 371
1615511031251 0.8464910096641797 372
1615511104746 0.8424331084603355 373
1615511178196 0.8471712894164599 374
1615511251603 0.8500323097987641 375
1615511324901 0.7988598474767059 376
1615511398118 0.8515691452970108 377
1615511471204 0.8528885851847008 378
1615511544330 0.8185624291026403 379
1615511617554 0.8068804538343102 380
1615511691384 0.854884310202165 381
1615511765026 0.8020923006843077 382
1615511838860 0.8286429507425055 383
1615511911810 0.8365004919469357 384
1615511984909 0.8582247303678624 385
1615512058139 0.8840617998503149 386
1615512131308 0.8272574717557291 387
1615512205009 0.8579992670001406 388
1615512278457 0.8214237370365669 389
1615512351731 0.8461888470328771 390
1615512424965 0.8335034291921479 391
1615512498115 0.8610267033800483 392
1615512571554 0.85489482186254 393
1615512645107 0.8537878927684599 394
1615512718518 0.8604907642769081 395
1615512791708 0.8453371677314863 396
1615512864927 0.8580136735690758 397
1615512938138 0.870886774793748 398
1615513011315 0.8451874579768628 399
1615513084802 0.8496683049888816 400
1615513157959 0.8633712692694231 401
1615513231055 0.8623811598007496 402
1615513304420 0.8491365690715611 403
1615513377580 0.8336777754593641 404
1615513451011 0.8477653723675758 405
1615513524037 0.8431075130190168 406
1615513597065 0.8532108477046413 407
1615513670154 0.868822050190741 408
1615513743094 0.8702693780263265 409
1615513816329 0.8222779324421516 410
1615513889528 0.8442150728836183 411
1615513962946 0.8481300214189105 412
1615514036137 0.88055507678252 413
1615514109511 0.8316338869241567 414
1615514183047 0.8600922583018319 415
1615514256080 0.8598030101387731 416
1615514329264 0.846704671543742 417
1615514402588 0.8388691781133059 418
1615514475787 0.8423316822875113 419
1615514549374 0.8417540316980693 420
1615514622658 0.8581795677786968 421
1615514696092 0.8424295224840679 422
1615514769394 0.8459295826597195 423
1615514842504 0.8251988076372072 424
1615514915791 0.8519567064940929 425
1615514988788 0.8747738404915884 426
1615515062114 0.8423581315437332 427
1615515135302 0.8684799926621574 428
1615515208506 0.8256333274710472 429
1615515282022 0.8354917408100196 430
1615515355236 0.8313650252511267 431
1615515428366 0.8393827751860954 432
1615515501896 0.8629823692383305 433
1615515575448 0.862990461530224 434
1615515649042 0.8331083324220445 435
1615515722613 0.8653774779576522 436
1615515796192 0.8594179433403593 437
1615515869480 0.8690035305917263 438
1615515942811 0.8435682050942902 439
1615516015734 0.8314419023559562 440
1615516088879 0.8469795400742441 441
1615516161871 0.8061227137222886 442
1615516234617 0.8051573961543349 443
1615516307990 0.8901914271616167 444
1615516381536 0.8570710458462277 445
1615516455083 0.8622272847190736 446
1615516528474 0.8133516882080585 447
1615516601802 0.8636000729165971 448
1615516675146 0.8282269204644344 449
1615516748386 0.8524178309889976 450
1615516821705 0.8683511466952041 451
1615516895005 0.8320956129580737 452
1615516968259 0.846013523361762 453
1615517041519 0.8532855130972401 454
1615517114772 0.8548027452875356 455
1615517187970 0.839593243644093 456
1615517261204 0.8540150938612042 457
1615517334488 0.8537705440469312 458
1615517407375 0.8571078979199932 459
1615517480312 0.8617987046318669 460
1615517553371 0.828110596017232 461
1615517626540 0.8500576032631433 462
1615517699609 0.8452676259554349 463
1615517772940 0.8481327521149069 464
1615517846029 0.8450506847972671 465
1615517919284 0.8563969344249927 466
1615517992475 0.8396364318266991 467
1615518065608 0.8626581786140319 468
1615518139014 0.8650644502960718 469
1615518212365 0.8764453239616801 470
1615518285765 0.8572680677752942 471
1615518359123 0.8303729112761525 472
1615518432307 0.8615895465482026 473
1615518505412 0.8455222972883628 474
1615518578441 0.8701752952460776 475
1615518651549 0.8488521301938642 476
1615518724487 0.8769426671788096 477
1615518797736 0.8342241879611735 478
1615518871390 0.8442285791265242 479
1615518944946 0.8623553234797258 480
1615519018424 0.8563155884374724 481
1615519092368 0.8331329428232633 482
1615519165483 0.831749101227615 483
1615519238820 0.8249010963918408 484
1615519312739 0.8417391678257311 485
1615519386654 0.8576194746280784 486
1615519460261 0.852894618655696 487
1615519533425 0.8553695282829341 488
1615519606658 0.8654990155588497 489
1615519680033 0.8711374224651427 490
1615519753441 0.863571316949905 491
1615519826923 0.8751872419379652 492
1615519900246 0.855748160276562 493
1615519973824 0.8271377927833988 494
1615520047404 0.8705293317253773 495
1615520120906 0.8520846499070045 496
1615520194513 0.8867841232568026 497
1615520267896 0.857277728739332 498
1615520341277 0.8582208128646016 499
