1613672244312 nan 0
1613672758653 nan 1
1613673272856 nan 2
1613673787955 nan 3
1613674298238 nan 4
1613674816824 nan 5
1613675327839 nan 6
1613675842346 nan 7
1613676361943 nan 8
1613676873629 nan 9
1613677382947 nan 10
1613677899281 nan 11
1613678414084 nan 12
1613678947245 nan 13
1613679467340 nan 14
1613679976976 nan 15
1613680484063 nan 16
1613680997028 nan 17
1613681509494 nan 18
1613682025244 nan 19
1613682538424 nan 20
1613683052709 nan 21
1613683565647 nan 22
1613684086748 nan 23
1613684605895 nan 24
1613685132539 nan 25
1613685649082 nan 26
1613686167045 nan 27
1613686691955 nan 28
1613687212181 nan 29
1613687747151 nan 30
1613688263695 nan 31
1613688774760 nan 32
1613689289079 nan 33
1613689805041 nan 34
1613690313301 nan 35
1613690826994 nan 36
1613691342663 nan 37
1613691850542 nan 38
1613692369489 nan 39
1613692889647 nan 40
1613693405432 nan 41
1613693934747 nan 42
1613694448590 nan 43
1613694970935 nan 44
1613695481516 nan 45
1613695995782 nan 46
1613696509418 nan 47
1613697024871 nan 48
1613697541176 nan 49
1613698058114 nan 50
1613698572636 nan 51
1613699086097 nan 52
1613699608090 nan 53
1613700122117 nan 54
1613700644162 nan 55
1613701158709 nan 56
1613701672673 nan 57
1613702188853 nan 58
1613702701985 nan 59
1613703216355 nan 60
1613703727457 nan 61
1613704241788 nan 62
1613704754497 nan 63
1613705268792 nan 64
1613705785935 nan 65
1613706302059 nan 66
1613706828835 nan 67
1613707346805 nan 68
1613707869605 nan 69
1613708380560 nan 70
1613708899878 nan 71
1613709430009 nan 72
1613709948316 nan 73
1613710473557 nan 74
1613710993001 nan 75
1613711513439 nan 76
1613712030181 nan 77
1613712557404 nan 78
1613713079318 nan 79
1613713586386 nan 80
1613714100983 nan 81
1613714623475 nan 82
1613715153930 nan 83
1613715675789 nan 84
1613716191189 nan 85
1613716704878 nan 86
1613717222769 nan 87
1613717736300 nan 88
1613718249980 nan 89
