1613672244310 0.42273339502354884 0
1613672758651 0.4213912452154971 1
1613673272854 0.37340451343685177 2
1613673787953 0.34011567526675285 3
1613674298236 0.32999839998306113 4
1613674816823 0.3124735802412033 5
1613675327837 0.30527930989816193 6
1613675842344 0.29943784080604285 7
1613676361941 0.2893987391716481 8
1613676873628 0.28419958080383056 9
1613677382946 0.2784003283345722 10
1613677899280 0.2726116917023422 11
1613678414082 0.26822664621613806 12
1613678947244 0.2617683556485683 13
1613679467339 0.2594678354601488 14
1613679976974 0.25866723797739816 15
1613680484061 0.2558197693174264 16
1613680997027 0.25321015860031115 17
1613681509492 0.248955671057055 18
1613682025243 0.24532828083697783 19
1613682538422 0.2458538611427991 20
1613683052708 0.24717702055115767 21
1613683565646 0.24546811547023517 22
1613684086747 0.24356433614454373 23
1613684605894 0.2399569328034178 24
1613685132537 0.23799211647721247 25
1613685649080 0.23582881275737635 26
1613686167044 0.23509498977733603 27
1613686691953 0.23301132411442518 28
1613687212180 0.2322987604648509 29
1613687747150 0.23032243784028697 30
1613688263693 0.22984484842720818 31
1613688774758 0.22937555266225976 32
1613689289077 0.22786916682359126 33
1613689805040 0.22651946724004657 34
1613690313299 0.2262515478523065 35
1613690826992 0.22501995832224972 36
1613691342661 0.22363192108350266 37
1613691850540 0.22217564773377474 38
1613692369487 0.22224797281496067 39
1613692889645 0.22149048254597536 40
1613693405431 0.22172037393549168 41
1613693934745 0.2199798746459381 42
1613694448588 0.2189240144057707 43
1613694970933 0.2173912511931525 44
1613695481515 0.2165764031258035 45
1613695995781 0.21567639990487533 46
1613696509416 0.21508301946446826 47
1613697024870 0.21399593133280392 48
1613697541175 0.21311203519080546 49
1613698058112 0.21193170477859566 50
1613698572635 0.21098863689530695 51
1613699086096 0.2101697656391424 52
1613699608089 0.21014584987251844 53
1613700122116 0.2095987797821052 54
1613700644161 0.20871208300162952 55
1613701158707 0.20818273472269772 56
1613701672671 0.20709650181315872 57
1613702188851 0.2063289924816581 58
1613702701983 0.20561993568078843 59
1613703216353 0.20469441603483282 60
1613703727455 0.2037938689338727 61
1613704241786 0.2031788518806439 62
1613704754495 0.2022734649697358 63
1613705268790 0.2010789628017163 64
1613705785934 0.20070162798841867 65
1613706302057 0.20004495151196633 66
1613706828833 0.1995159588819451 67
1613707346804 0.19844198394181953 68
1613707869604 0.19830374066409368 69
1613708380559 0.1982423128805226 70
1613708899877 0.1974840690833175 71
1613709430008 0.1974006911750022 72
1613709948315 0.19693422171835107 73
1613710473556 0.19635807736545588 74
1613710992999 0.19604376005165253 75
1613711513437 0.19531640542182646 76
1613712030179 0.19445255578409695 77
1613712557403 0.1937357902751597 78
1613713079317 0.19312603667853995 79
1613713586384 0.1922293019585951 80
1613714100981 0.1917805834313285 81
1613714623473 0.19135990756439936 82
1613715153928 0.19075099626422046 83
1613715675787 0.19061237506484505 84
1613716191186 0.19059719944548803 85
1613716704877 0.1901519416407111 86
1613717222768 0.18966424076077548 87
1613717736299 0.18982342779707623 88
1613718249978 0.1890542654140057 89
