1613672244308 nan 0
1613672758650 nan 1
1613673272853 nan 2
1613673787952 nan 3
1613674298235 nan 4
1613674816821 nan 5
1613675327835 nan 6
1613675842343 nan 7
1613676361940 0.7726697197104705 8
1613676873626 nan 9
1613677382944 nan 10
1613677899278 nan 11
1613678414080 nan 12
1613678947242 nan 13
1613679467337 nan 14
1613679976973 nan 15
1613680484060 nan 16
1613680997025 nan 17
1613681509491 nan 18
1613682025241 nan 19
1613682538421 nan 20
1613683052706 nan 21
1613683565644 nan 22
1613684086745 nan 23
1613684605892 nan 24
1613685132536 nan 25
1613685649078 nan 26
1613686167041 nan 27
1613686691952 nan 28
1613687212178 nan 29
1613687747148 nan 30
1613688263692 nan 31
1613688774757 nan 32
1613689289076 nan 33
1613689805038 nan 34
1613690313298 nan 35
1613690826991 nan 36
1613691342660 nan 37
1613691850539 nan 38
1613692369486 nan 39
1613692889644 nan 40
1613693405429 nan 41
1613693934743 nan 42
1613694448584 nan 43
1613694970932 nan 44
1613695481513 nan 45
1613695995779 nan 46
1613696509415 nan 47
1613697024868 nan 48
1613697541173 nan 49
1613698058111 nan 50
1613698572633 nan 51
1613699086094 nan 52
1613699608087 nan 53
1613700122114 nan 54
1613700644159 nan 55
1613701158706 nan 56
1613701672670 nan 57
1613702188849 nan 58
1613702701982 nan 59
1613703216352 nan 60
1613703727454 nan 61
1613704241785 nan 62
1613704754493 nan 63
1613705268789 nan 64
1613705785932 nan 65
1613706302056 nan 66
1613706828832 nan 67
1613707346802 nan 68
1613707869603 nan 69
1613708380557 nan 70
1613708899875 nan 71
1613709430007 nan 72
1613709948313 nan 73
1613710473554 nan 74
1613710992998 nan 75
1613711513436 nan 76
1613712030178 nan 77
1613712557401 nan 78
1613713079315 nan 79
1613713586383 nan 80
1613714100980 nan 81
1613714623472 nan 82
1613715153927 nan 83
1613715675786 nan 84
1613716191185 nan 85
1613716704875 nan 86
1613717222766 nan 87
1613717736297 nan 88
1613718249977 nan 89
