1613672244306 0.42273339502354884 0
1613672758648 0.4200490954074454 1
1613673272851 0.2774310498795611 2
1613673787950 0.24024916075645608 3
1613674298233 0.2895292988482942 4
1613674816820 0.22484948153191425 5
1613675327833 0.2621136878399139 6
1613675842341 0.2585475571612094 7
1613676361938 0.2090859260964901 8
1613676873625 0.2374071554934725 9
1613677382942 0.22040780364198886 10
1613677899276 0.20893668874781182 11
1613678414078 0.21560610038168887 12
1613678947240 0.17781057827016142 13
1613679467334 0.22726055282227536 14
1613679976971 0.2466582757361392 15
1613680484057 0.2102602707578781 16
1613680997023 0.2088467764093521 17
1613681509489 0.17237489527844368 18
1613682025239 0.17640786665551206 19
1613682538419 0.25636546725922443 20
1613683052705 0.2749633681266866 21
1613683565643 0.20787220368994044 22
1613684086743 0.19977741165364044 23
1613684605890 0.15337925261639535 24
1613685132534 0.1888717083220786 25
1613685649076 0.17958291604163798 26
1613686167040 0.21528176931624718 27
1613686691950 0.1746686855529217 28
1613687212176 0.21163441462719695 29
1613687747146 0.1710327591033692 30
1613688263689 0.2150395766217658 31
1613688774755 0.21435808818391028 32
1613689289074 0.1781584341475304 33
1613689805036 0.180629681399528 34
1613690313296 0.21687436928140355 35
1613690826989 0.1806827352402058 36
1613691342658 0.17227454324986072 37
1613691850536 0.16683726044411354 38
1613692369484 0.22506865098121318 39
1613692889642 0.19119087178656397 40
1613693405428 0.23114592090566108 41
1613693934742 0.14687890448468796 42
1613694448577 0.17352202407857206 43
1613694970929 0.14994966983795166 44
1613695481512 0.17990824009509795 45
1613695995777 0.17427625174218037 46
1613696509413 0.18719413876533508 47
1613697024866 0.16181570101291576 48
1613697541172 0.1698011242328806 49
1613698058109 0.15291518416810543 50
1613698572631 0.16289217484758256 51
1613699086093 0.16758846031858565 52
1613699608085 0.2088783142414499 53
1613700122112 0.18005699489979035 54
1613700644158 0.1599437600754677 55
1613701158704 0.17853923110251732 56
1613701672668 0.14518122596943633 57
1613702188848 0.16181345125462146 58
1613702701980 0.16378558442947713 59
1613703216349 0.14916323727749764 60
1613703727452 0.14886049577530394 61
1613704241783 0.1650477945804596 62
1613704754492 0.1452340895825244 63
1613705268787 0.12463082404846841 64
1613705785931 0.17617486512407343 65
1613706302054 0.15670430406611016 66
1613706828830 0.16407345267052345 67
1613707346800 0.1254116880132797 68
1613707869601 0.18876495450101 69
1613708380555 0.1939423680305481 70
1613708899873 0.1436487594817547 71
1613709430004 0.19139748177629837 72
1613709948311 0.16288195138281963 73
1613710473552 0.15372339525121323 74
1613710992996 0.1724699615164006 75
1613711513434 0.14003745355504624 76
1613712030176 0.12793613367892326 77
1613712557399 0.13782808057805326 78
1613713079314 0.14495550254557996 79
1613713586382 0.12049052436301048 80
1613714100978 0.15543438272273286 81
1613714623470 0.1568644864762083 82
1613715153925 0.140211358349374 83
1613715675784 0.17896819431731043 84
1613716191183 0.18930727180014265 85
1613716704873 0.1518597704298953 86
1613717222764 0.14723426420637903 87
1613717736294 0.20383188699154145 88
1613718249975 0.12059881332072805 89
