1615566275409 0.34688701024696006 0
1615566369226 0.28972117358179234 1
1615566462740 0.2582028979685769 2
1615566556208 0.23731324788349778 3
1615566650380 0.22556145974059602 4
1615566745833 0.21442361405832852 5
1615566839008 0.20391270791543828 6
1615566932447 0.1972054851366513 7
1615567026609 0.19102796442670805 8
1615567119712 0.18558918184308865 9
1615567212903 0.18120869035798465 10
1615567306235 0.1780653002843335 11
1615567399274 0.17478151231080327 12
1615567491774 0.17139791336649263 13
1615567584836 0.17027666687372311 14
1615567677917 0.1681768627865101 15
1615567771486 0.16567572728911442 16
1615567864460 0.16306372206800215 17
1615567956627 0.1607130226991538 18
1615568049828 0.16031510127124501 19
1615568142931 0.1586390169444623 20
1615568235288 0.15679170011341814 21
1615568328908 0.15537736154391657 22
1615568422823 0.1544571227546948 23
1615568516278 0.1530549460382604 24
1615568608505 0.15164168570810838 25
1615568700841 0.1502280226394312 26
1615568794308 0.1490307347670293 27
1615568887628 0.14768276399272778 28
1615568980695 0.14647249116826416 29
1615569074000 0.1452730012789448 30
1615569167108 0.14414018420363545 31
1615569260064 0.1432798543649257 32
1615569352809 0.1423602676161347 33
1615569445566 0.14147680336986784 34
1615569538714 0.14045747266974226 35
1615569631655 0.1395823555446624 36
1615569723824 0.1387874154902217 37
1615569816987 0.13793933551246718 38
1615569909584 0.13720793263680905 39
1615570003199 0.1370888308563969 40
1615570096548 0.13653424195812885 41
1615570189815 0.1359573552402429 42
1615570282407 0.13563039245809277 43
1615570374821 0.13521694454980732 44
1615570467773 0.1345898289134331 45
1615570560757 0.13403861461726024 46
1615570653999 0.13335451417004887 47
1615570747620 0.13344846365838892 48
1615570840964 0.13294358623561578 49
1615570933822 0.13235636995241315 50
1615571026852 0.13177497737990732 51
1615571119881 0.13123196158668288 52
1615571213375 0.13067760897183567 53
1615571306457 0.13010997833681562 54
1615571399671 0.12960503499772252 55
1615571493113 0.12907404000923317 56
1615571586149 0.12860620169067777 57
1615571679472 0.12809087632729563 58
1615571772298 0.12758783322958214 59
1615571864977 0.12707919144881277 60
1615571958219 0.12656807976958268 61
1615572051295 0.1261333515225528 62
1615572143250 0.12568841522920934 63
1615572236413 0.1252839020554973 64
1615572329525 0.12480941998478731 65
1615572421485 0.1243247440116765 66
1615572514766 0.1238940396232496 67
1615572607927 0.12350300536536302 68
1615572700016 0.12306433192956676 69
1615572793109 0.12267637287891282 70
1615572886202 0.12225474985578957 71
1615572979249 0.12190728727671003 72
1615573072294 0.12162111848051771 73
1615573164133 0.12126828829447427 74
1615573256972 0.12086645116369645 75
1615573349512 0.12096288850497403 76
1615573442384 0.1209134200136642 77
1615573534573 0.12080390554012249 78
1615573628114 0.12055222868029747 79
1615573720197 0.1203036475998713 80
1615573813116 0.11996114741119848 81
1615573906351 0.1196205889529149 82
1615573999457 0.11928621480968202 83
1615574092370 0.11898681043636596 84
1615574185303 0.11863518563958758 85
1615574277855 0.1182905665738931 86
1615574370026 0.11799371448753643 87
1615574463110 0.11767769979387042 88
1615574555868 0.11734718523215294 89
1615574648977 0.11706279950668246 90
1615574741967 0.11677243970068607 91
1615574835408 0.11648270394518558 92
1615574928226 0.11638770531419343 93
1615575021632 0.11614612057184663 94
1615575115035 0.11586683861614751 95
1615575208166 0.11559721055737379 96
1615575300526 0.11538637203666226 97
1615575393342 0.11514735175135192 98
1615575485398 0.11484397429138862 99
1615575578525 0.11462295455278697 100
1615575671152 0.11435091598430916 101
1615575763598 0.11408910193731428 102
1615575856591 0.11389805198605375 103
1615575949926 0.11368501072838187 104
1615576043043 0.11345265832997412 105
1615576136162 0.11320822159770738 106
1615576228186 0.11295123251681168 107
1615576321327 0.11269281717843913 108
1615576414363 0.11245732598582954 109
1615576506800 0.112240846757849 110
1615576599691 0.11196012343011937 111
1615576691892 0.11169245169540953 112
1615576783993 0.1114521805342344 113
1615576877106 0.11122976241368582 114
1615576970292 0.1109843744224822 115
1615577063432 0.11073755810403413 116
1615577155466 0.11063985211801562 117
1615577248676 0.11065814859308201 118
1615577341905 0.11050237830895093 119
1615577435024 0.11029476876527644 120
1615577528243 0.11007706686427778 121
1615577620497 0.10984993647811564 122
1615577713290 0.10962542570090714 123
1615577805259 0.10942818586150208 124
1615577897306 0.10920184309859317 125
1615577989250 0.10896526309462906 126
1615578082587 0.10873914623299413 127
1615578175311 0.10855282986728204 128
1615578268111 0.10838689936836053 129
1615578360978 0.10820793953411283 130
1615578453845 0.10805754519894559 131
1615578546545 0.1079054269080557 132
1615578639017 0.10772634503251324 133
1615578731589 0.10753128618216101 134
1615578824690 0.10729811042285568 135
1615578917195 0.10712315077381149 136
1615579010469 0.1069238699348927 137
1615579103186 0.10672850425397233 138
1615579196140 0.1065134014147939 139
1615579289270 0.106303239103422 140
1615579382269 0.10609609455603217 141
1615579475313 0.10590341841175412 142
1615579567475 0.10569043324064847 143
1615579660677 0.1054910376829028 144
1615579753554 0.10528813854265101 145
1615579846221 0.10512401182187459 146
1615579947338 0.10491516732337634 147
1615580040822 0.10472677137430662 148
1615580134063 0.10455228192296188 149
1615580227263 0.10435867175832496 150
1615580320904 0.10416750931777259 151
1615580413157 0.10398131878175285 152
1615580505965 0.10381932362818763 153
1615580599037 0.10363847595255245 154
1615580692063 0.10344602964273863 155
1615580785096 0.10327150344803294 156
1615580878046 0.10306571804911831 157
1615580971021 0.1028505875886823 158
1615581064283 0.1026974271426894 159
1615581157794 0.10252026116051192 160
1615581251081 0.10233563246792 161
1615581344384 0.1021725163880246 162
1615581436713 0.10198378447927377 163
1615581529072 0.1018060972387571 164
1615581622213 0.10179139275791782 165
1615581715613 0.10174269402503362 166
1615581809066 0.10160621034289888 167
1615581902421 0.10145463473298015 168
1615581995707 0.10130618412940506 169
1615582088785 0.10113631509991634 170
1615582181936 0.10099740591739365 171
1615582275201 0.1008393788407642 172
1615582367644 0.10068616186658305 173
1615582460879 0.10061173324645951 174
1615582554237 0.10050250709643184 175
1615582647563 0.10037230049561595 176
1615582740739 0.10021846165058088 177
1615582834123 0.10005405657307108 178
1615582927441 0.09987315166846625 179
1615583020793 0.09972431927174749 180
1615583114165 0.0995578360602525 181
1615583207174 0.09940263467806885 182
1615583299727 0.0992348572840015 183
1615583393031 0.09908561211721018 184
1615583486349 0.09892450472723506 185
1615583580148 0.09878156544614333 186
1615583673572 0.09863264389305339 187
1615583766838 0.09847011020527537 188
1615583860041 0.09833545305086498 189
1615583952708 0.09817110853119908 190
1615584045940 0.0980022983273388 191
1615584139555 0.09787395240886043 192
1615584232957 0.09771863434530792 193
1615584326612 0.09757857969151194 194
1615584419592 0.09743325366430651 195
1615584513092 0.09728337835295549 196
1615584606483 0.09712317370728588 197
1615584699930 0.09699530510929931 198
1615584792126 0.09687428515793661 199
1615584885731 0.09673946452776368 200
1615584979125 0.09658096974914587 201
1615585072544 0.09647180267874161 202
1615585165248 0.09634443508329735 203
1615585258930 0.09619192450880602 204
1615585351623 0.09605125359755763 205
1615585445027 0.09590078529210334 206
1615585538762 0.09577106420553774 207
1615585631972 0.09565156118908762 208
1615585725336 0.09551076417538648 209
1615585818890 0.09535770900449995 210
1615585912194 0.09521937036692199 211
1615586005742 0.09507369440461107 212
1615586099210 0.09496913335865081 213
1615586191735 0.09482989389835973 214
1615586285036 0.09467841301374892 215
1615586378364 0.09457931523310262 216
1615586471304 0.09446318789767703 217
1615586564683 0.09434049211786227 218
1615586658355 0.09420572334099327 219
1615586751799 0.09406605008049879 220
1615586845135 0.0939356934099375 221
1615586938064 0.0937989954209281 222
1615587031640 0.09366222686255406 223
1615587124038 0.0935540311925644 224
1615587217451 0.09344242289396651 225
1615587310633 0.09334410222545941 226
1615587404230 0.09322100326430577 227
1615587497542 0.09310519917881609 228
1615587590097 0.09299535793503094 229
1615587683651 0.09285515317268635 230
1615587777086 0.09275222379892553 231
1615587870877 0.09264986422341248 232
1615587963853 0.09253641480556443 233
1615588057092 0.09242231092138033 234
1615588150202 0.0923237189397973 235
1615588243472 0.09223168308349461 236
1615588336903 0.09211255194147148 237
1615588430179 0.09198626225783627 238
1615588523612 0.09187942998326236 239
1615588616910 0.09177759129351233 240
1615588710952 0.09168190628646755 241
1615588804014 0.09158265626545462 242
1615588897861 0.09149773315357229 243
1615588991618 0.09139355011477249 244
1615589085207 0.09128144672376667 245
1615589178528 0.0911871679737255 246
1615589272136 0.09107870624351795 247
1615589365474 0.09095375664562996 248
1615589459159 0.09082488160346867 249
