1615566275411 0.6421020506922879 0
1615566275413 0.6421020506922879 0
1615566369228 0.6883966961680954 1
1615566369230 0.6883966961680954 1
1615566462742 0.7168925171022985 2
1615566462744 0.7168925171022985 2
1615566556210 0.7369766408271754 3
1615566556212 0.7369766408271754 3
1615566650382 0.7483082957676988 4
1615566650384 0.7483082957676988 4
1615566745835 0.7596849087458938 5
1615566745837 0.7596849087458938 5
1615566839010 0.7703525764601571 6
1615566839012 0.7703525764601571 6
1615566932448 0.7773045281698899 7
1615566932450 0.7773045281698899 7
1615567026611 0.7838880376979882 8
1615567026613 0.7838880376979882 8
1615567119713 0.789678174857773 9
1615567119716 0.789678174857773 9
1615567212905 0.794146164321673 10
1615567212907 0.794146164321673 10
1615567306237 0.7974286098681872 11
1615567306239 0.7974286098681872 11
1615567399276 0.8010143409092857 12
1615567399278 0.8010143409092857 12
1615567491776 0.8046009296865098 13
1615567491778 0.8046009296865098 13
1615567584838 0.8055310990383375 14
1615567584840 0.8055310990383375 14
1615567677919 0.8077747035604804 15
1615567677922 0.8077747035604804 15
1615567771488 0.8104923582971881 16
1615567771490 0.8104923582971881 16
1615567864462 0.813297162070302 17
1615567864464 0.813297162070302 17
1615567956629 0.8158861313831686 18
1615567956631 0.8158861313831686 18
1615568049830 0.8161759619753977 19
1615568049832 0.8161759619753977 19
1615568142933 0.8179638330621466 20
1615568142935 0.8179638330621466 20
1615568235290 0.8199959201725604 21
1615568235292 0.8199959201725604 21
1615568328911 0.8214882192389872 22
1615568328913 0.8214882192389872 22
1615568422825 0.8223898651388786 23
1615568422827 0.8223898651388786 23
1615568516280 0.8239081813884317 24
1615568516282 0.8239081813884317 24
1615568608507 0.8255166441360415 25
1615568608509 0.8255166441360415 25
1615568700843 0.8270216476895028 26
1615568700845 0.8270216476895028 26
1615568794310 0.8282734000467575 27
1615568794312 0.8282734000467575 27
1615568887630 0.8297088705079954 28
1615568887632 0.8297088705079954 28
1615568980697 0.8310739332856378 29
1615568980699 0.8310739332856378 29
1615569074002 0.8323754610284826 30
1615569074004 0.8323754610284826 30
1615569167123 0.8336564207661535 31
1615569167123 0.8336564207661535 31
1615569260064 0.8346270505458534 32
1615569260064 0.8346270505458534 32
1615569352809 0.8356400515452433 33
1615569352809 0.8356400515452433 33
1615569445566 0.836638972641372 34
1615569445566 0.836638972641372 34
1615569538714 0.837773252440737 35
1615569538714 0.837773252440737 35
1615569631670 0.8387430670140322 36
1615569631670 0.8387430670140322 36
1615569723840 0.8396189087856992 37
1615569723840 0.8396189087856992 37
1615569816987 0.8405385471230329 38
1615569816987 0.8405385471230329 38
1615569909584 0.8413928547971397 39
1615569909584 0.8413928547971397 39
1615570003215 0.841445969330221 40
1615570003215 0.841445969330221 40
1615570096554 0.8420358660413111 41
1615570096554 0.8420358660413111 41
1615570189815 0.8427013364355108 42
1615570189821 0.8427013364355108 42
1615570282414 0.8430413162219498 43
1615570282414 0.8430413162219498 43
1615570374821 0.843509317893739 44
1615570374837 0.843509317893739 44
1615570467789 0.8441964614710915 45
1615570467789 0.8441964614710915 45
1615570560757 0.8448133392643367 46
1615570560757 0.8448133392643367 46
1615570654014 0.8455586816005837 47
1615570654014 0.8455586816005837 47
1615570747627 0.8453823308727928 48
1615570747627 0.8453823308727928 48
1615570840964 0.8459374426772348 49
1615570840964 0.8459374426772348 49
1615570933838 0.8466038682811752 50
1615570933838 0.8466038682811752 50
1615571026852 0.847246774520413 51
1615571026852 0.847246774520413 51
1615571119881 0.8478522979644145 52
1615571119896 0.8478522979644145 52
1615571213375 0.8484774125856285 53
1615571213375 0.8484774125856285 53
1615571306473 0.8491088869128495 54
1615571306473 0.8491088869128495 54
1615571399687 0.8496782752647521 55
1615571399687 0.8496782752647521 55
1615571493113 0.8502683451223139 56
1615571493113 0.8502683451223139 56
1615571586149 0.850803328147882 57
1615571586149 0.850803328147882 57
1615571679472 0.8513948888815479 58
1615571679472 0.8513948888815479 58
1615571772314 0.8519692300230414 59
1615571772314 0.8519692300230414 59
1615571864977 0.852532744764961 60
1615571864992 0.852532744764961 60
1615571958219 0.8530985823633812 61
1615571958219 0.8530985823633812 61
1615572051295 0.8535933021303321 62
1615572051295 0.8535933021303321 62
1615572143250 0.8540875905109987 63
1615572143250 0.8540875905109987 63
1615572236413 0.8545604511428235 64
1615572236413 0.8545604511428235 64
1615572329540 0.8550877091350572 65
1615572329540 0.8550877091350572 65
1615572421485 0.8556173185571634 66
1615572421500 0.8556173185571634 66
1615572514766 0.856093528391867 67
1615572514766 0.856093528391867 67
1615572607927 0.8565410335884449 68
1615572607927 0.8565410335884449 68
1615572700016 0.8570285531281154 69
1615572700016 0.8570285531281154 69
1615572793125 0.8574674540842083 70
1615572793125 0.8574674540842083 70
1615572886202 0.8579440612722787 71
1615572886202 0.8579440612722787 71
1615572979249 0.8583378819137525 72
1615572979249 0.8583378819137525 72
1615573072294 0.8586693523288639 73
1615573072294 0.8586693523288639 73
1615573164133 0.8590553555292869 74
1615573164133 0.8590553555292869 74
1615573256972 0.859500919435779 75
1615573256972 0.859500919435779 75
1615573349512 0.8593681688126402 76
1615573349512 0.8593681688126402 76
1615573442384 0.8594127356566966 77
1615573442384 0.8594127356566966 77
1615573534573 0.8595405330301887 78
1615573534573 0.8595405330301887 78
1615573628114 0.8598102279646852 79
1615573628114 0.8598102279646852 79
1615573720197 0.8600827412659543 80
1615573720197 0.8600827412659543 80
1615573813116 0.8604595375914857 81
1615573813116 0.8604595375914857 81
1615573906351 0.8608468784914669 82
1615573906351 0.8608468784914669 82
1615573999457 0.8612222153939674 83
1615573999457 0.8612222153939674 83
1615574092370 0.8615687143891606 84
1615574092370 0.8615687143891606 84
1615574185303 0.861971544551171 85
1615574185318 0.861971544551171 85
1615574277855 0.8623592535404181 86
1615574277855 0.8623592535404181 86
1615574370026 0.8626908632715612 87
1615574370026 0.8626908632715612 87
1615574463110 0.8630663768274163 88
1615574463125 0.8630663768274163 88
1615574555883 0.8634330127468554 89
1615574555883 0.8634330127468554 89
1615574648977 0.8637699292530013 90
1615574648977 0.8637699292530013 90
1615574741967 0.8641097567139086 91
1615574741967 0.8641097567139086 91
1615574835408 0.8644313815077779 92
1615574835408 0.8644313815077779 92
1615574928226 0.8645354555277986 93
1615574928226 0.8645354555277986 93
1615575021632 0.8648105230817437 94
1615575021632 0.8648105230817437 94
1615575115035 0.8651184924062695 95
1615575115035 0.8651184924062695 95
1615575208166 0.8654166454786631 96
1615575208182 0.8654166454786631 96
1615575300526 0.8656670822876278 97
1615575300526 0.8656670822876278 97
1615575393342 0.8659474888318592 98
1615575393342 0.8659474888318592 98
1615575485398 0.8662975837112364 99
1615575485398 0.8662975837112364 99
1615575578525 0.8665737166034079 100
1615575578525 0.8665737166034079 100
1615575671158 0.8668800233717479 101
1615575671158 0.8668800233717479 101
1615575763598 0.8671816891279797 102
1615575763598 0.8671816891279797 102
1615575856607 0.8673966871007815 103
1615575856607 0.8673966871007815 103
1615575949926 0.8676533620028778 104
1615575949926 0.8676533620028778 104
1615576043043 0.8679138578871076 105
1615576043043 0.8679138578871076 105
1615576136162 0.868192032035682 106
1615576136162 0.868192032035682 106
1615576228186 0.8684988715343545 107
1615576228186 0.8684988715343545 107
1615576321327 0.8687890925652914 108
1615576321327 0.8687890925652914 108
1615576414378 0.8690581471678199 109
1615576414378 0.8690581471678199 109
1615576506800 0.8693126458441746 110
1615576506800 0.8693126458441746 110
1615576599691 0.8696262807146447 111
1615576599691 0.8696262807146447 111
1615576691892 0.8699346575849108 112
1615576691892 0.8699346575849108 112
1615576783993 0.8702059269310386 113
1615576783993 0.8702059269310386 113
1615576877122 0.8704572193754871 114
1615576877122 0.8704572193754871 114
1615576970292 0.8707350970764044 115
1615576970292 0.8707350970764044 115
1615577063432 0.8710222776933111 116
1615577063432 0.8710222776933111 116
1615577155466 0.8711355830969884 117
1615577155466 0.8711355830969884 117
1615577248676 0.8711069938018273 118
1615577248676 0.8711069938018273 118
1615577341905 0.8712710290683887 119
1615577341905 0.8712710290683887 119
1615577435024 0.8715094803175708 120
1615577435024 0.8715094803175708 120
1615577528243 0.8717525938969238 121
1615577528243 0.8717525938969238 121
1615577620497 0.8720121329023975 122
1615577620497 0.8720121329023975 122
1615577713297 0.8722574212442639 123
1615577713297 0.8722574212442639 123
1615577805259 0.8724835615264834 124
1615577805259 0.8724835615264834 124
1615577897322 0.8727332481492669 125
1615577897322 0.8727332481492669 125
1615577989250 0.8730064430518691 126
1615577989250 0.8730064430518691 126
1615578082587 0.8732573062237072 127
1615578082587 0.8732573062237072 127
1615578175326 0.8734739095569138 128
1615578175326 0.8734739095569138 128
1615578268111 0.8736623714698304 129
1615578268115 0.8736623714698304 129
1615578360978 0.8738520072922287 130
1615578360994 0.8738520072922287 130
1615578453862 0.8740129331451149 131
1615578453864 0.8740129331451149 131
1615578546561 0.8741837027962928 132
1615578546561 0.8741837027962928 132
1615578639017 0.8743803638240413 133
1615578639017 0.8743803638240413 133
1615578731589 0.8745972393872394 134
1615578731589 0.8745972393872394 134
1615578824690 0.8748572188019881 135
1615578824690 0.8748572188019881 135
1615578917195 0.8750684427054621 136
1615578917195 0.8750684427054621 136
1615579010469 0.8752962228054997 137
1615579010469 0.8752962228054997 137
1615579103186 0.8755166747942398 138
1615579103186 0.8755166747942398 138
1615579196140 0.8757566414519286 139
1615579196156 0.8757566414519286 139
1615579289286 0.8759931623415175 140
1615579289286 0.8759931623415175 140
1615579382271 0.8762259149118483 141
1615579382274 0.8762259149118483 141
1615579475313 0.8764459777305748 142
1615579475313 0.8764459777305748 142
1615579567482 0.8766809670829134 143
1615579567482 0.8766809670829134 143
1615579660677 0.8769073831179187 144
1615579660677 0.8769073831179187 144
1615579753554 0.8771374913077611 145
1615579753554 0.8771374913077611 145
1615579846221 0.8773236946065796 146
1615579846221 0.8773236946065796 146
1615579947338 0.8775662254766019 147
1615579947338 0.8775662254766019 147
1615580040822 0.8777820409810052 148
1615580040822 0.8777820409810052 148
1615580134063 0.8779808283460079 149
1615580134063 0.8779808283460079 149
1615580227263 0.8782027542482099 150
1615580227263 0.8782027542482099 150
1615580320911 0.8784208560943343 151
1615580320911 0.8784208560943343 151
1615580413157 0.8786326552827627 152
1615580413157 0.8786326552827627 152
1615580505980 0.8788235972419359 153
1615580505980 0.8788235972419359 153
1615580599037 0.8790327931489286 154
1615580599037 0.8790327931489286 154
1615580692079 0.8792536365223986 155
1615580692079 0.8792536365223986 155
1615580785112 0.8794603403762146 156
1615580785112 0.8794603403762146 156
1615580878062 0.8796909395320277 157
1615580878062 0.8796909395320277 157
1615580971021 0.8799311518193542 158
1615580971021 0.8799311518193542 158
1615581064283 0.8801081832831917 159
1615581064290 0.8801081832831917 159
1615581157809 0.8803123705544261 160
1615581157809 0.8803123705544261 160
1615581251097 0.8805227778784713 161
1615581251097 0.8805227778784713 161
1615581344384 0.8807193459761292 162
1615581344400 0.8807193459761292 162
1615581436713 0.8809314550032474 163
1615581436713 0.8809314550032474 163
1615581529087 0.8811381758175948 164
1615581529087 0.8811381758175948 164
1615581622213 0.8811337769579499 165
1615581622213 0.8811337769579499 165
1615581715613 0.8811903294658296 166
1615581715613 0.8811903294658296 166
1615581809066 0.8813436984249365 167
1615581809066 0.8813436984249365 167
1615581902421 0.8815167455632211 168
1615581902421 0.8815167455632211 168
1615581995723 0.8816820398986966 169
1615581995723 0.8816820398986966 169
1615582088785 0.8818790706018768 170
1615582088785 0.8818790706018768 170
1615582181936 0.8820370587680963 171
1615582181936 0.8820370587680963 171
1615582275201 0.8822157112973943 172
1615582275201 0.8822157112973943 172
1615582367660 0.8823975899491154 173
1615582367660 0.8823975899491154 173
1615582460879 0.8824870980033742 174
1615582460879 0.8824870980033742 174
1615582554237 0.8826126223537449 175
1615582554237 0.8826126223537449 175
1615582647563 0.8827621244621001 176
1615582647563 0.8827621244621001 176
1615582740739 0.8829391388034843 177
1615582740739 0.8829391388034843 177
1615582834123 0.8831347838779721 178
1615582834139 0.8831347838779721 178
1615582927441 0.8833380394394372 179
1615582927441 0.8833380394394372 179
1615583020809 0.8835093178370479 180
1615583020809 0.8835093178370479 180
1615583114181 0.8837004616625614 181
1615583114181 0.8837004616625614 181
1615583207174 0.8838755651815039 182
1615583207174 0.8838755651815039 182
1615583299727 0.8840697303318855 183
1615583299727 0.8840697303318855 183
1615583393031 0.8842371745166541 184
1615583393037 0.8842371745166541 184
1615583486349 0.8844234486699553 185
1615583486349 0.8844234486699553 185
1615583580150 0.8845890092997445 186
1615583580150 0.8845890092997445 186
1615583673572 0.8847586535853111 187
1615583673572 0.8847586535853111 187
1615583766854 0.8849417674343072 188
1615583766854 0.8849417674343072 188
1615583860041 0.8851006513802393 189
1615583860041 0.8851006513802393 189
1615583952708 0.885288001802798 190
1615583952708 0.885288001802798 190
1615584045940 0.8854822440389124 191
1615584045940 0.8854822440389124 191
1615584139555 0.8856315136125205 192
1615584139555 0.8856315136125205 192
1615584232957 0.8858085447157972 193
1615584232957 0.8858085447157972 193
1615584326618 0.885974244390166 194
1615584326618 0.885974244390166 194
1615584419592 0.8861386707745333 195
1615584419592 0.8861386707745333 195
1615584513092 0.8863078713483659 196
1615584513092 0.8863078713483659 196
1615584606483 0.8864860447901782 197
1615584606483 0.8864860447901782 197
1615584699930 0.8866339886897295 198
1615584699930 0.8866339886897295 198
1615584792126 0.8867763388885266 199
1615584792126 0.8867763388885266 199
1615584885731 0.8869317753910307 200
1615584885731 0.8869317753910307 200
1615584979125 0.8871108967019785 201
1615584979125 0.8871108967019785 201
1615585072544 0.8872445944375379 202
1615585072544 0.8872445944375379 202
1615585165248 0.8873939663024586 203
1615585165264 0.8873939663024586 203
1615585258930 0.8875652476255571 204
1615585258930 0.8875652476255571 204
1615585351623 0.887732370265466 205
1615585351623 0.887732370265466 205
1615585445027 0.8879018206420897 206
1615585445027 0.8879018206420897 206
1615585538762 0.8880518318322858 207
1615585538762 0.8880518318322858 207
1615585631972 0.8881925140434157 208
1615585631972 0.8881925140434157 208
1615585725336 0.8883515082447976 209
1615585725336 0.8883515082447976 209
1615585818896 0.8885247701237616 210
1615585818896 0.8885247701237616 210
1615585912194 0.8886794748466109 211
1615585912210 0.8886794748466109 211
1615586005742 0.888844867428841 212
1615586005758 0.888844867428841 212
1615586099226 0.8889701877484085 213
1615586099226 0.8889701877484085 213
1615586191735 0.8891271534959333 214
1615586191750 0.8891271534959333 214
1615586285036 0.8892968501272721 215
1615586285052 0.8892968501272721 215
1615586378364 0.8894174790654392 216
1615586378364 0.8894174790654392 216
1615586471320 0.8895554835417774 217
1615586471320 0.8895554835417774 217
1615586564689 0.8897010605161004 218
1615586564689 0.8897010605161004 218
1615586658355 0.8898528061630239 219
1615586658355 0.8898528061630239 219
1615586751815 0.8900123424473307 220
1615586751815 0.8900123424473307 220
1615586845135 0.8901590347741859 221
1615586845135 0.8901590347741859 221
1615586938064 0.890316767081619 222
1615586938079 0.890316767081619 222
1615587031640 0.8904739288004561 223
1615587031640 0.8904739288004561 223
1615587124054 0.8906011870523192 224
1615587124054 0.8906011870523192 224
1615587217451 0.8907334180121933 225
1615587217451 0.8907334180121933 225
1615587310633 0.8908432771535231 226
1615587310633 0.8908432771535231 226
1615587404230 0.8909897850384982 227
1615587404245 0.8909897850384982 227
1615587497542 0.8911257650496079 228
1615587497542 0.8911257650496079 228
1615587590097 0.8912540592175847 229
1615587590097 0.8912540592175847 229
1615587683651 0.8914122130398546 230
1615587683651 0.8914122130398546 230
1615587777086 0.8915274513605451 231
1615587777086 0.8915274513605451 231
1615587870877 0.8916466936801251 232
1615587870877 0.8916466936801251 232
1615587963853 0.8917769421572044 233
1615587963853 0.8917769421572044 233
1615588057092 0.8919113488325465 234
1615588057092 0.8919113488325465 234
1615588150202 0.8920276802110458 235
1615588150202 0.8920276802110458 235
1615588243472 0.8921344936596884 236
1615588243472 0.8921344936596884 236
1615588336903 0.8922717446398473 237
1615588336903 0.8922717446398473 237
1615588430179 0.8924168535900621 238
1615588430179 0.8924168535900621 238
1615588523612 0.8925421381790872 239
1615588523612 0.8925421381790872 239
1615588616910 0.8926595520880364 240
1615588616910 0.8926595520880364 240
1615588710952 0.8927705414323022 241
1615588710952 0.8927705414323022 241
1615588804014 0.8928808978186776 242
1615588804014 0.8928808978186776 242
1615588897861 0.8929811211078189 243
1615588897861 0.8929811211078189 243
1615588991618 0.8930980590456072 244
1615588991618 0.8930980590456072 244
1615589085207 0.8932241093475373 245
1615589085207 0.8932241093475373 245
1615589178528 0.8933344960191993 246
1615589178528 0.8933344960191993 246
1615589272136 0.8934596172131712 247
1615589272136 0.8934596172131712 247
1615589365474 0.8935981547262448 248
1615589365474 0.8935981547262448 248
1615589459175 0.8937425015688829 249
1615589459175 0.8937425015688829 249
