1615566275384 0.34688701024696006 0
1615566369220 0.2325553369166246 1
1615566462734 0.19516634674214606 2
1615566556181 0.17464429762826036 3
1615566650366 0.17855430716898904 4
1615566745819 0.15873438564699088 5
1615566839002 0.1408472710580968 6
1615566932441 0.1502549256851424 7
1615567026603 0.1416077987471623 8
1615567119706 0.13664013859051377 9
1615567212897 0.1374037755069448 10
1615567306229 0.14348800947417073 11
1615567399268 0.13537605662844074 12
1615567491768 0.1274111270904541 13
1615567584830 0.15457921597495008 14
1615567677911 0.13667980147831477 15
1615567771479 0.12565755933078368 16
1615567864453 0.11865963330909388 17
1615567956620 0.11840043405988324 18
1615568049822 0.152754594140978 19
1615568142925 0.12511733040880801 20
1615568235282 0.11799804666149083 21
1615568328902 0.12426191301488165 22
1615568422817 0.13329163060259464 23
1615568516272 0.11940270484383426 24
1615568608498 0.1163101774543079 25
1615568700835 0.11347278285382399 26
1615568794301 0.11670396221217824 27
1615568887622 0.10993958231228501 28
1615568980688 0.11137457925881912 29
1615569073994 0.10928830459936341 30
1615569167108 0.10902285486904544 31
1615569260044 0.1157492995262146 32
1615569352793 0.11201390490603091 33
1615569445550 0.11143901899679383 34
1615569538698 0.10478089816534697 35
1615569631655 0.10807813904178676 36
1615569723824 0.10937463347591571 37
1615569816971 0.10571229635779537 38
1615569909584 0.10868322048614275 39
1615570003199 0.1323247596399108 40
1615570096532 0.11379609712913855 41
1615570189799 0.11172811308903481 42
1615570282407 0.12157099282563623 43
1615570374821 0.11702523658524698 44
1615570467773 0.10636962527659402 45
1615570560751 0.108682756993308 46
1615570653999 0.1012017931511153 47
1615570747605 0.13795803909871115 48
1615570840949 0.10820459251973166 49
1615570933822 0.10299555579228188 50
1615571026836 0.10212395618210977 51
1615571119881 0.10299514033901158 52
1615571213359 0.1012969203849337 53
1615571306457 0.09945792404573355 54
1615571399671 0.1018331513476016 55
1615571493098 0.09933832065383 56
1615571586149 0.10193941753302048 57
1615571679456 0.09820200525113006 58
1615571772298 0.09790829046448665 59
1615571864977 0.09656068460265202 60
1615571958203 0.09539026733654649 61
1615572051280 0.09918020020669965 62
1615572143235 0.09765742874857206 63
1615572236413 0.09939505893792679 64
1615572329525 0.09396808538863909 65
1615572421485 0.09233612978636328 66
1615572514750 0.09503684559864785 67
1615572607911 0.09691267582907606 68
1615572700016 0.0927958648596237 69
1615572793109 0.09551923933313854 70
1615572886186 0.09231951521403754 71
1615572979233 0.09688998158298322 72
1615573072288 0.1007307963584786 73
1615573164117 0.09515885452725995 74
1615573256957 0.0907286663553608 75
1615573349512 0.12829212644206944 76
1615573442368 0.11710434618280895 77
1615573534566 0.11226177660386953 78
1615573628098 0.10066975675412078 79
1615573720182 0.10041716116577831 80
1615573813100 0.09221863212870128 81
1615573906335 0.09169479537366042 82
1615573999441 0.09153316092135301 83
1615574092370 0.09383684307781619 84
1615574185303 0.08874707791342665 85
1615574277848 0.08865332692416746 86
1615574370009 0.09216758297450507 87
1615574463110 0.0898684067512626 88
1615574555868 0.08793138923929698 89
1615574648961 0.09146808421433862 90
1615574741951 0.09034969735501418 91
1615574835393 0.08982701443914157 92
1615574928211 0.10755283263192247 93
1615575021616 0.09343715479124838 94
1615575115035 0.08933505282473209 95
1615575208166 0.08971291691509646 96
1615575300511 0.0949350355276421 97
1615575393326 0.09172336379093911 98
1615575485383 0.0848096057550231 99
1615575578509 0.09252098069262149 100
1615575671136 0.08687502056805056 101
1615575763582 0.08738406914383617 102
1615575856591 0.09421990700622103 103
1615575949911 0.09152871993050646 104
1615576043036 0.08905565649715823 105
1615576136156 0.08729792797743384 106
1615576228170 0.08545340086097147 107
1615576321311 0.0847839606342031 108
1615576414363 0.08678878599138402 109
1615576506785 0.0884281316799904 110
1615576599684 0.08079983405212858 111
1615576691876 0.0817132174079098 112
1615576783977 0.08430153932144392 113
1615576877106 0.08587409667114713 114
1615576970285 0.08276475543406472 115
1615577063432 0.08210686516405931 116
1615577155466 0.09920825175384977 117
1615577248660 0.11281713265091625 118
1615577341889 0.09196571449735272 119
1615577435008 0.08538162352433845 120
1615577528237 0.08373513684343936 121
1615577620482 0.08214002936633664 122
1615577713275 0.0820106001042608 123
1615577805244 0.08497044577527402 124
1615577897306 0.0809089977349808 125
1615577989234 0.07915618259515335 126
1615578082572 0.08002230480535706 127
1615578175311 0.08470433505613413 128
1615578268096 0.08698186500748592 129
1615578360978 0.08494316108191191 130
1615578453845 0.08835588729203638 131
1615578546545 0.08782581251059006 132
1615578639002 0.08390845558536586 133
1615578731574 0.08139340023496258 134
1615578824674 0.07581938291663554 135
1615578917179 0.08332863850380058 136
1615579010463 0.07962239500301987 137
1615579103170 0.07976804028696088 138
1615579196140 0.07661410676899241 139
1615579289270 0.07688051551135618 140
1615579382262 0.0768887133740667 141
1615579475297 0.0785434059242704 142
1615579567460 0.07523355377254201 143
1615579660662 0.07677807736752638 144
1615579753538 0.07586776320614032 145
1615579846174 0.08116151058851782 146
1615579947323 0.07421502604413388 147
1615580040822 0.07684417091198821 148
1615580134043 0.07855335367259694 149
1615580227248 0.07531714706278558 150
1615580320889 0.07530198079436573 151
1615580413142 0.07568035730675085 152
1615580505965 0.07903406513271047 153
1615580599022 0.07578793390473323 154
1615580692063 0.07361685162159934 155
1615580785096 0.07604541707394728 156
1615580878046 0.07075741041952105 157
1615580971021 0.0688599748397941 158
1615581064267 0.0783449162298174 159
1615581157794 0.07417370401211638 160
1615581251081 0.07261041296062185 161
1615581344384 0.07574771144496861 162
1615581436698 0.07122048335288887 163
1615581529072 0.07266538979402229 164
1615581622198 0.09936515341943769 165
1615581715597 0.09365870436625694 166
1615581809066 0.07881343542639889 167
1615581902406 0.0759899322666339 168
1615581995707 0.07621803212521681 169
1615582088769 0.07225858008683618 170
1615582181920 0.0772439357060105 171
1615582275195 0.07365872166050014 172
1615582367644 0.07417962533324512 173
1615582460863 0.08766115334496569 174
1615582554222 0.08138793084158827 175
1615582647547 0.0774559387520178 176
1615582740739 0.07298898607937258 177
1615582834123 0.07078995277632529 178
1615582927425 0.06749117374420166 179
1615583020793 0.07293448786237347 180
1615583114165 0.06942437477965853 181
1615583207158 0.07115598312064783 182
1615583299712 0.06853159416967364 183
1615583393015 0.07162450142760775 184
1615583486334 0.06911963758183949 185
1615583580132 0.07219485916308503 186
1615583673557 0.07078431346523228 187
1615583766838 0.06791377690301012 188
1615583860026 0.07288525086730274 189
1615583952692 0.0669456497946782 190
1615584045924 0.06575954939002421 191
1615584139555 0.07323153606101648 192
1615584232942 0.06774224807967001 193
1615584326596 0.07040797685509298 194
1615584419592 0.06909467835924518 195
1615584513076 0.06790781732815415 196
1615584606467 0.06556285851037325 197
1615584699914 0.07167732270795908 198
1615584792111 0.07279131483675828 199
1615584885716 0.06977533849317637 200
1615584979109 0.06472351924696965 201
1615585072534 0.0744200544570809 202
1615585165248 0.07048881320811029 203
1615585258930 0.06507976731257652 204
1615585351607 0.0672137167916369 205
1615585445011 0.06490431436851843 206
1615585538746 0.06891879928645803 207
1615585631956 0.07079493376746107 208
1615585725320 0.06608418831184729 209
1615585818874 0.0632161231183294 210
1615585912194 0.06602991783796851 211
1615586005742 0.06419039039469476 212
1615586099210 0.07269763056911639 213
1615586191735 0.0650326493960708 214
1615586285036 0.06211002282242277 215
1615586378348 0.07317419461349943 216
1615586471304 0.06926355611032514 217
1615586564667 0.0675928121182456 218
1615586658339 0.06469136120668098 219
1615586751799 0.06333793277171121 220
1615586845119 0.0651268692158941 221
1615586938064 0.06345204186083665 222
1615587031624 0.06316283834514333 223
1615587124038 0.06931820111488228 224
1615587217436 0.06833055570944031 225
1615587310617 0.07112363114285825 226
1615587404230 0.06527753908242752 227
1615587497527 0.0667018676871684 228
1615587590082 0.06784171310823355 229
1615587683636 0.060608057833429596 230
1615587777076 0.06897553846017639 231
1615587870862 0.06890244270438578 232
1615587963847 0.06610270044696864 233
1615588057076 0.06572200202230197 234
1615588150187 0.06915460326778355 235
1615588243457 0.0705112209960596 236
1615588336887 0.06387847128199108 237
1615588430163 0.06192931755265193 238
1615588523596 0.06634651636009786 239
1615588616894 0.06733630575350862 240
1615588710937 0.06862181958867543 241
1615588803998 0.06756415118032427 242
1615588897845 0.07086141696616785 243
1615588991603 0.06597288864762035 244
1615589085192 0.06381611592734038 245
1615589178512 0.06799459546359617 246
1615589272120 0.06428865888225499 247
1615589365452 0.05996625636940572 248
1615589459159 0.05873499610530796 249
