1615566275405 0.6421020506922879 0
1615566369222 0.7346913416439028 1
1615566462736 0.7738841589707047 2
1615566556199 0.7972290120018062 3
1615566650371 0.793634915529792 4
1615566745823 0.8165679736368692 5
1615566839004 0.8343585827457372 6
1615566932443 0.8259681901380197 7
1615567026605 0.8365561139227738 8
1615567119708 0.8417894092958365 9
1615567212899 0.8388260589606726 10
1615567306231 0.833535510879844 11
1615567399270 0.8440431134024663 12
1615567491770 0.8512265837904233 13
1615567584832 0.8185534699639277 14
1615567677913 0.841428771392623 15
1615567771481 0.8539748340845108 16
1615567864455 0.8609788262132388 17
1615567956623 0.8624875790147639 18
1615568049824 0.8216827432277487 19
1615568142927 0.8537212547971241 20
1615568235284 0.8626697494912503 21
1615568328904 0.8543187987003753 22
1615568422819 0.8431277208363832 23
1615568516274 0.8603477713777058 24
1615568608501 0.8657282128262875 25
1615568700837 0.8661517400794955 26
1615568794304 0.8620707136926367 27
1615568887624 0.8699020434226563 28
1615568980691 0.8706607538372723 29
1615569073996 0.8714212933138236 30
1615569167108 0.873366172633954 31
1615569260060 0.8656872034962497 32
1615569352793 0.8690690845251083 33
1615569445550 0.8706022899097471 34
1615569538698 0.8774730454185116 35
1615569631655 0.8736563916526624 36
1615569723824 0.8720250543373734 37
1615569816971 0.8754848039417125 38
1615569909584 0.874710854087303 39
1615570003199 0.8435705506534719 40
1615570096548 0.8662216311960078 41
1615570189799 0.8706510929919001 42
1615570282407 0.8576604470388213 43
1615570374821 0.8641013914524619 44
1615570467773 0.8751179224519587 45
1615570560751 0.8731897177536097 46
1615570653999 0.8805897714041951 47
1615570747620 0.8369174959388241 48
1615570840949 0.8731379210948944 49
1615570933822 0.8799251484781948 50
1615571026852 0.8800349927215434 51
1615571119881 0.8793395170524939 52
1615571213359 0.8816084875099695 53
1615571306457 0.8832085005827804 54
1615571399671 0.8809946346193996 55
1615571493113 0.8833122571457678 56
1615571586149 0.8812973606052683 57
1615571679456 0.8857054114341736 58
1615571772298 0.8858553573711595 59
1615571864977 0.886343629280133 60
1615571958203 0.8876146758670238 61
1615572051280 0.8842659276812824 62
1615572143235 0.8852277584929964 63
1615572236413 0.8848235315796155 64
1615572329525 0.8893594786302367 65
1615572421485 0.8905715404161766 66
1615572514750 0.8879995873170112 67
1615572607911 0.8869713869557452 68
1615572700016 0.8906674013653798 69
1615572793109 0.888190521010712 70
1615572886186 0.8917831716252796 71
1615572979233 0.8866929680998645 72
1615573072288 0.8828666926319919 73
1615573164133 0.8876195923605962 74
1615573256972 0.8929182124226841 75
1615573349512 0.8492791214540824 76
1615573442368 0.8628443826490374 77
1615573534566 0.8695087281625662 78
1615573628098 0.8811161277899101 79
1615573720197 0.881883805367484 80
1615573813100 0.8909800399595232 81
1615573906335 0.8926088322899235 82
1615573999457 0.8923751783015123 83
1615574092370 0.8906746299853966 84
1615574185303 0.8962121083220439 85
1615574277848 0.8957022266156638 86
1615574370009 0.8915409098810224 87
1615574463110 0.8961115697426583 88
1615574555868 0.896063609576937 89
1615574648961 0.8940924148061382 90
1615574741951 0.8950340556564615 91
1615574835393 0.8940208625437608 92
1615574928211 0.8742143393897298 93
1615575021616 0.8906668731525763 94
1615575115035 0.894375578236224 95
1615575208166 0.894039340428452 96
1615575300511 0.8899594527571949 97
1615575393326 0.8934273301665463 98
1615575485383 0.9009569767695754 99
1615575578509 0.894187005820559 100
1615575671152 0.897817006974078 101
1615575763582 0.8979515962636293 102
1615575856591 0.8895414782993829 103
1615575949926 0.8943475518208831 104
1615576043036 0.8952659257312319 105
1615576136156 0.8976784917845655 106
1615576228170 0.9013306978923171 107
1615576321311 0.9001329639064732 108
1615576414363 0.8983850988434322 109
1615576506785 0.897307500243187 110
1615576599684 0.9044397513368236 111
1615576691876 0.9044728670547257 112
1615576783993 0.9008593630434861 113
1615576877106 0.8991045580426259 114
1615576970285 0.9026910326818922 115
1615577063432 0.9043352292544806 116
1615577155466 0.8843923153272316 117
1615577248660 0.8677334569728197 118
1615577341889 0.8907912257891982 119
1615577435008 0.9001236302194311 120
1615577528237 0.9011693369986405 121
1615577620497 0.9036758915701909 122
1615577713290 0.9024278872938298 123
1615577805244 0.9005249565217033 124
1615577897306 0.9039440759971961 125
1615577989234 0.907429000779764 126
1615578082572 0.9051169290471432 127
1615578175311 0.9011991362073528 128
1615578268096 0.8979739582360681 129
1615578360978 0.8985046642040139 130
1615578453845 0.8950942198732006 131
1615578546545 0.8967252967517767 132
1615578639002 0.900536280514589 133
1615578731589 0.9036585648558033 134
1615578824690 0.9099544397930601 135
1615578917195 0.9037948935779173 136
1615579010463 0.9065020965106452 137
1615579103186 0.9059390492403685 138
1615579196140 0.9091120068706683 139
1615579289270 0.909106086883972 140
1615579382265 0.9090440273284912 141
1615579475297 0.9076948979897286 142
1615579567475 0.9102844444673452 143
1615579660677 0.9095112921586678 144
1615579753538 0.9105031788349152 145
1615579846221 0.904509376234083 146
1615579947323 0.9132182633698877 147
1615580040822 0.9097227356327113 148
1615580134059 0.9076001457313994 149
1615580227248 0.9114916395785203 150
1615580320904 0.9113542348591249 151
1615580413142 0.9108261319238748 152
1615580505965 0.9080377169954243 153
1615580599022 0.9112489628258036 154
1615580692063 0.9134843594102717 155
1615580785096 0.9117061415715004 156
1615580878046 0.9158950069947029 157
1615580971021 0.9178846932169217 158
1615581064267 0.9082561860333628 159
1615581157794 0.9129823339519216 160
1615581251081 0.9143983570497427 161
1615581344384 0.912563377796714 162
1615581436698 0.9155052264234913 163
1615581529072 0.9150403893705624 164
1615581622198 0.8804079651165364 165
1615581715597 0.890578045773862 166
1615581809066 0.9069563145957776 167
1615581902406 0.9105886647950358 168
1615581995707 0.909616782594083 169
1615582088785 0.9153742901424864 170
1615582181920 0.9090530351916356 171
1615582275201 0.9129439463366323 172
1615582367644 0.9138625966968821 173
1615582460863 0.8980614994444064 174
1615582554237 0.9045793836686149 175
1615582647547 0.9090744955326194 176
1615582740739 0.9142706772284721 177
1615582834123 0.9179596071367833 178
1615582927441 0.9197207849417159 179
1615583020793 0.9143394294069774 180
1615583114165 0.9182974940805293 181
1615583207158 0.9157444056290299 182
1615583299727 0.9196019528517082 183
1615583393015 0.915046904514085 184
1615583486334 0.9188841670306761 185
1615583580132 0.9153832864405503 186
1615583673557 0.9164821349862796 187
1615583766838 0.9193671710455595 188
1615583860026 0.9151297171614063 189
1615583952692 0.9208845820889544 190
1615584045924 0.9225825111367809 191
1615584139555 0.914291271745269 192
1615584232942 0.9199755476481879 193
1615584326612 0.9181199812177402 194
1615584419592 0.9182018157261521 195
1615584513076 0.9194711838195573 196
1615584606467 0.9215862128271985 197
1615584699914 0.9159268808009019 198
1615584792111 0.9151040284491297 199
1615584885716 0.9180190758918648 200
1615584979109 0.9231142802024955 201
1615585072534 0.9142515370205267 202
1615585165248 0.9177164548813407 203
1615585258930 0.9225066375376573 204
1615585351607 0.9219925114467963 205
1615585445011 0.9228085982265757 206
1615585538746 0.9191041482028677 207
1615585631956 0.9174544139584498 208
1615585725336 0.9215812963336262 209
1615585818874 0.9249097647061989 210
1615585912194 0.921322171367816 211
1615586005742 0.9239080948616142 212
1615586099210 0.9156634158162928 213
1615586191735 0.9227178234662583 214
1615586285036 0.9257816258651107 215
1615586378348 0.915473329709537 216
1615586471304 0.9195024549071469 217
1615586564683 0.9214368409185267 218
1615586658339 0.9230851028392564 219
1615586751799 0.9251103249948416 220
1615586845119 0.9225780390091797 221
1615586938064 0.925333339331755 222
1615587031624 0.9255209921011284 223
1615587124038 0.919107035469653 224
1615587217436 0.9204853839838683 225
1615587310617 0.9156714430940684 226
1615587404230 0.9242470749278566 227
1615587497542 0.9221292075826161 228
1615587590097 0.9206334236842483 229
1615587683636 0.9277875921619472 230
1615587777076 0.9181475034400598 231
1615587870862 0.9193109118226749 232
1615587963847 0.9221248373166838 233
1615588057076 0.9233625108626351 234
1615588150187 0.9193655541583673 235
1615588243457 0.917342467539346 236
1615588336903 0.9248002269374791 237
1615588430163 0.9269527837411681 238
1615588523596 0.9224851549561344 239
1615588616910 0.9208388902358154 240
1615588710937 0.9195189734003437 241
1615588803998 0.9195871433215355 242
1615588897861 0.917335380369158 243
1615588991603 0.9216309158659693 244
1615589085192 0.9241064333204013 245
1615589178512 0.9204896172480797 246
1615589272120 0.9243645521242227 247
1615589365467 0.9279554579684983 248
1615589459159 0.9296848653857388 249
