1615566275407 21.175780516878948 0
1615566369224 16.996884913723694 1
1615566462738 16.113647477911393 2
1615566556204 14.678597700434024 3
1615566650375 14.260843476001147 4
1615566745829 13.826789449286156 5
1615566839006 14.079789951701985 6
1615566932445 12.997107187576427 7
1615567026607 13.451141347466315 8
1615567119710 12.880803251109828 9
1615567212901 13.166574410779523 10
1615567306233 13.51080032568464 11
1615567399272 13.22538317856479 12
1615567491772 12.890235327565708 13
1615567584834 13.607031416642265 14
1615567677915 13.417484475971174 15
1615567771484 12.021969687393696 16
1615567864457 12.446748669276431 17
1615567956625 11.47321010085057 18
1615568049826 14.077685407475384 19
1615568142929 12.672385947504099 20
1615568235286 11.304187122728125 21
1615568328906 11.376950029553651 22
1615568422821 12.962661828177495 23
1615568516276 12.7908557399141 24
1615568608503 10.960604064811168 25
1615568700839 11.220980941595151 26
1615568794306 11.331735235883464 27
1615568887626 12.085895654579796 28
1615568980693 11.60432775431603 29
1615569073998 10.170654502245435 30
1615569167108 10.542866822452128 31
1615569260060 11.089376675111204 32
1615569352809 10.800510341577438 33
1615569445550 11.079004690166999 34
1615569538698 10.293450601105198 35
1615569631655 10.368838636950409 36
1615569723824 11.261845378958915 37
1615569816971 10.58085246944137 38
1615569909584 10.246788756329272 39
1615570003199 13.149750609641346 40
1615570096548 11.40412516582062 41
1615570189815 10.964934322399111 42
1615570282407 12.755456467605395 43
1615570374821 10.857332478934238 44
1615570467773 10.90299604251232 45
1615570560751 10.578213741735224 46
1615570653999 9.972592965071888 47
1615570747620 12.39158520734227 48
1615570840964 10.299231707773185 49
1615570933822 9.613083595917155 50
1615571026852 9.890070064932415 51
1615571119881 10.127919508437481 52
1615571213375 10.180522200149248 53
1615571306457 9.573889384603623 54
1615571399671 9.779089355242306 55
1615571493113 10.136154785939844 56
1615571586149 9.849669501288078 57
1615571679456 10.039492198736854 58
1615571772298 9.114253627753083 59
1615571864977 10.38528866720071 60
1615571958219 9.103520032560834 61
1615572051295 8.8098642400811 62
1615572143235 9.995419831587991 63
1615572236413 10.03906400133804 64
1615572329525 9.554065267118533 65
1615572421485 10.083087052308557 66
1615572514750 9.205779403177058 67
1615572607927 9.606071471442288 68
1615572700016 8.643725455507422 69
1615572793109 10.07613200125719 70
1615572886186 9.291508336351324 71
1615572979233 9.34448075671716 72
1615573072288 11.052012504176263 73
1615573164133 8.59338475506382 74
1615573256972 9.122881608728225 75
1615573349512 11.567950670674644 76
1615573442384 12.989992654365517 77
1615573534566 12.494917656379686 78
1615573628098 10.832800050103003 79
1615573720197 9.37360193057057 80
1615573813100 9.391837620074416 81
1615573906351 11.419715521488417 82
1615573999457 8.974379329132363 83
1615574092370 8.806490879312124 84
1615574185303 8.629074117068953 85
1615574277848 9.213492000082605 86
1615574370026 8.675228085934075 87
1615574463110 8.443783087210836 88
1615574555868 8.649673916083362 89
1615574648961 9.593259392557238 90
1615574741951 9.087485382209158 91
1615574835408 8.994766560635934 92
1615574928226 9.93593337219847 93
1615575021632 9.323606450228477 94
1615575115035 8.528594046855273 95
1615575208166 9.411758645302337 96
1615575300511 9.10380105412877 97
1615575393326 9.49415519063225 98
1615575485398 8.123750786673336 99
1615575578509 8.228810334039666 100
1615575671152 8.262337121807736 101
1615575763582 8.82112702189365 102
1615575856591 9.34197437128643 103
1615575949926 9.216999618735278 104
1615576043036 10.25665667074353 105
1615576136156 8.075561967575043 106
1615576228170 8.037713957277422 107
1615576321327 8.735854733315898 108
1615576414363 8.508144631279086 109
1615576506800 9.480400601966304 110
1615576599684 8.103092163812525 111
1615576691892 9.288886005948077 112
1615576783993 8.272326039858322 113
1615576877106 8.00817353478204 114
1615576970285 8.25564323758967 115
1615577063432 7.515523259668481 116
1615577155466 10.319132126757399 117
1615577248660 10.429797376113381 118
1615577341889 9.355879188843634 119
1615577435008 7.853637460113634 120
1615577528237 8.746936553119426 121
1615577620497 8.104451682510591 122
1615577713290 7.627854122932696 123
1615577805259 9.106464125728998 124
1615577897306 8.336294073984877 125
1615577989234 7.875689046543517 126
1615578082587 8.323304892754527 127
1615578175311 8.017130028739029 128
1615578268096 8.36476265481777 129
1615578360978 9.09335557827311 130
1615578453845 9.006757775259473 131
1615578546545 9.541828360649294 132
1615578639002 9.5609406332127 133
1615578731589 9.716242811678471 134
1615578824690 7.933289639697561 135
1615578917195 8.053132798730344 136
1615579010463 9.10701928357512 137
1615579103186 9.027663082568377 138
1615579196140 7.546463168059123 139
1615579289270 7.704255756542705 140
1615579382267 7.445513076751645 141
1615579475297 8.415110165418676 142
1615579567475 7.156565332578366 143
1615579660677 8.641316175674422 144
1615579753538 8.729717340774828 145
1615579846221 7.673413723081604 146
1615579947323 7.88410768646932 147
1615580040822 7.398065565685096 148
1615580134059 8.151381885080164 149
1615580227248 6.957874661434974 150
1615580320904 7.959327066899342 151
1615580413142 9.16892984398586 152
1615580505965 7.5820367508455275 153
1615580599022 7.400881237479003 154
1615580692063 6.746091394834468 155
1615580785096 8.099695578354694 156
1615580878046 7.763071591458371 157
1615580971021 7.820665081963871 158
1615581064283 8.605619582438779 159
1615581157794 8.048275408494385 160
1615581251081 7.296660518057141 161
1615581344384 7.68407537406881 162
1615581436698 7.250068330769195 163
1615581529072 8.240783363861384 164
1615581622198 10.4234333926343 165
1615581715597 8.889879978313683 166
1615581809066 7.926483942133916 167
1615581902421 7.5541959349851755 168
1615581995707 8.36343685574164 169
1615582088785 7.560158089538773 170
1615582181920 8.924154209816665 171
1615582275201 7.147523191170184 172
1615582367644 7.972998003352905 173
1615582460863 8.729647719631426 174
1615582554237 9.96171928850894 175
1615582647547 8.65937327023023 176
1615582740739 7.6760318279352235 177
1615582834123 7.602746589972324 178
1615582927441 7.281290912979709 179
1615583020793 7.362989820903434 180
1615583114165 7.80076680974242 181
1615583207174 7.594686418495229 182
1615583299727 8.061083290674636 183
1615583393031 7.899643688566314 184
1615583486349 7.5013486513622265 185
1615583580132 7.220837448481259 186
1615583673557 7.3047258321630695 187
1615583766838 7.847733031941568 188
1615583860026 7.892021230509425 189
1615583952708 6.992435324317849 190
1615584045940 6.908062795991617 191
1615584139555 7.567881470057888 192
1615584232942 7.055365091093021 193
1615584326612 7.467421927198414 194
1615584419592 7.6560365172143765 195
1615584513092 7.8896397691153535 196
1615584606483 7.653808244636334 197
1615584699914 7.016676253110099 198
1615584792126 7.4289520399030025 199
1615584885716 8.057158508311199 200
1615584979109 6.919898086206653 201
1615585072542 7.126212315507265 202
1615585165248 8.051561960513755 203
1615585258930 7.603551547223627 204
1615585351623 7.549101281882403 205
1615585445011 7.339692794952049 206
1615585538746 7.536845705333659 207
1615585631972 7.568386514635241 208
1615585725336 6.988483192162525 209
1615585818890 7.0243399610275805 210
1615585912194 7.331981746259936 211
1615586005742 9.565623420940288 212
1615586099210 6.527435780826705 213
1615586191735 7.253928627189338 214
1615586285036 6.982638328819365 215
1615586378348 7.644534413482127 216
1615586471304 7.035328418398661 217
1615586564683 8.553108447028471 218
1615586658355 7.2117225377650245 219
1615586751799 7.624983214331908 220
1615586845135 7.045056749220293 221
1615586938064 6.7928935879044525 222
1615587031640 6.963795374114872 223
1615587124038 7.5699628259217455 224
1615587217451 8.197732199419159 225
1615587310633 8.386019610110848 226
1615587404230 7.0912030467942335 227
1615587497542 7.094276385904488 228
1615587590097 7.209159661285088 229
1615587683636 7.001201082203316 230
1615587777084 7.490881535530734 231
1615587870862 8.043236226081236 232
1615587963847 8.38338889333384 233
1615588057076 7.1551987621882684 234
1615588150202 7.431099108366931 235
1615588243457 7.81072599082945 236
1615588336903 7.367168391584535 237
1615588430179 7.13775722104458 238
1615588523612 8.27400649053115 239
1615588616910 7.808665894250363 240
1615588710952 7.514284696708219 241
1615588803998 7.460855670258701 242
1615588897861 10.541660271211384 243
1615588991603 8.246135971653262 244
1615589085192 7.094286344044777 245
1615589178512 8.091513107721372 246
1615589272120 7.2553903025251145 247
1615589365467 6.662815718753025 248
1615589459159 6.272200677010292 249
