1615915497961 0.3600363989374531 0
1615915595191 0.29136298708061675 1
1615915693270 0.2613965071255888 2
1615915788977 0.2490612646537041 3
1615915884143 0.23520315262808733 4
1615915979226 0.2247695930265076 5
1615916074310 0.2167773007838203 6
1615916169277 0.20928136904293038 7
1615916264247 0.20177135607891816 8
1615916359440 0.1949452120866349 9
1615916454537 0.18917156875214394 10
1615916549404 0.1849809898369348 11
1615916644342 0.18287369003252105 12
1615916739250 0.17875733037493124 13
1615916834054 0.17546463742184995 14
1615916928653 0.17254007496495746 15
1615917023622 0.16943762572424992 16
1615917118262 0.16650664089726375 17
1615917212488 0.16383784564573375 18
1615917307173 0.16234472901073854 19
1615917401443 0.16017726514893554 20
1615917496539 0.15897416530664774 21
1615917591495 0.15780295287533908 22
1615917686154 0.1561588329536405 23
1615917780757 0.15448487616297027 24
1615917875315 0.15283448219162452 25
1615917969811 0.1511257076342505 26
1615918063926 0.1498366990831615 27
1615918158945 0.14848383698215575 28
1615918253550 0.14710744423652763 29
1615918347686 0.14580233136104975 30
1615918442730 0.14481345564126968 31
1615918537576 0.14393166636299193 32
1615918632284 0.14305846752881796 33
1615918726970 0.1423614418328698 34
1615918820966 0.14152049709414172 35
1615918915432 0.14063331930807593 36
1615919009210 0.139687335032323 37
1615919103817 0.13888426252219854 38
1615919198880 0.13804419367615856 39
1615919293425 0.1371628428573039 40
1615919388398 0.1363571949181357 41
1615919482398 0.1355830806280664 42
1615919576874 0.1348283629930165 43
1615919671649 0.13411333592574592 44
1615919766168 0.1333759372339552 45
1615919861075 0.1327022793520894 46
1615919955391 0.13201967265401315 47
1615920049062 0.1313308706524675 48
1615920143758 0.13065347036318994 49
1615920238583 0.13001240899348632 50
1615920332920 0.12934005111627 51
1615920426910 0.1287446578802508 52
1615920521321 0.12842692956204835 53
1615920615307 0.12796060907953957 54
1615920709645 0.12749840020497982 55
1615920804458 0.1269551473283181 56
1615920898991 0.12643644474427604 57
1615920994021 0.1260156469226879 58
1615921088604 0.12551645986476354 59
1615921183189 0.12499146851461913 60
1615921277493 0.12458164060867692 61
1615921371904 0.1241575057572648 62
1615921465928 0.1236772721688917 63
1615921560154 0.12325152912862544 64
1615921654071 0.12273597927559349 65
1615921748346 0.12225666119702334 66
1615921842218 0.12180227769949233 67
1615921936571 0.12134395312520303 68
1615922031380 0.12095798778889788 69
1615922126042 0.12055827821030297 70
1615922220649 0.12015925131577562 71
1615922315491 0.11972354499627372 72
1615922410325 0.11931543229519723 73
1615922504778 0.11896719927811508 74
1615922598645 0.11860151180393197 75
1615922693375 0.11844694568196297 76
1615922788417 0.11813662555589108 77
1615922883279 0.11779284111250336 78
1615922977957 0.11747041682698837 79
1615923072894 0.11710576000015056 80
1615923167559 0.11671618891057428 81
1615923262134 0.11639633653104321 82
1615923355979 0.11605044937803129 83
1615923450544 0.11574319028561324 84
1615923545220 0.11541809870401472 85
1615923639087 0.11504556200561163 86
1615923733549 0.1147178784012795 87
1615923827346 0.11440181429306578 88
1615923921664 0.11405952654865453 89
1615924016145 0.11370830547033385 90
1615924110791 0.11347887888889206 91
1615924205376 0.11320264272294947 92
1615924299529 0.11290849730604303 93
1615924394061 0.11258008682343877 94
1615924488533 0.11251865323651494 95
1615924582616 0.11242962402643694 96
1615924677112 0.11220088258880401 97
1615924771830 0.11194562759224011 98
1615924866816 0.11165565151776846 99
1615924960862 0.1113789522861015 100
1615925055623 0.1110978529559335 101
1615925150031 0.11080150702883763 102
1615925243732 0.11051810495170475 103
1615925338325 0.11021913145142584 104
1615925432136 0.10993372965986987 105
1615925526353 0.10965544524959718 106
1615925620200 0.10936565521740009 107
1615925714741 0.1090821030775554 108
1615925809232 0.10881134815908357 109
1615925904152 0.10855258259703371 110
1615925998687 0.10826987900268807 111
1615926093034 0.10798474498759364 112
1615926187295 0.10772611788037752 113
1615926281463 0.1075163721960911 114
1615926375350 0.10753404735230446 115
1615926470054 0.10742629244248776 116
1615926564901 0.10722509974200549 117
1615926659654 0.10702275939049337 118
1615926754428 0.1068055420372617 119
1615926848808 0.1065790265765484 120
1615926943728 0.10637148667116872 121
1615927038483 0.10614751016264797 122
1615927133158 0.10590459234908507 123
1615927227736 0.10566587147072184 124
1615927321808 0.10543510255670134 125
1615927416019 0.10520436294015227 126
1615927510979 0.10497650705667133 127
1615927605752 0.10476134419372264 128
1615927700785 0.10452469590747675 129
1615927795854 0.10429195591294309 130
1615927890539 0.10404991324483841 131
1615927985039 0.1038699163663884 132
1615928078984 0.10362777145781535 133
1615928173983 0.10341201735966245 134
1615928268778 0.10317195470496375 135
1615928363171 0.10293894476952387 136
1615928464040 0.10270120071663427 137
1615928559216 0.10247799987428419 138
1615928653487 0.10226306926085754 139
1615928748597 0.10205885498841961 140
1615928843156 0.10184558741756168 141
1615928937966 0.10162929593490272 142
1615929032864 0.10140693771527778 143
1615929128262 0.10121882912183756 144
1615929222884 0.10104706804826935 145
1615929317114 0.10083961440217186 146
1615929411355 0.10062903376801838 147
1615929505950 0.100418255955569 148
1615929600812 0.10022780639022148 149
1615929695414 0.10004924940146209 150
1615929790141 0.0998617399071299 151
1615929884879 0.09966429100189199 152
1615929978745 0.0994991898698432 153
1615930073372 0.09930202721631125 154
1615930167871 0.09909275057235538 155
1615930261946 0.09888163540728005 156
1615930356896 0.09868512214097237 157
1615930451597 0.0985008177483775 158
1615930546327 0.0983253675721475 159
1615930640932 0.09814314392108768 160
1615930735745 0.09795458120317431 161
1615930830204 0.09777240265355579 162
1615930925372 0.09758647239702943 163
1615931020008 0.09739635627445517 164
1615931115003 0.09724077489645747 165
1615931209658 0.09707263094222479 166
1615931304473 0.09690729578971528 167
1615931399077 0.09676056469664882 168
1615931494071 0.09658493706801154 169
1615931588963 0.09641740158131336 170
1615931683894 0.09625224035694885 171
1615931778554 0.09607926652590082 172
1615931873248 0.09596534448885599 173
1615931968778 0.09587419302987142 174
1615932063655 0.0957240414637643 175
1615932157985 0.09558024443324761 176
1615932252553 0.09542685303835191 177
1615932347060 0.09525672702885529 178
1615932441241 0.09510417997243989 179
1615932536585 0.09500398105630149 180
1615932631473 0.09486312941584372 181
1615932726478 0.09468093021747663 182
1615932821419 0.09452445077420367 183
1615932916298 0.09435660164411054 184
1615933011426 0.09420321601731614 185
1615933106009 0.09403962355027684 186
1615933201034 0.09387853092884559 187
1615933295865 0.09372119599304467 188
1615933390515 0.09354939236007896 189
1615933485342 0.09341451438356214 190
1615933580146 0.09324909604863446 191
1615933674987 0.09309174181846942 192
1615933769630 0.09295078348537505 193
1615933864769 0.09280409202053774 194
1615933960015 0.09265747544716818 195
1615934054291 0.09251374626296952 196
1615934148473 0.09236826264317287 197
1615934243576 0.09221284950359777 198
1615934337943 0.09206972111072115 199
1615934432239 0.09192539610894246 200
1615934527338 0.09179004437553138 201
1615934622133 0.09165935040519445 202
1615934716710 0.09152020584221714 203
1615934810607 0.09138200342937257 204
1615934904989 0.09125511661126569 205
1615934999587 0.09111891072884078 206
1615935094020 0.09100834433797719 207
1615935188529 0.09087739322455043 208
1615935283207 0.0907460474468074 209
1615935378311 0.09061511171549663 210
1615935472903 0.09048155807032111 211
1615935567723 0.0903498900896465 212
1615935662333 0.09021418382556456 213
1615935757179 0.09008796310226193 214
1615935851696 0.08995862691078879 215
1615935946405 0.08982738104111902 216
1615936041167 0.08969478206521567 217
1615936136185 0.08956513425238433 218
1615936230889 0.08943077457242293 219
1615936325951 0.08931492575274273 220
1615936420776 0.08917737046412699 221
1615936515454 0.08905188710676304 222
1615936610004 0.08892617417948209 223
1615936704802 0.08879755262909446 224
1615936799348 0.08867769061204327 225
1615936893702 0.08855634614226619 226
1615936987600 0.08842871213855158 227
1615937082185 0.08831649684209852 228
1615937176868 0.08818971472541522 229
1615937271458 0.08806093575041404 230
1615937366219 0.08795830623519467 231
1615937461069 0.08783513201427726 232
1615937555958 0.08771942965548508 233
1615937650680 0.08760175082978089 234
1615937745380 0.08748098910834984 235
1615937840192 0.08735977665694405 236
1615937934714 0.08723915121897127 237
1615938029139 0.08713517097532586 238
1615938123671 0.08701851247851532 239
1615938218701 0.08690100890929957 240
1615938312736 0.08678330002605103 241
1615938407614 0.08668718141929856 242
1615938502306 0.08657217660159103 243
1615938597069 0.08645753863015412 244
1615938692200 0.0863465077704039 245
1615938786211 0.08622871170851307 246
1615938880590 0.08611325299045362 247
1615938975339 0.08600461452633106 248
1615939069991 0.08589110283353439 249
