1615915497963 0.6230780513984944 0
1615915497965 0.6230780513984944 0
1615915595193 0.6856330372671138 1
1615915595195 0.6856330372671138 1
1615915693272 0.7139605488906154 2
1615915693274 0.7139605488906154 2
1615915788979 0.7248876794978085 3
1615915788981 0.7248876794978085 3
1615915884145 0.7389829337485689 4
1615915884147 0.7389829337485689 4
1615915979228 0.7487575064010139 5
1615915979230 0.7487575064010139 5
1615916074312 0.7570428030053054 6
1615916074314 0.7570428030053054 6
1615916169279 0.7648025027392849 7
1615916169281 0.7648025027392849 7
1615916264249 0.7727930040143516 8
1615916264251 0.7727930040143516 8
1615916359442 0.7801603908914683 9
1615916359444 0.7801603908914683 9
1615916454539 0.7863577880531427 10
1615916454541 0.7863577880531427 10
1615916549406 0.7909816479569866 11
1615916549408 0.7909816479569866 11
1615916644344 0.7931257842919103 12
1615916644347 0.7931257842919103 12
1615916739252 0.7975926267018895 13
1615916739254 0.7975926267018895 13
1615916834056 0.8012783760269779 14
1615916834058 0.8012783760269779 14
1615916928655 0.804574866594969 15
1615916928657 0.804574866594969 15
1615917023624 0.8079222585969948 16
1615917023626 0.8079222585969948 16
1615917118265 0.8111781066694416 17
1615917118267 0.8111781066694416 17
1615917212490 0.814117485670503 18
1615917212492 0.814117485670503 18
1615917307176 0.8157567621806441 19
1615917307178 0.8157567621806441 19
1615917401445 0.8181679705985276 20
1615917401447 0.8181679705985276 20
1615917496541 0.8193141729261325 21
1615917496543 0.8193141729261325 21
1615917591498 0.8205810157360965 22
1615917591500 0.8205810157360965 22
1615917686156 0.8223844913983558 23
1615917686158 0.8223844913983558 23
1615917780759 0.8242929063470504 24
1615917780761 0.8242929063470504 24
1615917875317 0.8261366664922776 25
1615917875319 0.8261366664922776 25
1615917969813 0.8280006108003434 26
1615917969815 0.8280006108003434 26
1615918063928 0.8294851044391484 27
1615918063930 0.8294851044391484 27
1615918158947 0.830973461881947 28
1615918158949 0.830973461881947 28
1615918253552 0.8324867121671412 29
1615918253554 0.8324867121671412 29
1615918347688 0.8339377431450953 30
1615918347690 0.8339377431450953 30
1615918442732 0.8349825916029928 31
1615918442734 0.8349825916029928 31
1615918537578 0.8359228046901593 32
1615918537580 0.8359228046901593 32
1615918632286 0.8368855700357976 33
1615918632288 0.8368855700357976 33
1615918726972 0.8376249116128568 34
1615918726974 0.8376249116128568 34
1615918820968 0.8385195533449994 35
1615918820970 0.8385195533449994 35
1615918915434 0.8395572021895115 36
1615918915436 0.8395572021895115 36
1615919009212 0.8405726064810087 37
1615919009214 0.8405726064810087 37
1615919103819 0.841458887824132 38
1615919103821 0.841458887824132 38
1615919198882 0.8424092605473723 39
1615919198884 0.8424092605473723 39
1615919293427 0.8433721119318933 40
1615919293429 0.8433721119318933 40
1615919388400 0.8442905934007244 41
1615919388402 0.8442905934007244 41
1615919482401 0.8451732217280225 42
1615919482403 0.8451732217280225 42
1615919576876 0.8460313219518945 43
1615919576878 0.8460313219518945 43
1615919671652 0.8468488756635196 44
1615919671654 0.8468488756635196 44
1615919766170 0.8476854330382027 45
1615919766172 0.8476854330382027 45
1615919861077 0.8483987743358511 46
1615919861079 0.8483987743358511 46
1615919955393 0.8491479196662165 47
1615919955396 0.8491479196662165 47
1615920049064 0.8499141475228303 48
1615920049066 0.8499141475228303 48
1615920143760 0.8506588965910139 49
1615920143762 0.8506588965910139 49
1615920238585 0.8513644138961061 50
1615920238587 0.8513644138961061 50
1615920332922 0.8521116643141095 51
1615920332924 0.8521116643141095 51
1615920426912 0.8527818204757948 52
1615920426914 0.8527818204757948 52
1615920521323 0.8531429551906301 53
1615920521325 0.8531429551906301 53
1615920615309 0.8536797213192466 54
1615920615311 0.8536797213192466 54
1615920709647 0.8541936805136182 55
1615920709649 0.8541936805136182 55
1615920804460 0.8547958690535571 56
1615920804463 0.8547958690535571 56
1615920898993 0.8553845578995382 57
1615920898995 0.8553845578995382 57
1615920994023 0.8558821501076039 58
1615920994025 0.8558821501076039 58
1615921088606 0.8564598975684585 59
1615921088608 0.8564598975684585 59
1615921183191 0.8570524572657071 60
1615921183193 0.8570524572657071 60
1615921277495 0.8575280917800342 61
1615921277498 0.8575280917800342 61
1615921371906 0.8580048395600104 62
1615921371908 0.8580048395600104 62
1615921465930 0.8585367568485341 63
1615921465932 0.8585367568485341 63
1615921560156 0.8590298250172155 64
1615921560159 0.8590298250172155 64
1615921654073 0.8596204967932605 65
1615921654076 0.8596204967932605 65
1615921748348 0.8601711111980986 66
1615921748350 0.8601711111980986 66
1615921842220 0.8606894701740544 67
1615921842222 0.8606894701740544 67
1615921936573 0.8611976526509999 68
1615921936575 0.8611976526509999 68
1615922031382 0.8616496319018766 69
1615922031384 0.8616496319018766 69
1615922126043 0.8621126640676537 70
1615922126046 0.8621126640676537 70
1615922220651 0.8625756379959806 71
1615922220654 0.8625756379959806 71
1615922315493 0.8630501731637613 72
1615922315496 0.8630501731637613 72
1615922410327 0.8635001628426365 73
1615922410329 0.8635001628426365 73
1615922504780 0.8639041554698008 74
1615922504783 0.8639041554698008 74
1615922598647 0.8643114540472815 75
1615922598649 0.8643114540472815 75
1615922693377 0.8644993683013847 76
1615922693380 0.8644993683013847 76
1615922788419 0.8648583410557973 77
1615922788421 0.8648583410557973 77
1615922883281 0.8652403057445016 78
1615922883283 0.8652403057445016 78
1615922977959 0.8656149245054922 79
1615922977962 0.8656149245054922 79
1615923072896 0.8660285166753565 80
1615923072898 0.8660285166753565 80
1615923167561 0.8664671243773588 81
1615923167563 0.8664671243773588 81
1615923262136 0.8668541146974528 82
1615923262139 0.8668541146974528 82
1615923355981 0.8672394639400034 83
1615923355983 0.8672394639400034 83
1615923450547 0.8675963695140603 84
1615923450549 0.8675963695140603 84
1615923545222 0.8679635357603053 85
1615923545224 0.8679635357603053 85
1615923639089 0.8683837986575031 86
1615923639091 0.8683837986575031 86
1615923733551 0.8687488460651721 87
1615923733554 0.8687488460651721 87
1615923827349 0.8691048544283213 88
1615923827351 0.8691048544283213 88
1615923921666 0.8694961609476389 89
1615923921668 0.8694961609476389 89
1615924016147 0.8698928515123298 90
1615924016150 0.8698928515123298 90
1615924110794 0.8701516200820351 91
1615924110796 0.8701516200820351 91
1615924205378 0.8704474493245398 92
1615924205380 0.8704474493245398 92
1615924299532 0.8707906985516423 93
1615924299534 0.8707906985516423 93
1615924394063 0.8711597084876174 94
1615924394065 0.8711597084876174 94
1615924488535 0.8712260350880364 95
1615924488537 0.8712260350880364 95
1615924582618 0.8713391798167643 96
1615924582620 0.8713391798167643 96
1615924677115 0.8715990818293715 97
1615924677117 0.8715990818293715 97
1615924771832 0.8718970744524777 98
1615924771834 0.8718970744524777 98
1615924866818 0.8722139244710105 99
1615924866821 0.8722139244710105 99
1615924960864 0.8725262723028551 100
1615924960867 0.8725262723028551 100
1615925055625 0.8728370213641827 101
1615925055627 0.8728370213641827 101
1615925150033 0.8731724706360597 102
1615925150036 0.8731724706360597 102
1615925243734 0.8734891032056941 103
1615925243736 0.8734891032056941 103
1615925338327 0.873828465463997 104
1615925338329 0.873828465463997 104
1615925432138 0.8741469911594172 105
1615925432140 0.8741469911594172 105
1615925526355 0.8744653797215961 106
1615925526357 0.8744653797215961 106
1615925620202 0.8747852644664291 107
1615925620205 0.8747852644664291 107
1615925714743 0.8751041159410228 108
1615925714745 0.8751041159410228 108
1615925809234 0.8754076047715812 109
1615925809236 0.8754076047715812 109
1615925904154 0.8757041105237898 110
1615925904156 0.8757041105237898 110
1615925998689 0.8760317979268288 111
1615925998692 0.8760317979268288 111
1615926093036 0.8763535261531078 112
1615926093038 0.8763535261531078 112
1615926187297 0.8766576699882305 113
1615926187299 0.8766576699882305 113
1615926281465 0.8769004430957884 114
1615926281467 0.8769004430957884 114
1615926375352 0.8768692315022619 115
1615926375355 0.8768692315022619 115
1615926470057 0.876992013182817 116
1615926470059 0.876992013182817 116
1615926564903 0.8772250666998581 117
1615926564906 0.8772250666998581 117
1615926659656 0.8774447470438957 118
1615926659659 0.8774447470438957 118
1615926754431 0.8776958328143536 119
1615926754433 0.8776958328143536 119
1615926848811 0.8779588819677756 120
1615926848814 0.8779588819677756 120
1615926943730 0.8781983115490871 121
1615926943733 0.8781983115490871 121
1615927038485 0.8784496396949074 122
1615927038488 0.8784496396949074 122
1615927133160 0.8787304443564149 123
1615927133163 0.8787304443564149 123
1615927227739 0.8789907229920818 124
1615927227741 0.8789907229920818 124
1615927321810 0.8792548327062703 125
1615927321813 0.8792548327062703 125
1615927416021 0.8795150923418448 126
1615927416024 0.8795150923418448 126
1615927510981 0.8797759412724431 127
1615927510983 0.8797759412724431 127
1615927605754 0.880031816506622 128
1615927605756 0.880031816506622 128
1615927700787 0.8803061133526459 129
1615927700790 0.8803061133526459 129
1615927795857 0.8805755515619677 130
1615927795860 0.8805755515619677 130
1615927890541 0.8808491317553621 131
1615927890544 0.8808491317553621 131
1615927985042 0.8810661139106516 132
1615927985045 0.8810661139106516 132
1615928078986 0.8813333862085008 133
1615928078988 0.8813333862085008 133
1615928173985 0.8815802549606627 134
1615928173988 0.8815802549606627 134
1615928268780 0.8818444100166059 135
1615928268783 0.8818444100166059 135
1615928363173 0.882102946833917 136
1615928363175 0.882102946833917 136
1615928464042 0.8823754065977287 137
1615928464044 0.8823754065977287 137
1615928559218 0.8826307940527731 138
1615928559221 0.8826307940527731 138
1615928653490 0.882886492308062 139
1615928653492 0.882886492308062 139
1615928748600 0.8831194620967899 140
1615928748602 0.8831194620967899 140
1615928843158 0.8833703539975021 141
1615928843160 0.8833703539975021 141
1615928937968 0.8836184292436794 142
1615928937970 0.8836184292436794 142
1615929032866 0.8838675653196677 143
1615929032869 0.8838675653196677 143
1615929128264 0.8840821912603252 144
1615929128267 0.8840821912603252 144
1615929222887 0.8842725060987576 145
1615929222889 0.8842725060987576 145
1615929317117 0.8845063579576165 146
1615929317120 0.8845063579576165 146
1615929411357 0.884743782430932 147
1615929411360 0.884743782430932 147
1615929505953 0.8849776873099535 148
1615929505955 0.8849776873099535 148
1615929600815 0.8851946345042082 149
1615929600817 0.8851946345042082 149
1615929695416 0.8854044350802164 150
1615929695419 0.8854044350802164 150
1615929790143 0.8856141955075227 151
1615929790146 0.8856141955075227 151
1615929884881 0.8858460072417446 152
1615929884883 0.8858460072417446 152
1615929978747 0.8860425701399893 153
1615929978749 0.8860425701399893 153
1615930073375 0.8862663480855403 154
1615930073377 0.8862663480855403 154
1615930167873 0.8865001844491704 155
1615930167875 0.8865001844491704 155
1615930261949 0.8867459302148879 156
1615930261952 0.8867459302148879 156
1615930356898 0.8869696635937313 157
1615930356901 0.8869696635937313 157
1615930451599 0.8871838027214644 158
1615930451601 0.8871838027214644 158
1615930546329 0.8873829709821196 159
1615930546331 0.8873829709821196 159
1615930640934 0.8875951563055872 160
1615930640937 0.8875951563055872 160
1615930735747 0.8878154592402859 161
1615930735750 0.8878154592402859 161
1615930830206 0.8880280904354528 162
1615930830208 0.8880280904354528 162
1615930925374 0.8882338162948936 163
1615930925376 0.8882338162948936 163
1615931020010 0.8884485486576399 164
1615931020013 0.8884485486576399 164
1615931115005 0.8886291247150612 165
1615931115008 0.8886291247150612 165
1615931209660 0.8888170540859505 166
1615931209663 0.8888170540859505 166
1615931304475 0.8890076717881412 167
1615931304478 0.8890076717881412 167
1615931399079 0.8891740668501533 168
1615931399082 0.8891740668501533 168
1615931494073 0.8893730498879777 169
1615931494076 0.8893730498879777 169
1615931588966 0.8895682851876027 170
1615931588968 0.8895682851876027 170
1615931683896 0.8897551256579467 171
1615931683899 0.8897551256579467 171
1615931778558 0.8899458629402882 172
1615931778560 0.8899458629402882 172
1615931873250 0.8900746656056097 173
1615931873252 0.8900746656056097 173
1615931968780 0.8901802919588993 174
1615931968783 0.8901802919588993 174
1615932063658 0.890344699007854 175
1615932063660 0.890344699007854 175
1615932157987 0.8905142492633765 176
1615932157990 0.8905142492633765 176
1615932252556 0.8906950938524575 177
1615932252558 0.8906950938524575 177
1615932347062 0.8908937518934279 178
1615932347065 0.8908937518934279 178
1615932441244 0.891063209029708 179
1615932441246 0.891063209029708 179
1615932536587 0.8911804921379494 180
1615932536590 0.8911804921379494 180
1615932631475 0.8913387926626863 181
1615932631477 0.8913387926626863 181
1615932726480 0.8915445465807512 182
1615932726482 0.8915445465807512 182
1615932821421 0.891723972866414 183
1615932821424 0.891723972866414 183
1615932916300 0.8919117958877366 184
1615932916303 0.8919117958877366 184
1615933011428 0.8920884904977934 185
1615933011430 0.8920884904977934 185
1615933106012 0.8922741668713171 186
1615933106014 0.8922741668713171 186
1615933201036 0.8924636646200804 187
1615933201039 0.8924636646200804 187
1615933295867 0.8926426533068026 188
1615933295870 0.8926426533068026 188
1615933390517 0.8928413684802522 189
1615933390519 0.8928413684802522 189
1615933485344 0.8930008380034915 190
1615933485346 0.8930008380034915 190
1615933580148 0.8931871114483455 191
1615933580151 0.8931871114483455 191
1615933674989 0.8933631131551822 192
1615933674991 0.8933631131551822 192
1615933769632 0.8935249649130972 193
1615933769635 0.8935249649130972 193
1615933864771 0.8936896315224427 194
1615933864774 0.8936896315224427 194
1615933960018 0.8938551839838776 195
1615933960020 0.8938551839838776 195
1615934054293 0.894023397907358 196
1615934054296 0.894023397907358 196
1615934148475 0.8941869766245155 197
1615934148478 0.8941869766245155 197
1615934243578 0.8943660336381818 198
1615934243580 0.8943660336381818 198
1615934337945 0.8945302610963912 199
1615934337947 0.8945302610963912 199
1615934432241 0.8946957312742294 200
1615934432244 0.8946957312742294 200
1615934527341 0.8948502372658542 201
1615934527343 0.8948502372658542 201
1615934622135 0.8949990289599526 202
1615934622138 0.8949990289599526 202
1615934716712 0.8951584035775983 203
1615934716714 0.8951584035775983 203
1615934810609 0.895321195855232 204
1615934810612 0.895321195855232 204
1615934904991 0.895468531595347 205
1615934904994 0.895468531595347 205
1615934999589 0.8956241984957418 206
1615934999592 0.8956241984957418 206
1615935094022 0.8957569160047983 207
1615935094025 0.8957569160047983 207
1615935188532 0.8959070278098453 208
1615935188534 0.8959070278098453 208
1615935283209 0.8960556275986381 209
1615935283212 0.8960556275986381 209
1615935378313 0.8962046539803186 210
1615935378316 0.8962046539803186 210
1615935472906 0.896361129605207 211
1615935472908 0.896361129605207 211
1615935567725 0.8965138687696256 212
1615935567727 0.8965138687696256 212
1615935662336 0.8966698236547823 213
1615935662338 0.8966698236547823 213
1615935757182 0.8968088843709411 214
1615935757184 0.8968088843709411 214
1615935851698 0.8969565470874895 215
1615935851701 0.8969565470874895 215
1615935946408 0.8971054071896284 216
1615935946410 0.8971054071896284 216
1615936041169 0.8972566301873077 217
1615936041172 0.8972566301873077 217
1615936136188 0.8974026987013158 218
1615936136190 0.8974026987013158 218
1615936230891 0.8975568876365446 219
1615936230894 0.8975568876365446 219
1615936325954 0.8976898270886771 220
1615936325956 0.8976898270886771 220
1615936420778 0.8978464513848292 221
1615936420781 0.8978464513848292 221
1615936515457 0.8979879346583353 222
1615936515459 0.8979879346583353 222
1615936610007 0.8981300044061635 223
1615936610010 0.8981300044061635 223
1615936704804 0.8982787005064593 224
1615936704806 0.8982787005064593 224
1615936799350 0.8984187553614459 225
1615936799353 0.8984187553614459 225
1615936893705 0.8985537816358564 226
1615936893708 0.8985537816358564 226
1615936987603 0.8986982020938924 227
1615936987605 0.8986982020938924 227
1615937082188 0.8988307867375692 228
1615937082190 0.8988307867375692 228
1615937176870 0.898971038507291 229
1615937176872 0.898971038507291 229
1615937271460 0.8991168232057825 230
1615937271462 0.8991168232057825 230
1615937366221 0.899239248822611 231
1615937366224 0.899239248822611 231
1615937461072 0.8993803432433084 232
1615937461074 0.8993803432433084 232
1615937555960 0.8995112099519986 233
1615937555962 0.8995112099519986 233
1615937650683 0.89964693112174 234
1615937650685 0.89964693112174 234
1615937745383 0.8997850420717745 235
1615937745385 0.8997850420717745 235
1615937840195 0.8999234575606276 236
1615937840197 0.8999234575606276 236
1615937934716 0.9000595404875013 237
1615937934718 0.9000595404875013 237
1615938029141 0.9001739593150033 238
1615938029144 0.9001739593150033 238
1615938123673 0.9003045903219936 239
1615938123676 0.9003045903219936 239
1615938218703 0.9004397370823746 240
1615938218705 0.9004397370823746 240
1615938312739 0.9005735163279707 241
1615938312741 0.9005735163279707 241
1615938407616 0.9006882035281872 242
1615938407619 0.9006882035281872 242
1615938502308 0.9008183651534253 243
1615938502311 0.9008183651534253 243
1615938597071 0.9009463859126854 244
1615938597074 0.9009463859126854 244
1615938692202 0.9010731861184695 245
1615938692204 0.9010731861184695 245
1615938786214 0.9012087631415302 246
1615938786217 0.9012087631415302 246
1615938880592 0.9013421905624283 247
1615938880595 0.9013421905624283 247
1615938975342 0.9014685992954253 248
1615938975345 0.9014685992954253 248
1615939069993 0.901597133436087 249
1615939069996 0.901597133436087 249
