1615915497957 0.6230780513984944 0
1615915595187 0.7481880231357333 1
1615915693266 0.7706155721376191 2
1615915788973 0.7576690713193879 3
1615915884139 0.7953639507516107 4
1615915979222 0.7976303696632385 5
1615916074306 0.8067545826310543 6
1615916169274 0.8191204008771412 7
1615916264243 0.8367170142148858 8
1615916359436 0.8464668727855185 9
1615916454533 0.8483317596698875 10
1615916549400 0.8418441068992686 11
1615916644339 0.8188554203109955 12
1615916739246 0.8556615780316182 13
1615916834051 0.852878866578216 14
1615916928648 0.8540222251148366 15
1615917023617 0.8614805306294071 16
1615917118258 0.8665275239010355 17
1615917212483 0.8670263076896099 18
1615917307169 0.8469030158733254 19
1615917401439 0.866392138956198 20
1615917496534 0.8433844218058373 21
1615917591491 0.8484515575553054 22
1615917686149 0.8638644316303197 23
1615917780753 0.8700948651157209 24
1615917875311 0.872230670122958 25
1615917969807 0.8764631628100552 26
1615918063922 0.869566432686884 27
1615918158940 0.8726474702803056 28
1615918253546 0.8763709704377758 29
1615918347682 0.8774686724837146 30
1615918442726 0.8673728937978176 31
1615918537572 0.8660096234794873 32
1615918632280 0.8686568264418574 33
1615918726966 0.8627625252328702 34
1615918820962 0.8698320139699908 35
1615918915428 0.8769125605919468 36
1615919009206 0.8781425652664099 37
1615919103812 0.8751375788628165 38
1615919198875 0.879473796753741 39
1615919293420 0.881886167312736 40
1615919388393 0.8819483336228043 41
1615919482394 0.8822436114745353 42
1615919576870 0.8829296315783886 43
1615919671645 0.8828212389750267 44
1615919766163 0.8853305148989407 45
1615919861071 0.8812124740276763 46
1615919955387 0.8843577501933966 47
1615920049057 0.8866930846402894 48
1615920143754 0.8871516009320074 49
1615920238578 0.8866402791507209 50
1615920332915 0.8902214356322786 51
1615920426906 0.8876299408834372 52
1615920521317 0.8722830950769026 53
1615920615303 0.8826650922645384 54
1615920709641 0.8824614362040563 55
1615920804454 0.8885184272901335 56
1615920898987 0.888939822120453 57
1615920994016 0.8847424981754217 58
1615921088599 0.8905469977588796 59
1615921183185 0.8926060391006185 60
1615921277489 0.8865417971539853 61
1615921371900 0.8875632019185308 62
1615921465923 0.8920475460255324 63
1615921560150 0.8905861878128194 64
1615921654067 0.8980141622361852 65
1615921748341 0.896511661917416 66
1615921842214 0.8954195215630887 67
1615921936566 0.8957540610832955 68
1615922031375 0.8928362002123648 69
1615922126037 0.8945249156720603 70
1615922220645 0.8954467869071818 71
1615922315487 0.8972167052439789 72
1615922410320 0.8963494094005272 73
1615922504774 0.8937996098799492 74
1615922598641 0.8948588473583335 75
1615922693371 0.8787808516132298 76
1615922788413 0.8924992431455584 77
1615922883274 0.8950335514634403 78
1615922977953 0.8952098066237435 79
1615923072889 0.8991158902645111 80
1615923167555 0.9019943482395428 81
1615923262130 0.8985873209451561 82
1615923355974 0.8992234510717108 83
1615923450540 0.8975764377348459 84
1615923545216 0.8991726666911325 85
1615923639083 0.9045264078165168 86
1615923733545 0.9005079705323746 87
1615923827342 0.9004335903854512 88
1615923921659 0.9043224411669062 89
1615924016141 0.9055950023345093 90
1615924110787 0.8936995599252074 91
1615924205372 0.8976637396349836 92
1615924299525 0.9027128766721754 93
1615924394057 0.9058466424692923 94
1615924488528 0.8775270621278393 95
1615924582612 0.882201073774651 96
1615924677108 0.8968095770522729 97
1615924771826 0.9011003515168802 98
1615924866811 0.9035820763057737 99
1615924960857 0.9037610554873053 100
1615925055618 0.904222676558281 101
1615925150027 0.9073882963675172 102
1615925243727 0.9061022578780331 103
1615925338321 0.9091221403274963 104
1615925432132 0.907592189178538 105
1615925526349 0.9082145673125538 106
1615925620195 0.9090129321635659 107
1615925714736 0.9095400751971486 108
1615925809227 0.9084878873024413 109
1615925904148 0.9083197432667461 110
1615925998683 0.9124050996641615 111
1615926093029 0.912387087496359 112
1615926187290 0.9110259233570811 113
1615926281458 0.9045765773573918 114
1615926375346 0.8732798982467225 115
1615926470049 0.8912346881272187 116
1615926564896 0.9044923281936503 117
1615926659650 0.9033670276403427 118
1615926754424 0.9075750394988416 119
1615926848804 0.9095247803784129 120
1615926943723 0.9071692908877758 121
1615927038479 0.9091116734849873 122
1615927133154 0.9132694177218338 123
1615927227732 0.9112652738147707 124
1615927321804 0.9122685469798187 125
1615927416014 0.9123078064242406 126
1615927510974 0.9129037554584333 127
1615927605747 0.9127838464815226 128
1615927700780 0.9156904064897281 129
1615927795849 0.9156025187737906 130
1615927890534 0.9166881370900283 131
1615927985035 0.9097077584088739 132
1615928078979 0.9168806018224404 133
1615928173979 0.9146606677503728 134
1615928268773 0.9175053425689241 135
1615928363162 0.9172639539882318 136
1615928464035 0.919702394239938 137
1615928559211 0.9178742628488967 138
1615928653481 0.9184285497932292 139
1615928748592 0.91573523251868 140
1615928843151 0.9187461119979176 141
1615928937961 0.9188451142008625 142
1615929032859 0.919494024185992 143
1615929128258 0.9149883267149996 144
1615929222880 0.9118681576714587 145
1615929317110 0.9186487293510295 146
1615929411350 0.9196451800083046 147
1615929505946 0.9195956094051475 148
1615929600807 0.917519766448149 149
1615929695410 0.9168745214814571 150
1615929790136 0.917288020030776 151
1615929884875 0.9210813908434626 152
1615929978741 0.9161166935714323 153
1615930073368 0.9207281517003899 154
1615930167866 0.9227448208118553 155
1615930261942 0.9250822696667999 156
1615930356891 0.9220958040721381 157
1615930451592 0.9210177849032986 158
1615930546323 0.9190507244263122 159
1615930640927 0.9215448080603756 160
1615930735740 0.923284231726803 161
1615930830199 0.9224743440524855 162
1615930925367 0.9217671313837393 163
1615931020003 0.9236646561480281 164
1615931114998 0.9184241741895676 165
1615931209652 0.9200133296535976 166
1615931304468 0.9208408280539868 167
1615931399073 0.9171284372682003 168
1615931494066 0.9230011832803043 169
1615931588959 0.9227582861238451 170
1615931683889 0.9217048460867867 171
1615931778550 0.9227526755030475 172
1615931873243 0.9123575267062258 173
1615931968773 0.9085592774312887 174
1615932063651 0.9191159325749126 175
1615932157981 0.9203550942353348 176
1615932252549 0.9227045861197941 177
1615932347055 0.926254883186141 178
1615932441237 0.9213960364238539 179
1615932536581 0.9122914516214115 180
1615932631468 0.9199911876400905 181
1615932726473 0.9289917596685353 182
1615932821414 0.9245589831426962 183
1615932916293 0.9264712318110822 184
1615933011421 0.9247769933583131 185
1615933106005 0.9268099723467186 186
1615933201029 0.9278997436388216 187
1615933295860 0.9262925264105868 188
1615933390511 0.9303985362622276 189
1615933485338 0.9233000474189644 190
1615933580141 0.9287653394154648 191
1615933674982 0.9271554408678367 192
1615933769625 0.9247623541906699 193
1615933864765 0.9256349537354797 194
1615933960011 0.9261379139636879 195
1615934054287 0.9269933269095065 196
1615934148469 0.9264119839045539 197
1615934243571 0.9298193223440825 198
1615934337938 0.9272115252800842 199
1615934432235 0.92778976684186 200
1615934527333 0.9259059415824378 201
1615934622128 0.9250549511678183 202
1615934716705 0.9275114509596754 203
1615934810602 0.9285308204924883 204
1615934904985 0.9256723583189409 205
1615934999583 0.9276915799770782 206
1615935094016 0.9232294403794986 207
1615935188525 0.9271302832596338 208
1615935283203 0.9271129834562984 209
1615935378306 0.9275001941332176 210
1615935472899 0.9293774864566859 211
1615935567718 0.9288945716263642 212
1615935662329 0.9298882141931734 213
1615935757174 0.92656787762891 214
1615935851692 0.9287040311453948 215
1615935946400 0.9292591892516435 216
1615936041162 0.9300720206837156 217
1615936136181 0.9292456347550919 218
1615936230885 0.931324264451639 219
1615936325947 0.9269365065578204 220
1615936420771 0.9324604208344844 221
1615936515449 0.9293972213766468 222
1615936609999 0.9298115581718843 223
1615936704797 0.9315866269727251 224
1615936799342 0.9299310977334407 225
1615936893697 0.9290697196526314 226
1615936987595 0.9314816460680606 227
1615937082179 0.9290600854959061 228
1615937176863 0.9310886937735686 229
1615937271453 0.9326473038587997 230
1615937366214 0.9275195663099858 231
1615937461064 0.9321142488451146 232
1615937555953 0.9300031530768124 233
1615937650675 0.9314056848412129 234
1615937745375 0.9322411153298705 235
1615937840188 0.9325895129299876 236
1615937934709 0.9323111941565329 237
1615938029133 0.9274056402604971 238
1615938123666 0.9315254009926497 239
1615938218696 0.9328749595738169 240
1615938312731 0.9328143145166227 241
1615938407609 0.9284425059806055 242
1615938502300 0.9324476400862879 243
1615938597064 0.9321834511721312 244
1615938692195 0.9321392365355989 245
1615938786207 0.9345607108144618 246
1615938880585 0.9342987635242406 247
1615938975335 0.9328179650787097 248
1615939069986 0.9336021344608335 249
