1615915497954 0.3600363989374531 0
1615915595184 0.22268957522378038 1
1615915693263 0.2014635472155329 2
1615915788971 0.21205553723804987 3
1615915884137 0.1797707045256202 4
1615915979220 0.1726017950186089 5
1615916074303 0.1688235473276964 6
1615916169271 0.15680984685670085 7
1615916264241 0.14169125236682037 8
1615916359433 0.13350991615608557 9
1615916454531 0.1314351354072343 10
1615916549398 0.13888462176963465 11
1615916644337 0.1575860923795558 12
1615916739243 0.12524465482626387 13
1615916834048 0.1293669360787121 14
1615916928646 0.12867163811156998 15
1615917023615 0.11979843787292936 16
1615917118255 0.1166798988384987 17
1615917212480 0.11579953111819367 18
1615917307167 0.13397551294582993 19
1615917401436 0.1168279879128755 20
1615917496532 0.1337090686186036 21
1615917591489 0.13203627938654885 22
1615917686147 0.11834407475457262 23
1615917780750 0.11430991318688463 24
1615917875309 0.11157463290798131 25
1615917969804 0.10669756914252665 26
1615918063919 0.11503346820375812 27
1615918158938 0.11060369815399397 28
1615918253543 0.10719205461331267 29
1615918347679 0.1066489450967134 30
1615918442723 0.11415830832808765 31
1615918537569 0.11571440945810346 32
1615918632277 0.11424290600107677 33
1615918726963 0.11866256817063289 34
1615918820960 0.11208743123865839 35
1615918915425 0.10869491900970686 36
1615919009203 0.10468591682946504 37
1615919103810 0.10836750713746938 38
1615919198873 0.10528150868059984 39
1615919293418 0.10190881010311753 40
1615919388390 0.10332562941223827 41
1615919482392 0.10307028044515582 42
1615919576867 0.10237550468587164 43
1615919671643 0.10265214496584081 44
1615919766160 0.10019299610337215 45
1615919861068 0.10171401678626217 46
1615919955384 0.09993715784442958 47
1615920049054 0.09826837457827668 48
1615920143751 0.09746085618858907 49
1615920238575 0.09795934050830442 50
1615920332912 0.0950497993782385 51
1615920426903 0.09778420960725244 52
1615920521314 0.11158732869731847 53
1615920615300 0.10277930302406425 54
1615920709639 0.10207691210419384 55
1615920804451 0.09653298623526274 56
1615920898984 0.09687039745387746 57
1615920994014 0.10160937327057568 58
1615921088597 0.09606442344722463 59
1615921183183 0.09349198750595548 60
1615921277486 0.09958213834620233 61
1615921371898 0.09786114496971245 62
1615921465921 0.09342255610138622 63
1615921560147 0.09600397455158519 64
1615921654065 0.08922523882851671 65
1615921748339 0.0906216680113949 66
1615921842211 0.09135858336491372 67
1615921936564 0.09017788207353052 68
1615922031373 0.09432637958384271 69
1615922126035 0.09257860770866053 70
1615922220643 0.0918283418043336 71
1615922315485 0.08835268999213602 72
1615922410318 0.08952320511661359 73
1615922504771 0.09319795601403535 74
1615922598639 0.09117495124019794 75
1615922693368 0.10669992041231981 76
1615922788410 0.09424197584835452 77
1615922883272 0.09097765452826201 78
1615922977951 0.09199889827130446 79
1615923072887 0.08793321385312436 80
1615923167552 0.08516093065489584 81
1615923262127 0.09016844140949534 82
1615923355972 0.08734181567804138 83
1615923450537 0.08993342652249692 84
1615923545213 0.08778531426814065 85
1615923639080 0.08300740594294534 86
1615923733542 0.08620940482438501 87
1615923827340 0.08658817277025821 88
1615923921656 0.08359591729605376 89
1615924016138 0.08209840842147371 90
1615924110785 0.09260105997768801 91
1615924205370 0.08778891545623096 92
1615924299522 0.08555297353374425 93
1615924394054 0.08170950145863776 94
1615924488526 0.10668246247875157 95
1615924582609 0.10388281985894958 96
1615924677105 0.09001296313840952 97
1615924771824 0.08693063792897694 98
1615924866809 0.08294802014507464 99
1615924960856 0.08370902911940617 100
1615925055616 0.0827068206089646 101
1615925150024 0.08057422246505964 102
1615925243725 0.08132769100701631 103
1615925338318 0.0791258874224193 104
1615925432129 0.07996654154649421 105
1615925526347 0.080157297760693 106
1615925620193 0.07835812177231062 107
1615925714734 0.07845847197433016 108
1615925809225 0.07929906204565247 109
1615925904145 0.08008837077155043 110
1615925998680 0.07688978003032172 111
1615926093027 0.07604973529701803 112
1615926187288 0.07850125476495544 113
1615926281456 0.08360536418743987 114
1615926375343 0.10956669031684078 115
1615926470047 0.09492672290374983 116
1615926564893 0.0836855537855803 117
1615926659646 0.08314659791206246 118
1615926754422 0.0809566770026933 119
1615926848802 0.07939717129095276 120
1615926943720 0.08125915812022651 121
1615927038476 0.0788223761231152 122
1615927133151 0.07602570128085008 123
1615927227730 0.07606448255368133 124
1615927321801 0.07658898830413818 125
1615927416011 0.07613117125496935 126
1615927510972 0.07603880985459285 127
1615927605744 0.07722049773629032 128
1615927700777 0.07399706698175687 129
1615927795847 0.07403575662356704 130
1615927890532 0.07234232372312403 131
1615927985033 0.08011032841098842 132
1615928078977 0.07142249861759926 133
1615928173976 0.07450096820717428 134
1615928268771 0.07076349632063908 135
1615928363129 0.07124959354969992 136
1615928464032 0.07013026547076097 137
1615928559206 0.07167628362997254 138
1615928653477 0.07238771399455284 139
1615928748588 0.0734688568471083 140
1615928843146 0.07177485992659384 141
1615928937957 0.07091590539732975 142
1615929032857 0.06960971230891214 143
1615929128255 0.07413119166644651 144
1615929222877 0.07614171238087897 145
1615929317107 0.07055138207193631 146
1615929411348 0.06967368054745803 147
1615929505943 0.06922313971305961 148
1615929600805 0.07185082115344148 149
1615929695407 0.0732657010875531 150
1615929790134 0.07154780626296997 151
1615929884872 0.06965205740572801 152
1615929978738 0.0742387166663782 153
1615930073365 0.06893897857238997 154
1615930167863 0.06665487075919535 155
1615930261939 0.06594766965552942 156
1615930356889 0.06783253933066752 157
1615930451589 0.06938072371838698 158
1615930546320 0.07042878955157834 159
1615930640925 0.06898735975151632 160
1615930735737 0.06759598361912059 161
1615930830197 0.06825947761535645 162
1615930925365 0.06727984058323191 163
1615931020000 0.06621731217227765 164
1615931114996 0.07156984752683497 165
1615931209650 0.06916073453960134 166
1615931304466 0.06929632532062815 167
1615931399070 0.07210974106148108 168
1615931494064 0.0669038678283122 169
1615931588956 0.06793636884262312 170
1615931683886 0.06800967099061653 171
1615931778547 0.06632776758564052 172
1615931873241 0.0762568320801009 173
1615931968771 0.08001383916655583 174
1615932063648 0.06944751739501953 175
1615932157978 0.0702719670623096 176
1615932252547 0.06827657614181291 177
1615932347052 0.06497429733845725 178
1615932441234 0.06779825687408447 179
1615932536578 0.07696817615138951 180
1615932631465 0.06936898249298779 181
1615932726470 0.061520676114665926 182
1615932821412 0.06588871265525248 183
1615932916291 0.06347236170697568 184
1615933011419 0.06582687506035192 185
1615933106002 0.06361142468096605 186
1615933201026 0.06375421072120097 187
1615933295857 0.06414222806247312 188
1615933390508 0.06107850572956142 189
1615933485335 0.06778769884536516 190
1615933580138 0.06165419407744906 191
1615933674979 0.06287972962678369 192
1615933769623 0.06574582519815929 193
1615933864762 0.06434594784209978 194
1615933960008 0.06406724364010256 195
1615934054284 0.06434282616003235 196
1615934148466 0.06370798954323156 197
1615934243568 0.06144104786773226 198
1615934337936 0.06358717092827185 199
1615934432231 0.06306039575320571 200
1615934527331 0.06458434595990536 201
1615934622126 0.0652591683971348 202
1615934716703 0.06327385955782079 203
1615934810600 0.06318871120908368 204
1615934904983 0.06524331889935393 205
1615934999580 0.06306049894930711 206
1615935094013 0.06812110142921333 207
1615935188522 0.06363956163178629 208
1615935283200 0.06329477989851538 209
1615935378303 0.06311860814023373 210
1615935472896 0.0623017389382889 211
1615935567715 0.06243627818662729 212
1615935662326 0.06130874957611312 213
1615935757171 0.06307672831549574 214
1615935851689 0.06215134574406182 215
1615935946397 0.061478273192448404 216
1615936041159 0.060920804294187635 217
1615936136177 0.0613019110551521 218
1615936230882 0.06000600466087683 219
1615936325943 0.06382818542309661 220
1615936420768 0.058777651680049614 221
1615936515446 0.061194581771964456 222
1615936609997 0.060892191395830755 223
1615936704795 0.059986325342263745 224
1615936799339 0.06170873677552636 225
1615936893695 0.061132495972647596 226
1615936987592 0.05945579329533363 227
1615937082177 0.06273140925080029 228
1615937176859 0.05915661000493747 229
1615937271449 0.05844177150014621 230
1615937366211 0.06425088821952023 231
1615937461061 0.05925871276143772 232
1615937555950 0.060760780056910726 233
1615937650673 0.060064905614995244 234
1615937745372 0.05910198457205473 235
1615937840185 0.05875363812517764 236
1615937934706 0.05865092241941993 237
1615938029130 0.06238787298771872 238
1615938123663 0.059137131740797814 239
1615938218693 0.05870015229751815 240
1615938312728 0.05841545916315335 241
1615938407606 0.06342647858520052 242
1615938502297 0.05862600589866069 243
1615938597061 0.05848587359955062 244
1615938692192 0.05914394713159817 245
1615938786204 0.05725088048337111 246
1615938880582 0.057594949629769396 247
1615938975331 0.05906227542393243 248
1615939069983 0.057626691327166205 249
