1615915497959 inf 0
1615915595189 15.599012068545585 1
1615915693268 16.005896212199502 2
1615915788975 15.003637287572534 3
1615915884141 15.025140669864163 4
1615915979225 14.975047881195481 5
1615916074308 14.849326082848677 6
1615916169275 14.374293965948349 7
1615916264245 12.6380763001876 8
1615916359438 12.013166832250345 9
1615916454535 13.368309051970916 10
1615916549402 12.415519518642812 11
1615916644341 14.017511416839454 12
1615916739248 12.03759343934329 13
1615916834053 12.315098355430035 14
1615916928650 11.76484800868845 15
1615917023620 11.616524520222967 16
1615917118260 10.981330559745496 17
1615917212486 11.178687669102546 18
1615917307171 11.39102668255184 19
1615917401441 10.902373388074848 20
1615917496536 13.544338534633816 21
1615917591493 14.029745176090644 22
1615917686152 11.325430640711867 23
1615917780755 11.581292551755977 24
1615917875313 10.78810996177649 25
1615917969809 10.166053908618146 26
1615918063924 10.983622187763208 27
1615918158942 10.202680924635697 28
1615918253548 10.111135466480274 29
1615918347684 10.29899703543118 30
1615918442728 10.782936888938417 31
1615918537574 10.751229853372744 32
1615918632282 11.393910049419825 33
1615918726968 12.605101374092792 34
1615918820964 9.96905416869805 35
1615918915430 11.63874490063687 36
1615919009208 10.310007258177523 37
1615919103815 10.521513786350909 38
1615919198877 10.094161625418346 39
1615919293423 9.759810820377899 40
1615919388395 9.94251220336772 41
1615919482396 9.820574867404824 42
1615919576872 10.078322267663049 43
1615919671648 9.610323166863308 44
1615919766165 9.437752186276095 45
1615919861073 12.195847829999822 46
1615919955389 9.801694272655434 47
1615920049059 9.582355902674374 48
1615920143756 9.707860722645968 49
1615920238580 9.785447998857446 50
1615920332917 9.873381489465594 51
1615920426908 10.041496357949883 52
1615920521319 11.23847251442068 53
1615920615305 10.572494864007568 54
1615920709643 10.185461064222013 55
1615920804456 9.453699640714493 56
1615920898989 9.088976747164141 57
1615920994019 9.81598058452261 58
1615921088602 9.509015301748699 59
1615921183187 8.936121208286671 60
1615921277491 9.976562073383278 61
1615921371902 8.917916138104777 62
1615921465926 9.200679533810314 63
1615921560152 9.981293502820826 64
1615921654069 9.233497785338745 65
1615921748344 8.553908318036374 66
1615921842216 9.627688166465473 67
1615921936569 9.38156754549364 68
1615922031378 8.759653086019249 69
1615922126039 8.783691336419219 70
1615922220647 9.27680681902582 71
1615922315489 9.716942520896524 72
1615922410323 9.640657765872692 73
1615922504776 9.849687424735093 74
1615922598643 8.419537279974683 75
1615922693373 11.188904715180128 76
1615922788415 8.811066221935222 77
1615922883277 9.515172862459421 78
1615922977955 9.041369674505237 79
1615923072892 8.692647410970645 80
1615923167557 9.85647862340427 81
1615923262132 8.9183449250252 82
1615923355976 9.236909991933354 83
1615923450542 9.328332938522957 84
1615923545218 8.6984556340661 85
1615923639085 8.490089519458328 86
1615923733547 8.96379169677085 87
1615923827344 8.687907768362503 88
1615923921661 8.38902123433439 89
1615924016143 8.02805218778269 90
1615924110789 10.275178287997244 91
1615924205374 8.938683866121675 92
1615924299527 9.065412607097771 93
1615924394059 8.018387378068155 94
1615924488531 11.05262824430727 95
1615924582614 10.520915781277596 96
1615924677110 9.135098061676679 97
1615924771828 9.075026557032423 98
1615924866814 8.470410454116156 99
1615924960860 9.258771743577137 100
1615925055621 8.0971523930998 101
1615925150029 7.828544623368553 102
1615925243730 8.610559571981437 103
1615925338323 8.479173182311056 104
1615925432134 7.836953303602595 105
1615925526351 7.935786648393688 106
1615925620198 8.12508213157409 107
1615925714739 7.759754524037578 108
1615925809230 8.147626532218261 109
1615925904150 7.711017408792326 110
1615925998685 7.8866707073009295 111
1615926093032 7.343990883873874 112
1615926187292 8.06074989260645 113
1615926281460 8.182342765258213 114
1615926375348 11.575646683528971 115
1615926470052 11.352380288787721 116
1615926564898 8.275952907644564 117
1615926659652 8.651283790335311 118
1615926754426 7.769533378966191 119
1615926848806 7.459750233545628 120
1615926943726 8.956927701055555 121
1615927038481 7.396835775775817 122
1615927133156 7.453537269416259 123
1615927227734 8.430823987417467 124
1615927321806 7.715642417630347 125
1615927416017 8.509059501276429 126
1615927510976 7.522707067472994 127
1615927605749 8.139728442120129 128
1615927700783 8.251585813747354 129
1615927795852 7.761143066625092 130
1615927890537 7.352026753457244 131
1615927985037 7.539052297023322 132
1615928078981 7.378586824580762 133
1615928173981 8.703656312295607 134
1615928268776 7.323694374732918 135
1615928363168 8.199512958680785 136
1615928464037 7.782032641812483 137
1615928559213 7.5602869742765835 138
1615928653485 7.603251731413822 139
1615928748595 7.7678263403826815 140
1615928843154 7.815116502051816 141
1615928937963 8.063821733564767 142
1615929032862 6.7375997899502025 143
1615929128260 8.60387638747311 144
1615929222882 7.6465280881829445 145
1615929317112 7.145838171876603 146
1615929411352 7.8582059974183185 147
1615929505948 7.184357961502958 148
1615929600810 7.855372088015723 149
1615929695412 8.698012904704482 150
1615929790139 10.011174101622588 151
1615929884877 7.782303969548459 152
1615929978743 7.426277540592828 153
1615930073370 6.97684292722916 154
1615930167868 6.8782211984165125 155
1615930261944 8.215266080992889 156
1615930356894 7.246129551752164 157
1615930451595 7.96721340389609 158
1615930546325 7.790280344817101 159
1615930640930 8.430447271566523 160
1615930735742 7.169907073469283 161
1615930830202 7.8588234407877104 162
1615930925369 8.7530243136186 163
1615931020005 7.47184804127141 164
1615931115001 7.889240300400466 165
1615931209655 8.027303779754202 166
1615931304471 7.948587516896192 167
1615931399075 8.045331715586515 168
1615931494069 7.511952048420393 169
1615931588961 7.536729903162068 170
1615931683891 8.374279497607306 171
1615931778552 6.819084797678773 172
1615931873245 9.243035664267508 173
1615931968776 9.963237868331756 174
1615932063653 7.986728190418121 175
1615932157983 7.069711062000064 176
1615932252551 8.61306630636088 177
1615932347057 7.449028763212854 178
1615932441239 7.529842480498384 179
1615932536583 9.968233721521456 180
1615932631471 7.493569013475744 181
1615932726475 7.3455924272689685 182
1615932821417 8.182688575660672 183
1615932916296 6.618012176243197 184
1615933011424 7.960013528072808 185
1615933106007 7.8471992860512705 186
1615933201032 8.48117084138266 187
1615933295863 8.382964612967932 188
1615933390513 6.636794196881497 189
1615933485340 6.972824885359502 190
1615933580144 6.235815941256438 191
1615933674984 7.3375404379397535 192
1615933769628 7.748353721044411 193
1615933864767 8.516963640202585 194
1615933960013 10.823043980048718 195
1615934054289 7.743418564866673 196
1615934148471 6.75025143436693 197
1615934243574 7.1634391128756025 198
1615934337941 7.931428019468306 199
1615934432237 7.063462351230127 200
1615934527336 7.46750633186473 201
1615934622131 8.258240120237662 202
1615934716708 7.502569346744668 203
1615934810605 6.924039049200951 204
1615934904987 6.6211279773586105 205
1615934999585 6.920995396769655 206
1615935094018 9.02668114218037 207
1615935188527 8.502436513508005 208
1615935283205 7.327472670322068 209
1615935378308 8.32066490967112 210
1615935472901 7.47943208009788 211
1615935567720 8.00186483481826 212
1615935662331 7.13238851314491 213
1615935757177 7.43954120831046 214
1615935851694 7.199886155784157 215
1615935946403 7.535841456298333 216
1615936041164 6.656287331192237 217
1615936136183 6.098086352644953 218
1615936230887 7.106878328990568 219
1615936325949 8.982394379569197 220
1615936420774 7.364813760523721 221
1615936515452 7.14276031233197 222
1615936610002 6.821129874294485 223
1615936704800 7.338207820716889 224
1615936799345 6.672901855118486 225
1615936893700 7.502111563240784 226
1615936987598 7.33962521373865 227
1615937082182 7.571005444979118 228
1615937176865 6.937043074473913 229
1615937271455 6.313727133045126 230
1615937366217 8.892890090715023 231
1615937461066 6.896498683475447 232
1615937555955 6.935721978349879 233
1615937650678 7.789376406238536 234
1615937745377 7.647298967546647 235
1615937840190 6.913769395941385 236
1615937934711 7.883897589728217 237
1615938029135 8.059348056976349 238
1615938123668 7.033256999789413 239
1615938218698 7.635454724064688 240
1615938312733 7.442226180024268 241
1615938407611 7.797022944020063 242
1615938502303 7.400228726134924 243
1615938597067 7.967936433805566 244
1615938692198 7.127143954248192 245
1615938786209 6.585022129453197 246
1615938880588 7.011618656511073 247
1615938975337 8.466494500066664 248
1615939069989 7.6714651936135345 249
