1617080436260 0.6037399773981343 0
1617080436263 0.6037399773981343 0
1617080562980 0.6662936057063176 1
1617080562982 0.6662936057063176 1
1617080689792 0.6947000136215847 2
1617080689794 0.6947000136215847 2
1617080816271 0.7168605891848974 3
1617080816273 0.7168605891848974 3
1617080942449 0.7282487503946461 4
1617080942451 0.7282487503946461 4
1617081068998 0.7426450228424254 5
1617081069001 0.7426450228424254 5
1617081195318 0.7544314516566717 6
1617081195320 0.7544314516566717 6
1617081321733 0.7582263686010575 7
1617081321736 0.7582263686010575 7
1617081448434 0.7642520654805657 8
1617081448437 0.7642520654805657 8
1617081574459 0.7711370929084878 9
1617081574462 0.7711370929084878 9
1617081700551 0.7765625533062382 10
1617081700553 0.7765625533062382 10
1617081826737 0.7791051960035049 11
1617081826739 0.7791051960035049 11
1617081952798 0.7837970043073749 12
1617081952800 0.7837970043073749 12
1617082078810 0.7890497838659354 13
1617082078812 0.7890497838659354 13
1617082205431 0.7937911563070743 14
1617082205434 0.7937911563070743 14
1617082331246 0.7978444720960243 15
1617082331248 0.7978444720960243 15
1617082457339 0.8014144772624082 16
1617082457342 0.8014144772624082 16
1617082583453 0.8045833415063385 17
1617082583456 0.8045833415063385 17
1617082709524 0.8073390017494075 18
1617082709526 0.8073390017494075 18
1617082835893 0.8087796509404608 19
1617082835895 0.8087796509404608 19
1617082962244 0.8106660420073172 20
1617082962246 0.8106660420073172 20
1617083088319 0.8125594313773444 21
1617083088322 0.8125594313773444 21
1617083214546 0.8146982689842127 22
1617083214549 0.8146982689842127 22
1617083340639 0.8155183522839841 23
1617083340641 0.8155183522839841 23
1617083466711 0.8164273122666366 24
1617083466714 0.8164273122666366 24
1617083592761 0.8182290341848366 25
1617083592763 0.8182290341848366 25
1617083719183 0.8199915964614346 26
1617083719186 0.8199915964614346 26
1617083845323 0.821833861268502 27
1617083845325 0.821833861268502 27
1617083971383 0.8235155520256903 28
1617083971385 0.8235155520256903 28
1617084097732 0.8246718583945581 29
1617084097734 0.8246718583945581 29
1617084224100 0.82598479951597 30
1617084224102 0.82598479951597 30
1617084350259 0.8274058603144133 31
1617084350262 0.8274058603144133 31
1617084476367 0.8288065395483101 32
1617084476369 0.8288065395483101 32
1617084602464 0.8301850640446937 33
1617084602466 0.8301850640446937 33
1617084728475 0.831379373551638 34
1617084728478 0.831379373551638 34
1617084854370 0.8326025772388435 35
1617084854372 0.8326025772388435 35
1617084980400 0.8338248309180732 36
1617084980402 0.8338248309180732 36
1617085106531 0.834931344539553 37
1617085106533 0.834931344539553 37
1617085232474 0.8357382177772075 38
1617085232477 0.8357382177772075 38
1617085358351 0.8367365822681485 39
1617085358353 0.8367365822681485 39
1617085486105 0.8377812254350377 40
1617085486107 0.8377812254350377 40
