1617080436258 0.3797385302233569 0
1617080562977 0.2921295022948625 1
1617080689790 0.2558574137403398 2
1617080816268 0.2302216593215757 3
1617080942447 0.2167532565349594 4
1617081068997 0.20103569713203195 5
1617081195316 0.18861281485678938 6
1617081321731 0.18411512634756558 7
1617081448432 0.17761276645176377 8
1617081574457 0.1707193028280868 9
1617081700549 0.16522065447949635 10
1617081826735 0.16215419209337667 11
1617081952796 0.1572866866733946 12
1617082078808 0.1521022144866411 13
1617082205429 0.14737937753319955 14
1617082331244 0.1434005875068598 15
1617082457337 0.13996297835333923 16
1617082583451 0.1368463075968567 17
1617082709521 0.1340570201427746 18
1617082835891 0.13242185128099743 19
1617082962242 0.1303325927813501 20
1617083088317 0.12841288821602412 21
1617083214544 0.1263216649303618 22
1617083340637 0.1255000387491817 23
1617083466709 0.12438700707351909 24
1617083592759 0.12250397343542155 25
1617083719181 0.12063787951096717 26
1617083845320 0.11875580351709145 27
1617083971380 0.11699978230959757 28
1617084097730 0.1156893139269124 29
1617084224098 0.11431558596516157 30
1617084350257 0.11282006991368304 31
1617084476364 0.11134215017455211 32
1617084602461 0.10989598069195457 33
1617084728473 0.10867204491932253 34
1617084854368 0.10734232681050422 35
1617084980398 0.10600586588986652 36
1617085106528 0.10478451710469679 37
1617085232472 0.10382576793964712 38
1617085358349 0.1027425574128853 39
1617085486099 0.10157734184701346 40
