1617080436256 inf 0
1617080562975 20.568762555719367 1
1617080689788 18.92501183400591 2
1617080816266 17.32213366116844 3
1617080942445 18.71461935505751 4
1617081068994 16.489969006552556 5
1617081195313 15.763228411819213 6
1617081321729 17.835931379898536 7
1617081448430 16.09281544637684 8
1617081574455 14.898772065995995 9
1617081700547 15.038215958441075 10
1617081826733 16.455954681001238 11
1617081952794 15.21199404959094 12
1617082078806 13.592163730532057 13
1617082205427 13.345350507221236 14
1617082331241 13.233163043891471 15
1617082457334 13.488869850620766 16
1617082583449 14.983945098433157 17
1617082709518 14.973380517030524 18
1617082835888 15.605332228208807 19
1617082962239 14.211123182351619 20
1617083088315 13.126365815582759 21
1617083214541 14.247092884625987 22
1617083340635 16.31579700295496 23
1617083466706 14.611854666707572 24
1617083592756 13.258178382403763 25
1617083719178 13.352689246909705 26
1617083845318 12.267491912879308 27
1617083971378 12.057997789079588 28
1617084097727 13.636375535002777 29
1617084224095 13.781742167320663 30
1617084350254 12.268159893010699 31
1617084476361 11.918673340377348 32
1617084602459 11.722428883190604 33
1617084728470 12.505072782479603 34
1617084854365 12.747862001318014 35
1617084980395 11.718086207804637 36
1617085106526 12.119381099244995 37
1617085232470 13.278752478400225 38
1617085358347 12.397574439555662 39
1617085486093 11.016211879717163 40
