1617080436254 0.6037399773981343 0
1617080562973 0.7288472340145009 1
1617080689786 0.751512829452119 2
1617080816264 0.7833423158748353 3
1617080942443 0.7738013952336413 4
1617081068992 0.8146263850813217 5
1617081195311 0.825150024542149 6
1617081321727 0.784790787211758 7
1617081448428 0.8124576405166312 8
1617081574453 0.8331023397597861 9
1617081700544 0.8308171572837424 10
1617081826730 0.8070742656734395 11
1617081952791 0.840098703953814 12
1617082078803 0.8573359181272223 13
1617082205425 0.860170370483018 14
1617082331240 0.8586442089302743 15
1617082457332 0.8585345599245517 16
1617082583446 0.8584540336531528 17
1617082709516 0.8569408861246515 18
1617082835886 0.8361519855704713 19
1617082962237 0.8483938633444461 20
1617083088313 0.8523206081479153 21
1617083214539 0.8617526963353157 22
1617083340633 0.8343802681787217 23
1617083466704 0.8382423518502966 24
1617083592754 0.863272082139837 25
1617083719176 0.8658182156529832 26
1617083845316 0.8715750110593248 27
1617083971376 0.8706028932269584 28
1617084097724 0.8582047430917303 29
1617084224093 0.8653730331583226 30
1617084350251 0.8714587450661557 31
1617084476359 0.8736282750330073 32
1617084602457 0.8756763724253532 33
1617084728468 0.8719858967877449 34
1617084854363 0.8754147062910363 35
1617084980393 0.8778259633703435 36
1617085106524 0.8758723485343 37
1617085232467 0.8663994008080756 38
1617085358344 0.8756727974148507 39
1617085486085 0.879566952110605 40
