1617080436251 0.3797385302233569 0
1617080562970 0.20452047436636814 1
1617080689784 0.1833132366312945 2
1617080816262 0.15331439606528333 3
1617080942440 0.16287964538849414 4
1617081068990 0.12244790011739477 5
1617081195309 0.11407552120533396 6
1617081321725 0.15263130678299894 7
1617081448423 0.1255938872853492 8
1617081574449 0.10867813021499426 9
1617081700539 0.11023417099359188 10
1617081826725 0.1284231058460601 11
1617081952786 0.09887662163360957 12
1617082078799 0.08470407605884557 13
1617082205420 0.08125966018501748 14
1617082331234 0.08371873711176375 15
1617082457327 0.08496123189701045 16
1617082583441 0.08386290473665328 17
1617082709512 0.08384984596929651 18
1617082835882 0.10135364290723141 19
1617082962232 0.08854742278840314 20
1617083088308 0.0880990923441788 21
1617083214534 0.08031475264579058 22
1617083340628 0.10660263658203978 23
1617083466698 0.0976742468576165 24
1617083592748 0.07542813248298269 25
1617083719172 0.07211943747515374 26
1617083845311 0.06793975168244636 27
1617083971371 0.067831188499769 28
1617084097720 0.07768573082904233 29
1617084224089 0.07310374711263687 30
1617084350247 0.06645907231784881 31
1617084476355 0.06404871852236226 32
1617084602452 0.06217238776623569 33
1617084728464 0.0670582286498331 34
1617084854358 0.060802193001863805 35
1617084980388 0.05789327274690917 36
1617085106519 0.059594612053417144 37
1617085232463 0.06739329966775914 38
1617085358339 0.06049734686917447 39
1617085486082 0.05496871921214017 40
