1616614829077 0.5920678300267839 0
1616614954995 0.42679734535990876 1
1616615080907 0.35887324811349103 2
1616615205958 0.3235110646569507 3
1616615331494 0.30319265908700355 4
1616615456919 0.2802402118141664 5
1616615583085 0.2653193965973191 6
1616615708470 0.2498985678997842 7
1616615833668 0.23524190717097154 8
1616615959385 0.22573453099169632 9
1616616084770 0.2194256642346975 10
1616616209990 0.21212507150274643 11
1616616335149 0.20598551669690007 12
1616616460132 0.19945892524030798 13
1616616585172 0.19365265511029156 14
1616616710337 0.18876144864616243 15
1616616835691 0.1840976476028226 16
1616616960718 0.17973892812905545 17
1616617085929 0.1760553306871806 18
1616617211426 0.17284232396830584 19
1616617336634 0.16977984496329088 20
1616617462185 0.1679578168818464 21
1616617587308 0.1660870414496047 22
1616617712219 0.1648801722240152 23
1616617837588 0.16292505389990958 24
1616617962529 0.16235019975843337 25
1616618087671 0.16014202227089422 26
1616618213099 0.15795261486175846 27
1616618338346 0.15578961874182748 28
1616618463196 0.15377341280063836 29
1616618588386 0.15238023761278893 30
1616618713388 0.15053872690731757 31
1616618838648 0.14940111413790208 32
1616618963604 0.14759398260688844 33
1616619088389 0.14596846389632365 34
1616619213617 0.14543239279632536 35
1616619338814 0.14455828638699134 36
1616619463622 0.14335850443615925 37
1616619588583 0.14225456086320185 38
1616619713375 0.14113547910807375 39
1616619838898 0.13974889050531197 40
1616619963913 0.1387135795159067 41
1616620089118 0.1378293250568067 42
1616620214051 0.1371057763640774 43
1616620338987 0.13615550526833914 44
1616620463741 0.13506790875585595 45
1616620588369 0.1339822566109735 46
1616620713354 0.13296948200180886 47
1616620838275 0.13196747742117715 48
1616620963401 0.13184457171747974 49
1616621088781 0.13157322192599571 50
1616621213722 0.1308813470018701 51
1616621338727 0.13014347389428632 52
1616621463720 0.12938417805691957 53
1616621588708 0.1285890840826199 54
1616621713750 0.12778652719353636 55
1616621838881 0.12692935221987386 56
1616621963875 0.12616661366933485 57
1616622088655 0.12546265905261508 58
1616622213314 0.12477885489814403 59
1616622338444 0.12399537025528226 60
1616622463526 0.12326046493922035 61
1616622588423 0.12252710166908433 62
1616622713259 0.1219498741903659 63
1616622838449 0.12134785765900888 64
1616622963534 0.1207991849987147 65
1616623088453 0.12025108501118735 66
1616623213319 0.11967594822482885 67
1616623338051 0.11917626463804956 68
1616623463077 0.118591787922833 69
1616623588322 0.11800806479071396 70
1616623713366 0.11741450426155528 71
1616623838167 0.11689040091630322 72
1616623963014 0.11634062060603231 73
1616624087812 0.11571575404851572 74
1616624212603 0.1151778561731619 75
1616624337712 0.11462809401300525 76
1616624462712 0.11408197876641123 77
1616624587736 0.11352065000472374 78
1616624712605 0.11312948929126117 79
1616624837720 0.11281597222531049 80
1616624963003 0.1124133133606383 81
1616625088115 0.11209855755560447 82
1616625212864 0.1116512623335317 83
1616625337787 0.11115755066345535 84
1616625462668 0.1107047275358508 85
1616625587887 0.11024371401526857 86
1616625713017 0.10978161912331291 87
1616625837913 0.10938703579177578 88
1616625962656 0.10914923603190706 89
1616626087775 0.10874730839986535 90
1616626212835 0.10832276366238382 91
1616626340061 0.10793796026053513 92
1616626465584 0.107625085017705 93
1616626590345 0.10720748404543617 94
1616626715151 0.10678414785607011 95
1616626840054 0.10637602796396074 96
1616626965057 0.10596263166690909 97
1616627089804 0.10555909968277709 98
1616627214649 0.10520199674082562 99
1616627339580 0.10482183736161398 100
1616627464331 0.10442546554357372 101
1616627589167 0.1040247951622108 102
1616627714051 0.10370641165914443 103
1616627839122 0.10334767547342642 104
1616627964100 0.10296519384418462 105
1616628088900 0.10258658957010408 106
1616628214121 0.10224102433019379 107
1616628338746 0.10188328869067818 108
1616628463716 0.10153651001360593 109
1616628588838 0.1011756716677389 110
1616628713769 0.10083530774222559 111
1616628838518 0.10044139816640205 112
1616628963329 0.10007902612240822 113
1616629088393 0.09973122603229831 114
1616629213301 0.09940736205658729 115
1616629338282 0.09907880542905854 116
1616629463399 0.09873147700751037 117
1616629588567 0.09843522113601863 118
1616629713661 0.09810926973050238 119
1616629838796 0.09780545898911164 120
1616629963850 0.097494635147078 121
1616630088657 0.09717400396241772 122
1616630213617 0.09686188515903418 123
1616630338679 0.09656048196633447 124
1616630463631 0.09624989625388598 125
1616630588716 0.09594256173872978 126
1616630714072 0.09565362714938797 127
1616630839022 0.09537010048378618 128
1616630963800 0.09509450300168339 129
1616631088880 0.09480163724090138 130
1616631213571 0.09448047936833953 131
1616631338312 0.0941933792627069 132
1616631463102 0.0939018540687696 133
1616631588201 0.09360590281612274 134
1616631713189 0.0933464409383387 135
1616631838476 0.09336202558622374 136
1616631964310 0.09365472823353856 137
1616632089380 0.09349585234102153 138
1616632214211 0.0933219909867538 139
1616632339358 0.09309875444761069 140
1616632464106 0.09287763740404088 141
1616632589114 0.0926181894351945 142
1616632714019 0.0923502351725408 143
1616632838875 0.09211797985731354 144
1616632963942 0.09184969562594163 145
1616633088819 0.09158422507036719 146
1616633214194 0.09132139827486271 147
1616633339322 0.09110281679034021 148
1616633464387 0.0908631245357295 149
1616633589361 0.09059475875492813 150
1616633714230 0.09033265711858553 151
1616633839238 0.09007325432334679 152
1616633964441 0.08983609320338005 153
1616634089467 0.08958859935865657 154
1616634214654 0.08932775971456852 155
1616634339997 0.08908800425711955 156
1616634465027 0.08889588108286264 157
1616634590026 0.08866124634132355 158
1616634715081 0.08844304774873 159
1616634840057 0.08827987487005862 160
1616634964909 0.08807474024944148 161
1616635089705 0.08783896272021473 162
1616635214659 0.08759741865706955 163
1616635339581 0.08737960794110748 164
1616635464584 0.0871397447422571 165
1616635589738 0.08689543099890969 166
1616635714854 0.08667264292368114 167
1616635839601 0.0864420142233462 168
1616635964692 0.08622632606994732 169
1616636089812 0.08601511043843027 170
1616636214887 0.08580678609743134 171
1616636339976 0.0856080755626671 172
1616636464798 0.08541502916568647 173
1616636590210 0.08521443622498168 174
1616636715279 0.08501144597258213 175
1616636840430 0.08481034399933282 176
1616636965389 0.0846139061295419 177
1616637090445 0.08443264723053027 178
1616637215675 0.08425154352162133 179
1616637341165 0.0840710085591487 180
1616637466218 0.08388749933162494 181
1616637591770 0.08369598676412762 182
1616637716786 0.08349942215634332 183
1616637841905 0.08331036265551738 184
1616637966981 0.0831443194752281 185
1616638092208 0.0829442840992272 186
1616638216880 0.08277334038291724 187
1616638341736 0.08263002312404057 188
1616638466618 0.08246459200736325 189
1616638591940 0.08229464618027481 190
1616638716750 0.0820890619958865 191
1616638841672 0.08188992442776527 192
1616638966525 0.08171901029820022 193
1616639091475 0.08154289313732759 194
1616639216431 0.08139132472745716 195
1616639341503 0.08129888526232898 196
1616639466295 0.08121070300812148 197
1616639591510 0.0811240624689286 198
1616639716728 0.08096959156355764 199
1616639842180 0.080817744812389 200
1616639967392 0.08066935926560634 201
1616640092772 0.08052040507646799 202
1616640217777 0.08034442267802219 203
1616640343163 0.0801770528751369 204
1616640468148 0.08001952575093747 205
1616640593340 0.07985284613467994 206
1616640718153 0.07966296077438603 207
1616640843253 0.07949165076431322 208
1616640968229 0.07937317473904476 209
1616641093279 0.07923407732564766 210
1616641218291 0.07907372587910971 211
1616641343192 0.07890960160608812 212
1616641468476 0.07876635776686584 213
1616641593631 0.07860381911388464 214
1616641718639 0.07845419860971355 215
1616641843528 0.07831397055553208 216
1616641968372 0.07817769383469157 217
1616642093282 0.07806681595557396 218
1616642218461 0.07790399207386803 219
1616642343877 0.07777083210522116 220
1616642469069 0.07762377055515214 221
1616642593873 0.07747519380268957 222
1616642718748 0.07732357143140135 223
1616642843495 0.077168435764237 224
1616642968297 0.07704546646515935 225
1616643093150 0.07691124796684755 226
1616643217920 0.07681632870491893 227
1616643342811 0.07667354076765365 228
1616643467591 0.0765345969730187 229
1616643592654 0.07638731595637284 230
1616643717469 0.07624732249706638 231
1616643842223 0.07609842290026682 232
1616643967170 0.07594926377161722 233
1616644092257 0.0757830543468857 234
1616644217342 0.07565283082135754 235
1616644342707 0.07549972505454086 236
1616644467597 0.07533529782920861 237
1616644592704 0.07520156093293298 238
1616644718022 0.07506191641503471 239
1616644843403 0.07492446721289474 240
1616644968681 0.07479645085847096 241
1616645094065 0.0746511113947743 242
1616645219036 0.07450666940913325 243
1616645344134 0.07436039358688033 244
1616645469349 0.07421432450140479 245
1616645594296 0.07406909245396308 246
1616645719579 0.07393496162055942 247
1616645844554 0.07378785156489781 248
1616645969754 0.0736575894891978 249
