1616614829079 0.4918253878527816 0
1616614829081 0.4918253878527816 0
1616614954997 0.5873470724699028 1
1616614954999 0.5873470724699028 1
1616615080909 0.6319620923293137 2
1616615080911 0.6319620923293137 2
1616615205960 0.6562366023700885 3
1616615205962 0.6562366023700885 3
1616615331496 0.670772314701908 4
1616615331498 0.670772314701908 4
1616615456921 0.6881353891726479 5
1616615456923 0.6881353891726479 5
1616615583087 0.6997219406224549 6
1616615583089 0.6997219406224549 6
1616615708472 0.7124398177361303 7
1616615708474 0.7124398177361303 7
1616615833671 0.7246174177778395 8
1616615833673 0.7246174177778395 8
1616615959387 0.7331482836094244 9
1616615959390 0.7331482836094244 9
1616616084772 0.7378835844727051 10
1616616084774 0.7378835844727051 10
1616616209992 0.744103230691772 11
1616616209995 0.744103230691772 11
1616616335151 0.7495348570914957 12
1616616335153 0.7495348570914957 12
1616616460134 0.755382841237685 13
1616616460136 0.755382841237685 13
1616616585174 0.7605956196810154 14
1616616585176 0.7605956196810154 14
1616616710339 0.764912557934525 15
1616616710342 0.764912557934525 15
1616616835694 0.7689613476257554 16
1616616835696 0.7689613476257554 16
1616616960720 0.7728669271595847 17
1616616960722 0.7728669271595847 17
1616617085931 0.7761515748020208 18
1616617085933 0.7761515748020208 18
1616617211428 0.7789508235682001 19
1616617211430 0.7789508235682001 19
1616617336636 0.7817730419089172 20
1616617336638 0.7817730419089172 20
1616617462187 0.7832244107777189 21
1616617462189 0.7832244107777189 21
1616617587311 0.7849891869073474 22
1616617587313 0.7849891869073474 22
1616617712221 0.7859798030326761 23
1616617712223 0.7859798030326761 23
1616617837591 0.7877055207084358 24
1616617837593 0.7877055207084358 24
1616617962531 0.7881262472899733 25
1616617962534 0.7881262472899733 25
1616618087674 0.7901965702317738 26
1616618087676 0.7901965702317738 26
1616618213101 0.7922497118520381 27
1616618213103 0.7922497118520381 27
1616618338348 0.7942183577516947 28
1616618338351 0.7942183577516947 28
1616618463199 0.7961654441616314 29
1616618463201 0.7961654441616314 29
1616618588389 0.7974981144925761 30
1616618588391 0.7974981144925761 30
1616618713390 0.7991731600731462 31
1616618713392 0.7991731600731462 31
1616618838650 0.8003428231436781 32
1616618838652 0.8003428231436781 32
1616618963606 0.8020426186719142 33
1616618963608 0.8020426186719142 33
1616619088391 0.8036367182027 34
1616619088393 0.8036367182027 34
1616619213619 0.8040106111220322 35
1616619213621 0.8040106111220322 35
1616619338816 0.8047503462298969 36
1616619338818 0.8047503462298969 36
1616619463625 0.805886939110502 37
1616619463627 0.805886939110502 37
1616619588586 0.8067985568350706 38
1616619588588 0.8067985568350706 38
1616619713378 0.807841027942452 39
1616619713380 0.807841027942452 39
1616619838900 0.8091275237162991 40
1616619838902 0.8091275237162991 40
1616619963915 0.8101074397895518 41
1616619963917 0.8101074397895518 41
1616620089120 0.8108262974543909 42
1616620089122 0.8108262974543909 42
1616620214053 0.8116150704883424 43
1616620214056 0.8116150704883424 43
1616620338989 0.8125397301680958 44
1616620338992 0.8125397301680958 44
1616620463743 0.8135808105079875 45
1616620463746 0.8135808105079875 45
1616620588372 0.8146540071342555 46
1616620588374 0.8146540071342555 46
1616620713357 0.8156006571388782 47
1616620713359 0.8156006571388782 47
1616620838277 0.816580753542857 48
1616620838279 0.816580753542857 48
1616620963403 0.8167289255953398 49
1616620963405 0.8167289255953398 49
1616621088783 0.8169842819965742 50
1616621088785 0.8169842819965742 50
1616621213725 0.8176544260235379 51
1616621213727 0.8176544260235379 51
1616621338729 0.818376342159433 52
1616621338732 0.818376342159433 52
1616621463722 0.8191324855512326 53
1616621463724 0.8191324855512326 53
1616621588711 0.8199089983114868 54
1616621588713 0.8199089983114868 54
1616621713753 0.8206852568318631 55
1616621713755 0.8206852568318631 55
1616621838883 0.8214979076974278 56
1616621838885 0.8214979076974278 56
1616621963878 0.8222304683532627 57
1616621963880 0.8222304683532627 57
1616622088657 0.8229261710016151 58
1616622088659 0.8229261710016151 58
1616622213317 0.8236129110397177 59
1616622213319 0.8236129110397177 59
1616622338447 0.8243437039971412 60
1616622338449 0.8243437039971412 60
1616622463529 0.8250696989853566 61
1616622463531 0.8250696989853566 61
1616622588425 0.825778127926816 62
1616622588427 0.825778127926816 62
1616622713261 0.8263803144622931 63
1616622713263 0.8263803144622931 63
1616622838451 0.826946690274258 64
1616622838454 0.826946690274258 64
1616622963536 0.8275130024814676 65
1616622963539 0.8275130024814676 65
1616623088455 0.8280223271632973 66
1616623088457 0.8280223271632973 66
1616623213321 0.828596188935327 67
1616623213323 0.828596188935327 67
1616623338054 0.8290788937808352 68
1616623338056 0.8290788937808352 68
1616623463079 0.8296420695760239 69
1616623463082 0.8296420695760239 69
1616623588324 0.8302090973649547 70
1616623588326 0.8302090973649547 70
1616623713368 0.830780243171129 71
1616623713370 0.830780243171129 71
1616623838169 0.8313196334518433 72
1616623838171 0.8313196334518433 72
1616623963016 0.831857919771627 73
1616623963019 0.831857919771627 73
1616624087814 0.8324667356767383 74
1616624087816 0.8324667356767383 74
1616624212605 0.8330328780521961 75
1616624212608 0.8330328780521961 75
1616624337714 0.8335720592472948 76
1616624337716 0.8335720592472948 76
1616624462715 0.8340916911496649 77
1616624462717 0.8340916911496649 77
1616624587738 0.8346153122939935 78
1616624587741 0.8346153122939935 78
1616624712607 0.8349665803717528 79
1616624712609 0.8349665803717528 79
1616624837722 0.8352909665339864 80
1616624837724 0.8352909665339864 80
1616624963005 0.8357026865829464 81
1616624963007 0.8357026865829464 81
1616625088118 0.836022856497066 82
1616625088120 0.836022856497066 82
1616625212866 0.8364573353154667 83
1616625212868 0.8364573353154667 83
1616625337789 0.8369448310710522 84
1616625337791 0.8369448310710522 84
1616625462671 0.837409631749234 85
1616625462673 0.837409631749234 85
1616625587889 0.8378421595284816 86
1616625587892 0.8378421595284816 86
1616625713019 0.8382850747798021 87
1616625713021 0.8382850747798021 87
1616625837915 0.8386695182787638 88
1616625837918 0.8386695182787638 88
1616625962659 0.8389547222588735 89
1616625962661 0.8389547222588735 89
1616626087777 0.8393376568408976 90
1616626087779 0.8393376568408976 90
1616626212837 0.839744926951603 91
1616626212839 0.839744926951603 91
1616626340063 0.8401195624311113 92
1616626340065 0.8401195624311113 92
1616626465587 0.8404380035739394 93
1616626465589 0.8404380035739394 93
1616626590347 0.8408550609428082 94
1616626590349 0.8408550609428082 94
1616626715153 0.8412739256976605 95
1616626715156 0.8412739256976605 95
1616626840056 0.841675197423851 96
1616626840058 0.841675197423851 96
1616626965059 0.8420608054914173 97
1616626965062 0.8420608054914173 97
1616627089806 0.8424591057089124 98
1616627089809 0.8424591057089124 98
1616627214651 0.8428481463206488 99
1616627214654 0.8428481463206488 99
1616627339582 0.8432219374746865 100
1616627339584 0.8432219374746865 100
1616627464333 0.8436178158231546 101
1616627464336 0.8436178158231546 101
1616627589169 0.8440069092339424 102
1616627589171 0.8440069092339424 102
1616627714053 0.8443288012685622 103
1616627714055 0.8443288012685622 103
1616627839124 0.8446853011671328 104
1616627839127 0.8446853011671328 104
1616627964102 0.8450550345553951 105
1616627964105 0.8450550345553951 105
1616628088903 0.8454393028760819 106
1616628088905 0.8454393028760819 106
1616628214123 0.8457822636864744 107
1616628214125 0.8457822636864744 107
1616628338748 0.8461542985552852 108
1616628338750 0.8461542985552852 108
1616628463718 0.8465063486597104 109
1616628463720 0.8465063486597104 109
1616628588840 0.846841389388345 110
1616628588842 0.846841389388345 110
1616628713771 0.8471860129980568 111
1616628713773 0.8471860129980568 111
1616628838521 0.8475672282547808 112
1616628838524 0.8475672282547808 112
1616628963331 0.8479213983338066 113
1616628963334 0.8479213983338066 113
1616629088395 0.8482800819124746 114
1616629088398 0.8482800819124746 114
1616629213303 0.8485977523707622 115
1616629213306 0.8485977523707622 115
1616629338284 0.8489353341614855 116
1616629338286 0.8489353341614855 116
1616629463402 0.8492540555663487 117
1616629463404 0.8492540555663487 117
1616629588570 0.849542483524824 118
1616629588572 0.849542483524824 118
1616629713664 0.849846218072617 119
1616629713667 0.849846218072617 119
1616629838798 0.8501473963682595 120
1616629838801 0.8501473963682595 120
1616629963853 0.8504678758389702 121
1616629963855 0.8504678758389702 121
1616630088659 0.8507971692881482 122
1616630088662 0.8507971692881482 122
1616630213620 0.8510920272236803 123
1616630213622 0.8510920272236803 123
1616630338682 0.8514156789022961 124
1616630338684 0.8514156789022961 124
1616630463633 0.8517281547043847 125
1616630463635 0.8517281547043847 125
1616630588718 0.8520370134197025 126
1616630588721 0.8520370134197025 126
1616630714074 0.8523324671458783 127
1616630714077 0.8523324671458783 127
1616630839024 0.8526340092689407 128
1616630839027 0.8526340092689407 128
1616630963802 0.852925705269411 129
1616630963805 0.852925705269411 129
1616631088882 0.8532306088545709 130
1616631088885 0.8532306088545709 130
1616631213574 0.853545166072693 131
1616631213576 0.853545166072693 131
1616631338315 0.8538334697341874 132
1616631338318 0.8538334697341874 132
1616631463104 0.8541215749293712 133
1616631463107 0.8541215749293712 133
1616631588204 0.854410091513193 134
1616631588207 0.854410091513193 134
1616631713191 0.8546869527991416 135
1616631713194 0.8546869527991416 135
1616631838478 0.854681449513462 136
1616631838480 0.854681449513462 136
1616631964312 0.8543924509114662 137
1616631964315 0.8543924509114662 137
1616632089382 0.8545299762440759 138
1616632089385 0.8545299762440759 138
1616632214213 0.8547149128088306 139
1616632214216 0.8547149128088306 139
1616632339360 0.8549275941865505 140
1616632339363 0.8549275941865505 140
1616632464108 0.8551649418230624 141
1616632464111 0.8551649418230624 141
1616632589117 0.8554203078330272 142
1616632589119 0.8554203078330272 142
1616632714021 0.8556809696288173 143
1616632714024 0.8556809696288173 143
1616632838878 0.8559271459003968 144
1616632838880 0.8559271459003968 144
1616632963945 0.8561841818698057 145
1616632963947 0.8561841818698057 145
1616633088821 0.8564430398726283 146
1616633088824 0.8564430398726283 146
1616633214196 0.8567179388119424 147
1616633214199 0.8567179388119424 147
1616633339325 0.8569475420807139 148
1616633339327 0.8569475420807139 148
1616633464389 0.8572085394740891 149
1616633464392 0.8572085394740891 149
1616633589363 0.8574890987418939 150
1616633589365 0.8574890987418939 150
1616633714233 0.8577522618413665 151
1616633714235 0.8577522618413665 151
1616633839240 0.858001786572463 152
1616633839243 0.858001786572463 152
1616633964443 0.8582442825385981 153
1616633964445 0.8582442825385981 153
1616634089470 0.8584985297803716 154
1616634089472 0.8584985297803716 154
1616634214656 0.8587476189049797 155
1616634214658 0.8587476189049797 155
1616634339999 0.858998592797197 156
1616634340002 0.858998592797197 156
1616634465029 0.8592146538430704 157
1616634465032 0.8592146538430704 157
1616634590029 0.8594549805609429 158
1616634590031 0.8594549805609429 158
1616634715083 0.8596929166276084 159
1616634715086 0.8596929166276084 159
1616634840059 0.8598711324598766 160
1616634840062 0.8598711324598766 160
1616634964912 0.8600759915306216 161
1616634964914 0.8600759915306216 161
1616635089707 0.8603063217964247 162
1616635089710 0.8603063217964247 162
1616635214661 0.8605371972467146 163
1616635214663 0.8605371972467146 163
1616635339583 0.8607661112882549 164
1616635339586 0.8607661112882549 164
1616635464587 0.8610200527615138 165
1616635464589 0.8610200527615138 165
1616635589741 0.8612725786284242 166
1616635589743 0.8612725786284242 166
1616635714856 0.8614912716317688 167
1616635714858 0.8614912716317688 167
1616635839603 0.8617246489080717 168
1616635839606 0.8617246489080717 168
1616635964694 0.8619364040696448 169
1616635964697 0.8619364040696448 169
1616636089815 0.8621564405392562 170
1616636089817 0.8621564405392562 170
1616636214889 0.8623832186690179 171
1616636214892 0.8623832186690179 171
1616636339979 0.8625812259676525 172
1616636339981 0.8625812259676525 172
1616636464801 0.8627952930144023 173
1616636464803 0.8627952930144023 173
1616636590212 0.8630131970286701 174
1616636590215 0.8630131970286701 174
1616636715282 0.8632282709747042 175
1616636715284 0.8632282709747042 175
1616636840433 0.8634257851366726 176
1616636840436 0.8634257851366726 176
1616636965391 0.8636183985029905 177
1616636965394 0.8636183985029905 177
1616637090447 0.8638059825069386 178
1616637090450 0.8638059825069386 178
1616637215677 0.863999970611719 179
1616637215680 0.863999970611719 179
1616637341167 0.8641832059798915 180
1616637341170 0.8641832059798915 180
1616637466220 0.8643881237198849 181
1616637466222 0.8643881237198849 181
1616637591773 0.8645834626568718 182
1616637591775 0.8645834626568718 182
1616637716788 0.8647820194593707 183
1616637716791 0.8647820194593707 183
1616637841908 0.8649759439700793 184
1616637841910 0.8649759439700793 184
1616637966983 0.8651636164042507 185
1616637966986 0.8651636164042507 185
1616638092210 0.8653765391609539 186
1616638092213 0.8653765391609539 186
1616638216883 0.8655570913189632 187
1616638216885 0.8655570913189632 187
1616638341739 0.8657026511072924 188
1616638341741 0.8657026511072924 188
1616638466621 0.8658773589214055 189
1616638466624 0.8658773589214055 189
1616638591943 0.8660526762163565 190
1616638591946 0.8660526762163565 190
1616638716752 0.8662636899826559 191
1616638716755 0.8662636899826559 191
1616638841674 0.866469076988435 192
1616638841677 0.866469076988435 192
1616638966528 0.8666513520978462 193
1616638966530 0.8666513520978462 193
1616639091477 0.86683975409848 194
1616639091480 0.86683975409848 194
1616639216433 0.8670042666445609 195
1616639216436 0.8670042666445609 195
1616639341506 0.867106630156738 196
1616639341508 0.867106630156738 196
1616639466298 0.8671939482122663 197
1616639466300 0.8671939482122663 197
1616639591512 0.8672875150514858 198
1616639591514 0.8672875150514858 198
1616639716730 0.8674560544141126 199
1616639716733 0.8674560544141126 199
1616639842183 0.8676167972988087 200
1616639842185 0.8676167972988087 200
1616639967394 0.8677861493749331 201
1616639967397 0.8677861493749331 201
1616640092775 0.8679463597841572 202
1616640092777 0.8679463597841572 202
1616640217779 0.8681254778515959 203
1616640217781 0.8681254778515959 203
1616640343166 0.8682962607560594 204
1616640343169 0.8682962607560594 204
1616640468150 0.8684690186182256 205
1616640468153 0.8684690186182256 205
1616640593343 0.8686427441207033 206
1616640593346 0.8686427441207033 206
1616640718155 0.8688321581743833 207
1616640718158 0.8688321581743833 207
1616640843255 0.8690060402519402 208
1616640843258 0.8690060402519402 208
1616640968232 0.8691436759762992 209
1616640968234 0.8691436759762992 209
1616641093282 0.869298597251763 210
1616641093284 0.869298597251763 210
1616641218294 0.8694700769594569 211
1616641218297 0.8694700769594569 211
1616641343194 0.8696414633615964 212
1616641343197 0.8696414633615964 212
1616641468478 0.8697980498828707 213
1616641468480 0.8697980498828707 213
1616641593633 0.8699710381468589 214
1616641593636 0.8699710381468589 214
1616641718642 0.870133878180747 215
1616641718644 0.870133878180747 215
1616641843530 0.8702899326118186 216
1616641843533 0.8702899326118186 216
1616641968374 0.8704348769844938 217
1616641968377 0.8704348769844938 217
1616642093285 0.8705561554235418 218
1616642093287 0.8705561554235418 218
1616642218464 0.8707232853793271 219
1616642218467 0.8707232853793271 219
1616642343880 0.8708707097367584 220
1616642343882 0.8708707097367584 220
1616642469072 0.8710297585580471 221
1616642469075 0.8710297585580471 221
1616642593876 0.87119193923518 222
1616642593878 0.87119193923518 222
1616642718750 0.8713590825397952 223
1616642718752 0.8713590825397952 223
1616642843497 0.8715138467216457 224
1616642843500 0.8715138467216457 224
1616642968300 0.8716601198519982 225
1616642968302 0.8716601198519982 225
1616643093152 0.8718010238225709 226
1616643093155 0.8718010238225709 226
1616643217922 0.8718987335494535 227
1616643217925 0.8718987335494535 227
1616643342813 0.8720433924067456 228
1616643342816 0.8720433924067456 228
1616643467594 0.8721867215500158 229
1616643467596 0.8721867215500158 229
1616643592658 0.8723420680232975 230
1616643592660 0.8723420680232975 230
1616643717472 0.8724958410974236 231
1616643717475 0.8724958410974236 231
1616643842225 0.8726485063995656 232
1616643842228 0.8726485063995656 232
1616643967172 0.8728060514575152 233
1616643967175 0.8728060514575152 233
1616644092259 0.8729866070293555 234
1616644092262 0.8729866070293555 234
1616644217345 0.873126904445579 235
1616644217347 0.873126904445579 235
1616644342710 0.8732786925172085 236
1616644342713 0.8732786925172085 236
1616644467599 0.8734448314583745 237
1616644467602 0.8734448314583745 237
1616644592707 0.873592289772153 238
1616644592709 0.873592289772153 238
1616644718025 0.8737395874565718 239
1616644718027 0.8737395874565718 239
1616644843405 0.8738937787224995 240
1616644843408 0.8738937787224995 240
1616644968684 0.8740340979235754 241
1616644968686 0.8740340979235754 241
1616645094068 0.8741864479822947 242
1616645094071 0.8741864479822947 242
1616645219039 0.8743429708762143 243
1616645219041 0.8743429708762143 243
1616645344136 0.8744963721940486 244
1616645344139 0.8744963721940486 244
1616645469351 0.8746488730808629 245
1616645469354 0.8746488730808629 245
1616645594299 0.8748039807814761 246
1616645594301 0.8748039807814761 246
1616645719581 0.8749497263671189 247
1616645719583 0.8749497263671189 247
1616645844556 0.8750981828248889 248
1616645844559 0.8750981828248889 248
1616645969756 0.8752449965747393 249
1616645969759 0.8752449965747393 249
