1616614829073 0.4918253878527816 0
1616614954991 0.682868757087024 1
1616615080902 0.7211921320481355 2
1616615205954 0.7290601324924129 3
1616615331489 0.7289151640291861 4
1616615456915 0.7749507615263475 5
1616615583081 0.7692412493212961 6
1616615708466 0.8014649575318586 7
1616615833664 0.8220382181115131 8
1616615959381 0.8099260760936886 9
1616616084766 0.7852365931055132 10
1616616209986 0.812519339101508 11
1616616335145 0.8147143738881804 12
1616616460128 0.8314066351381467 13
1616616585167 0.8335745178876405 14
1616616710333 0.8296666317371691 15
1616616835687 0.8337419826854416 16
1616616960713 0.8392617792346851 17
1616617085924 0.8352752323658701 18
1616617211421 0.8321365501256065 19
1616617336630 0.8382174087232573 20
1616617462181 0.8137031570225558 21
1616617587303 0.8238142617591756 22
1616617712214 0.8087639739152361 23
1616617837584 0.8291227449266676 24
1616617962525 0.7986444118284085 25
1616618087667 0.8440249667185894 26
1616618213094 0.847684535599175 27
1616618338342 0.8493404429420789 28
1616618463192 0.8526309500497944 29
1616618588382 0.83747822442092 30
1616618713383 0.8510995730708175 31
1616618838643 0.8377720414006964 32
1616618963600 0.8581358711037071 33
1616619088384 0.8578361022494179 34
1616619213612 0.817096863298657 35
1616619338810 0.8313808101130292 36
1616619463619 0.8479408756928876 37
1616619588579 0.8414400303686791 38
1616619713371 0.8484974011303262 39
1616619838893 0.8605873546701797 40
1616619963909 0.8502839987929118 41
1616620089114 0.841018319377636 42
1616620214047 0.8455323109482514 43
1616620338983 0.853224756077249 44
1616620463737 0.8604294258031122 45
1616620588365 0.8640210519425888 46
1616620713350 0.8600932073561435 47
1616620838271 0.8636253809338396 48
1616620963396 0.8239893561670002 49
1616621088776 0.8297521020583016 50
1616621213718 0.8518317713986765 51
1616621338723 0.8559159812259864 52
1616621463715 0.8592080853166099 53
1616621588704 0.8618406873652117 54
1616621713746 0.8633794754525607 55
1616621838876 0.8670063561690535 56
1616621963871 0.863986425735849 57
1616622088650 0.863276924606056 58
1616622213310 0.8641305732877648 59
1616622338440 0.8681912814425503 60
1616622463522 0.8693553932665035 61
1616622588418 0.8697007222972969 62
1616622713254 0.8643180661973484 63
1616622838445 0.8631947422400117 64
1616622963530 0.8643232959500969 65
1616623088448 0.861637756164047 66
1616623213314 0.867044927661327 67
1616623338047 0.8619028232753911 68
1616623463073 0.8685011994440426 69
1616623588317 0.8699010425901159 70
1616623713361 0.871331595409503 71
1616623838162 0.8701557336632717 72
1616623963010 0.8711528211158324 73
1616624087807 0.8775191126549815 74
1616624212599 0.8754935562115241 75
1616624337707 0.8745498300747986 76
1616624462708 0.8741033476321621 77
1616624587731 0.87545776155163 78
1616624712600 0.8627167585147346 79
1616624837715 0.8612418595126811 80
1616624962998 0.8690520105487172 81
1616625088111 0.8622767894548622 82
1616625212859 0.8725190772427286 83
1616625337782 0.8778944745402228 84
1616625462663 0.8769176893946814 85
1616625587883 0.8750395485437772 86
1616625713012 0.8768187016446857 87
1616625837909 0.8725005461874001 88
1616625962652 0.864337876488633 89
1616626087770 0.8738017692230642 90
1616626212827 0.8768065070257859 91
1616626340056 0.8745860265458915 92
1616626465579 0.8700530298569418 93
1616626590340 0.8800584536164682 94
1616626715147 0.8810660774086384 95
1616626840049 0.8801972831381445 96
1616626965052 0.8794647880453379 97
1616627089799 0.8814925270234334 98
1616627214644 0.8813631668825574 99
1616627339575 0.8806010528784641 100
1616627464327 0.8836015290184382 101
1616627589162 0.8836944371342976 102
1616627714045 0.8774836808343992 103
1616627839118 0.8817612906184761 104
1616627964096 0.8838770403229492 105
1616628088896 0.8861717448688726 106
1616628214115 0.882479070398481 107
1616628338741 0.8863340643868642 108
1616628463711 0.8848798100420452 109
1616628588834 0.8836958695381404 110
1616628713764 0.8854392336760747 111
1616628838514 0.8902633370078624 112
1616628963324 0.8879426172637241 113
1616629088388 0.8891700098806239 114
1616629213296 0.8851298550738299 115
1616629338277 0.8880948218853867 116
1616629463394 0.8865444599353569 117
1616629588562 0.883576982624908 118
1616629713657 0.8859906292599725 119
1616629838791 0.8862887918453742 120
1616629963846 0.8892458917949586 121
1616630088652 0.8909709700878631 122
1616630213612 0.8873595532941374 123
1616630338674 0.8915484870506569 124
1616630463626 0.890787629965455 125
1616630588711 0.8909532115497487 126
1616630714067 0.8898550903702036 127
1616630839017 0.8912314010209385 128
1616630963795 0.8905544893300914 129
1616631088875 0.8928680749253389 130
1616631213567 0.8947521616466978 131
1616631338307 0.8918895530514419 132
1616631463097 0.892439565888824 133
1616631588197 0.8930713137453223 134
1616631713184 0.8920632264022021 135
1616631838471 0.8539330026610418 136
1616631964306 0.8147996424380294 137
1616632089376 0.8735084721442075 138
1616632214206 0.8804210953097394 139
1616632339353 0.8847029870673222 140
1616632464101 0.8886309585712374 141
1616632589109 0.8916822812480337 142
1616632714014 0.8929556064268059 143
1616632838870 0.891376529007833 144
1616632963937 0.8934543974340913 145
1616633088814 0.894236308284738 146
1616633214189 0.8971280828910939 147
1616633339317 0.8909288258589012 148
1616633464382 0.8960971510870025 149
1616633589356 0.8995729889126217 150
1616633714226 0.8974898898617384 151
1616633839233 0.8959295456991234 152
1616633964436 0.8953461653572765 153
1616634089463 0.8976526050134859 154
1616634214649 0.8973564332192565 155
1616634339992 0.89815051998309 156
1616634465022 0.8931362380451978 157
1616634590022 0.8974266019847957 158
1616634715076 0.8975247512274283 159
1616634840052 0.8883856656227974 160
1616634964904 0.8930583019205864 161
1616635089700 0.8976198248565197 162
1616635214654 0.8981698956439629 163
1616635339577 0.8983080141008535 164
1616635464580 0.902920395849233 165
1616635589734 0.9031918725355509 166
1616635714848 0.8980130031903056 167
1616635839596 0.9009320313269471 168
1616635964687 0.8977230263755043 169
1616636089808 0.8995626403732185 170
1616636214882 0.901162278858271 171
1616636339972 0.8966384813328214 172
1616636464794 0.8998288921021084 173
1616636590205 0.9009284955112541 174
1616636715274 0.900866211530693 175
1616636840426 0.8981882776430947 176
1616636965384 0.8977109643412714 177
1616637090441 0.8971959352096979 178
1616637215670 0.8987238413674083 179
1616637341160 0.8971655722509356 180
1616637466213 0.9014782346586915 181
1616637591765 0.9001351491884982 182
1616637716781 0.9011179143166606 183
1616637841900 0.9006580539404395 184
1616637966977 0.8998830167259625 185
1616638092203 0.9049801719077724 186
1616638216875 0.8993203448666696 187
1616638341731 0.8930678913131991 188
1616638466614 0.898897135788773 189
1616638591936 0.8993629622570378 190
1616638716745 0.9065673193458389 191
1616638841667 0.9059033820980248 192
1616638966520 0.9018304482142024 193
1616639091470 0.9033897422214455 194
1616639216426 0.8990842131303346 195
1616639341498 0.8871698785434536 196
1616639466291 0.8843956051513235 197
1616639591505 0.8858137492169725 198
1616639716723 0.9009953875768375 199
1616639842175 0.8997653742380282 200
1616639967387 0.9018259166759697 201
1616640092768 0.9003088624474216 202
1616640217772 0.9044864455416323 203
1616640343158 0.9031359732666231 204
1616640468143 0.9038843803622938 205
1616640593336 0.904430197631108 206
1616640718148 0.9080408672861596 207
1616640843247 0.9051735123837407 208
1616640968224 0.8979095423673379 209
1616641093275 0.9018320650991766 210
1616641218286 0.9056522952828635 211
1616641343187 0.9059753806151926 212
1616641468471 0.9031509789142836 213
1616641593626 0.9069905266403517 214
1616641718635 0.9051444854666578 215
1616641843523 0.9039976897233344 216
1616641968367 0.9018878058550206 217
1616642093277 0.8969948551359963 218
1616642218457 0.9073247456962757 219
1616642343872 0.9033040683716536 220
1616642469065 0.9061795480628597 221
1616642593868 0.9071960495586725 222
1616642718743 0.9086320394689732 223
1616642843489 0.9061810234561563 224
1616642968292 0.9045715741813183 225
1616643093145 0.9036453211719685 226
1616643217915 0.8940788415518213 227
1616643342806 0.9050256118693567 228
1616643467586 0.9050090953588803 229
1616643592650 0.9080717568781148 230
1616643717464 0.9080174212205283 231
1616643842218 0.9080668564965116 232
1616643967165 0.9095140499597851 233
1616644092252 0.9152366108399757 234
1616644217338 0.9060967972581374 235
1616644342702 0.9091006774217525 236
1616644467591 0.9128197605147007 237
1616644592699 0.9086873684514393 238
1616644718017 0.9089437340326766 239
1616644843398 0.910899682545123 240
1616644968676 0.9078510253828891 241
1616645094060 0.9110551621923422 242
1616645219030 0.9123780340986684 243
1616645344129 0.9119262937456369 244
1616645469343 0.9120115903503401 245
1616645594292 0.9129604751323449 246
1616645719574 0.910948886020862 247
1616645844549 0.9119153843518901 248
1616645969749 0.911801620287464 249
