1616614829075 inf 0
1616614954992 19.89826254902726 1
1616615080904 19.16584664746578 2
1616615205956 19.13968341811629 3
1616615331492 19.499997405355995 4
1616615456917 17.890744905409235 5
1616615583083 18.65425415853571 6
1616615708468 16.59314607264563 7
1616615833666 15.417436566208723 8
1616615959383 16.18765464431754 9
1616616084768 17.018121417670535 10
1616616209988 15.602236202074652 11
1616616335147 16.446336016766665 12
1616616460130 14.438429518061183 13
1616616585169 14.095471185340646 14
1616616710335 14.388602743358334 15
1616616835689 15.365987283299654 16
1616616960716 13.487327716073656 17
1616617085926 15.001789964249374 18
1616617211424 13.506555895195097 19
1616617336632 14.033120794941578 20
1616617462183 16.37943886083067 21
1616617587306 14.551636658735921 22
1616617712217 15.472815602788469 23
1616617837586 14.410223398716303 24
1616617962527 16.16469796604219 25
1616618087669 14.937471507906334 26
1616618213097 13.194999675270537 27
1616618338344 13.597167013536483 28
1616618463194 12.889075803471322 29
1616618588384 13.613035294980495 30
1616618713385 13.2483563828887 31
1616618838646 13.90528489473835 32
1616618963601 12.315162341126403 33
1616619088387 11.681595732838504 34
1616619213614 15.695408300746019 35
1616619338812 14.437998128348742 36
1616619463621 13.458671098036278 37
1616619588581 13.456538499855844 38
1616619713373 12.51811973245839 39
1616619838896 12.72417628857856 40
1616619963911 12.235527757095758 41
1616620089116 12.823079165602206 42
1616620214049 12.957037462322926 43
1616620338985 12.743445664629046 44
1616620463739 12.65258072145314 45
1616620588367 11.349027287426981 46
1616620713352 11.864819410720463 47
1616620838273 11.973459501577407 48
1616620963399 14.760388921120649 49
1616621088779 14.371684842648046 50
1616621213720 12.879364670907824 51
1616621338725 12.480416645665663 52
1616621463717 12.275318255625415 53
1616621588706 11.965282390907184 54
1616621713748 11.918666437469735 55
1616621838878 11.415081354975621 56
1616621963873 11.157971361800586 57
1616622088653 11.328104793290017 58
1616622213312 11.312814137291586 59
1616622338442 11.019504349341664 60
1616622463524 11.033010724087779 61
1616622588420 11.197576999910403 62
1616622713256 11.907996015263134 63
1616622838447 11.921919783727175 64
1616622963532 12.376970638934388 65
1616623088451 12.612599218506984 66
1616623213317 11.647897822728709 67
1616623338049 11.429844410028851 68
1616623463075 10.713848185804085 69
1616623588319 10.918892201537405 70
1616623713364 10.565970487129873 71
1616623838164 10.490585393088283 72
1616623963012 10.263583103334312 73
1616624087809 9.722975566874565 74
1616624212601 10.094473879666308 75
1616624337710 10.57321201797956 76
1616624462710 10.185050179417358 77
1616624587733 9.99195076143075 78
1616624712603 10.697242332612118 79
1616624837717 12.366014452282517 80
1616624963000 10.40174063353302 81
1616625088113 12.359852373868414 82
1616625212861 10.445383368310788 83
1616625337784 10.173200619824545 84
1616625462666 10.048196206876264 85
1616625587885 10.362346511055927 86
1616625713014 10.646007712259369 87
1616625837911 11.022134873617974 88
1616625962654 11.436331879734785 89
1616626087772 12.140239854374967 90
1616626212832 10.644739644145169 91
1616626340059 10.718687225660265 92
1616626465582 11.325851046162063 93
1616626590343 9.84424478832287 94
1616626715149 9.420218564145028 95
1616626840052 9.815852572486737 96
1616626965055 9.949037094855738 97
1616627089802 9.794238459392014 98
1616627214646 9.465161499767712 99
1616627339578 9.410933554706899 100
1616627464329 8.972600278315458 101
1616627589165 10.936119662276571 102
1616627714048 9.934494963243274 103
1616627839120 10.016148270071076 104
1616627964098 9.599132627021115 105
1616628088898 9.19415027953294 106
1616628214118 9.63394037420725 107
1616628338743 9.099286582646965 108
1616628463713 8.964029159938407 109
1616628588836 9.954159348678628 110
1616628713766 9.671430002416553 111
1616628838516 9.374717630898475 112
1616628963326 8.815550748843515 113
1616629088390 9.718281583862582 114
1616629213299 9.159206032903892 115
1616629338280 9.373216713656046 116
1616629463397 9.251764491772333 117
1616629588565 10.361494915339389 118
1616629713659 10.698810928276872 119
1616629838794 10.07465018578014 120
1616629963848 9.238316403935803 121
1616630088654 9.403511461927335 122
1616630213614 9.200851773138055 123
1616630338677 9.523640477054412 124
1616630463628 9.131596291565529 125
1616630588713 10.344742413063013 126
1616630714069 9.266086806031542 127
1616630839019 10.437888900171554 128
1616630963798 9.022420934007348 129
1616631088878 8.82326613975971 130
1616631213569 8.598500395791827 131
1616631338310 9.502326046226584 132
1616631463099 8.946150872423525 133
1616631588199 9.394737480324695 134
1616631713186 9.362638275310886 135
1616631838473 12.411663355364576 136
1616631964308 14.675377205842185 137
1616632089378 11.24271858061132 138
1616632214209 10.824293602575482 139
1616632339355 10.370563687585863 140
1616632464104 9.731726501529854 141
1616632589112 9.01610986534385 142
1616632714017 8.941359716936763 143
1616632838873 8.954052896848626 144
1616632963940 9.246864792520078 145
1616633088817 8.951660784770636 146
1616633214192 8.338123958094775 147
1616633339320 8.976565249970111 148
1616633464385 8.471813289219599 149
1616633589358 8.82113107803482 150
1616633714228 8.345244135830937 151
1616633839235 8.50739136512524 152
1616633964438 8.198208407156587 153
1616634089465 8.00387293430013 154
1616634214652 8.15123506738002 155
1616634339994 8.998392408102628 156
1616634465024 8.765899436618264 157
1616634590024 8.052457421534235 158
1616634715078 8.540231175808685 159
1616634840055 9.472163012304883 160
1616634964906 9.756545449925259 161
1616635089703 8.455111941074877 162
1616635214657 8.197723357034166 163
1616635339578 8.033538526609744 164
1616635464582 7.418712752306619 165
1616635589736 8.28691254871792 166
1616635714850 8.686513588399668 167
1616635839598 8.564791752489464 168
1616635964689 8.733393888018341 169
1616636089810 8.725026295028675 170
1616636214885 8.360400243164142 171
1616636339974 8.32221037978806 172
1616636464796 7.941904525839224 173
1616636590208 8.634885913601865 174
1616636715277 8.916854168507891 175
1616636840428 8.844102544132783 176
1616636965386 9.045035560340724 177
1616637090443 8.074755251179853 178
1616637215672 7.968679079685583 179
1616637341162 9.435279026645556 180
1616637466215 8.212636407557214 181
1616637591767 7.722874838649506 182
1616637716784 8.40151753916663 183
1616637841903 8.441272526211998 184
1616637966979 8.718217738257149 185
1616638092205 8.357840986201628 186
1616638216878 7.934395465724071 187
1616638341734 11.153181897974246 188
1616638466616 8.059346791080154 189
1616638591938 7.938663529585728 190
1616638716747 8.323207840179215 191
1616638841670 8.482724311995828 192
1616638966523 7.961450692992203 193
1616639091472 7.582390563884359 194
1616639216428 8.392249596540257 195
1616639341501 10.322030012674814 196
1616639466293 9.827117594769947 197
1616639591507 10.679084664587297 198
1616639716726 8.460833594713293 199
1616639842178 8.066290204843568 200
1616639967389 8.744040060568702 201
1616640092770 8.797039388155317 202
1616640217775 7.922780486487233 203
1616640343160 8.019976635013354 204
1616640468145 7.930706690841448 205
1616640593338 9.613136811076663 206
1616640718150 7.746783722727009 207
1616640843250 8.312931925279678 208
1616640968226 9.001346006580496 209
1616641093277 9.017111372826845 210
1616641218289 7.4777900931184815 211
1616641343189 7.796282199842467 212
1616641468473 7.440186089647907 213
1616641593628 7.564626181503995 214
1616641718637 8.437595148789118 215
1616641843525 8.32554029450127 216
1616641968370 8.591019676883844 217
1616642093279 9.725985738686997 218
1616642218459 8.036976844959261 219
1616642343874 9.301339509699586 220
1616642469067 8.527579123472398 221
1616642593871 7.961495808712063 222
1616642718745 8.565725299919173 223
1616642843491 7.182877872876756 224
1616642968295 9.161022592694193 225
1616643093147 8.452690129131875 226
1616643217917 10.459809815986786 227
1616643342809 8.405953326820912 228
1616643467589 8.085714375332085 229
1616643592652 7.789035354141637 230
1616643717467 7.590883476808528 231
1616643842220 8.268463205978339 232
1616643967168 7.479403227145013 233
1616644092255 7.820530217750561 234
1616644217340 8.203319221186014 235
1616644342704 8.204860788226565 236
1616644467593 7.673832115942356 237
1616644592701 7.499471903909298 238
1616644718020 8.78846099295569 239
1616644843401 7.358559817155888 240
1616644968679 7.536979928078867 241
1616645094063 8.276108844509826 242
1616645219033 7.946286772644668 243
1616645344132 7.7172837223579975 244
1616645469346 7.833830574359206 245
1616645594294 8.679200832196013 246
1616645719576 9.149199451270334 247
1616645844552 7.96041868857938 248
1616645969751 8.426405712062436 249
