1616614829070 0.5920678300267839 0
1616614954988 0.2615268606930337 1
1616615080900 0.22302505362065547 2
1616615205952 0.21742451428732973 3
1616615331487 0.22191903680721495 4
1616615456913 0.16547797544998058 5
1616615583078 0.1757945052962354 6
1616615708463 0.14195276701703985 7
1616615833661 0.11798862134047011 8
1616615959378 0.1401681453782193 9
1616616084763 0.15633699666470924 10
1616616209984 0.13181855145128482 11
1616616335143 0.132310859026744 12
1616616460126 0.11461323630461033 13
1616616585165 0.11236487329006195 14
1616616710330 0.11539335168422536 15
1616616835684 0.10947683090938533 16
1616616960710 0.10564069707501442 17
1616617085922 0.10975057673343319 18
1616617211418 0.11179519630968571 19
1616617336627 0.10853026486299139 20
1616617462178 0.12969522717151236 21
1616617587301 0.12492998194028722 22
1616617712211 0.1371221800354567 23
1616617837581 0.11600221412137468 24
1616617962522 0.14797884622152815 25
1616618087664 0.10272940759487609 26
1616618213091 0.0988386148150931 27
1616618338339 0.0952257273837607 28
1616618463190 0.09530344050615391 29
1616618588379 0.11058498197730551 30
1616618713381 0.0934518950377056 31
1616618838641 0.11299750551660644 32
1616618963597 0.08795864208343815 33
1616619088382 0.09070082773712088 34
1616619213610 0.12666990429638547 35
1616619338807 0.11309045565096622 36
1616619463616 0.09896657225537173 37
1616619588576 0.10030470509082079 38
1616619713368 0.0974912906580783 39
1616619838891 0.08428534639484071 40
1616619963906 0.09626582895029098 41
1616620089110 0.10069063777460698 42
1616620214044 0.10599318257671722 43
1616620338981 0.094343577055855 44
1616620463734 0.08612606569411273 45
1616620588362 0.08404225794638091 46
1616620713348 0.08536907537107138 47
1616620838269 0.08387125755085591 48
1616620963394 0.12582219223630556 49
1616621088773 0.11800573235179515 50
1616621213716 0.09559572587146405 51
1616621338720 0.09177407229992937 52
1616621463713 0.0891414986764814 53
1616621588701 0.0856540094704387 54
1616621713743 0.08364589829394158 55
1616621838874 0.0789275536947745 56
1616621963868 0.08269051628861021 57
1616622088648 0.0846332912828694 58
1616622213308 0.08443440978435125 59
1616622338438 0.07698629168357621 60
1616622463519 0.07843124065944489 61
1616622588416 0.07705857892064973 62
1616622713252 0.08558454303110534 63
1616622838442 0.08281879965215921 64
1616622963527 0.08513546207959348 65
1616623088445 0.08407648583438168 66
1616623213312 0.08114178353880948 67
1616623338044 0.08519778073705891 68
1616623463070 0.07826289457288828 69
1616623588315 0.07714744554238116 70
1616623713358 0.0752717066912892 71
1616623838159 0.07915496005815395 72
1616623963008 0.07620665795625524 73
1616624087805 0.06947562879228845 74
1616624212596 0.07483551552162525 75
1616624337705 0.07284616984109929 76
1616624462705 0.07203110477867279 77
1616624587729 0.0697370065930993 78
1616624712598 0.08222779292771791 79
1616624837712 0.08773460694925582 80
1616624962995 0.07979794532219146 81
1616625088108 0.08628858154282924 82
1616625212856 0.07452575890149207 83
1616625337780 0.06968577037704118 84
1616625462661 0.07221476168946382 85
1616625587880 0.07059655124519734 86
1616625713009 0.06957936352317004 87
1616625837906 0.0746637026165077 88
1616625962649 0.08798505740359108 89
1616626087767 0.07257382151611308 90
1616626212819 0.06968919255156467 91
1616626340052 0.07253604729045579 92
1616626465575 0.07852768743450338 93
1616626590335 0.0679529926521664 94
1616626715142 0.0665672098662942 95
1616626840044 0.06719651832146213 96
1616626965047 0.06586319085289823 97
1616627089794 0.0660129652378407 98
1616627214640 0.06984880548763148 99
1616627339570 0.06680589944044961 100
1616627464323 0.0643919119215075 101
1616627589158 0.06315641626319353 102
1616627714041 0.07091291084330767 103
1616627839113 0.06603911215875377 104
1616627964091 0.06280462277379442 105
1616628088891 0.06245453651756682 106
1616628214111 0.0652655436597923 107
1616628338736 0.06324783962299214 108
1616628463706 0.06373763421272978 109
1616628588828 0.06148345362236525 110
1616628713759 0.0630549120102474 111
1616628838509 0.05632352567416556 112
1616628963319 0.05913098515110447 113
1616629088383 0.06008201575976737 114
1616629213292 0.062163004849819424 115
1616629338273 0.06096623663572555 116
1616629463389 0.05809405168637316 117
1616629588557 0.06347702829999492 118
1616629713652 0.05932105247406883 119
1616629838786 0.06134817002222259 120
1616629963841 0.059884950261008235 121
1616630088646 0.058056999433864935 122
1616630213607 0.05847127234285816 123
1616630338669 0.05918648607157012 124
1616630463621 0.05742668219782571 125
1616630588705 0.05721841282904782 126
1616630714062 0.058958934302976794 127
1616630839011 0.05907868728675741 128
1616630963790 0.05954242781042419 129
1616631088871 0.056729088339241264 130
1616631213562 0.05240879806273795 131
1616631338302 0.05629616531919926 132
1616631463091 0.055129003275106565 133
1616631588191 0.05394843496144452 134
1616631713179 0.058319087437492735 135
1616631838465 0.09548153769858975 136
1616631964300 0.13375499091566878 137
1616632089371 0.0715709791736717 138
1616632214202 0.069155262743539 139
1616632339347 0.06184563896757491 140
1616632464096 0.061700134260698834 141
1616632589104 0.0557765778590073 142
1616632714009 0.054032775613063196 143
1616632838865 0.0586732144645871 144
1616632963932 0.05294848207701394 145
1616633088809 0.05282552395650047 146
1616633214185 0.05268585933570532 147
1616633339313 0.05875275708100897 148
1616633464378 0.0551489785987329 149
1616633589351 0.05033989163472297 150
1616633714222 0.05075531003085223 151
1616633839227 0.05064402944705588 152
1616633964431 0.05355044184847081 153
1616634089457 0.05147454727124026 154
1616634214644 0.048897614880920724 155
1616634339988 0.05168615289508028 156
1616634465017 0.058732542724526944 157
1616634590017 0.05158895717814882 158
1616634715070 0.05374947152635519 159
1616634840048 0.062172214282636945 160
1616634964899 0.05504806633008287 161
1616635089695 0.04964300298548125 162
1616635214650 0.048225736364405206 163
1616635339571 0.05165865052332903 164
1616635464574 0.047562316931942676 165
1616635589729 0.04633934960324079 166
1616635714843 0.04946703436051277 167
1616635839591 0.047696392567075314 168
1616635964681 0.049775028145535194 169
1616636089803 0.05010845308053367 170
1616636214877 0.05018332378661379 171
1616636339968 0.05142986358321728 172
1616636464790 0.052018002488036105 173
1616636590200 0.05031126454234757 174
1616636715268 0.04948815180266157 175
1616636840420 0.049416396707454895 176
1616636965380 0.04984440317654863 177
1616637090436 0.05216856320646215 178
1616637215664 0.05183397962691936 179
1616637341155 0.0515747153140763 180
1616637466207 0.05067232914982324 181
1616637591760 0.04884069947961797 182
1616637716776 0.04752809893181349 183
1616637841895 0.048523414503545206 184
1616637966971 0.052426331121712286 185
1616638092198 0.04573770416306054 186
1616638216871 0.05080686543295358 187
1616638341727 0.055686378455225456 188
1616638466608 0.05119811095535121 189
1616638591930 0.05000493903347152 190
1616638716739 0.0428224827777198 191
1616638841663 0.04365551134848848 192
1616638966515 0.04873258329214568 193
1616639091465 0.04737616392803636 194
1616639216421 0.05183548480272293 195
1616639341493 0.06318075009720757 196
1616639466285 0.06383879892924364 197
1616639591500 0.0639692357087389 198
1616639716719 0.05022988139473377 199
1616639842171 0.05044839457866359 200
1616639967382 0.05084386436229057 201
1616640092763 0.05043165887052074 202
1616640217768 0.044619995793525845 203
1616640343153 0.04603361308653938 204
1616640468138 0.04772646529005563 205
1616640593332 0.045516845185626695 206
1616640718144 0.04035669119354892 207
1616640843242 0.04385916866916925 208
1616640968220 0.054611685457936626 209
1616641093269 0.050023620512257234 210
1616641218281 0.04523957065960511 211
1616641343182 0.044115255725510574 212
1616641468466 0.048255420012518445 213
1616641593621 0.043820547375907286 214
1616641718630 0.04628579021292798 215
1616641843518 0.04802471085233574 216
1616641968362 0.048605645412301765 217
1616642093272 0.05389543830793589 218
1616642218451 0.04224556198026588 219
1616642343866 0.04847563900291286 220
1616642469059 0.04512316798989443 221
1616642593863 0.044491154756000705 222
1616642718737 0.043511782634131455 223
1616642843483 0.0424180463194213 224
1616642968288 0.04937737417268626 225
1616643093140 0.04657786734838118 226
1616643217909 0.05526965624712249 227
1616643342801 0.04411789107116613 228
1616643467582 0.044716468001616765 229
1616643592645 0.04251268212782576 230
1616643717459 0.04390883339727496 231
1616643842213 0.04155371644276571 232
1616643967159 0.041195186796261274 233
1616644092248 0.03689004895970859 234
1616644217333 0.04505030232224059 235
1616644342696 0.03936676408580326 236
1616644467586 0.03636604542546767 237
1616644592693 0.043372179619333845 238
1616644718012 0.04168687663734593 239
1616644843393 0.04193665869930323 240
1616644968672 0.04394450944234082 241
1616645094055 0.039478961180182216 242
1616645219025 0.03940726689835812 243
1616645344124 0.03866909295716818 244
1616645469338 0.038427398559894965 245
1616645594287 0.038342008783303676 246
1616645719569 0.040804645769852904 247
1616645844544 0.03730455776082074 248
1616645969744 0.04122233263989712 249
