1612998772621 0.4114098130767025 0
1612998842669 0.3293215601301905 1
1612998911778 0.3010230346105585 2
1612998980808 0.3076302360242872 3
1612999050662 0.29108197955942866 4
1612999119555 0.2717776184354848 5
1612999188582 0.2564456661118627 6
1612999257648 0.2446402755023828 7
1612999329255 0.2362030085244186 8
1612999398957 0.2264533549102384 9
1612999468425 0.22235267820642948 10
1612999538800 0.21762188853909123 11
1612999608348 0.21343112108217446 12
1612999677302 0.20901375125720298 13
1612999745941 0.2062254707611615 14
1612999814671 0.20210553577809187 15
1612999883491 0.19852099128728162 16
1612999953456 0.19572804860807766 17
1613000022327 0.19196225551761045 18
1613000092031 0.18965622591438575 19
1613000162357 0.18719871178025796 20
1613000231143 0.18541208439313248 21
1613000300178 0.1824205805928888 22
1613000369330 0.17943471540414277 23
1613000438421 0.17743527362595743 24
1613000507081 0.17644852618809817 25
1613000575845 0.17669270498572032 26
1613000644821 0.175337566781654 27
1613000713758 0.17332948462839168 28
1613000782910 0.17126421572557132 29
1613000852472 0.16916277136547833 30
1613000921599 0.1673975872682101 31
1613000991027 0.16575947114106807 32
1613001060386 0.1640652255126527 33
1613001129199 0.16241245312985575 34
1613001198045 0.1608917310117291 35
1613001267363 0.15906774312462135 36
1613001335878 0.15768999505117942 37
1613001405618 0.15635619177655882 38
1613001475097 0.1553113648250921 39
1613001545143 0.1537739276061459 40
1613001614573 0.15254436059462403 41
1613001683617 0.15133465263256796 42
1613001752725 0.15044465418424824 43
1613001823613 0.1498623061535963 44
1613001892224 0.1498889423553855 45
1613001960981 0.14915359374188963 46
1613002030046 0.14837979592049297 47
1613002099276 0.14733221138391484 48
1613002168867 0.14678781260305374 49
1613002238239 0.1460470139614001 50
1613002307192 0.1453114197462215 51
1613002376255 0.1443606242600443 52
1613002446066 0.1438700948023809 53
1613002514882 0.14290197987407643 54
1613002585363 0.1420112131659918 55
1613002653718 0.1413131557106503 56
1613002722429 0.14068194935448194 57
1613002791009 0.14029159443064215 58
1613002861251 0.13954568800344988 59
1613002932510 0.13873480025205803 60
1613003003127 0.13806472329147515 61
1613003072375 0.1378898034443705 62
1613003140989 0.13755122071771478 63
1613003209900 0.13689468724035092 64
1613003278832 0.1362092340224364 65
1613003349477 0.13545041293815346 66
1613003418302 0.1347746536122591 67
1613003487033 0.13400280442094487 68
1613003556585 0.1333297549153188 69
1613003625822 0.13321847139548576 70
1613003695136 0.13263764683385793 71
1613003765825 0.1320803143987381 72
1613003834700 0.13157683690260766 73
1613003903690 0.13110747701493072 74
1613003974080 0.1304596062026807 75
1613004042823 0.1298447685963564 76
1613004114068 0.12912514528642433 77
1613004183607 0.12847109420209896 78
1613004253561 0.12800071514142097 79
1613004323337 0.12732814549740806 80
1613004393212 0.12698235920137785 81
1613004462484 0.12650080999224508 82
1613004531084 0.12600643174522896 83
1613004600321 0.12543825031478123 84
1613004669275 0.12487471623993388 85
1613004738343 0.12440969877943289 86
1613004807416 0.12431058523168076 87
1613004876899 0.123984664743546 88
1613004945448 0.12349767906353448 89
1613005014797 0.12305201499877026 90
1613005083903 0.12254980742196464 91
1613005153444 0.12205674087345039 92
1613005224451 0.12155907861616319 93
1613005293960 0.1211373042142588 94
1613005362611 0.12071097524493786 95
1613005432642 0.12025168333113756 96
1613005502252 0.11976902586746392 97
1613005571037 0.11941440697980112 98
1613005640067 0.1190027255798454 99
1613005708999 0.1185298282127358 100
1613005780482 0.11814946162969286 101
1613005849422 0.11773154399927381 102
1613005918784 0.117352681638658 103
1613005988448 0.1169297642036796 104
1613006057975 0.11651748114154563 105
1613006127108 0.1162055832253189 106
1613006196493 0.11595228843230317 107
1613006265570 0.11584603877062996 108
1613006335360 0.11560903995460863 109
1613006404395 0.11547971725527985 110
1613006473515 0.11535513131762111 111
1613006542204 0.11508696443920265 112
1613006610746 0.11491109080794096 113
1613006679983 0.1148868289495118 114
1613006750141 0.11473175177731222 115
1613006819002 0.11451458842007083 116
1613006888715 0.11425154966219994 117
1613006959380 0.11422999954337267 118
1613007027825 0.11393425308946355 119
1613007096401 0.11366911505423538 120
1613007165193 0.1133461243326926 121
1613007234845 0.11302887857459354 122
1613007303579 0.11274405527585508 123
1613007372611 0.11238578414205297 124
1613007441309 0.112098497347198 125
1613007510253 0.11176136633052239 126
1613007579128 0.11145301322355423 127
1613007647983 0.11109711810641305 128
1613007716440 0.11092713649045724 129
1613007785800 0.11081718683405783 130
1613007855761 0.11063773164459076 131
1613007924882 0.11029433925175103 132
1613007994011 0.11000451805411535 133
1613008063485 0.10969376455294355 134
1613008134048 0.10962808486057857 135
1613008202497 0.10931268841213282 136
1613008270934 0.10897462063864045 137
1613008339779 0.10866906694627074 138
1613008409149 0.10842610779347452 139
1613008478301 0.10812573250833867 140
1613008548281 0.10800773565047976 141
1613008618373 0.10821385990041693 142
1613008687472 0.108105956414594 143
1613008756865 0.10801615196592221 144
1613008825666 0.1079719669917346 145
1613008894744 0.10782270425950856 146
1613008963314 0.1075820207788176 147
1613009032127 0.10741945465019684 148
1613009100599 0.107359559856244 149
1613009170932 0.10717098618303114 150
1613009239187 0.10693826855914573 151
1613009310067 0.10671666061316522 152
1613009378665 0.1065081659849588 153
1613009450295 0.10635878072085724 154
1613009519025 0.10610932243472537 155
1613009589154 0.10596189693031527 156
1613009658118 0.10579224534708591 157
1613009727834 0.10556604940432694 158
1613009797147 0.10539535405809312 159
1613009865721 0.1051745168292137 160
1613009934419 0.1049443580716799 161
1613010002707 0.10466610902330072 162
1613010072520 0.10447053595004971 163
1613010141455 0.10419891136148732 164
1613010211164 0.10397804463494921 165
1613010280477 0.1037258049024527 166
1613010349256 0.10358916092253614 167
1613010418230 0.10337456270945765 168
1613010487895 0.10313863709268078 169
1613010558581 0.10303224145486906 170
1613010628488 0.10279221800167254 171
1613010698055 0.10266965011620213 172
1613010767086 0.102498432179425 173
1613010835790 0.10229043740961855 174
1613010904566 0.10209959242973111 175
1613010973385 0.10187393049434244 176
1613011044706 0.10169889671319131 177
1613011113131 0.1015683271057322 178
1613011181703 0.10145507061955945 179
1613011250634 0.10123934751293419 180
1613011321941 0.10106401737154326 181
1613011390382 0.10086258201417894 182
1613011460705 0.10083906702566738 183
1613011529431 0.10068304368496522 184
1613011598968 0.10053302319680035 185
1613011667902 0.10037038813224199 186
1613011736627 0.10018707710567 187
1613011806029 0.10002603727541935 188
1613011874788 0.09987865962199315 189
1613011943992 0.09971656319665997 190
1613012014668 0.09952745754364417 191
1613012084930 0.09940779928670262 192
1613012155254 0.09923643480449262 193
1613012223961 0.09906182038660852 194
1613012292616 0.09885422000335263 195
1613012361231 0.09867885951535597 196
1613012430041 0.09854840525994202 197
1613012498684 0.0984515164097493 198
1613012568084 0.09829941381714238 199
1613012637447 0.09812179340359858 200
1613012706809 0.09803150797922573 201
1613012776764 0.09792054816560092 202
1613012845577 0.09773167792052458 203
1613012914567 0.09758593847762902 204
1613012985981 0.09744325780277754 205
1613013055215 0.09737483833147134 206
1613013126780 0.09726037553818438 207
1613013195413 0.09716224883238282 208
1613013264495 0.09699714871357755 209
1613013333370 0.0968100214102333 210
1613013403544 0.09665796281971821 211
1613013472361 0.09648115909656742 212
1613013541738 0.0963156546803428 213
1613013613421 0.09613799317683333 214
1613013682208 0.09605125010408967 215
1613013751012 0.09591481305847913 216
1613013820329 0.09575629630562836 217
1613013889267 0.0955845584071894 218
1613013958188 0.09553596792664264 219
1613014028511 0.09548405722360283 220
1613014098061 0.09535957995691464 221
1613014166674 0.09521049166146983 222
1613014236155 0.09514212430015938 223
1613014305559 0.0950050374761743 224
1613014375365 0.09491154803434275 225
1613014445496 0.09488387357962111 226
1613014515551 0.0948201012013626 227
1613014584306 0.09473424330611106 228
1613014654045 0.09457950874785956 229
1613014724274 0.09444970545661215 230
1613014794059 0.09427698206576379 231
1613014862780 0.0941133109201086 232
1613014931994 0.09396697736878318 233
1613015000712 0.0938619693107702 234
1613015069129 0.09370148973527694 235
1613015137910 0.09357339880975313 236
1613015206304 0.09347589456585023 237
1613015276439 0.09331326979220433 238
1613015347588 0.09320470533190085 239
1613015417320 0.09309930587513292 240
1613015486478 0.0929999712864274 241
1613015555680 0.09292775388871358 242
1613015625420 0.09277136162277073 243
1613015695807 0.09264504115028861 244
1613015764852 0.09251520597100073 245
1613015834025 0.09239268674613618 246
1613015903540 0.09224045280946468 247
1613015972477 0.09209860078595222 248
1613016041337 0.09196387844299204 249
1613016110479 0.09181803790965958 250
1613016179454 0.09170756904371712 251
1613016250703 0.09161313520997728 252
1613016319536 0.09154607047204169 253
1613016389206 0.09144528032151587 254
1613016459212 0.09132637566219627 255
1613016530186 0.09119411412483933 256
1613016599541 0.09104848755229393 257
1613016668243 0.09092401993114627 258
1613016737698 0.09079212832738284 259
1613016806401 0.09065076949945847 260
1613016875598 0.09052881846344255 261
1613016945033 0.09046435966697905 262
1613017013704 0.09033372547361229 263
1613017082327 0.09020514910202973 264
1613017150753 0.09007080959666394 265
1613017219448 0.08996186540154658 266
1613017289144 0.08982665137395905 267
1613017358734 0.08968567345189063 268
1613017428307 0.0895499948212427 269
1613017497299 0.089434660576826 270
1613017567135 0.08939174285667105 271
1613017635983 0.08932782377945668 272
1613017706543 0.08929333613516006 273
1613017775448 0.08923287895026656 274
1613017844201 0.08911231417380552 275
1613017914079 0.08898694914498141 276
1613017984418 0.08886418312317601 277
1613018053373 0.08874235560447227 278
1613018122384 0.08862018408233935 279
1613018191320 0.08850780437950907 280
1613018260222 0.08838274670528008 281
1613018330266 0.08825205206198318 282
1613018399889 0.08814846004273479 283
1613018469173 0.0880595771546575 284
1613018539027 0.08793912221252914 285
1613018608223 0.08780550486497536 286
1613018677128 0.0876693324576662 287
1613018748425 0.08755616452374664 288
1613018817733 0.0874525483956487 289
1613018886665 0.08737681400484264 290
1613018956478 0.0872857360277067 291
1613019025662 0.08716354230874716 292
1613019094909 0.08703330909918987 293
1613019164330 0.08692884746153931 294
1613019233952 0.08687226067343373 295
1613019303225 0.08677364208930835 296
1613019373961 0.08666352909922209 297
1613019442411 0.08656442755678834 298
1613019511848 0.08649501809433328 299
