1612998772618 0.4114098130767025 0
1612998842667 0.24723330718367847 1
1612998911776 0.24442598357129453 2
1612998980806 0.3274518402654733 3
1612999050660 0.22488895369999445 4
1612999119553 0.17525581281576583 5
1612999188580 0.16445395217013004 6
1612999257645 0.1620025412360234 7
1612999329253 0.16870487270070544 8
1612999398955 0.13870647238261663 9
1612999468423 0.18134591116834042 10
1612999538798 0.16558320219837017 11
1612999608346 0.16314191159917346 12
1612999677300 0.15158794353257365 13
1612999745939 0.1671895438165807 14
1612999814666 0.14030651103204755 15
1612999883489 0.14116827943431798 16
1612999953454 0.14824802306160997 17
1613000022325 0.1241779798892007 18
1613000092029 0.14584166345311633 19
1613000162355 0.13804842909770226 20
1613000231142 0.14789290926349696 21
1613000300176 0.11660749698752787 22
1613000369329 0.11075981606298418 23
1613000438419 0.1294486709495089 24
1613000507080 0.15177984024161723 25
1613000575842 0.18304135372389607 26
1613000644819 0.1387488352718638 27
1613000713756 0.11710318433704661 28
1613000782909 0.11137141754378134 29
1613000852470 0.10611944056268949 30
1613000921597 0.11267688025289507 31
1613000991025 0.11333975507252252 32
1613001060384 0.10815511977494653 33
1613001129197 0.10621819211475884 34
1613001198043 0.10766645687729565 35
1613001267361 0.09340417918874257 36
1613001335876 0.10671331633382769 37
1613001405616 0.10567166734097609 38
1613001475095 0.11456311371789049 39
1613001545140 0.09227643884829621 40
1613001614571 0.10213211312222836 41
1613001683615 0.1005269182262136 42
1613001752724 0.1121747209064996 43
1613001823611 0.1242389928049116 44
1613001892223 0.15108757143589988 45
1613001960979 0.1153275575210799 46
1613002030044 0.11201129831484895 47
1613002099274 0.09704815362816427 48
1613002168865 0.12011227234085994 49
1613002238237 0.10900708187871905 50
1613002307191 0.1077961147721134 51
1613002376253 0.09491925897882945 52
1613002446064 0.11787203354622001 53
1613002514880 0.09062377374563645 54
1613002585361 0.09301904422133717 55
1613002653715 0.10222193821152645 56
1613002722427 0.10470318705288333 57
1613002791008 0.1176510088479341 58
1613002861250 0.09553720879910597 59
1613002932508 0.09008153516854812 60
1613003003126 0.09719002869591783 61
1613003072373 0.12704477292388233 62
1613003140987 0.11622050893840505 63
1613003209898 0.09487654468906459 64
1613003278831 0.09165477485799078 65
1613003349475 0.08536822137547963 66
1613003418300 0.089498778777336 67
1613003487031 0.08151705941157554 68
1613003556584 0.08688933902712011 69
1613003625821 0.12542862500717392 70
1613003695134 0.09139910295828065 71
1613003765822 0.09195237907011118 72
1613003834698 0.09482297968508592 73
1613003903689 0.09637484532683643 74
1613003974077 0.08186929528392962 75
1613004042821 0.08311711051570836 76
1613004114066 0.073714150421655 77
1613004183605 0.07745510962472033 78
1613004253559 0.09084076934785985 79
1613004323335 0.07352257397637438 80
1613004393210 0.09897366922293137 81
1613004462482 0.08701377484335829 82
1613004531082 0.0849730372428894 83
1613004600319 0.07771101015717236 84
1613004669273 0.07697431987790919 85
1613004738341 0.0844181971763497 86
1613004807414 0.11568770657724409 87
1613004876898 0.09530366178768784 88
1613004945447 0.08015595354251008 89
1613005014795 0.0829422491699902 90
1613005083901 0.07684891793265272 91
1613005153443 0.07669461841013894 92
1613005224449 0.0752764886884547 93
1613005293958 0.08149051043524672 94
1613005362610 0.08020972315944842 95
1613005432640 0.0761596596063073 96
1613005502250 0.07295125189112193 97
1613005571036 0.08466175598884697 98
1613005640064 0.07824626698422787 99
1613005708998 0.07124009150177685 100
1613005780480 0.07973243674235557 101
1613005849421 0.07510394569653184 102
1613005918783 0.07832985849522833 103
1613005988447 0.0729463509659269 104
1613006057973 0.0732277596174781 105
1613006127106 0.0831444041052861 106
1613006196491 0.0888497455796199 107
1613006265568 0.10437107530992422 108
1613006335359 0.08977616900828347 109
1613006404392 0.10125422032911387 110
1613006473513 0.101526092237501 111
1613006542202 0.08505227405633499 112
1613006610744 0.09503737047537049 113
1613006679980 0.11212097708858661 114
1613006750139 0.09689787697436204 115
1613006819000 0.08932363898006838 116
1613006888713 0.08347601499130476 117
1613006959379 0.11168708552175494 118
1613007027823 0.07874042507427842 119
1613007096399 0.08185255082685557 120
1613007165192 0.07426424702601646 121
1613007234843 0.07432489608650777 122
1613007303577 0.07771078953102453 123
1613007372609 0.0679601635505904 124
1613007441306 0.07618764799032639 125
1613007510250 0.06928285822939517 126
1613007579126 0.07229216863859945 127
1613007647981 0.06554254311234203 128
1613007716438 0.08899950803215824 129
1613007785798 0.0965237315021344 130
1613007855759 0.08712910182440459 131
1613007924880 0.06496654339690706 132
1613007994009 0.07145829876857017 133
1613008063483 0.06805279539592231 134
1613008134046 0.1007613263913055 135
1613008202495 0.06641877142351064 136
1613008270933 0.06265933567018651 137
1613008339778 0.06650265739924872 138
1613008409147 0.07465478555480046 139
1613008478299 0.06607319258931857 140
1613008548279 0.09137017869237643 141
1613008618372 0.13748350339149362 142
1613008687470 0.09267575794191503 143
1613008756864 0.09508431135718502 144
1613008825664 0.10156514573453078 145
1613008894742 0.08603034535450722 146
1613008963311 0.0722015491172449 147
1613009032126 0.08335966761432477 148
1613009100597 0.09843523555727147 149
1613009170930 0.07888493520110401 150
1613009239185 0.07179790735244751 151
1613009310065 0.07303225282412856 152
1613009378663 0.07460848786937657 153
1613009450293 0.0833534500492153 154
1613009519023 0.06744328808428636 155
1613009589152 0.08296351824233782 156
1613009658116 0.07915694678007666 157
1613009727832 0.06982709044840799 158
1613009797145 0.07825479400691701 159
1613009865719 0.06984056020850565 160
1613009934417 0.06788879810874142 161
1613010002705 0.059589763185871183 162
1613010072518 0.07259212501013457 163
1613010141453 0.05965247883725522 164
1613010211162 0.06753503475616228 165
1613010280475 0.061854009308032136 166
1613010349254 0.08076961627647058 167
1613010418228 0.06732206291227198 168
1613010487893 0.06326720785738817 169
1613010558579 0.0849449830268746 170
1613010628487 0.06174820750506956 171
1613010698053 0.08158797381529168 172
1613010767083 0.0728777291169807 173
1613010835789 0.06609934746329464 174
1613010904564 0.06870172094942918 175
1613010973383 0.06215742986593673 176
1613011044704 0.07071791744943876 177
1613011113129 0.07832693697801277 178
1613011181701 0.08118215959463547 179
1613011250632 0.06240918832038766 180
1613011321939 0.06932926177978516 181
1613011390380 0.06420134697387468 182
1613011460703 0.0965358241280513 183
1613011529430 0.07197474899576671 184
1613011598966 0.07277923288630016 185
1613011667900 0.07012026612438373 186
1613011736625 0.06590791513670737 187
1613011806027 0.06975054918830075 188
1613011874786 0.07202428312443976 189
1613011943991 0.06891824238335909 190
1613012014666 0.0634082778176265 191
1613012084929 0.07643341395392347 192
1613012155252 0.06616308973796332 193
1613012223959 0.06518662331709221 194
1613012292614 0.05837214526845448 195
1613012361229 0.06430820386801193 196
1613012430039 0.07284891694339353 197
1613012498683 0.07926752407159378 198
1613012568083 0.0680309978883658 199
1613012637445 0.0625977106948397 200
1613012706807 0.07988413768028145 201
1613012776762 0.0755066658133891 202
1613012845576 0.05939101817002937 203
1613012914565 0.06785509212693172 204
1613012985979 0.06819371945822417 205
1613013055213 0.08328042724239293 206
1613013126778 0.07356657732778521 207
1613013195411 0.07675189402566027 208
1613013264493 0.062491223883272995 209
1613013333368 0.057513287707940855 210
1613013403542 0.06457360022103609 211
1613013472360 0.05899876978859973 212
1613013541736 0.06106321402450106 213
1613013613420 0.058118431425806305 214
1613013682207 0.0774014894642047 215
1613013751010 0.06644441120660127 216
1613013820327 0.06135816093701035 217
1613013889265 0.058145696547494005 218
1613013958186 0.08489465268690195 219
1613014028509 0.0840637025548451 220
1613014098059 0.06785010401882342 221
1613014166672 0.062112890072722936 222
1613014236153 0.07989620272792987 223
1613014305556 0.06429758890351253 224
1613014375363 0.07387642362224522 225
1613014445495 0.08862944681253006 226
1613014515549 0.08034377133668359 227
1613014584305 0.07515864318876124 228
1613014654043 0.05914529490826735 229
1613014724272 0.06459494846970287 230
1613014794058 0.054377878779795635 231
1613014862778 0.05614160512810323 232
1613014931992 0.0598712599099572 233
1613015000710 0.06929008373573645 234
1613015069127 0.05598878949435789 235
1613015137908 0.06334394038613163 236
1613015206302 0.07036738876086562 237
1613015276437 0.05460857366448018 238
1613015347586 0.06725779931936691 239
1613015417318 0.06780343625082899 240
1613015486476 0.06906033540839579 241
1613015555678 0.07545114364197004 242
1613015625419 0.05476804099865814 243
1613015695805 0.06182284586465181 244
1613015764850 0.06070558704547028 245
1613015834023 0.06225295742945885 246
1613015903538 0.054638670451605496 247
1613015972475 0.05691929895486405 248
1613016041335 0.05841801504590618 249
1613016110476 0.05535790457654355 250
1613016179452 0.0639798836921578 251
1613016250700 0.06781580910753848 252
1613016319535 0.07457869177433982 253
1613016389204 0.06584458208795804 254
1613016459210 0.06100568753569873 255
1613016530184 0.05733516056146195 256
1613016599539 0.05362245840812797 257
1613016668241 0.05881137367504746 258
1613016737696 0.05663220295265539 259
1613016806399 0.05389747423912162 260
1613016875596 0.05869959806328389 261
1613016945031 0.0735761549935412 262
1613017013702 0.05597693261815541 263
1613017082326 0.05626098700423739 264
1613017150751 0.05447084067472771 265
1613017219446 0.06098270950032704 266
1613017289141 0.053724506008091255 267
1613017358733 0.05190359033755402 268
1613017428305 0.05305244317695276 269
1613017497297 0.058294414584316424 270
1613017567133 0.07776104069467801 271
1613017635982 0.0719418347771488 272
1613017706541 0.07987820924218021 273
1613017775446 0.07266761028944556 274
1613017844199 0.0559570006470182 275
1613017914077 0.05438620118952509 276
1613017984416 0.05485799508308297 277
1613018053372 0.054874305404833894 278
1613018122381 0.054534329407250705 279
1613018191318 0.057041487587032036 280
1613018260220 0.05324154024693503 281
1613018330265 0.05139616265225766 282
1613018399888 0.05883191859544213 283
1613018469171 0.06281683694070844 284
1613018539025 0.05360946370594537 285
1613018608221 0.04959094346459232 286
1613018677126 0.04858785155993789 287
1613018748423 0.05496379955491023 288
1613018817732 0.0575074873753448 289
1613018886664 0.06541384067108381 290
1613018956477 0.060782044681150525 291
1613019025660 0.05148297637256224 292
1613019094907 0.04887497869890128 293
1613019164328 0.056217125992276774 294
1613019233950 0.07017915818228651 295
1613019303224 0.05758254118819735 296
1613019373959 0.053959971043600966 297
1613019442409 0.05703216791152954 298
1613019511846 0.06574158882027242 299
