1612143796049 0.3101883610682701 0
1612143865412 0.1882413287660969 1
1612143934330 0.16642925276685117 2
1612144003063 0.15438586028654183 3
1612144073441 0.1649102488560463 4
1612144142260 0.18145544048565537 5
1612144211273 0.1697497456821043 6
1612144282116 0.13940705114336155 7
1612144351070 0.1537041859840279 8
1612144419827 0.16004883442352066 9
1612144488976 0.19809830633562003 10
1612144557826 0.14260805898637913 11
1612144626741 0.1864644938440465 12
1612144695734 0.13292516523332737 13
1612144765128 0.14454395290630967 14
1612144834119 0.11690463414832727 15
1612144902975 0.18777106057352094 16
1612144971954 0.08606338145127937 17
1612145040723 0.2138206291554579 18
1612145109288 0.12237689032483456 19
1612145178517 0.10659870816700494 20
1612145247835 0.13330031686754368 21
1612145316763 0.1713669682616618 22
1612145385724 0.2064861423933684 23
1612145454720 0.19348003348307824 24
1612145523890 0.1414206890917536 25
1612145593131 0.12468082602344342 26
1612145662282 0.10067100934128263 27
1612145732857 0.14786253758330845 28
1612145801859 0.17454880387035768 29
1612145871384 0.13520765126641118 30
1612145941584 0.15694742950040902 31
1612146010184 0.17162736405187579 32
1612146079253 0.12724215592910995 33
1612146148566 0.18092116491118473 34
1612146217720 0.13558549311623644 35
1612146286727 0.14664857512089743 36
1612146355416 0.12895592202001543 37
1612146424808 0.15082046878871633 38
1612146494213 0.09734979049483342 39
1612146563358 0.11521735387061958 40
1612146631822 0.09865557969506107 41
1612146701208 0.2176672940823569 42
1612146770473 0.11922019986963983 43
1612146839224 0.13304754513413158 44
1612146908658 0.12471597675067275 45
1612146977436 0.15200721505862563 46
1612147046551 0.1403164881378857 47
1612147115345 0.11564544154636895 48
1612147184124 0.13605439307084724 49
1612147253664 0.12316402659487369 50
1612147322388 0.20730416988258932 51
1612147391133 0.13189583571989144 52
1612147462148 0.16721881236603012 53
1612147533027 0.09174415780537164 54
1612147602469 0.12465274689802483 55
1612147671271 0.11110159710272034 56
1612147740504 0.09743235716179235 57
1612147809827 0.18349004236619865 58
1612147878753 0.17791012685690352 59
1612147947709 0.21371324649497644 60
1612148016906 0.09494458383588648 61
1612148086234 0.16551473336433298 62
1612148155506 0.13107078288918111 63
1612148226387 0.11871257379873475 64
1612148295300 0.1614617331704097 65
1612148364927 0.11467794784859045 66
1612148433642 0.1390260573643357 67
1612148502260 0.1533534624683323 68
1612148571045 0.17352931979876846 69
1612148641597 0.09426284103251215 70
1612148711606 0.09065542914974156 71
1612148782560 0.17913382444808731 72
1612148852152 0.16002007829609202 73
1612148921311 0.10098853929718929 74
1612148991083 0.10844559722871923 75
1612149060765 0.1054793356069878 76
1612149129755 0.17885539158066707 77
1612149198806 0.11417096675331913 78
1612149269853 0.123853896980855 79
1612149339092 0.11744132415572209 80
1612149408126 0.08598032015473095 81
1612149477421 0.12241933328002247 82
1612149546477 0.07929847934352818 83
1612149615459 0.10368386578204027 84
1612149684503 0.11082902862064874 85
1612149753512 0.1180278472046354 86
1612149822859 0.12770703835273856 87
1612149892942 0.11305210928418744 88
1612149962240 0.1446545150742602 89
1612150031587 0.10299268053538764 90
1612150101120 0.1257686250245393 91
1612150170616 0.0975685199694847 92
1612150239493 0.10941841442193558 93
1612150308897 0.1381005369015594 94
1612150377933 0.16296747994067065 95
1612150446969 0.10082544942400348 96
1612150515580 0.11438024399885491 97
1612150584488 0.13533248741235307 98
1612150655373 0.08084335878713807 99
1612150725383 0.10347607687338074 100
1612150794672 0.16313278675079346 101
1612150865703 0.08681024544274629 102
1612150934878 0.10285974438510724 103
1612151003861 0.09541659479710593 104
1612151073226 0.12792698482968914 105
1612151142530 0.13524100584770316 106
1612151211891 0.07955755404571989 107
1612151281152 0.0738549997557455 108
1612151350333 0.10103459055744 109
1612151419829 0.13026722598431714 110
1612151488608 0.107919733915756 111
1612151558257 0.1562141331274118 112
1612151627321 0.10185490259483679 113
1612151698158 0.1414721688227867 114
1612151766794 0.13002811616926052 115
1612151835877 0.1441221166012892 116
1612151904501 0.10128973313231966 117
1612151973694 0.14499387545372122 118
1612152043092 0.11036505450063677 119
1612152114183 0.11089001751657743 120
1612152183899 0.1469545284313942 121
1612152252845 0.09599094604378317 122
1612152322277 0.15107748134812313 123
1612152391328 0.14869723480139205 124
1612152461248 0.1160652352802789 125
1612152530453 0.12497024571717676 126
1612152600189 0.17466587450966906 127
1612152669770 0.12404949718446874 128
1612152738540 0.06793314841256212 129
1612152809381 0.09570828124658386 130
1612152878158 0.09599596439902462 131
1612152949050 0.13316363007275026 132
1612153017687 0.14196540526489712 133
1612153086635 0.09059183188338778 134
1612153155556 0.14977890342029174 135
1612153226048 0.09019131891763033 136
1612153295347 0.08463038704288539 137
1612153365070 0.1414708192668744 138
1612153434719 0.1127005014846574 139
1612153503991 0.05634927571709476 140
1612153572618 0.09144337497540374 141
1612153641824 0.059704494120469735 142
1612153710903 0.1281871395324593 143
1612153780233 0.14712279234359513 144
1612153848965 0.08315773241555513 145
1612153917768 0.08844443577439037 146
1612153986633 0.1370503306388855 147
1612154055861 0.11476088726698462 148
1612154125583 0.08505947020516466 149
1612154195613 0.0944861484997308 150
1612154264686 0.12905024503594015 151
1612154333801 0.10124830790420077 152
1612154403198 0.136537763609815 153
1612154472507 0.1372496654738241 154
1612154541468 0.1424485836456071 155
1612154610496 0.08625113875118655 156
1612154681405 0.13014639402503397 157
1612154750432 0.04999981353532022 158
1612154819408 0.15626210419099723 159
1612154890662 0.11737038484260218 160
1612154959547 0.1373128908783642 161
1612155028189 0.14275025787638196 162
1612155097164 0.10179967399853379 163
1612155165847 0.07783980333983008 164
1612155234986 0.10393142166422374 165
1612155304749 0.11079521855311607 166
1612155373928 0.08942058104187695 167
1612155443066 0.13918479165034509 168
1612155512190 0.13361955845533913 169
1612155581214 0.09438662297690092 170
1612155649835 0.09474229634697758 171
1612155718797 0.11164645205682783 172
1612155788342 0.16178957295061938 173
1612155857269 0.1745475397181155 174
1612155926326 0.12252980292733036 175
1612155995411 0.06654717406230186 176
1612156064553 0.07741388723031799 177
1612156133987 0.08008129739049655 178
1612156203146 0.09904509693828982 179
1612156272616 0.08048432175792865 180
1612156341734 0.11403533327045726 181
1612156410432 0.12921555006681984 182
1612156479869 0.14587086972905627 183
1612156548894 0.1289333434247259 184
1612156617678 0.10616095564258632 185
1612156686559 0.07891019155730063 186
1612156755520 0.15458179053975574 187
1612156824628 0.061954486725935294 188
1612156893701 0.10464347298465558 189
1612156962398 0.08800579273878638 190
1612157032052 0.09277596491486279 191
1612157100651 0.10299356926732989 192
1612157169696 0.10192754197476515 193
1612157238611 0.12396268435378573 194
1612157307885 0.10250769533328156 195
1612157376776 0.13577015898120937 196
1612157445615 0.08262404488093818 197
1612157514579 0.08590776528885115 198
1612157583110 0.09573587285938548 199
1612157652225 0.1164763329634026 200
1612157721291 0.12706166594775756 201
1612157789830 0.11485244978719683 202
1612157858642 0.11124089849528981 203
1612157927406 0.12248468043199226 204
1612157996622 0.12329179938159772 205
1612158066246 0.04653887695340968 206
1612158134937 0.059290276534521756 207
1612158203363 0.11250166305855139 208
1612158272596 0.15705499364368952 209
1612158341763 0.15236183778563542 210
1612158410603 0.07016958229577364 211
1612158479881 0.1048438673588767 212
1612158549035 0.19882932438779233 213
1612158619197 0.07475968172301108 214
1612158689045 0.07278588992446217 215
1612158760094 0.12048968094498363 216
1612158829522 0.056772670639095024 217
1612158898762 0.13380053950779475 218
1612158967484 0.16865349794501688 219
1612159036443 0.09064578743123297 220
1612159105258 0.08436480297971127 221
1612159174377 0.15261380708039696 222
1612159243259 0.10539680630413455 223
1612159312332 0.11325219407010434 224
1612159383373 0.13541785816648114 225
1612159452611 0.0929164085815202 226
1612159521575 0.08966286769553797 227
1612159590736 0.0756732341068894 228
1612159660506 0.07383910132877862 229
1612159729966 0.060465818910456416 230
1612159799207 0.15477567644261603 231
1612159868583 0.06464385274630874 232
1612159937432 0.10641179956606965 233
1612160006498 0.11201878536992999 234
1612160075736 0.11294575680547686 235
1612160145349 0.09065747350009519 236
1612160213784 0.10109405108352205 237
1612160282318 0.08237079542074631 238
1612160351295 0.0824374627711168 239
1612160420218 0.1330336350113598 240
1612160489311 0.16250252723693848 241
1612160558032 0.09635502900650252 242
1612160627159 0.12911141363542472 243
1612160695806 0.09437942593844968 244
1612160764495 0.07819588860469077 245
1612160835062 0.09974352192522874 246
1612160903991 0.10356540555384622 247
1612160972715 0.08224561588088078 248
1612161041966 0.10299395536308859 249
1612161110940 0.11986913165049766 250
1612161180740 0.11058397880241053 251
1612161249823 0.06828129825307362 252
1612161318593 0.11531165998373459 253
1612161389298 0.07690876900260128 254
1612161460397 0.07654141312214865 255
1612161529399 0.10719029227299477 256
1612161598305 0.09736788094933353 257
1612161667315 0.1320071620727653 258
1612161736109 0.08831643346530288 259
1612161805469 0.08983046706043073 260
1612161873970 0.07671354244004434 261
1612161943992 0.15452809298216408 262
1612162013269 0.13192163296599888 263
1612162082514 0.09029591261450924 264
1612162151601 0.08798929915499332 265
1612162220283 0.11977591443417678 266
1612162290736 0.10700002268179139 267
1612162361222 0.10814589795781605 268
1612162429950 0.0911812995796773 269
1612162499214 0.0892949967241999 270
1612162568337 0.0944892070186672 271
1612162637329 0.13162726697637073 272
1612162707659 0.07984369904247683 273
1612162776864 0.08338180940542649 274
1612162846789 0.0828531669146979 275
1612162916341 0.1516385959155524 276
1612162986331 0.07521096894990152 277
1612163056104 0.07647294695697614 278
1612163125017 0.13995926593666647 279
1612163194865 0.047106346977290825 280
1612163264191 0.07321577730463512 281
1612163333176 0.10338921155502546 282
1612163402708 0.11689143305394187 283
1612163472218 0.23106288731987798 284
1612163541191 0.09744212520656301 285
1612163610633 0.10565410799054957 286
1612163680451 0.06708703379132855 287
1612163751516 0.06268287327752184 288
1612163822965 0.11956019899738368 289
1612163894167 0.13066286738239116 290
1612163963616 0.13378171867399075 291
1612164032899 0.14878128446749786 292
1612164101722 0.14759101529619587 293
1612164171479 0.07934191867486755 294
1612164240361 0.07307530872857393 295
1612164310585 0.08450269788058835 296
1612164380357 0.09319782346042234 297
1612164449260 0.08339669989116157 298
1612164518212 0.08994702527772135 299
1612164587219 0.10478907823562622 300
1612164656233 0.08483999433802135 301
1612164725224 0.14136279429962387 302
1612164794070 0.07806503505849127 303
1612164864755 0.0690964602712375 304
1612164934952 0.08260461910447078 305
1612165003604 0.12396017117286796 306
1612165072478 0.08399088258173928 307
1612165142255 0.08592226167223346 308
1612165211069 0.07172695024689632 309
1612165280285 0.07883010159677534 310
1612165349432 0.08497490722741653 311
1612165418312 0.06722561992816072 312
1612165487888 0.09991287473422378 313
1612165556948 0.1280353976719415 314
1612165626345 0.07337876131285483 315
1612165695856 0.08835849299359677 316
1612165764570 0.05889924515539141 317
1612165833415 0.07924319470106665 318
1612165902783 0.07706706025707188 319
1612165971864 0.0590769844268685 320
1612166042420 0.10838549528548967 321
1612166111408 0.1114340148754974 322
1612166180252 0.09167282350027739 323
1612166249183 0.07935015301206219 324
1612166318515 0.06392172023431579 325
1612166387997 0.1324038558931493 326
1612166457574 0.13006728887557983 327
1612166526547 0.06250516069469167 328
1612166595730 0.07714607110664026 329
1612166665096 0.07939501662752521 330
1612166735061 0.0830258762658532 331
1612166804668 0.09473684474603454 332
1612166875319 0.1220414247085799 333
1612166945106 0.10836649118964352 334
1612167015078 0.08377775416445377 335
1612167083910 0.0907643072640718 336
1612167153016 0.11239927295428603 337
1612167222244 0.16003206505704282 338
1612167293104 0.1247256095729657 339
1612167362585 0.10908710778649174 340
1612167433253 0.05979495795805063 341
1612167502359 0.09215620649394704 342
1612167571350 0.11497519977057158 343
1612167640230 0.11285216149999135 344
1612167708989 0.09284886940201717 345
1612167778291 0.14703799005764634 346
1612167847367 0.05272481779553997 347
1612167916449 0.13460570484844606 348
1612167985534 0.09014645352292416 349
1612168054667 0.09215103156531035 350
1612168123744 0.08445060342105466 351
1612168192479 0.07878319096209398 352
1612168261338 0.12430482746949836 353
1612168330372 0.08048827256729353 354
1612168399643 0.11425307615479427 355
1612168468489 0.13113348519624168 356
1612168537792 0.06666950236505537 357
1612168606762 0.09024647367534352 358
1612168675814 0.08067263951942102 359
1612168744862 0.0677286733442278 360
1612168813703 0.1603875071255129 361
1612168882492 0.052799395660855876 362
1612168951405 0.0871858098613682 363
1612169020311 0.0830319310302165 364
1612169089531 0.10016328541200552 365
1612169158907 0.1404745214021028 366
1612169227779 0.04011888557405614 367
1612169296821 0.07436171129568299 368
1612169366098 0.08142729659578693 369
1612169435315 0.06675858817883391 370
1612169504748 0.09038568432651349 371
1612169574993 0.055389438992115986 372
1612169645593 0.09029162908667948 373
1612169715704 0.10864138959059075 374
1612169785314 0.0803952777563636 375
1612169854388 0.08561889893973051 376
1612169925486 0.11184832053398018 377
1612169996323 0.0776338426034842 378
1612170065299 0.041325780882764215 379
1612170134550 0.06179063622631244 380
1612170205916 0.12690177960182303 381
1612170275247 0.12024022305189673 382
1612170345304 0.0833045858055798 383
1612170414706 0.09337323103378069 384
1612170486404 0.0977764814647276 385
1612170556154 0.13515431044706658 386
1612170626294 0.09677086748293977 387
1612170695662 0.0867093757017335 388
1612170765239 0.10209649712292117 389
1612170834463 0.1101347635041422 390
1612170903883 0.1349643700158418 391
1612170973263 0.12001818952275746 392
1612171043379 0.12225361724398029 393
1612171112320 0.03737898726961506 394
1612171182381 0.10119558359259989 395
1612171251474 0.11495959669796389 396
1612171320565 0.12233727102849021 397
1612171389947 0.0871385611704926 398
1612171459329 0.08822821325330592 399
1612171529225 0.07523492290012872 400
1612171598779 0.14034787843476482 401
1612171668101 0.1433815164352531 402
1612171738238 0.11945866559868429 403
1612171807488 0.09704616710321227 404
1612171878213 0.11113635906532629 405
1612171947930 0.10032240312490891 406
1612172017227 0.08618492955592141 407
1612172086480 0.056858889202573405 408
1612172155646 0.1382811398648504 409
1612172224676 0.13298032088066214 410
1612172293899 0.09693277415944569 411
1612172363357 0.0873232279250871 412
1612172432314 0.07352166033502835 413
1612172502035 0.12219886637445707 414
1612172571796 0.07308230115406548 415
1612172641443 0.1465585818931238 416
1612172710962 0.09983934039500222 417
1612172780295 0.12142502016095973 418
1612172849726 0.10087286447411153 419
1612172919300 0.0982411308075065 420
1612172988744 0.10080758137489433 421
1612173057700 0.10318931625850165 422
1612173127255 0.0830939127438104 423
1612173196104 0.04205689857255167 424
1612173264868 0.1028403444076652 425
1612173333849 0.1019744161349624 426
1612173403381 0.10512162589315158 427
1612173472515 0.1009033998446678 428
1612173541858 0.10856617475623515 429
1612173610957 0.10577056212211723 430
1612173680340 0.07050927539369953 431
1612173749197 0.0518806203087764 432
1612173818560 0.10353065871480685 433
1612173887793 0.10534946509261629 434
1612173957280 0.11527867014728375 435
1612174027046 0.1371917253109946 436
1612174096321 0.05239316420768624 437
1612174166043 0.11474301921787547 438
1612174235448 0.10139254847569253 439
1612174306224 0.08524288259335418 440
1612174375532 0.10165708011655665 441
1612174444458 0.05888681536290183 442
1612174513121 0.05713399399572344 443
1612174582536 0.10206462020304666 444
1612174651824 0.08241362891980071 445
1612174722246 0.06139118635832374 446
1612174791177 0.13022096032526956 447
1612174860340 0.05589086973845069 448
1612174929580 0.06233228142581769 449
1612174998927 0.07124324076211275 450
1612175067913 0.07658894293343843 451
1612175137429 0.12296182362001333 452
1612175207238 0.11180508848446519 453
1612175277136 0.09105685486722348 454
1612175346430 0.10295624608424173 455
1612175415898 0.06554440153178884 456
1612175485098 0.0912429983936139 457
1612175554019 0.0878561468266729 458
1612175623550 0.07284178573693802 459
1612175693307 0.07843124955447751 460
1612175762518 0.07811545791910655 461
1612175833290 0.09829742606006452 462
1612175902100 0.0627564004997709 463
1612175971096 0.06884389937813602 464
1612176040265 0.11969976460755762 465
1612176109054 0.07234096171250984 466
1612176177897 0.0834712306065346 467
1612176246940 0.05340546814363394 468
1612176317019 0.10017462452845786 469
1612176387502 0.11566264682741308 470
1612176456379 0.10856757946868441 471
1612176525223 0.09751440340013647 472
1612176594737 0.09996583924364688 473
1612176664191 0.04829084873199463 474
1612176733700 0.07784634383756724 475
1612176804638 0.07657146898668203 476
1612176873747 0.11043634877276065 477
1612176942831 0.08076005106541648 478
1612177011403 0.07146144091193356 479
1612177080471 0.07204245453450217 480
1612177149414 0.0786853468240197 481
1612177218623 0.0918240662830979 482
1612177287680 0.07115795630127636 483
1612177356506 0.08361417677865099 484
1612177425221 0.1306382515537205 485
1612177494665 0.06719871599282791 486
1612177563667 0.08150923696916494 487
1612177632829 0.09067210866444146 488
1612177703680 0.08380571763906906 489
1612177774454 0.08619876584010337 490
1612177843461 0.10695603623319028 491
1612177912950 0.12020208141696986 492
1612177982168 0.07891046289187759 493
1612178051302 0.07406540059331637 494
1612178120275 0.10317134145480483 495
1612178189124 0.0721305083872667 496
1612178260029 0.08306913500401511 497
1612178328898 0.11829784379076602 498
1612178399506 0.09065253343155134 499
1612178468505 0.1399400999296957 500
1612178537446 0.16410558971006478 501
1612178608155 0.10210227788384281 502
1612178677188 0.09660028966505137 503
1612178746083 0.08926015291641008 504
1612178815152 0.05862164675299801 505
1612178884410 0.11034326055156651 506
1612178953952 0.09190224800536882 507
1612179024901 0.10106194819977034 508
1612179093880 0.07467586335851185 509
1612179162810 0.11075572024530439 510
1612179231756 0.09865046881917697 511
1612179301217 0.06728649673177235 512
1612179370597 0.08110454900940853 513
1612179440096 0.07831988316863331 514
1612179509406 0.1279403300427679 515
1612179578558 0.08459808399428183 516
1612179647585 0.08238574995923398 517
1612179716331 0.10069318760686846 518
1612179785184 0.1025007767463798 519
1612179854419 0.08076027080194274 520
1612179923429 0.09633088289801754 521
1612179992265 0.0979723752434574 522
1612180061344 0.08364446216554784 523
1612180130641 0.10107704507770823 524
1612180200396 0.10826985337840977 525
1612180269409 0.10840556069986144 526
1612180338867 0.14240722691834862 527
1612180408119 0.10324140626992752 528
1612180476953 0.07201105000367805 529
1612180545928 0.07296208748176916 530
1612180615251 0.09723161583516135 531
1612180684358 0.07952287481791938 532
1612180753380 0.11566486287472853 533
1612180824070 0.08412963329856075 534
1612180893190 0.09027352884634217 535
1612180962730 0.09613475603843803 536
1612181031854 0.038522174998895445 537
1612181101420 0.060307101527256754 538
1612181170549 0.06869939814752607 539
1612181239764 0.06301454910591467 540
1612181308845 0.08129393520639903 541
1612181378968 0.11867872992558266 542
1612181448402 0.08508548007082584 543
1612181517179 0.13017058906270496 544
1612181586272 0.062020285805659506 545
1612181655343 0.12730043859624152 546
1612181724306 0.09590230859927278 547
1612181795803 0.042868169385995435 548
1612181865416 0.06647312730105955 549
1612181934754 0.1008842569678577 550
1612182003924 0.06438359929554498 551
1612182073067 0.07638013095998053 552
1612182142079 0.10846984475406247 553
1612182211165 0.09737784204198353 554
1612182280363 0.07484787257749644 555
1612182349351 0.047810110583234186 556
1612182418907 0.08095406329453882 557
1612182488023 0.09679236785689396 558
1612182557987 0.07240467640891005 559
1612182627456 0.12526962828280322 560
1612182696968 0.1274395629541198 561
1612182766353 0.10471528768539429 562
1612182836206 0.10194404534439543 563
1612182905819 0.08360028355868894 564
1612182976020 0.07230938726396703 565
1612183045807 0.10450074299057918 566
1612183115346 0.118436434375706 567
1612183184307 0.05813811697177033 568
1612183254123 0.09294013211976236 569
1612183323761 0.06402746865998453 570
1612183393423 0.07261649263438893 571
1612183462627 0.05673906785338672 572
1612183531977 0.11735825574220117 573
1612183603118 0.0305436191274159 574
1612183672866 0.11286446140773261 575
1612183742557 0.10841545062278633 576
1612183812122 0.0873622707466581 577
1612183882233 0.10032145122983563 578
1612183952383 0.08536414779833894 579
1612184022466 0.09669061116318205 580
1612184091495 0.10579441020737833 581
1612184160876 0.07752251447136722 582
1612184230196 0.0859354200647838 583
1612184300986 0.06681202596692896 584
1612184370357 0.13972397348774013 585
1612184439780 0.07957697092597164 586
1612184509944 0.05486185515104835 587
1612184580281 0.06547561866133961 588
1612184650623 0.108787240377113 589
1612184720670 0.13053953736575682 590
1612184791118 0.08805789609453571 591
1612184860967 0.1131714787056197 592
1612184930008 0.05786235030017682 593
1612184999092 0.05648371176933175 594
1612185069883 0.06894931953344773 595
1612185138817 0.08317339776167229 596
1612185208482 0.08265751244416877 597
1612185277692 0.11506338439770598 598
1612185347712 0.06529220538352852 599
1612185417243 0.09273376393674025 600
1612185486565 0.06915241212987189 601
1612185558395 0.07791232262084734 602
1612185628426 0.11573951190976954 603
1612185698990 0.06333030871490934 604
1612185769508 0.04977932794770198 605
1612185840044 0.10278150127894843 606
1612185909868 0.13485568672863404 607
1612185979822 0.09865880546285145 608
1612186051803 0.09816853857752103 609
1612186121906 0.07588616680743089 610
1612186191372 0.09459503017254729 611
1612186260103 0.12470057562216004 612
1612186329348 0.08771328338936193 613
1612186398042 0.06679093126040786 614
1612186469970 0.10854715820568711 615
1612186538852 0.06246977866585575 616
1612186608107 0.0985455913330192 617
1612186676980 0.08103553305810957 618
1612186746795 0.09915683073783989 619
1612186816249 0.04569881264843158 620
1612186885132 0.06608618551225805 621
1612186953984 0.07785160683873873 622
1612187022978 0.1557579182866794 623
1612187092403 0.07861956197824051 624
1612187161366 0.053825691564759214 625
1612187230442 0.0853374609306677 626
1612187299416 0.06309153428718225 627
1612187369695 0.0629383503501095 628
1612187438663 0.07144531029373852 629
1612187508060 0.07607248558926938 630
1612187577386 0.09951546743734559 631
1612187646521 0.1079592366716755 632
1612187715966 0.053288640371009485 633
1612187786389 0.04965809565871509 634
1612187856217 0.10294161180951703 635
1612187926562 0.0828757686401481 636
1612187997216 0.0727051896835441 637
1612188067035 0.06337289311992589 638
1612188137455 0.10189325418045271 639
1612188208198 0.08774696802025411 640
1612188278557 0.08903496123071927 641
1612188350856 0.09941327749793209 642
1612188421176 0.09099144722098734 643
1612188490878 0.0988239343486615 644
1612188561682 0.03858322972681985 645
1612188632392 0.10048995267099409 646
1612188702317 0.08781803632850077 647
1612188772900 0.09036617670486223 648
1612188842050 0.09508698289074115 649
1612188911700 0.08943055992695823 650
1612188981057 0.05020427081122327 651
1612189049942 0.09428943626916231 652
1612189119037 0.09872433231837714 653
1612189188558 0.06664619250084038 654
1612189258178 0.07273101183905531 655
1612189327887 0.06795765570740202 656
1612189398376 0.08048661342307703 657
1612189467166 0.049534769200566986 658
1612189536834 0.08279931901106194 659
1612189606021 0.0855078323563533 660
1612189675307 0.10140800920885 661
1612189744270 0.1336050353833099 662
1612189813296 0.11207730823488378 663
1612189882449 0.08415878619720686 664
1612189953683 0.0659462934109702 665
1612190025244 0.0865582823753357 666
1612190094766 0.061723734905470666 667
1612190164026 0.06396503501863622 668
1612190233642 0.06659107688647598 669
1612190303044 0.13564938217846315 670
1612190374321 0.10846858149144187 671
1612190443962 0.080684705456691 672
1612190512909 0.09114945379655752 673
1612190582133 0.09727679437665797 674
1612190651554 0.10012002044649267 675
1612190721168 0.0756959443661704 676
1612190791990 0.0613842304073163 677
1612190861320 0.06674891532357059 678
1612190932128 0.046291416260733534 679
1612191001397 0.06696199925977793 680
1612191070282 0.07104114365221849 681
1612191140087 0.11412146465102238 682
1612191209300 0.09322497115206363 683
1612191278462 0.09039654126807825 684
1612191347627 0.09336833277745034 685
1612191418323 0.12315236721465837 686
1612191489823 0.09260851500639275 687
1612191558803 0.08072152155548779 688
1612191628714 0.07376617015297733 689
1612191698014 0.0832181217065498 690
1612191767570 0.07096529896579572 691
1612191837511 0.08125450806831246 692
1612191907080 0.10142788157534244 693
1612191976605 0.10286802053451538 694
1612192045768 0.06390385841255758 695
1612192115098 0.12049795086704083 696
1612192184759 0.09529787035130743 697
1612192254429 0.07426385648214995 698
1612192324141 0.06282475190376167 699
1612192393256 0.07212464578116118 700
1612192462370 0.07545448506056372 701
1612192531292 0.0740156929884384 702
1612192600889 0.07989147883742603 703
1612192670240 0.07515313732090281 704
1612192739097 0.07818629225688194 705
1612192808380 0.1071510466177072 706
1612192877286 0.0893959794471513 707
1612192946533 0.1110178089853543 708
1612193016012 0.06791813337980811 709
1612193087246 0.07906296270996777 710
1612193156473 0.1274453374876905 711
1612193227377 0.1116412709008402 712
1612193298505 0.14425602777680355 713
1612193368284 0.0806408515617029 714
1612193438443 0.10297690309695344 715
1612193508528 0.07798967877430703 716
1612193578927 0.06159416864167398 717
1612193648953 0.08473721191064636 718
1612193719335 0.12465888884530138 719
1612193790943 0.10187469578501004 720
1612193862073 0.05254812027091411 721
1612193932091 0.1241324490575648 722
1612194002390 0.1301670234594772 723
1612194072852 0.07263483929989943 724
1612194145572 0.06105736743158369 725
1612194216962 0.08254580622288718 726
1612194286771 0.13843877546822847 727
1612194358200 0.0844029481731244 728
1612194427397 0.05604236517379533 729
1612194496483 0.10246202483106015 730
1612194565576 0.10720181020338145 731
1612194636563 0.09182460628338714 732
1612194705534 0.07411803416351774 733
1612194775419 0.06463173876947431 734
1612194844634 0.10666494760940325 735
1612194914076 0.10647150028997393 736
1612194983326 0.052570174879102566 737
1612195054080 0.15434923367713815 738
1612195123411 0.09377887266785351 739
1612195192826 0.11973642057447291 740
1612195262286 0.12504144568941486 741
1612195331299 0.09675486674949305 742
1612195400637 0.11894361118772137 743
1612195469749 0.09713263298148539 744
1612195539264 0.05300893267588829 745
1612195608903 0.0800445764812071 746
1612195679610 0.05914316782310827 747
1612195749256 0.08891099157618053 748
1612195818612 0.09460629811927454 749
1612195887847 0.09354827653116254 750
1612195956853 0.12633545541051608 751
1612196026206 0.09571029001207494 752
1612196095525 0.10102291427441497 753
1612196165160 0.059013578429150934 754
1612196234827 0.09914742298980257 755
1612196304186 0.10299507984474524 756
1612196373290 0.08165603965076047 757
1612196443042 0.10824678549126013 758
1612196511884 0.08088168012562083 759
1612196583345 0.08825292694034861 760
1612196652425 0.08352653393104895 761
1612196722389 0.06064978464325862 762
1612196791703 0.07743236822868461 763
1612196860608 0.11120504941513289 764
1612196929813 0.10425959416289828 765
1612196998863 0.10526743041935252 766
1612197068512 0.10779670903931803 767
1612197137498 0.11521165762374651 768
1612197206491 0.13077763123298758 769
1612197275457 0.12976405958631146 770
1612197344377 0.10340514289799022 771
1612197413435 0.10604275963199672 772
1612197482284 0.07725535844688985 773
1612197551903 0.07083198027824288 774
1612197623017 0.06262129278325324 775
1612197696448 0.05207727649318638 776
1612197765133 0.06628876123855364 777
1612197834543 0.06962730012722869 778
1612197903615 0.08372753324793346 779
1612197972991 0.061952126559926504 780
1612198042010 0.11356970801282285 781
1612198110841 0.05192107584939074 782
1612198179497 0.047423304906531946 783
1612198248495 0.07655818426786963 784
1612198319869 0.06609800591397641 785
1612198388698 0.09519900937578571 786
1612198458132 0.08742969694422252 787
1612198527381 0.0699778857515819 788
1612198598318 0.12230235960946154 789
1612198667301 0.08318538897073091 790
1612198736329 0.12316858145728041 791
1612198805339 0.13029342978747924 792
1612198873884 0.09570791917060738 793
1612198944469 0.10034082985636014 794
1612199013904 0.0797429921022102 795
1612199084430 0.08901148411765028 796
1612199153510 0.06601722382787448 797
1612199222772 0.09213850569369188 798
1612199292163 0.09012456260510344 799
1612199361151 0.11522294514214815 800
1612199430405 0.06324350478044197 801
1612199499352 0.0979987703152557 802
1612199568365 0.0679064099468402 803
1612199638080 0.08282917826922971 804
1612199707192 0.1045203573668181 805
1612199775908 0.09933317597232648 806
1612199845107 0.08169454247204226 807
1612199914283 0.06448003516268375 808
1612199983327 0.0904449740452553 809
1612200052475 0.10817484624350249 810
1612200121307 0.09403995346667161 811
1612200190246 0.1092130951027372 812
1612200259153 0.08971458139704235 813
1612200327987 0.10685977740074272 814
1612200396830 0.08518483211745077 815
1612200466106 0.0940845377409636 816
1612200535672 0.09631654575689515 817
1612200604196 0.0792901133423421 818
1612200672999 0.06792728046872723 819
1612200741944 0.11165215808953811 820
1612200811051 0.06553829516937483 821
1612200880009 0.0949896173690682 822
1612200949254 0.07666559272737646 823
1612201018390 0.07946323903638926 824
1612201087281 0.07524650666251112 825
1612201156531 0.10950905796307236 826
1612201225352 0.09711159610036593 827
1612201294684 0.07059566743338286 828
1612201363728 0.11208465384013618 829
1612201432927 0.05416701000128219 830
1612201501925 0.16342173939320578 831
1612201571124 0.07143897351933949 832
1612201641808 0.04339321602636309 833
1612201710861 0.10991750101544964 834
1612201779335 0.07980820225245917 835
1612201848709 0.06492197246693854 836
1612201918514 0.07992037730430489 837
1612201987504 0.06970275871789278 838
1612202056295 0.12065251549678062 839
1612202125466 0.085265813478783 840
1612202193998 0.07073499729384237 841
1612202262810 0.08817229697953409 842
1612202332020 0.06593238595706313 843
1612202401111 0.09664754547289948 844
1612202470479 0.0807382722399128 845
1612202539408 0.0715300147213153 846
1612202608390 0.058052985525842926 847
1612202677779 0.08746831185782133 848
1612202746594 0.06972887978624942 849
1612202816126 0.07009790637599889 850
1612202885292 0.12076851859021542 851
1612202954333 0.11438186488934417 852
1612203023336 0.05076754715905261 853
1612203092359 0.10940530673781437 854
1612203162506 0.10461674252552773 855
1612203231670 0.05540298792853284 856
1612203300514 0.08414438500333188 857
1612203369706 0.08831447273937625 858
1612203439988 0.08450639870629381 859
1612203509096 0.06543812378128963 860
1612203578390 0.06135179836358597 861
1612203647116 0.14506086484709782 862
1612203717544 0.04851651992370833 863
1612203786731 0.08237210316444511 864
1612203855991 0.11013375378366727 865
1612203925866 0.06874868318216125 866
1612203995174 0.07711185359243136 867
1612204064398 0.06340090196524094 868
1612204133105 0.09183904662061093 869
1612204201813 0.13092614109836406 870
1612204271203 0.057682333597496374 871
1612204340188 0.08016660053338577 872
1612204409372 0.055953821139549144 873
1612204478817 0.09909929624244349 874
1612204548510 0.06345583075907693 875
1612204617942 0.0722283445187469 876
1612204686594 0.10526195568824882 877
1612204755555 0.06419954637982953 878
1612204825152 0.08047871625245508 879
1612204894318 0.06018983161271508 880
1612204963105 0.062437616177459264 881
1612205032510 0.07231318327917982 882
1612205101811 0.05415393612278042 883
1612205171221 0.07377425503374925 884
1612205240260 0.10348586271058267 885
1612205309524 0.12665688546735848 886
1612205378513 0.07450116748240457 887
1612205447584 0.07529645624445445 888
1612205517037 0.06640542532081034 889
1612205588021 0.0994479789662717 890
1612205656926 0.08231196474673143 891
1612205726280 0.07612212024517913 892
1612205795235 0.09094019701231772 893
1612205864415 0.1362997711594425 894
1612205933648 0.09780076279569028 895
1612206003142 0.06168215221433497 896
1612206071886 0.057086003360463614 897
1612206141025 0.08722880527154724 898
1612206209874 0.12082889542650821 899
1612206278868 0.063938780507045 900
1612206348228 0.10479851712041827 901
1612206417222 0.07337454717550705 902
1612206486352 0.054886386465670456 903
1612206555191 0.09977131014439597 904
1612206625463 0.0586392461363949 905
1612206694349 0.07907764324501379 906
1612206762988 0.0925687676045432 907
1612206832317 0.0515671132215813 908
1612206901933 0.1298444235502784 909
1612206970874 0.059881531480532976 910
1612207039716 0.1485692387196555 911
1612207108501 0.12253974444830595 912
1612207178068 0.08983359852833535 913
1612207247246 0.12756620147334996 914
1612207316979 0.07414031829406965 915
1612207386291 0.057496866183494456 916
1612207455681 0.07355224463477064 917
1612207524706 0.07358529852397407 918
1612207595275 0.05417003827308541 919
1612207664296 0.1080377751321935 920
1612207733225 0.11111849635394651 921
1612207802283 0.07841325339986317 922
1612207871548 0.09000060451564504 923
1612207940401 0.08699485970966851 924
1612208009483 0.11615904943266911 925
1612208078725 0.08389696968135549 926
1612208147588 0.08425732246085779 927
1612208216386 0.07210296748289421 928
1612208285436 0.07860610378322316 929
1612208354532 0.07311067118573544 930
1612208424141 0.11330576885992022 931
1612208493102 0.06481142453293302 932
1612208562268 0.06759662147778184 933
1612208631610 0.08369373563510268 934
1612208700513 0.05205084227803928 935
1612208769324 0.06575658161248733 936
1612208838363 0.08406022324490903 937
1612208907469 0.0787397276109724 938
1612208977747 0.09789407431189694 939
1612209047143 0.08498530512425437 940
1612209116367 0.06012042422792805 941
1612209185936 0.05512614926295494 942
1612209256480 0.07657155083186591 943
1612209325694 0.06583492791474756 944
1612209394592 0.08886008209256983 945
1612209463968 0.08550398830157607 946
1612209533105 0.09349617406503478 947
1612209602321 0.04712787315027037 948
1612209671193 0.13339213915725254 949
1612209740388 0.09277290194781858 950
1612209809530 0.10197029184939256 951
1612209878003 0.09005529667014506 952
1612209948666 0.10288698726625585 953
1612210017418 0.12597594866112097 954
1612210086993 0.06600590695196124 955
1612210156467 0.06364058469658468 956
1612210226168 0.06741804151392694 957
1612210295355 0.1118855761058295 958
1612210364057 0.0998392202960911 959
1612210435202 0.08649041403585406 960
1612210504209 0.07714308197818585 961
1612210573403 0.08610917561089815 962
1612210642375 0.07680470374093126 963
1612210711351 0.08131606899090667 964
1612210780079 0.11339238152575137 965
1612210849215 0.05363890751084285 966
1612210918561 0.13665033187439193 967
1612210987918 0.055577703376314534 968
1612211057123 0.07417754183954267 969
1612211126265 0.1212036173735092 970
1612211194941 0.060069577907448386 971
1612211263851 0.0449384539874632 972
1612211334584 0.07836536773994787 973
1612211404289 0.07102247583332347 974
1612211473444 0.06128388287416145 975
1612211542518 0.13600951433181763 976
1612211611568 0.09101506578388499 977
1612211680687 0.11750548722139045 978
1612211749380 0.10218774471709978 979
1612211818455 0.10073350881462667 980
1612211887549 0.10669665194269437 981
1612211956541 0.08032039119236505 982
1612212027603 0.07727282972478156 983
1612212096567 0.07525625513560737 984
1612212165728 0.09392652404842092 985
1612212234811 0.045432664565186 986
1612212303563 0.053072738113688 987
1612212372326 0.1101399330950495 988
1612212441490 0.09443799684296793 989
1612212510798 0.07006774197763471 990
1612212579894 0.07213357936090498 991
1612212650185 0.06657224181872695 992
1612212719098 0.06489225999632878 993
1612212788873 0.06191491724839851 994
1612212858034 0.06266355247639899 995
1612212927168 0.06848072116054706 996
1612212996265 0.0694611837614828 997
1612213065481 0.12410788393732328 998
1612213134460 0.09869732963505076 999
