1616552211585 0.57097534221062 0
1616552211587 0.57097534221062 0
1616552337456 0.6028607518392357 1
1616552337457 0.6028607518392357 1
1616552463236 0.619216668584668 2
1616552463238 0.619216668584668 2
1616552589180 0.6396232584635033 3
1616552589182 0.6396232584635033 3
1616552714846 0.6556607633848932 4
1616552714848 0.6556607633848932 4
1616552840209 0.6710937374571985 5
1616552840211 0.6710937374571985 5
1616552965624 0.6808211769537836 6
1616552965626 0.6808211769537836 6
1616553091125 0.6900868587297427 7
1616553091127 0.6900868587297427 7
1616553217310 0.6970088573822717 8
1616553217312 0.6970088573822717 8
1616553342645 0.7031902605190632 9
1616553342648 0.7031902605190632 9
1616553468571 0.7105711413009209 10
1616553468573 0.7105711413009209 10
1616553594682 0.7176990465206944 11
1616553594684 0.7176990465206944 11
1616553720705 0.7230074226873362 12
1616553720708 0.7230074226873362 12
1616553846423 0.7283329798564324 13
1616553846426 0.7283329798564324 13
1616553972086 0.7342100022029421 14
1616553972088 0.7342100022029421 14
1616554097559 0.7400808890988266 15
1616554097561 0.7400808890988266 15
1616554222752 0.7429240643161306 16
1616554222755 0.7429240643161306 16
1616554349045 0.7470428848277213 17
1616554349047 0.7470428848277213 17
1616554474473 0.7505257625365619 18
1616554474476 0.7505257625365619 18
1616554599945 0.7533905548003166 19
1616554599947 0.7533905548003166 19
1616554725611 0.7570836815959694 20
1616554725613 0.7570836815959694 20
1616554850837 0.759607155980182 21
1616554850840 0.759607155980182 21
1616554976202 0.7619178617574053 22
1616554976204 0.7619178617574053 22
1616555102001 0.7638486560700982 23
1616555102003 0.7638486560700982 23
1616555227500 0.7649445719303 24
1616555227502 0.7649445719303 24
1616555353019 0.766824411232814 25
1616555353021 0.766824411232814 25
1616555478162 0.7684249400848315 26
1616555478165 0.7684249400848315 26
1616555603439 0.7698741662173948 27
1616555603441 0.7698741662173948 27
1616555728978 0.7717195036161174 28
1616555728981 0.7717195036161174 28
1616555854201 0.7739057109829408 29
1616555854203 0.7739057109829408 29
1616555979483 0.775492695245176 30
1616555979486 0.775492695245176 30
1616556104574 0.7776158895117672 31
1616556104576 0.7776158895117672 31
1616556229575 0.7795824031354097 32
1616556229577 0.7795824031354097 32
1616556354749 0.7813227519227008 33
1616556354751 0.7813227519227008 33
1616556480249 0.7833542831411501 34
1616556480251 0.7833542831411501 34
1616556605678 0.785183141277687 35
1616556605680 0.785183141277687 35
1616556730868 0.7869378601421655 36
1616556730870 0.7869378601421655 36
1616556856212 0.7886869200585226 37
1616556856214 0.7886869200585226 37
1616556981585 0.7899961651470666 38
1616556981587 0.7899961651470666 38
1616557107060 0.7914466290011072 39
1616557107062 0.7914466290011072 39
1616557232342 0.7930274473026331 40
1616557232344 0.7930274473026331 40
1616557357786 0.7944523970951868 41
1616557357788 0.7944523970951868 41
1616557483089 0.7958045466887917 42
1616557483091 0.7958045466887917 42
1616557608410 0.797253118540582 43
1616557608413 0.797253118540582 43
1616557733571 0.7986271457724274 44
1616557733573 0.7986271457724274 44
1616557858521 0.7998789763129459 45
1616557858524 0.7998789763129459 45
1616557984054 0.7997106644888533 46
1616557984056 0.7997106644888533 46
1616558109833 0.8004443224042164 47
1616558109835 0.8004443224042164 47
1616558235156 0.8014836035353317 48
1616558235158 0.8014836035353317 48
1616558360507 0.8024940265244206 49
1616558360509 0.8024940265244206 49
1616558485675 0.8028956757874419 50
1616558485678 0.8028956757874419 50
1616558610741 0.8038091351073586 51
1616558610743 0.8038091351073586 51
1616558736242 0.8047058196234843 52
1616558736244 0.8047058196234843 52
1616558861624 0.8055404319344698 53
1616558861626 0.8055404319344698 53
1616558987187 0.8064828585962739 54
1616558987189 0.8064828585962739 54
1616559112124 0.8073714461388211 55
1616559112126 0.8073714461388211 55
1616559237396 0.8082991453751619 56
1616559237398 0.8082991453751619 56
1616559362327 0.8091373532956927 57
1616559362329 0.8091373532956927 57
1616559487098 0.8100749133755673 58
1616559487101 0.8100749133755673 58
1616559612283 0.8107278901508739 59
1616559612285 0.8107278901508739 59
1616559737804 0.8115012139727494 60
1616559737806 0.8115012139727494 60
1616559862882 0.8119164109773123 61
1616559862884 0.8119164109773123 61
1616559988186 0.8125924540941931 62
1616559988189 0.8125924540941931 62
1616560113469 0.8131013014384537 63
1616560113471 0.8131013014384537 63
1616560238341 0.813777331381696 64
1616560238345 0.813777331381696 64
1616560363642 0.8144680524261488 65
1616560363644 0.8144680524261488 65
1616560488594 0.8151617929387687 66
1616560488597 0.8151617929387687 66
1616560613900 0.815913364643766 67
1616560613902 0.815913364643766 67
1616560738956 0.8166104085447988 68
1616560738959 0.8166104085447988 68
1616560863898 0.8173449092162246 69
1616560863901 0.8173449092162246 69
1616560989055 0.8180386128614408 70
1616560989057 0.8180386128614408 70
1616561114357 0.8187100249204804 71
1616561114360 0.8187100249204804 71
1616561239191 0.8192507879071641 72
1616561239194 0.8192507879071641 72
1616561364416 0.8197481063547297 73
1616561364419 0.8197481063547297 73
1616561489800 0.8203546512871779 74
1616561489802 0.8203546512871779 74
1616561615514 0.8210028852680071 75
1616561615516 0.8210028852680071 75
1616561740525 0.8216041689771889 76
1616561740527 0.8216041689771889 76
1616561865775 0.8222231679299598 77
1616561865778 0.8222231679299598 77
1616561990744 0.8228613133187127 78
1616561990746 0.8228613133187127 78
1616562116028 0.8234654288624839 79
1616562116030 0.8234654288624839 79
1616562241247 0.8240490298530148 80
1616562241250 0.8240490298530148 80
1616562366252 0.8246667469973763 81
1616562366255 0.8246667469973763 81
1616562491521 0.8252330342265963 82
1616562491524 0.8252330342265963 82
1616562616602 0.8256134284002357 83
1616562616604 0.8256134284002357 83
1616562741672 0.8256567161436827 84
1616562741674 0.8256567161436827 84
1616562866663 0.8260252324390365 85
1616562866665 0.8260252324390365 85
1616562991897 0.8263524085101804 86
1616562991899 0.8263524085101804 86
1616563116891 0.8267829992616378 87
1616563116893 0.8267829992616378 87
1616563241758 0.827264195591276 88
1616563241760 0.827264195591276 88
1616563366807 0.827738485050681 89
1616563366810 0.827738485050681 89
1616563492045 0.8282001056295152 90
1616563492047 0.8282001056295152 90
1616563616968 0.8286605026218683 91
1616563616970 0.8286605026218683 91
1616563742159 0.8288716441866085 92
1616563742162 0.8288716441866085 92
1616563867503 0.8292680472567945 93
1616563867505 0.8292680472567945 93
1616563992755 0.8294993660071533 94
1616563992757 0.8294993660071533 94
1616564117620 0.8299073383417513 95
1616564117623 0.8299073383417513 95
1616564242663 0.8303613490734378 96
1616564242665 0.8303613490734378 96
1616564367997 0.8307901762585074 97
1616564367999 0.8307901762585074 97
1616564493286 0.8312088809935301 98
1616564493288 0.8312088809935301 98
1616564618155 0.8316501547130501 99
1616564618157 0.8316501547130501 99
1616564743096 0.8320062606290616 100
1616564743098 0.8320062606290616 100
1616564867850 0.832401777742727 101
1616564867852 0.832401777742727 101
1616564992704 0.8328219367469228 102
1616564992706 0.8328219367469228 102
1616565117511 0.8332599915320791 103
1616565117514 0.8332599915320791 103
1616565242393 0.8336846719898716 104
1616565242395 0.8336846719898716 104
1616565367295 0.8340954077786973 105
1616565367297 0.8340954077786973 105
1616565492467 0.8344511683388649 106
1616565492470 0.8344511683388649 106
1616565617651 0.8348131125665751 107
1616565617653 0.8348131125665751 107
1616565742758 0.8351968315470019 108
1616565742760 0.8351968315470019 108
1616565868136 0.8355368608810456 109
1616565868138 0.8355368608810456 109
1616565993352 0.8359042321340049 110
1616565993354 0.8359042321340049 110
1616566118479 0.8362736027566633 111
1616566118481 0.8362736027566633 111
1616566243146 0.8366460903298383 112
1616566243148 0.8366460903298383 112
1616566368084 0.8370321820221897 113
1616566368087 0.8370321820221897 113
1616566492920 0.8374308751346227 114
1616566492922 0.8374308751346227 114
1616566618229 0.8378063672261693 115
1616566618232 0.8378063672261693 115
1616566743319 0.8381598989483683 116
1616566743322 0.8381598989483683 116
1616566868387 0.8385517915604543 117
1616566868389 0.8385517915604543 117
1616566993568 0.8389326288630622 118
1616566993571 0.8389326288630622 118
1616567118922 0.8392400782677406 119
1616567118924 0.8392400782677406 119
1616567243897 0.8395526721521215 120
1616567243899 0.8395526721521215 120
1616567368749 0.8398828188010552 121
1616567368751 0.8398828188010552 121
1616567494059 0.8401441664032574 122
1616567494061 0.8401441664032574 122
1616567619232 0.8401718696629709 123
1616567619235 0.8401718696629709 123
1616567744369 0.8404057195037479 124
1616567744371 0.8404057195037479 124
1616567869133 0.8407221159918694 125
1616567869136 0.8407221159918694 125
1616567993819 0.8410149119918444 126
1616567993822 0.8410149119918444 126
1616568119091 0.8413347718110707 127
1616568119094 0.8413347718110707 127
1616568243897 0.8416627165846716 128
1616568243900 0.8416627165846716 128
1616568369073 0.84196036383417 129
1616568369076 0.84196036383417 129
1616568494087 0.8422638173010012 130
1616568494090 0.8422638173010012 130
1616568619183 0.8425945360396543 131
1616568619186 0.8425945360396543 131
1616568743921 0.8429171657030193 132
1616568743924 0.8429171657030193 132
1616568869007 0.8432155305309009 133
1616568869010 0.8432155305309009 133
1616568994295 0.8434974297684326 134
1616568994297 0.8434974297684326 134
1616569119261 0.8437856320115055 135
1616569119264 0.8437856320115055 135
1616569244276 0.8440951876545256 136
1616569244278 0.8440951876545256 136
1616569368980 0.8443727493323355 137
1616569368984 0.8443727493323355 137
1616569494256 0.8446423297714502 138
1616569494258 0.8446423297714502 138
1616569620931 0.8449114551526982 139
1616569620933 0.8449114551526982 139
1616569746759 0.8451935274851565 140
1616569746761 0.8451935274851565 140
1616569871732 0.8454489045066593 141
1616569871734 0.8454489045066593 141
1616569996571 0.8457435445396824 142
1616569996574 0.8457435445396824 142
1616570121470 0.8460335798330837 143
1616570121472 0.8460335798330837 143
1616570246462 0.8463188026707051 144
1616570246465 0.8463188026707051 144
1616570372743 0.8465990817968997 145
1616570372746 0.8465990817968997 145
1616570497444 0.8469056257540422 146
1616570497447 0.8469056257540422 146
1616570622273 0.847167698890571 147
1616570622275 0.847167698890571 147
1616570746920 0.8474291079615964 148
1616570746922 0.8474291079615964 148
1616570871595 0.8477154613389194 149
1616570871598 0.8477154613389194 149
1616570996327 0.8479950465028248 150
1616570996329 0.8479950465028248 150
1616571120956 0.8482651150436429 151
1616571120959 0.8482651150436429 151
1616571245866 0.8485286546299297 152
1616571245869 0.8485286546299297 152
1616571371033 0.8487262911747079 153
1616571371035 0.8487262911747079 153
1616571495671 0.848917967834044 154
1616571495674 0.848917967834044 154
1616571620416 0.8490147790043279 155
1616571620418 0.8490147790043279 155
1616571744952 0.8491749253037064 156
1616571744955 0.8491749253037064 156
1616571869534 0.849405917945518 157
1616571869537 0.849405917945518 157
1616571994306 0.8496008541601403 158
1616571994308 0.8496008541601403 158
1616572119113 0.8498050139119572 159
1616572119115 0.8498050139119572 159
1616572244166 0.8500424044685901 160
1616572244169 0.8500424044685901 160
1616572368739 0.8502758425910594 161
1616572368742 0.8502758425910594 161
1616572493552 0.8505145144597573 162
1616572493555 0.8505145144597573 162
1616572618222 0.850794604757852 163
1616572618225 0.850794604757852 163
1616572742761 0.8510562769556953 164
1616572742764 0.8510562769556953 164
1616572867393 0.8513177516085847 165
1616572867396 0.8513177516085847 165
1616572991957 0.8515791147228169 166
1616572991959 0.8515791147228169 166
1616573117425 0.8518202803774597 167
1616573117428 0.8518202803774597 167
1616573242608 0.8520436548388277 168
1616573242610 0.8520436548388277 168
1616573367274 0.8522864701995564 169
1616573367277 0.8522864701995564 169
1616573492258 0.8525364750323345 170
1616573492261 0.8525364750323345 170
1616573616823 0.8527837126807876 171
1616573616826 0.8527837126807876 171
1616573741504 0.8530290669116305 172
1616573741506 0.8530290669116305 172
1616573865969 0.8532437898401208 173
1616573865972 0.8532437898401208 173
1616573991124 0.8534495660963756 174
1616573991126 0.8534495660963756 174
1616574118053 0.8536553309558815 175
1616574118055 0.8536553309558815 175
1616574243838 0.8538690242026917 176
1616574243840 0.8538690242026917 176
1616574370550 0.854104535604974 177
1616574370553 0.854104535604974 177
1616574497505 0.8543154434971164 178
1616574497507 0.8543154434971164 178
1616574623488 0.8545319480484543 179
1616574623490 0.8545319480484543 179
1616574751166 0.8547471118750355 180
1616574751169 0.8547471118750355 180
1616574876627 0.8549735628615789 181
1616574876630 0.8549735628615789 181
1616575002954 0.8551825717233973 182
1616575002957 0.8551825717233973 182
1616575128529 0.8554006946550048 183
1616575128531 0.8554006946550048 183
1616575253930 0.8556134995021583 184
1616575253933 0.8556134995021583 184
1616575378993 0.8558231504404676 185
1616575378996 0.8558231504404676 185
1616575504031 0.8560127893879982 186
1616575504033 0.8560127893879982 186
1616575630692 0.8562292392283761 187
1616575630694 0.8562292392283761 187
1616575755932 0.8564499727247148 188
1616575755935 0.8564499727247148 188
1616575881094 0.8566159137696664 189
1616575881096 0.8566159137696664 189
1616576006402 0.8567975064521846 190
1616576006404 0.8567975064521846 190
1616576131331 0.8570039405197184 191
1616576131333 0.8570039405197184 191
1616576256258 0.8571996242023465 192
1616576256260 0.8571996242023465 192
1616576381358 0.8573693897945629 193
1616576381360 0.8573693897945629 193
1616576506081 0.8575757849790724 194
1616576506084 0.8575757849790724 194
1616576631780 0.8577414830922889 195
1616576631783 0.8577414830922889 195
1616576756635 0.8579430669903733 196
1616576756637 0.8579430669903733 196
1616576881958 0.8581488143583346 197
1616576881961 0.8581488143583346 197
1616577007882 0.8583583386498738 198
1616577007884 0.8583583386498738 198
1616577133329 0.8585533589514966 199
1616577133331 0.8585533589514966 199
1616577258219 0.8587664976572822 200
1616577258221 0.8587664976572822 200
1616577383087 0.8589603714427061 201
1616577383090 0.8589603714427061 201
1616577508184 0.8591819256491328 202
1616577508186 0.8591819256491328 202
1616577632923 0.8593838997971942 203
1616577632926 0.8593838997971942 203
1616577757799 0.8593532751789353 204
1616577757802 0.8593532751789353 204
1616577882872 0.8594384047811967 205
1616577882874 0.8594384047811967 205
1616578007879 0.8595805402063178 206
1616578007882 0.8595805402063178 206
1616578132774 0.8597195619770898 207
1616578132776 0.8597195619770898 207
1616578257459 0.859881973182289 208
1616578257463 0.859881973182289 208
1616578382231 0.8600527759843265 209
1616578382234 0.8600527759843265 209
1616578507198 0.8602505804779398 210
1616578507200 0.8602505804779398 210
1616578631976 0.8604295385680986 211
1616578631978 0.8604295385680986 211
1616578756761 0.8606045460221404 212
1616578756763 0.8606045460221404 212
1616578881260 0.8607634760516736 213
1616578881263 0.8607634760516736 213
1616579006134 0.8609482913178896 214
1616579006137 0.8609482913178896 214
1616579130664 0.8611599882410284 215
1616579130667 0.8611599882410284 215
1616579255324 0.8613293115878672 216
1616579255327 0.8613293115878672 216
1616579380388 0.8615080303274842 217
1616579380391 0.8615080303274842 217
1616579505068 0.8616811112128511 218
1616579505070 0.8616811112128511 218
1616579629699 0.8618672404836298 219
1616579629702 0.8618672404836298 219
1616579754459 0.8620512964360078 220
1616579754461 0.8620512964360078 220
1616579879273 0.8622417246672145 221
1616579879275 0.8622417246672145 221
1616580003887 0.8624323721667216 222
1616580003890 0.8624323721667216 222
1616580128560 0.8626270778620434 223
1616580128562 0.8626270778620434 223
1616580253393 0.8627942889085058 224
1616580253396 0.8627942889085058 224
1616580377984 0.8629695398016094 225
1616580377987 0.8629695398016094 225
1616580502632 0.8631492656863214 226
1616580502634 0.8631492656863214 226
1616580627106 0.8633102892498871 227
1616580627108 0.8633102892498871 227
1616580751851 0.8634769691211925 228
1616580751854 0.8634769691211925 228
1616580876773 0.8636599933435589 229
1616580876776 0.8636599933435589 229
1616581001576 0.8638321804930038 230
1616581001578 0.8638321804930038 230
1616581126514 0.8639831024969189 231
1616581126517 0.8639831024969189 231
1616581251373 0.864141155335525 232
1616581251376 0.864141155335525 232
1616581376173 0.8643099437302562 233
1616581376175 0.8643099437302562 233
1616581501130 0.864465562680341 234
1616581501133 0.864465562680341 234
1616581626065 0.8646249965122366 235
1616581626068 0.8646249965122366 235
1616581750789 0.8647867493203948 236
1616581750792 0.8647867493203948 236
1616581875640 0.8649561283120782 237
1616581875643 0.8649561283120782 237
1616582000523 0.8651181014038564 238
1616582000525 0.8651181014038564 238
1616582125472 0.8652725629126986 239
1616582125475 0.8652725629126986 239
1616582250136 0.8654226632064344 240
1616582250139 0.8654226632064344 240
1616582374856 0.865585157868312 241
1616582374859 0.865585157868312 241
1616582499733 0.8657580847022478 242
1616582499736 0.8657580847022478 242
1616582624267 0.8659257020219452 243
1616582624269 0.8659257020219452 243
1616582749200 0.8660942759287138 244
1616582749203 0.8660942759287138 244
1616582873777 0.8662529604282583 245
1616582873779 0.8662529604282583 245
1616583001396 0.8664149921570284 246
1616583001399 0.8664149921570284 246
1616583126518 0.8665677388069174 247
1616583126521 0.8665677388069174 247
1616583252051 0.866725844996924 248
1616583252053 0.866725844996924 248
1616583377655 0.8668943649538277 249
1616583377658 0.8668943649538277 249
