1616552211583 0.5822765057549831 0
1616552337453 0.4431658061815703 1
1616552463234 0.3961879911680593 2
1616552589178 0.35208426535803267 3
1616552714844 0.3210323941913691 4
1616552840207 0.29479574288591637 5
1616552965622 0.2778608708792454 6
1616553091123 0.2626889758109254 7
1616553217308 0.25140755616093213 8
1616553342643 0.24154884053909398 9
1616553468569 0.23130230260094198 10
1616553594680 0.22127582003355872 11
1616553720703 0.21428468623145222 12
1616553846421 0.2075294184082366 13
1616553972084 0.20013478571905735 14
1616554097557 0.1924323645058742 15
1616554222750 0.189058794839324 16
1616554349042 0.1838534205566308 17
1616554474471 0.17968297266888392 18
1616554599943 0.17595127417131307 19
1616554725609 0.17130199491811618 20
1616554850835 0.16809361094583683 21
1616554976200 0.16524697425986307 22
1616555101999 0.16251729290721054 23
1616555227498 0.1609700970256582 24
1616555353017 0.1586974521507486 25
1616555478160 0.1565171236332309 26
1616555603437 0.15452664394899746 27
1616555728976 0.15218550445934206 28
1616555854199 0.14956029207439073 29
1616555979481 0.1477774237074832 30
1616556104572 0.14522095338040167 31
1616556229572 0.14293228491040713 32
1616556354747 0.14091612182287158 33
1616556480247 0.1383671961713435 34
1616556605676 0.13619793079745013 35
1616556730866 0.1340172739143581 36
1616556856210 0.1320804213408343 37
1616556981583 0.13029924731252462 38
1616557107058 0.12865077155602578 39
1616557232340 0.1268141100122233 40
1616557357784 0.12530290442089553 41
1616557483087 0.12366430410485801 42
1616557608408 0.12205627893558853 43
1616557733569 0.12049176178335365 44
1616557858519 0.1189910863770842 45
1616557984052 0.11894208398272797 46
1616558109831 0.11813511365177502 47
1616558235154 0.1168563400030854 48
1616558360505 0.11578874225985811 49
1616558485673 0.11525986615403656 50
1616558610739 0.11423838643910461 51
1616558736240 0.1132055946066078 52
1616558861622 0.1123599864097005 53
1616558987185 0.11128812696410041 54
1616559112122 0.110356449379195 55
1616559237393 0.10923386839040791 56
1616559362325 0.10819128545558711 57
1616559487096 0.10714795321173724 58
1616559612280 0.10652091636467749 59
1616559737802 0.10561840965490193 60
1616559862880 0.10503873652915993 61
1616559988184 0.10414342947740814 62
1616560113467 0.10367280604693035 63
1616560238340 0.10289434297818158 64
1616560363639 0.10201787198596494 65
1616560488592 0.10120542861832373 66
1616560613897 0.10040365574556227 67
1616560738954 0.09962760430401418 68
1616560863896 0.09875556139252784 69
1616560989053 0.09793699237944739 70
1616561114355 0.09713636781446783 71
1616561239189 0.09644332367881232 72
1616561364414 0.09585248729237635 73
1616561489797 0.09508811409406838 74
1616561615512 0.09433491176702413 75
1616561740522 0.09359446955851448 76
1616561865773 0.09283355824965363 77
1616561990742 0.09210749852694038 78
1616562116026 0.09139715628426005 79
1616562241245 0.09067977755520093 80
1616562366250 0.08998968514609455 81
1616562491519 0.08936772205535262 82
1616562616599 0.08894213808138061 83
1616562741670 0.08888276809493127 84
1616562866661 0.08855050915454958 85
1616562991895 0.08817644032594349 86
1616563116889 0.08769068301914752 87
1616563241756 0.08709851070479745 88
1616563366805 0.0864608314238383 89
1616563492042 0.08588092260477292 90
1616563616965 0.0853310033905593 91
1616563742157 0.08507857288849065 92
1616563867501 0.08461714359362904 93
1616563992752 0.08434073159706852 94
1616564117618 0.0838600875207484 95
1616564242661 0.08334321730115855 96
1616564367994 0.08288221408524465 97
1616564493284 0.08239670626758287 98
1616564618153 0.0819254478824107 99
1616564743094 0.08153677841345147 100
1616564867847 0.08108675103824203 101
1616564992702 0.08059062429874417 102
1616565117509 0.08005560265927167 103
1616565242390 0.07956187198355628 104
1616565367293 0.07908129838412305 105
1616565492465 0.07865799621575738 106
1616565617649 0.0782065513036291 107
1616565742755 0.07777413884466854 108
1616565868134 0.07736788942267835 109
1616565993350 0.07694719498771771 110
1616566118477 0.0765269914649761 111
1616566243143 0.0760748893025343 112
1616566368081 0.07561774036912064 113
1616566492917 0.07512053848484618 114
1616566618227 0.07470401865788902 115
1616566743316 0.07434076125404823 116
1616566868385 0.07389585951526556 117
1616566993566 0.07342105332596154 118
1616567118919 0.07305241255750154 119
1616567243894 0.07269572939069333 120
1616567368747 0.07231151602153979 121
1616567494056 0.07206357570867383 122
1616567619230 0.07205149467475841 123
1616567744366 0.07177540480932024 124
1616567869131 0.07142858773898315 125
1616567993817 0.07113410499396887 126
1616568119089 0.07076131695376196 127
1616568243894 0.07039624255573901 128
1616568369071 0.07011479164112465 129
1616568494085 0.06975972403185127 130
1616568619181 0.06939048798115917 131
1616568743919 0.06901566379253193 132
1616568869005 0.06867110384474388 133
1616568994293 0.06831698888418149 134
1616569119259 0.06801197412077023 135
1616569244273 0.0676481115449082 136
1616569368978 0.06735035359648106 137
1616569494254 0.0670246773292638 138
1616569620929 0.06671874577938201 139
1616569746757 0.06638462290896344 140
1616569871729 0.06610982911117046 141
1616569996569 0.06578570409385408 142
1616570121468 0.06541884381265711 143
1616570246460 0.06509027832070872 144
1616570372741 0.06475292360266233 145
1616570497438 0.06443173070809578 146
1616570622270 0.06414438396276691 147
1616570746917 0.06385784139254258 148
1616570871593 0.0635210660179245 149
1616570996324 0.06322539108519941 150
1616571120954 0.06291224297580875 151
1616571245863 0.06258625608842092 152
1616571371030 0.0623891460853386 153
1616571495669 0.062233428529725174 154
1616571620413 0.062145045860652746 155
1616571744950 0.06195901109097266 156
1616571869532 0.06171535967866504 157
1616571994303 0.061465309914134215 158
1616572119110 0.061239572372683834 159
1616572244164 0.06097827260954168 160
1616572368737 0.06073231272505109 161
1616572493550 0.06045225686350524 162
1616572618220 0.06013726214607614 163
1616572742759 0.05983007390659754 164
1616572867391 0.05953248129475752 165
1616572991955 0.05922071924730937 166
1616573117423 0.058934124231927315 167
1616573242606 0.058689266455681156 168
1616573367272 0.058406175785372806 169
1616573492256 0.058160132839065994 170
1616573616821 0.05789099631827365 171
1616573741502 0.05761194110920973 172
1616573865967 0.05738967604703764 173
1616573991122 0.05718245127314765 174
1616574118050 0.05693977606395888 175
1616574243836 0.056697956779180235 176
1616574370548 0.056424477463910966 177
1616574497503 0.05616083551812854 178
1616574623486 0.05593520909862651 179
1616574751164 0.05569328110898489 180
1616574876625 0.055428760408765494 181
1616575002952 0.055204795527202304 182
1616575128526 0.054967230325758586 183
1616575253928 0.054708625308209594 184
1616575378991 0.05447907089065054 185
1616575504028 0.0542741225303764 186
1616575630689 0.054034382698597075 187
1616575755930 0.053781410070710946 188
1616575881092 0.05359212861136687 189
1616576006400 0.05336686057825307 190
1616576131329 0.053119656658345005 191
1616576256255 0.052906239020979344 192
1616576381355 0.05271560420086279 193
1616576506078 0.05248439362302089 194
1616576631778 0.052314476794985826 195
1616576756632 0.052095842273417625 196
1616576881956 0.05185208429137871 197
1616577007880 0.05161912563607123 198
1616577133327 0.05139463912576753 199
1616577258217 0.0511554208367935 200
1616577383084 0.05094864074441351 201
1616577508182 0.05068555204733657 202
1616577632920 0.05046735500031362 203
1616577757797 0.05050357978357959 204
1616577882869 0.05042166127581852 205
1616578007877 0.050286192913804956 206
1616578132771 0.05013968583122855 207
1616578257458 0.049940349812991315 208
1616578382229 0.049749412823547695 209
1616578507195 0.0495233090104755 210
1616578631973 0.04932884603068798 211
1616578756759 0.04912550289203575 212
1616578881258 0.04897117908078443 213
1616579006131 0.0487669999285876 214
1616579130662 0.04853199170850996 215
1616579255322 0.04834482114391692 216
1616579380386 0.04815403958766191 217
1616579505065 0.04796658174829594 218
1616579629697 0.047758855081993776 219
1616579754456 0.04756263519258103 220
1616579879270 0.047361996053677496 221
1616580003885 0.04715280845144978 222
1616580128557 0.04693166419844592 223
1616580253390 0.046746216003670744 224
1616580377982 0.04655212359474853 225
1616580502629 0.04634559038141003 226
1616580627103 0.04618738029800846 227
1616580751849 0.04601925596976233 228
1616580876771 0.04581589584835871 229
1616581001574 0.04563926484664315 230
1616581126512 0.0454592327846956 231
1616581251370 0.045280361231275275 232
1616581376170 0.0450781294088631 233
1616581501128 0.04490742332813437 234
1616581626063 0.04473005405817282 235
1616581750786 0.044561714028423044 236
1616581875638 0.044368393335544015 237
1616582000520 0.04420770183734565 238
1616582125470 0.04404734113717661 239
1616582250133 0.04389399627784853 240
1616582374854 0.04371024522893044 241
1616582499731 0.043505290065460736 242
1616582624264 0.043330262887756446 243
1616582749198 0.043137398112728646 244
1616582873775 0.04296797848221374 245
1616583001393 0.042790437666834866 246
1616583126516 0.04262720622218488 247
1616583252049 0.04245420208096244 248
1616583377653 0.042271489446784584 249
