1616552211579 0.57097534221062 0
1616552337449 0.6347461614678515 1
1616552463230 0.6519285020755327 2
1616552589174 0.7008430281000093 3
1616552714840 0.7198107830704527 4
1616552840203 0.7482586078187252 5
1616552965618 0.7391858139332939 6
1616553091118 0.7549466311614564 7
1616553217304 0.7523848466025037 8
1616553342640 0.7588228887501867 9
1616553468564 0.7843799491194968 10
1616553594675 0.7961060039382032 11
1616553720699 0.7867079366870383 12
1616553846417 0.7975652230546829 13
1616553972080 0.8164883150540768 14
1616554097553 0.8281441925370947 15
1616554222746 0.7884148677929919 16
1616554349038 0.8170628335247648 17
1616554474467 0.813217561295692 18
1616554599938 0.8078216078116539 19
1616554725604 0.8309462175090262 20
1616554850831 0.8126001180486476 21
1616554976196 0.8127533888563196 22
1616555101994 0.8082569252620352 23
1616555227493 0.7912465525751419 24
1616555353012 0.8138203937956627 25
1616555478156 0.8100386902372888 26
1616555603432 0.8090032717966019 27
1616555728972 0.8233889507803511 28
1616555854194 0.8373057246208191 29
1616555979477 0.823102223112228 30
1616556104567 0.8434349117760963 31
1616556229568 0.8425108390919706 32
1616556354743 0.8387542619033063 33
1616556480241 0.852426344568425 34
1616556605671 0.8491931760564764 35
1616556730861 0.8501077392633926 36
1616556856206 0.8534021369637327 37
1616556981578 0.8397474785117393 38
1616557107054 0.8480147193086908 39
1616557232335 0.8562601793636667 40
1616557357780 0.8528753385898915 41
1616557483082 0.852594829620199 42
1616557608404 0.8595417081675631 43
1616557733564 0.8590843439736264 44
1616557858515 0.8562113506362793 45
1616557984047 0.7919683205805956 46
1616558109826 0.8349262444262809 47
1616558235149 0.851369097828865 48
1616558360501 0.8520047529897792 49
1616558485668 0.8229781389385066 50
1616558610734 0.8503955604231104 51
1616558736235 0.8513334144620185 52
1616558861617 0.8497748844167019 53
1616558987180 0.8573738983336915 54
1616559112118 0.856243760978922 55
1616559237389 0.8602503026102452 56
1616559362320 0.8569152047659488 57
1616559487091 0.8644533980082958 58
1616559612275 0.8492535198939607 59
1616559737798 0.8579006432852847 60
1616559862876 0.8372434282556493 61
1616559988179 0.8545071273408038 62
1616560113462 0.8451586841268742 63
1616560238335 0.8570432477491967 64
1616560363635 0.8593649203155903 65
1616560488588 0.8609486667716757 66
1616560613893 0.8662686688785858 67
1616560738949 0.8640093938150304 68
1616560863891 0.8680254555446036 69
1616560989048 0.866597868026571 70
1616561114350 0.8663802811122955 71
1616561239185 0.8581857229483888 72
1616561364409 0.8560523530270191 73
1616561489793 0.8652389762883491 74
1616561615507 0.8696204338302004 75
1616561740518 0.8673017308750051 76
1616561865768 0.8698860872933205 77
1616561990737 0.8726366536414369 78
1616562116022 0.8711905568204028 79
1616562241240 0.8707371090954923 80
1616562366245 0.8747018356906607 81
1616562491514 0.8716685870226394 82
1616562616594 0.85718614481231 83
1616562741666 0.8292928865932404 84
1616562866656 0.8573491175441031 85
1616562991890 0.8544895506285607 86
1616563116883 0.8642443946384369 87
1616563241752 0.8696094725994353 88
1616563366801 0.8699502469377315 89
1616563492037 0.8697459577245915 90
1616563616960 0.8705566289260033 91
1616563742153 0.8482966681427144 92
1616563867496 0.8661335327840866 93
1616563992747 0.8512433285408831 94
1616564117613 0.868664710128561 95
1616564242656 0.8739463793153458 96
1616564367989 0.87238641321025 97
1616564493279 0.8722419450257687 98
1616564618148 0.8753362529455347 99
1616564743089 0.867616852230214 100
1616564867843 0.8723490062229177 101
1616564992698 0.8756781551749149 102
1616565117505 0.8783796344031679 103
1616565242386 0.8778514396002952 104
1616565367288 0.8772226656053929 105
1616565492461 0.8721617877166322 106
1616565617644 0.87354114493157 107
1616565742751 0.8766384814330872 108
1616565868129 0.8726000582918207 109
1616565993345 0.8763150699595188 110
1616566118472 0.8772737418717527 111
1616566243139 0.878364698525439 112
1616566368076 0.8806605432578858 113
1616566492912 0.88288188995199 114
1616566618222 0.8809879577540337 115
1616566743312 0.8791695787234509 116
1616566868380 0.8844032271745357 117
1616566993561 0.8838714305707749 118
1616567118915 0.8758265574244742 119
1616567243889 0.877063938277833 120
1616567368742 0.8798305633220267 121
1616567494052 0.872028573871927 122
1616567619225 0.843579370607721 123
1616567744362 0.8694030997600961 124
1616567869126 0.8802716770070664 125
1616567993812 0.8779072079886782 126
1616568119085 0.8819569688528142 127
1616568243890 0.8836396476055713 128
1616568369066 0.8803568590194621 129
1616568494080 0.8817127679890775 130
1616568619176 0.8859186908032032 131
1616568743914 0.8855042812672067 132
1616568869000 0.8828980526391496 133
1616568994288 0.8812719275976749 134
1616569119254 0.8826929348263335 135
1616569244268 0.8861947551052621 136
1616569368974 0.8823986991922906 137
1616569494249 0.8818444303692655 138
1616569620925 0.8823198831461846 139
1616569746754 0.8846836540293186 140
1616569871716 0.88145706453856 141
1616569996556 0.887582429228945 142
1616570121464 0.8875086267894887 143
1616570246455 0.8873908912881892 144
1616570372736 0.8872395550951044 145
1616570497423 0.891661043496842 146
1616570622266 0.8856924499603028 147
1616570746912 0.8861176504733714 148
1616570871588 0.8903821145600461 149
1616570996320 0.8899328210886489 150
1616571120949 0.8890454647071818 151
1616571245859 0.8885866717455235 152
1616571371025 0.8789646825257768 153
1616571495664 0.8784361733718121 154
1616571620409 0.8640205103983271 155
1616571744946 0.8741577480067598 156
1616571869527 0.885671762709922 157
1616571994299 0.8804007760704832 158
1616572119105 0.8822664144508382 159
1616572244159 0.8880248935298717 160
1616572368732 0.8878593803086179 161
1616572493545 0.8891793571888132 162
1616572618215 0.8964493233472743 163
1616572742754 0.8939705174019996 164
1616572867386 0.8944610693353288 165
1616572991951 0.8949653916853539 166
1616573117418 0.892094944702818 167
1616573242601 0.8895705643486469 168
1616573367267 0.8933222661627099 169
1616573492251 0.8950372966046029 170
1616573616816 0.8950613505662756 171
1616573741497 0.8952299946166099 172
1616573865962 0.8903908564689311 173
1616573991118 0.8892546346847047 174
1616574118036 0.8896641813694163 175
1616574243831 0.8914790356412847 176
1616574370544 0.8957900538089427 177
1616574497498 0.8918570482984503 178
1616574623481 0.8932862627379438 179
1616574751150 0.8934766006596545 180
1616574876620 0.8959611914259322 181
1616575002947 0.8932221845743504 182
1616575128522 0.8953171911391806 183
1616575253923 0.8947695913784047 184
1616575378986 0.8946085740277108 185
1616575504023 0.8912856336286727 186
1616575630685 0.8967053593790277 187
1616575755926 0.897947870036389 188
1616575881087 0.8879787712655169 189
1616576006396 0.8913001161306462 190
1616576131324 0.8964328474186837 191
1616576256251 0.8947708912669344 192
1616576381351 0.890134149092309 193
1616576506074 0.8976164507739087 194
1616576631773 0.890052615169515 195
1616576756628 0.8974535110148978 196
1616576881951 0.8986810458467361 197
1616577007875 0.8998441483746183 198
1616577133322 0.8973623989744389 199
1616577258212 0.9013942388143945 200
1616577383080 0.8979290023129037 201
1616577508177 0.9039358753473201 202
1616577632916 0.9003846518536831 203
1616577757793 0.8531058530541177 204
1616577882865 0.8768899732447685 205
1616578007872 0.8888604377812528 206
1616578132767 0.888497068526897 207
1616578257453 0.8936635038637101 208
1616578382224 0.8957505616101813 209
1616578507190 0.9017895241367057 210
1616578631969 0.8981896955916222 211
1616578756754 0.8977061262790192 212
1616578881254 0.8946155723422131 213
1616579006126 0.90049875828814 214
1616579130657 0.9066748267158549 215
1616579255317 0.8979031545050601 216
1616579380382 0.900289996824366 217
1616579505061 0.8994127442228034 218
1616579629692 0.9026295507841922 219
1616579754451 0.9025436059591618 220
1616579879265 0.9043263637639106 221
1616580003881 0.904756117057293 222
1616580128553 0.9060464479187702 223
1616580253386 0.9002495633160814 224
1616580377977 0.9024009907499273 225
1616580502624 0.9037673156312171 226
1616580627099 0.899862638179292 227
1616580751844 0.901479979778858 228
1616580876766 0.9055725402654485 229
1616581001568 0.9034352248653452 230
1616581126507 0.8988460854012915 231
1616581251365 0.9008094138921575 232
1616581376165 0.9036376397026346 233
1616581501122 0.9008803970002114 234
1616581626057 0.9020919470076866 235
1616581750781 0.9029604120457426 236
1616581875633 0.9050989493410638 237
1616582000515 0.9036676972470385 238
1616582125466 0.9021888635259994 239
1616582250128 0.9014467337030045 240
1616582374848 0.9047463713808263 241
1616582499726 0.9076063785147159 242
1616582624259 0.9066567107083949 243
1616582749192 0.9072263091802597 244
1616582873769 0.9051306628166361 245
1616583001384 0.9062747974345025 246
1616583126510 0.9042961613294926 247
1616583252043 0.9059361801185506 248
1616583377647 0.9088558342228544 249
