1616552211576 0.5822765057549831 0
1616552337447 0.3040551066081575 1
1616552463228 0.3022323611410374 2
1616552589171 0.21977308792795272 3
1616552714838 0.19682490952471468 4
1616552840200 0.16361248635865272 5
1616552965615 0.1762516388392195 6
1616553091116 0.15648571033268532 7
1616553217301 0.16115619896098654 8
1616553342637 0.15282039994255026 9
1616553468562 0.12883692321942208 10
1616553594672 0.11098451179234271 11
1616553720696 0.13039108060617396 12
1616553846414 0.1197109367064339 13
1616553972078 0.09660992807054773 14
1616554097550 0.07689604630812685 15
1616554222744 0.13508168017452069 16
1616554349035 0.09536205775084648 17
1616554474464 0.10461491068944018 18
1616554599935 0.10504900271746706 19
1616554725602 0.07831640985417873 20
1616554850828 0.10071754752797016 21
1616554976193 0.10262096716844021 22
1616555101992 0.09973462179620216 23
1616555227490 0.12383739586840285 24
1616555353010 0.10188133027800854 25
1616555478153 0.0998285821777709 26
1616555603429 0.10078369247469496 27
1616555728969 0.08663359874899083 28
1616555854192 0.07342913291080201 29
1616555979474 0.0942913727002575 30
1616556104564 0.06597037324087417 31
1616556229566 0.06969489387058198 32
1616556354741 0.0743827399341984 33
1616556480239 0.051703724019387935 34
1616556605668 0.06027364271118286 35
1616556730859 0.055513626123045355 36
1616556856203 0.06041687612045318 37
1616556981576 0.0626146342367568 38
1616557107051 0.06436021705257132 39
1616557232333 0.053347648260124184 40
1616557357777 0.0633434751764574 41
1616557483079 0.05484309083128229 42
1616557608401 0.052911196657000704 43
1616557733561 0.05165300708501897 44
1616557858512 0.05146069309495865 45
1616557984045 0.11668797384234185 46
1616558109824 0.08020750809698662 47
1616558235147 0.055475204865983195 48
1616558360498 0.06347645284172068 49
1616558485666 0.0888160608629597 50
1616558610731 0.06214292097757471 51
1616558736233 0.05950041931677372 52
1616558861614 0.06754275197361378 53
1616558987177 0.053407716901695476 54
1616559112114 0.05911418220939788 55
1616559237386 0.046369333018330815 56
1616559362318 0.04876405817080051 57
1616559487088 0.04663468306844539 58
1616559612273 0.06952574238815207 59
1616559737795 0.05146800706836772 60
1616559862872 0.06967867585889836 61
1616559988177 0.048634392268797184 62
1616560113460 0.07402352992683014 63
1616560238333 0.05307270657825977 64
1616560363633 0.04504725749188281 65
1616560488584 0.04758416635400437 66
1616560613891 0.0466848732705446 67
1616560738946 0.04685610627874415 68
1616560863887 0.03858460049996985 69
1616560989043 0.040637161463816115 70
1616561114346 0.040292023700919555 71
1616561239180 0.046544145911614945 72
1616561364405 0.052721431082550514 73
1616561489788 0.03852449741927867 74
1616561615503 0.037844737238706426 75
1616561740514 0.037320861711781075 76
1616561865764 0.03424338746736658 77
1616561990732 0.03547484015530728 78
1616562116016 0.035280119112514434 79
1616562241236 0.03328947923047111 80
1616562366240 0.03409220000847857 81
1616562491510 0.038366748614514126 82
1616562616589 0.05361866824170376 83
1616562741661 0.0838956892331864 84
1616562866651 0.06030849922210612 85
1616562991885 0.0560065210658185 86
1616563116880 0.04542979732789892 87
1616563241748 0.03498734704198989 88
1616563366796 0.029707375418474066 89
1616563492033 0.03368912888888983 90
1616563616957 0.03528835489711863 91
1616563742148 0.06185496669817478 92
1616563867492 0.041704219171499954 93
1616563992743 0.058358003920380104 94
1616564117609 0.03819890027033522 95
1616564242652 0.033723676220533697 96
1616564367985 0.03816490214159514 97
1616564493275 0.0348169401367294 98
1616564618144 0.035270867750365684 99
1616564743084 0.04266983151752898 100
1616564867838 0.03563398614208749 101
1616564992693 0.029985696869961758 102
1616565117501 0.024948373793604525 103
1616565242381 0.028213881709157153 104
1616565367284 0.028621070443632754 105
1616565492456 0.03378796636899735 106
1616565617640 0.02990194570590207 107
1616565742746 0.031073593276929348 108
1616565868124 0.033086702425746205 109
1616565993340 0.03067080714204844 110
1616566118468 0.02988440044065739 111
1616566243133 0.025439447109052476 112
1616566368071 0.02395991089337684 113
1616566492907 0.01843952367755961 114
1616566618217 0.026804238557815552 115
1616566743306 0.03220290240851489 116
1616566868375 0.02184235607769261 117
1616566993556 0.017393922988087573 118
1616567118909 0.029184161110761317 119
1616567243884 0.029893749373707364 120
1616567368736 0.025821698353962697 121
1616567494047 0.04181485753902729 122
1616567619220 0.07056552750316072 123
1616567744358 0.03754026149498656 124
1616567869121 0.028076453946847865 125
1616567993807 0.034029279122168715 126
1616568119080 0.02341723584748329 127
1616568243886 0.023666719608801477 128
1616568369061 0.03380762365587214 129
1616568494076 0.02360093482631318 130
1616568619171 0.021020565340493586 131
1616568743909 0.019538870893735835 132
1616568868995 0.022844630788932455 133
1616568994283 0.02086558416882094 134
1616569119248 0.026834981060250007 135
1616569244263 0.018162801227671034 136
1616569368968 0.02655751466196268 137
1616569494244 0.02208135245328254 138
1616569620923 0.024194260345811538 139
1616569746752 0.019607421050363397 140
1616569871708 0.02736390362236094 141
1616569996549 0.019759951634926998 142
1616570121462 0.012957823601491909 143
1616570246452 0.01777684748014237 144
1616570372734 0.015836489485933424 145
1616570497420 0.017537568101382003 146
1616570622263 0.021904412399422615 147
1616570746909 0.02144954099934152 148
1616570871585 0.013341535199829873 149
1616570996317 0.01887415117643615 150
1616571120946 0.015626878457817624 151
1616571245856 0.013036249205470085 152
1616571371022 0.03223131561374411 153
1616571495662 0.03825292496525861 154
1616571620406 0.04844573215442769 155
1616571744943 0.032937587020879094 156
1616571869524 0.02346208794636929 157
1616571994295 0.021957447118264563 158
1616572119103 0.025347303282073203 159
1616572244156 0.019170310506795313 160
1616572368729 0.02113277132206775 161
1616572493542 0.015083207293076719 162
1616572618212 0.008793123205132942 163
1616572742751 0.009451202632106364 164
1616572867383 0.01042970034115492 165
1616572991948 0.007468219370918071 166
1616573117416 0.011072756663123344 167
1616573242598 0.017553160046326354 168
1616573367264 0.010563852503261667 169
1616573492249 0.016332831966908688 170
1616573616813 0.011868651262781721 171
1616573741494 0.009614445150215575 172
1616573865959 0.018937820291265527 173
1616573991115 0.021125340616290875 174
1616574118028 0.014471614455923121 175
1616574243829 0.014137762658139492 176
1616574370541 0.008018638661250155 177
1616574497496 0.009232569168856803 178
1616574623478 0.015548080007763618 179
1616574751142 0.012146242973493768 180
1616574876618 0.007550513669055827 181
1616575002944 0.014443187082701541 182
1616575128519 0.011492798461558972 183
1616575253921 0.007125302079193136 184
1616575378983 0.012011503642226787 185
1616575504021 0.016153727519385357 186
1616575630682 0.009203034155863397 187
1616575755923 0.006222556028118793 188
1616575881085 0.017817932795336906 189
1616576006393 0.010565934286631168 190
1616576131320 0.0059037079559044634 191
1616576256248 0.011930052646772658 192
1616576381348 0.015923083918367293 193
1616576506071 0.007629541521693798 194
1616576631770 0.01918069532814812 195
1616576756625 0.009243476046051117 196
1616576881949 0.0038317618297135578 197
1616577007872 0.005493311885189503 198
1616577133319 0.00672182357533181 199
1616577258209 0.0033117630419896003 200
1616577383077 0.009385842176035364 201
1616577508174 -0.002458364762207295 202
1616577632913 0.006173354454655597 203
1616577757790 0.05789343556983674 204
1616577882862 0.033628367184800036 205
1616578007870 0.022379710339009762 206
1616578132765 0.019812719737912748 207
1616578257450 0.008478458019647193 208
1616578382221 0.009843582029830902 209
1616578507188 0.002041508265315218 210
1616578631966 0.008297157295523806 211
1616578756751 0.006016757497762112 212
1616578881251 0.016100207284251426 213
1616579006123 0.0050726613584668075 214
1616579130654 -0.0019947756081819534 215
1616579255314 0.007915979191819404 216
1616579380379 0.006754441880323785 217
1616579505058 0.007100772766515296 218
1616579629689 0.002266715161819407 219
1616579754448 0.0043942595217773255 220
1616579879262 0.003020746355995219 221
1616580003878 0.0007131607568961509 222
1616580128550 -0.002383504221413998 223
1616580253383 0.005205820374032284 224
1616580377974 0.0028813315872499284 225
1616580502620 -0.00033091583309021404 226
1616580627096 0.010273691365852001 227
1616580751841 0.007686909129644962 228
1616580876764 -0.0007535719530696565 229
1616581001565 0.005014134452063987 230
1616581126504 0.0038718264748124364 231
1616581251362 0.003782160837758095 232
1616581376162 -0.0020418852131734505 233
1616581501119 0.00496220043761299 234
1616581626054 0.0030482756172088865 235
1616581750778 0.0048334670074759644 236
1616581875629 -0.001448610876785948 237
1616582000512 0.005963125266134739 238
1616582125462 0.005721133796775595 239
1616582250126 0.0070912300391083065 240
1616582374845 -0.0005737575603292343 241
1616582499723 -0.006093859494208021 242
1616582624256 0.0007986587056137145 243
1616582749189 -0.003921606994055687 244
1616582873766 0.0014601690060597784 245
1616583001370 -0.0008846029163675106 246
1616583126505 0.002309039393638043 247
1616583252038 -0.00045082494220201005 248
1616583377642 -0.0032239564635018086 249
