1616552211581 inf 0
1616552337451 20.814670787690538 1
1616552463232 20.747144898163413 2
1616552589176 19.495322194556163 3
1616552714842 18.78859555301468 4
1616552840205 18.019988624957435 5
1616552965620 19.271572760436612 6
1616553091120 18.248019877495565 7
1616553217306 17.994356152892085 8
1616553342642 17.699022017968314 9
1616553468567 16.36724744300646 10
1616553594678 16.681695417580485 11
1616553720701 16.86851601597127 12
1616553846420 16.328449816948595 13
1616553972082 15.203697419918965 14
1616554097555 15.289790494224253 15
1616554222748 16.54668772601929 16
1616554349040 15.910044633117955 17
1616554474469 15.756007014737849 18
1616554599941 15.84659124210866 19
1616554725607 14.514267012539765 20
1616554850833 15.986161659760688 21
1616554976198 16.356210401524784 22
1616555101996 15.35996849887037 23
1616555227495 16.889306917233906 24
1616555353015 15.981516120978531 25
1616555478158 16.00936510841871 26
1616555603435 15.247777456625842 27
1616555728974 15.116217113315972 28
1616555854196 14.371041630134934 29
1616555979479 15.488248181981625 30
1616556104568 13.551088528023719 31
1616556229570 14.09859252597024 32
1616556354745 14.244779497140177 33
1616556480245 13.367420026383561 34
1616556605674 15.30840438700861 35
1616556730864 14.151921143461195 36
1616556856208 14.146243041657298 37
1616556981580 14.298861939745846 38
1616557107056 13.848036919840116 39
1616557232338 14.35289756799487 40
1616557357782 13.809777748708296 41
1616557483084 13.884234811046365 42
1616557608406 13.716033903500596 43
1616557733566 13.855155226309858 44
1616557858517 13.310928747243697 45
1616557984050 16.007276441810262 46
1616558109829 15.037117172023434 47
1616558235152 13.473567189789179 48
1616558360503 13.241626581223501 49
1616558485670 15.615847919866201 50
1616558610737 14.09345853447904 51
1616558736237 13.80169875879328 52
1616558861619 13.132822189438363 53
1616558987182 13.662017207298609 54
1616559112120 13.920859270128098 55
1616559237391 13.538926104699858 56
1616559362323 13.07458988591819 57
1616559487093 12.779868956732289 58
1616559612278 15.022985000465361 59
1616559737800 13.549201340830074 60
1616559862878 14.64458447384097 61
1616559988182 12.870160018463581 62
1616560113465 13.559880983300612 63
1616560238338 13.481821961007528 64
1616560363637 13.136768446138891 65
1616560488590 12.460557624169358 66
1616560613895 13.45521903551782 67
1616560738952 12.883554070172938 68
1616560863894 11.8699648875127 69
1616560989050 12.149832287920631 70
1616561114352 13.500453619662125 71
1616561239187 13.278491714760582 72
1616561364412 14.134872824645912 73
1616561489795 12.226008172724473 74
1616561615510 12.588662966111697 75
1616561740520 12.03250562840175 76
1616561865771 11.624150984640444 77
1616561990740 11.202021292836248 78
1616562116024 11.556697343664267 79
1616562241243 11.925631706794045 80
1616562366247 11.067410781221657 81
1616562491517 12.341032557548468 82
1616562616597 12.855312349966264 83
1616562741668 15.13103613018787 84
1616562866658 12.751085675731394 85
1616562991893 13.974650638908088 86
1616563116886 12.648470495257817 87
1616563241754 12.052214218110386 88
1616563366803 12.082541855124818 89
1616563492040 11.824438296144054 90
1616563616963 12.050857323852478 91
1616563742155 13.807309317711805 92
1616563867498 12.495869509266596 93
1616563992750 12.212432218420933 94
1616564117616 11.975100095788838 95
1616564242659 11.479523154948057 96
1616564367992 11.957343522351886 97
1616564493282 11.93716296943621 98
1616564618151 11.857229606195697 99
1616564743091 11.91694929839087 100
1616564867845 10.988040674884926 101
1616564992700 11.182989383928177 102
1616565117507 10.65702756727843 103
1616565242388 11.071567588870794 104
1616565367290 11.036850275016015 105
1616565492463 11.73330866522613 106
1616565617646 10.970536628736024 107
1616565742753 11.161283515585719 108
1616565868131 13.22400238421692 109
1616565993347 11.054455877738256 110
1616566118474 10.963336598034438 111
1616566243141 11.123250826485693 112
1616566368079 11.056171861119463 113
1616566492915 10.185614396638416 114
1616566618225 11.017045388988324 115
1616566743314 10.304981310558208 116
1616566868383 10.448920050810331 117
1616566993563 9.993343128028396 118
1616567118917 11.820968540432457 119
1616567243892 10.61722196046957 120
1616567368744 12.392861810764376 121
1616567494054 11.630087263500554 122
1616567619227 12.831691998606537 123
1616567744364 11.948516833122465 124
1616567869129 10.948402182305204 125
1616567993815 11.826004112282943 126
1616568119087 10.676943266577318 127
1616568243892 10.448857591518411 128
1616568369069 11.017494053720764 129
1616568494083 11.508766609685125 130
1616568619178 9.691110581909548 131
1616568743916 10.648024335006447 132
1616568869002 11.54773778104533 133
1616568994290 10.524601588694347 134
1616569119256 10.536325235397513 135
1616569244271 10.427371835991407 136
1616569368976 11.453235389672294 137
1616569494251 10.875277571514328 138
1616569620927 10.78679585910782 139
1616569746755 10.092147461763137 140
1616569871723 11.474175085419644 141
1616569996562 11.2935107905124 142
1616570121466 10.344056988129907 143
1616570246457 10.373592157635844 144
1616570372739 10.722544242932338 145
1616570497429 9.20380412228389 146
1616570622268 9.506679813484297 147
1616570746915 9.254579875844778 148
1616570871590 9.5277424551558 149
1616570996322 10.032781365715575 150
1616571120951 9.703761829833034 151
1616571245861 9.948983633530219 152
1616571371027 12.349875409362244 153
1616571495667 10.638780003974514 154
1616571620411 13.243343708794788 155
1616571744948 10.949740794353342 156
1616571869530 9.959267170340189 157
1616571994301 10.584417478245333 158
1616572119107 11.182494309094695 159
1616572244161 10.213963580769445 160
1616572368734 10.131162565885045 161
1616572493547 11.001645237549218 162
1616572618218 9.307109810202752 163
1616572742756 8.602443601819253 164
1616572867388 9.673656968609633 165
1616572991952 9.296774746634306 166
1616573117421 10.237849040769579 167
1616573242603 9.489553376399302 168
1616573367269 10.149362882870282 169
1616573492253 9.156107378713934 170
1616573616819 9.63750622546948 171
1616573741499 10.057682728936499 172
1616573865964 10.103516168455835 173
1616573991120 9.812191581333542 174
1616574118043 10.6571500340574 175
1616574243833 9.405437043638113 176
1616574370546 9.6611324604243 177
1616574497501 9.704841264885758 178
1616574623483 9.69787374267063 179
1616574751157 9.733778384631968 180
1616574876623 9.938416012466343 181
1616575002949 10.246214752222766 182
1616575128524 9.57494535784614 183
1616575253926 9.181216605876044 184
1616575378989 9.833626531048212 185
1616575504026 9.427892945879224 186
1616575630687 9.144065139038 187
1616575755928 9.581605352296497 188
1616575881090 10.670011356323624 189
1616576006398 9.952873953348947 190
1616576131326 10.253216139494992 191
1616576256253 11.382742001948696 192
1616576381353 11.058113215289815 193
1616576506076 9.575256158598794 194
1616576631775 10.5176583624478 195
1616576756630 9.20800370176473 196
1616576881953 9.82986227615863 197
1616577007877 9.172708188657698 198
1616577133324 9.556391080367643 199
1616577258214 8.587949733857263 200
1616577383082 9.02127865211812 201
1616577508179 8.656223649095457 202
1616577632918 8.922556786076676 203
1616577757795 12.60386682412024 204
1616577882867 11.535114889606566 205
1616578007875 11.045591069766326 206
1616578132769 9.635307931799922 207
1616578257455 9.729874140550953 208
1616578382227 9.836713627561878 209
1616578507192 9.200866913746275 210
1616578631971 9.10089312129589 211
1616578756757 9.094059608258549 212
1616578881256 9.289953973571217 213
1616579006129 9.501147415099457 214
1616579130659 8.111495086043265 215
1616579255319 9.272171784846892 216
1616579380384 9.053510478754648 217
1616579505063 9.203341852181104 218
1616579629694 8.799833754287809 219
1616579754453 9.215258893324537 220
1616579879268 8.284150970046996 221
1616580003883 8.535740052779637 222
1616580128555 8.93025195525569 223
1616580253388 8.550638476676365 224
1616580377979 9.763338973986109 225
1616580502627 9.120161293017496 226
1616580627101 9.356534363770573 227
1616580751847 8.280365631647243 228
1616580876769 8.967911291667196 229
1616581001570 8.46361798759052 230
1616581126509 9.038822122604257 231
1616581251367 8.896057310876701 232
1616581376168 8.568273350177758 233
1616581501125 8.876585093520523 234
1616581626059 8.771824380080963 235
1616581750783 8.45896460280078 236
1616581875635 8.452496117179258 237
1616582000517 8.041741120328304 238
1616582125468 8.797490934676702 239
1616582250131 8.605377368022056 240
1616582374850 9.164834782210976 241
1616582499728 8.239901909980492 242
1616582624261 9.500241253724864 243
1616582749195 8.550135551287026 244
1616582873772 8.623261530410293 245
1616583001391 8.391105514810079 246
1616583126512 8.35315621458198 247
1616583252046 9.12825149426303 248
1616583377650 8.775708520364551 249
