1616191917265 0.045333021063499394 0
1616191917268 0.045333021063499394 0
1616192041709 0.03172465300957946 1
1616192041711 0.03172465300957946 1
1616192165758 0.021149768673052974 2
1616192165760 0.021149768673052974 2
1616192290058 0.01586232650478973 3
1616192290060 0.01586232650478973 3
1616192414256 0.023247295144361448 4
1616192414258 0.023247295144361448 4
1616192538261 0.01937274595363454 5
1616192538263 0.01937274595363454 5
1616192662363 0.016605210817401034 6
1616192662365 0.016605210817401034 6
1616192786543 0.014529559465225906 7
1616192786545 0.014529559465225906 7
1616192910757 0.012915163969089694 8
1616192910760 0.012915163969089694 8
1616193034876 0.011623647572180724 9
1616193034878 0.011623647572180724 9
1616193159041 0.010566952338346113 10
1616193159043 0.010566952338346113 10
1616193283410 0.00968637297681727 11
1616193283412 0.00968637297681727 11
1616193407482 0.008941267363215943 12
1616193407484 0.008941267363215943 12
1616193531711 0.008302605408700517 13
1616193531713 0.008302605408700517 13
1616193656414 0.007749270899053077 14
1616193656416 0.007749270899053077 14
1616193780508 0.00726494146786226 15
1616193780510 0.00726494146786226 15
1616193904734 0.006837591969752715 16
1616193904737 0.006837591969752715 16
1616194029152 0.006457725749210897 17
1616194029154 0.006457725749210897 17
1616194153417 0.006117845446620851 18
1616194153419 0.006117845446620851 18
1616194277687 0.005811953174289808 19
1616194277689 0.005811953174289808 19
1616194402077 0.005535193499323627 20
1616194402079 0.005535193499323627 20
1616194526311 0.005283593794808916 21
1616194526314 0.005283593794808916 21
1616194650533 0.005053872325469398 22
1616194650535 0.005053872325469398 22
1616194774947 0.0048432943119081735 23
1616194774949 0.0048432943119081735 23
1616194899104 0.004649562539431846 24
1616194899106 0.004649562539431846 24
1616195023178 0.00447073321099216 25
1616195023180 0.00447073321099216 25
1616195147208 0.004305150499473932 26
1616195147210 0.004305150499473932 26
1616195271510 0.004715205624090735 27
1616195271512 0.004715205624090735 27
1616195395487 0.004552612326708295 28
1616195395489 0.004552612326708295 28
1616195519681 0.004400858582484685 29
1616195519683 0.004400858582484685 29
1616195643737 0.0042588954024045346 30
1616195643740 0.0042588954024045346 30
1616195767674 0.004125804921079393 31
1616195767677 0.004125804921079393 31
1616195891452 0.004000780529531532 32
1616195891455 0.004000780529531532 32
1616196015239 0.0038831105139570756 33
1616196015241 0.0038831105139570756 33
1616196139213 0.003772164499272588 34
1616196139216 0.003772164499272588 34
1616196263394 0.0036673821520705713 35
1616196263396 0.0036673821520705713 35
1616196387723 0.0035682637155281236 36
1616196387725 0.0035682637155281236 36
1616196511714 0.0034743620388036993 37
1616196511717 0.0034743620388036993 37
1616196635533 0.0033852758326805275 38
1616196635536 0.0033852758326805275 38
1616196759603 0.003300643936863514 39
1616196759605 0.003300643936863514 39
1616196883940 0.0032201404262083063 40
1616196883942 0.0032201404262083063 40
1616197007980 0.0031434704160604897 41
1616197007982 0.0031434704160604897 41
1616197131931 0.0030703664528962922 42
1616197131933 0.0030703664528962922 42
1616197256040 0.003000585397148649 43
1616197256042 0.003000585397148649 43
1616197380171 0.002933905721656457 44
1616197380173 0.002933905721656457 44
1616197504254 0.002870125162490012 45
1616197504257 0.002870125162490012 45
1616197628310 0.002809058669671076 46
1616197628313 0.002809058669671076 46
1616197752368 0.0027505366140529283 47
1616197752370 0.0027505366140529283 47
1616197876121 0.002694403213766134 48
1616197876123 0.002694403213766134 48
1616198000111 0.002640515149490811 49
1616198000113 0.002640515149490811 49
1616198124243 0.0025887403426380503 50
1616198124245 0.0025887403426380503 50
1616198248347 0.0025389568745103957 51
1616198248349 0.0025389568745103957 51
1616198372289 0.00249105202782152 52
1616198372292 0.00249105202782152 52
1616198496548 0.0024449214347137143 53
1616198496551 0.0024449214347137143 53
1616198620467 0.0024004683177189195 54
1616198620469 0.0024004683177189195 54
1616198744377 0.0023576028120453675 55
1616198744379 0.0023576028120453675 55
1616198868197 0.002316241359202466 56
1616198868199 0.002316241359202466 56
1616198992275 0.0022763061633541476 57
1616198992277 0.0022763061633541476 57
1616199116326 0.002237724702958315 58
1616199116328 0.002237724702958315 58
1616199240466 0.0022004292912423426 59
1616199240468 0.0022004292912423426 59
1616199364401 0.0021643566799105013 60
1616199364403 0.0021643566799105013 60
1616199488280 0.0021294477012022673 61
1616199488283 0.0021294477012022673 61
1616199612229 0.0020956469440403264 62
1616199612231 0.0020956469440403264 62
1616199735988 0.0020629024605396964 63
1616199735990 0.0020629024605396964 63
1616199859758 0.0020311654996083162 64
1616199859760 0.0020311654996083162 64
1616199983852 0.002000390264765766 65
1616199983854 0.002000390264765766 65
1616200107774 0.0019705336936498593 66
1616200107777 0.0019705336936498593 66
1616200231848 0.0019415552569785378 67
1616200231850 0.0019415552569785378 67
1616200355756 0.0019134167749933415 68
1616200355759 0.0019134167749933415 68
1616200479490 0.001886082249636294 69
1616200479493 0.001886082249636294 69
1616200603379 0.0018595177109090222 70
1616200603382 0.0018595177109090222 70
1616200727304 0.0018336910760352856 71
1616200727307 0.0018336910760352856 71
1616200851499 0.001808572020199186 72
1616200851502 0.001808572020199186 72
1616200975643 0.0017841318577640618 73
1616200975645 0.0017841318577640618 73
1616201099565 0.0017603434329938742 74
1616201099567 0.0017603434329938742 74
1616201223352 0.0017371810194018497 75
1616201223355 0.0017371810194018497 75
1616201347337 0.0017146202269420854 76
1616201347339 0.0017146202269420854 76
1616201471204 0.0016926379163402637 77
1616201471207 0.0016926379163402637 77
1616201595368 0.0016712121199308932 78
1616201595370 0.0016712121199308932 78
1616201719407 0.001650321968431757 79
1616201719409 0.001650321968431757 79
1616201843342 0.001629947623142476 80
1616201843344 0.001629947623142476 80
1616201967429 0.0016100702131041532 81
1616201967432 0.0016100702131041532 81
1616202091242 0.0015906717768016936 82
1616202091244 0.0015906717768016936 82
1616202214973 0.0015717352080302448 83
1616202214976 0.0015717352080302448 83
1616202339020 0.0015532442055828301 84
1616202339022 0.0015532442055828301 84
1616202462963 0.0015351832264481461 85
1616202462966 0.0015351832264481461 85
1616202587159 0.0015175374422360984 86
1616202587161 0.0015175374422360984 86
1616202711276 0.0015002926985743245 87
1616202711278 0.0015002926985743245 87
1616202835319 0.0014834354772420288 88
1616202835321 0.0014834354772420288 88
1616202959385 0.0014669528608282285 89
1616202959388 0.0014669528608282285 89
1616203083327 0.001450832499720226 90
1616203083329 0.001450832499720226 90
1616203207539 0.001435062581245006 91
1616203207541 0.001435062581245006 91
1616203331453 0.0014196318008015114 92
1616203331456 0.0014196318008015114 92
1616203455280 0.001404529334835538 93
1616203455283 0.001404529334835538 93
1616203579127 0.0013897448155214796 94
1616203579130 0.0013897448155214796 94
1616203703092 0.0013752683070264642 95
1616203703094 0.0013752683070264642 95
1616203826972 0.0013610902832426862 96
1616203826975 0.0013610902832426862 96
1616203950996 0.001347201606883067 97
1616203950998 0.001347201606883067 97
1616204074909 0.0013335935098438441 98
1616204074911 0.0013335935098438441 98
1616204198943 0.0013202575747454056 99
1616204198945 0.0013202575747454056 99
1616204323251 0.0013071857175697085 100
1616204323253 0.0013071857175697085 100
1616204447176 0.0012943701713190251 101
1616204447178 0.0012943701713190251 101
1616204570949 0.0012818034706266075 102
1616204570951 0.0012818034706266075 102
1616204695197 0.0012694784372551979 103
1616204695199 0.0012694784372551979 103
1616204819402 0.001257388166424196 104
1616204819405 0.001257388166424196 104
1616204943661 0.00124552601391076 105
1616204943664 0.00124552601391076 105
1616205067834 0.0012338855838742108 106
1616205067836 0.0012338855838742108 106
1616205191701 0.0012224607173568572 107
1616205191703 0.0012224607173568572 107
1616205315717 0.0012112454814178033 108
1616205315720 0.0012112454814178033 108
1616205439786 0.0012002341588594598 109
1616205439789 0.0012002341588594598 109
1616205563845 0.0011894212385093745 110
1616205563848 0.0011894212385093745 110
1616205688086 0.0011788014060226837 111
1616205688089 0.0011788014060226837 111
1616205812247 0.0011683695351729253 112
1616205812249 0.0011683695351729253 112
1616205936224 0.001158120679601233 113
1616205936226 0.001158120679601233 113
1616206060277 0.001148050064996005 114
1616206060280 0.001148050064996005 114
1616206184519 0.0011381530816770738 115
1616206184521 0.0011381530816770738 115
1616206308552 0.0011284252775601758 116
1616206308555 0.0011284252775601758 116
1616206432869 0.0011188623514791574 117
1616206432871 0.0011188623514791574 117
1616206556993 0.0011094601468448788 118
1616206556996 0.0011094601468448788 118
1616206681416 0.0011002146456211713 119
1616206681419 0.0011002146456211713 119
1616206805410 0.0010911219625995088 120
1616206805413 0.0010911219625995088 120
1616206929241 0.0010821783399552506 121
1616206929243 0.0010821783399552506 121
1616207053055 0.0010733801420694355 122
1616207053057 0.0010733801420694355 122
1616207176986 0.0010647238506011336 123
1616207176989 0.0010647238506011336 123
1616207300783 0.0010562060597963244 124
1616207300785 0.0010562060597963244 124
1616207424951 0.0010478234720201632 125
1616207424954 0.0010478234720201632 125
1616207548958 0.0010395728935003194 126
1616207548961 0.0010395728935003194 126
1616207672832 0.0010314512302698482 127
1616207672835 0.0010314512302698482 127
1616207796763 0.001023455484298764 128
1616207796765 0.001023455484298764 128
1616207920849 0.0010155827498041581 129
1616207920852 0.0010155827498041581 129
1616208045668 0.0010078302097293174 130
1616208045671 0.0010078302097293174 130
1616208169503 0.001000195132382883 131
1616208169505 0.001000195132382883 131
1616208293529 0.0009926748682296284 132
1616208293531 0.0009926748682296284 132
1616208417354 0.0009852668468249297 133
1616208417357 0.0009852668468249297 133
1616208541293 0.0009779685738854856 134
1616208541296 0.0009779685738854856 134
1616208665349 0.0009707776284892689 135
1616208665351 0.0009707776284892689 135
1616208789193 0.0009636916603981063 136
1616208789195 0.0009636916603981063 136
1616208913054 0.0009567083874966707 137
1616208913056 0.0009567083874966707 137
1616209037302 0.0009498255933420185 138
1616209037304 0.0009498255933420185 138
1616209161524 0.000943041124818147 139
1616209161527 0.000943041124818147 139
1616209285582 0.0009363528898903587 140
1616209285585 0.0009363528898903587 140
1616209409876 0.0009297588554545111 141
1616209409878 0.0009297588554545111 141
1616209533805 0.0009232570452765075 142
1616209533808 0.0009232570452765075 142
1616209657816 0.0009168455380176428 143
1616209657818 0.0009168455380176428 143
1616209781881 0.0009105224653416591 144
1616209781883 0.0009105224653416591 144
1616209906177 0.000904286010099593 145
1616209906180 0.000904286010099593 145
1616210030340 0.0008981344045887114 146
1616210030343 0.0008981344045887114 146
1616210154570 0.0008920659288820309 147
1616210154572 0.0008920659288820309 147
1616210278559 0.0008860789092251045 148
1616210278562 0.0008860789092251045 148
1616210402738 0.0008801717164969371 149
1616210402740 0.0008801717164969371 149
1616210527255 0.0008743427647320567 150
1616210527257 0.0008743427647320567 150
1616210651202 0.0008685905097009248 151
1616210651204 0.0008685905097009248 151
1616210775106 0.0008629134475460168 152
1616210775108 0.0008629134475460168 152
1616210898970 0.0008573101134710427 153
1616210898973 0.0008573101134710427 153
1616211022952 0.0008517790804809069 154
1616211022954 0.0008517790804809069 154
1616211146882 0.0008463189581701319 155
1616211146884 0.0008463189581701319 155
1616211270870 0.0008409283915575832 156
1616211270873 0.0008409283915575832 156
1616211394925 0.0008356060599654466 157
1616211394927 0.0008356060599654466 157
1616211519092 0.0008303506759405067 158
1616211519095 0.0008303506759405067 158
1616211643117 0.0008251609842158785 159
1616211643119 0.0008251609842158785 159
1616211767187 0.0008846062191777485 160
1616211767190 0.0008846062191777485 160
1616211891141 0.0008791456869606018 161
1616211891143 0.0008791456869606018 161
1616212015452 0.0008737521551387576 162
1616212015454 0.0008737521551387576 162
1616212139487 0.0008684243980952287 163
1616212139489 0.0008684243980952287 163
1616212263446 0.0008631612199249545 164
1616212263448 0.0008631612199249545 164
1616212388761 0.00285507705046276 165
1616212388763 0.00285507705046276 165
1616212514215 0.006215767641236782 166
1616212514218 0.006215767641236782 166
1616212640319 0.009830766007163379 167
1616212640322 0.009830766007163379 167
1616212766398 0.013679547758297418 168
1616212766400 0.013679547758297418 168
1616212891951 0.01771410162791551 169
1616212891953 0.01771410162791551 169
1616213017777 0.021815142343395832 170
1616213017780 0.021815142343395832 170
1616213143448 0.02596490675023728 171
1616213143450 0.02596490675023728 171
1616213268904 0.030107431526518007 172
1616213268906 0.030107431526518007 172
1616213394672 0.03432682217284088 173
1616213394674 0.03432682217284088 173
1616213520109 0.038663865472767296 174
1616213520111 0.038663865472767296 174
1616213645673 0.04286832639693229 175
1616213645676 0.04286832639693229 175
1616213771901 0.04712524043748995 176
1616213771904 0.04712524043748995 176
1616213898953 0.05119702420034906 177
1616213898956 0.05119702420034906 177
1616214025111 0.05539575759508544 178
1616214025114 0.05539575759508544 178
1616214150591 0.05961623984804039 179
1616214150593 0.05961623984804039 179
1616214275927 0.06385358710528836 180
1616214275930 0.06385358710528836 180
1616214401455 0.06803222556739162 181
1616214401458 0.06803222556739162 181
1616214526883 0.07202141598915883 182
1616214526886 0.07202141598915883 182
1616214653091 0.0761453197737684 183
1616214653094 0.0761453197737684 183
1616214778421 0.08010897591613969 184
1616214778423 0.08010897591613969 184
1616214904090 0.08413384199452534 185
1616214904092 0.08413384199452534 185
1616215029564 0.08812730053016365 186
1616215029567 0.08812730053016365 186
1616215155094 0.09207546864341394 187
1616215155096 0.09207546864341394 187
1616215280616 0.0959818249698376 188
1616215280618 0.0959818249698376 188
1616215406237 0.09984424975793767 189
1616215406240 0.09984424975793767 189
1616215531417 0.10375512349285215 190
1616215531419 0.10375512349285215 190
1616215656941 0.1076424423095191 191
1616215656943 0.1076424423095191 191
1616215782059 0.11141187077596444 192
1616215782062 0.11141187077596444 192
1616215907639 0.11524907967433873 193
1616215907642 0.11524907967433873 193
1616216033158 0.11903990967324458 194
1616216033160 0.11903990967324458 194
1616216158703 0.12281300710759917 195
1616216158705 0.12281300710759917 195
1616216284292 0.126520944754565 196
1616216284294 0.126520944754565 196
1616216409376 0.13017240451519388 197
1616216409379 0.13017240451519388 197
1616216534579 0.13374570906268068 198
1616216534582 0.13374570906268068 198
1616216659924 0.1373384382480068 199
1616216659926 0.1373384382480068 199
1616216785491 0.14094274538583507 200
1616216785494 0.14094274538583507 200
1616216911033 0.14447200609620878 201
1616216911035 0.14447200609620878 201
1616217036362 0.14794732314528786 202
1616217036364 0.14794732314528786 202
1616217161488 0.15140278862249848 203
1616217161490 0.15140278862249848 203
1616217286749 0.15481158299148565 204
1616217286751 0.15481158299148565 204
1616217411803 0.15823688956910478 205
1616217411806 0.15823688956910478 205
1616217537023 0.1616120883053936 206
1616217537026 0.1616120883053936 206
1616217662141 0.1649781508563506 207
1616217662143 0.1649781508563506 207
1616217787292 0.1660002636783291 208
1616217787295 0.1660002636783291 208
1616217911570 0.16520978623224183 209
1616217911572 0.16520978623224183 209
1616218035974 0.16442680146336863 210
1616218035976 0.16442680146336863 210
1616218159901 0.16365120334325842 211
1616218159903 0.16365120334325842 211
1616218283917 0.1628828878346046 212
1616218283919 0.1628828878346046 212
1616218407960 0.1621217528447233 213
1616218407962 0.1621217528447233 213
1616218531907 0.16136769818032923 214
1616218531909 0.16136769818032923 214
1616218655913 0.16062062550356845 215
1616218655915 0.16062062550356845 215
1616218779980 0.1598804382892663 216
1616218779982 0.1598804382892663 216
1616218904096 0.1591470417833522 217
1616218904099 0.1591470417833522 217
1616219028263 0.15842034296242366 218
1616219028266 0.15842034296242366 218
1616219152254 0.15770025049441266 219
1616219152257 0.15770025049441266 219
1616219276290 0.1569866747003203 220
1616219276293 0.1569866747003203 220
1616219400188 0.1562795275169855 221
1616219400190 0.1562795275169855 221
1616219524396 0.15557872246085552 222
1616219524399 0.15557872246085552 222
1616219648311 0.15488417459272671 223
1616219648314 0.15488417459272671 223
1616219772378 0.1541958004834257 224
1616219772380 0.1541958004834257 224
1616219896455 0.1535135181804017 225
1616219896458 0.1535135181804017 225
1616220020803 0.1528372471752017 226
1616220020805 0.1528372471752017 226
1616220144931 0.1521669083718017 227
1616220144934 0.1521669083718017 227
1616220269287 0.1515024240557676 228
1616220269289 0.1515024240557676 228
1616220393629 0.1508437178642208 229
1616220393631 0.1508437178642208 229
1616220517578 0.15019071475658347 230
1616220517581 0.15019071475658347 230
1616220641962 0.14954334098608096 231
1616220641965 0.14954334098608096 231
1616220766267 0.1489015240719776 232
1616220766269 0.1489015240719776 232
1616220890411 0.1482651927725247 233
1616220890413 0.1482651927725247 233
1616221014694 0.14763427705859908 234
1616221014696 0.14763427705859908 234
1616221138759 0.14700870808801178 235
1616221138762 0.14700870808801178 235
1616221262904 0.14638841818046744 236
1616221262907 0.14638841818046744 236
1616221387157 0.14577334079315454 237
1616221387159 0.14577334079315454 237
1616221511040 0.1451634104969489 238
1616221511043 0.1451634104969489 238
1616221635001 0.1445585629532116 239
1616221635004 0.1445585629532116 239
1616221759165 0.14395873489116506 240
1616221759168 0.14395873489116506 240
1616221883084 0.14336386408582968 241
1616221883087 0.14336386408582968 241
1616222007021 0.14277388933650528 242
1616222007024 0.14277388933650528 242
1616222130928 0.1421887504457819 243
1616222130930 0.1421887504457819 243
1616222255255 0.14160838819906443 244
1616222255257 0.14160838819906443 244
1616222379331 0.14103274434459667 245
1616222379333 0.14103274434459667 245
1616222503190 0.14046176157397078 246
1616222503192 0.14046176157397078 246
1616222627442 0.13989538350310798 247
1616222627444 0.13989538350310798 247
1616222751429 0.13933355465369793 248
1616222751431 0.13933355465369793 248
1616222875579 0.13877622043508314 249
1616222875581 0.13877622043508314 249
