1616191917263 0.9679363049725269 0
1616192041707 0.8529792049146714 1
1616192165756 0.8174888000209282 2
1616192290056 0.7980186808458034 3
1616192414254 0.7825199687734563 4
1616192538259 0.7762872511719136 5
1616192662361 0.7713125306875147 6
1616192786541 0.7676596442197865 7
1616192910755 0.7648449610592907 8
1616193034874 0.7627595534350009 9
1616193159039 0.760987007064561 10
1616193283408 0.7590693817705128 11
1616193407480 0.7579542680379803 12
1616193531709 0.7566467669415982 13
1616193656412 0.7552988521173492 14
1616193780506 0.7544097329707857 15
1616193904732 0.7534972518794381 16
1616194029150 0.7529046282911979 17
1616194153415 0.7520839277600656 18
1616194277685 0.7515551276029425 19
1616194402075 0.7508739782563338 20
1616194526309 0.7500523527367203 21
1616194650531 0.7494874381418034 22
1616194774944 0.7489641828343588 23
1616194899102 0.7486681273008914 24
1616195023175 0.7482975972923046 25
1616195147206 0.7479718369090528 26
1616195271508 0.7477273748774296 27
1616195395485 0.7473339054922101 28
1616195519679 0.7471876463780165 29
1616195643735 0.7468935742145869 30
1616195767672 0.7464275246367175 31
1616195891450 0.7461702955068886 32
1616196015237 0.7459891685966555 33
1616196139211 0.7460092879356222 34
1616196263391 0.745614388433613 35
1616196387721 0.7456114981591255 36
1616196511712 0.7453435829612202 37
1616196635531 0.745256419755433 38
1616196759601 0.7451954418832951 39
1616196883938 0.74520624778898 40
1616197007977 0.7450330021895899 41
1616197131929 0.7450372899215686 42
1616197256038 0.7449557792748428 43
1616197380169 0.7448257833226071 44
1616197504252 0.7446354102139997 45
1616197628308 0.7444772843647564 46
1616197752365 0.7444126072161374 47
1616197876119 0.7442375980107306 48
1616198000108 0.7440913832885154 49
1616198124240 0.7439302634424502 50
1616198248345 0.7439295661661609 51
1616198372287 0.7438108259023122 52
1616198496546 0.7437205873752694 53
1616198620465 0.7437298216430086 54
1616198744374 0.7435905175526998 55
1616198868195 0.7435068206673197 56
1616198992273 0.7435058786513958 57
1616199116324 0.7435496922245192 58
1616199240463 0.7434440596412261 59
1616199364399 0.7433452134894128 60
1616199488278 0.7432757250724301 61
1616199612227 0.7432601090642659 62
1616199735986 0.7431508677991782 63
1616199859755 0.743038502038013 64
1616199983849 0.7429904142343022 65
1616200107772 0.7429567716279912 66
1616200231846 0.7428667607841937 67
1616200355754 0.7428619017800983 68
1616200479488 0.7427946915108383 69
1616200603377 0.7427539051936565 70
1616200727302 0.7427685934275249 71
1616200851497 0.7426498442349717 72
1616200975641 0.7425606228826785 73
1616201099563 0.7425524526792215 74
1616201223350 0.7425363715258317 75
1616201347335 0.7425124818579075 76
1616201471202 0.742494200528546 77
1616201595365 0.7425343801543105 78
1616201719405 0.7424962904859097 79
1616201843340 0.7423606865755805 80
1616201967427 0.7423678817615091 81
1616202091239 0.7423318604556942 82
1616202214971 0.7423326932686442 83
1616202339017 0.7422757472614473 84
1616202462961 0.7422299688587032 85
1616202587156 0.742234415214579 86
1616202711273 0.7422478116897423 87
1616202835316 0.7422447898136837 88
1616202959383 0.7421479642849159 89
1616203083325 0.7421777264025826 90
1616203207536 0.7421477523758994 91
1616203331451 0.7421117874113381 92
1616203455278 0.7420272467166334 93
1616203579125 0.7420793872964877 94
1616203703090 0.7420434341865018 95
1616203826970 0.7420173827285018 96
1616203950994 0.741980170940271 97
1616204074907 0.74200383605315 98
1616204198941 0.7419837321658085 99
1616204323248 0.7419595752160174 100
1616204447174 0.7419290225991718 101
1616204570947 0.7419104783699005 102
1616204695195 0.7418681928817847 103
1616204819400 0.7418535076013814 104
1616204943659 0.7418480240487516 105
1616205067832 0.7418951244377004 106
1616205191698 0.7418974156926663 107
1616205315714 0.7419340033160506 108
1616205439784 0.7418893053493602 109
1616205563843 0.7418613584677515 110
1616205688084 0.7417881797523574 111
1616205812244 0.7417840335726446 112
1616205936222 0.7417457933332903 113
1616206060275 0.741719883597636 114
1616206184517 0.7416488341467833 115
1616206308550 0.7416162811494735 116
1616206432867 0.7416455053112758 117
1616206556990 0.7416117903229462 118
1616206681414 0.7415448103126482 119
1616206805408 0.7415510790905006 120
1616206929238 0.7415531402214046 121
1616207053053 0.7415586938223527 122
1616207176984 0.741559110967955 123
1616207300781 0.7415928510275293 124
1616207424948 0.7415504133538272 125
1616207548956 0.7416086910527482 126
1616207672830 0.7415604001267793 127
1616207796760 0.7415601693274418 128
1616207920847 0.7415687500503761 129
1616208045666 0.741577456211703 130
1616208169501 0.7415365229939007 131
1616208293526 0.7415309396553489 132
1616208417352 0.7415223611786691 133
1616208541292 0.7414616302489482 134
1616208665347 0.7414472015418382 135
1616208789191 0.7414785934533182 136
1616208913052 0.7414812781847152 137
1616209037299 0.7415064350808358 138
1616209161522 0.7414394601047221 139
1616209285580 0.741402615159098 140
1616209409874 0.7414086094276255 141
1616209533803 0.7413718963268878 142
1616209657813 0.7413457278910822 143
1616209781879 0.7413824830261646 144
1616209906174 0.7413827735171726 145
1616210030338 0.741342336413898 146
1616210154568 0.7413101794820467 147
1616210278557 0.7413357249859418 148
1616210402736 0.7412991468365312 149
1616210527253 0.7412888890981877 150
1616210651200 0.7413111441942873 151
1616210775104 0.7412905238559458 152
1616210898968 0.7412694355410646 153
1616211022950 0.7412561926210918 154
1616211146880 0.7412598559453035 155
1616211270868 0.7412646338596046 156
1616211394922 0.7412667605266429 157
1616211519090 0.74125415408179 158
1616211643115 0.7412900023875719 159
1616211767185 0.7412585555420096 160
1616211891139 0.7412340474827007 161
1616212015450 0.741198097203827 162
1616212139484 0.7412196400971164 163
1616212263444 0.7412411288531805 164
1616212388759 0.7403296294314865 165
1616212514213 0.7380919843187855 166
1616212640317 0.7356017858215552 167
1616212766395 0.7327271674077405 168
1616212891948 0.7296673568555425 169
1616213017775 0.7263878829410135 170
1616213143445 0.7231546733846343 171
1616213268901 0.7198608714513103 172
1616213394670 0.7165551461380975 173
1616213520106 0.7130274598237049 174
1616213645671 0.7096874768081495 175
1616213771899 0.7061871603977199 176
1616213898951 0.7029551665959674 177
1616214025109 0.6995533569900234 178
1616214150589 0.6960503704641148 179
1616214275925 0.6925551045070307 180
1616214401453 0.6890783632898811 181
1616214526881 0.6858731202636971 182
1616214653089 0.682444058976392 183
1616214778419 0.6792003565005714 184
1616214904087 0.6758419647555031 185
1616215029562 0.6725412843924192 186
1616215155092 0.6692824613527661 187
1616215280613 0.6660451139058684 188
1616215406235 0.6628310860456922 189
1616215531414 0.659561868337878 190
1616215656938 0.6562987252498534 191
1616215782057 0.6532032946448084 192
1616215907637 0.6499944750062694 193
1616216033156 0.646854684248656 194
1616216158700 0.643687877175206 195
1616216284290 0.6405936888851509 196
1616216409374 0.6375424573692343 197
1616216534577 0.6345744575669067 198
1616216659922 0.6315881515813475 199
1616216785489 0.6285727809754987 200
1616216911030 0.6256282342070477 201
1616217036360 0.6227479897794398 202
1616217161485 0.6198409072525214 203
1616217286747 0.617016477565236 204
1616217411800 0.614124710612927 205
1616217537021 0.6113009296310916 206
1616217662139 0.6084987100237772 207
1616217787290 0.6076297595403738 208
1616217911567 0.60825253231215 209
1616218035972 0.608902279563677 210
1616218159898 0.6095097844650805 211
1616218283915 0.6101188756582823 212
1616218407957 0.6106883003318088 213
1616218531904 0.6113042919471202 214
1616218655910 0.6119112979967096 215
1616218779977 0.6124877666480891 216
1616218904094 0.6130627750690132 217
1616219028261 0.6136607615796351 218
1616219152252 0.6142280594681748 219
1616219276288 0.6148229101454888 220
1616219400185 0.6153874150324717 221
1616219524394 0.6159489652307737 222
1616219648309 0.6164834989704712 223
1616219772375 0.6170261144807152 224
1616219896453 0.6175925974157026 225
1616220020800 0.6181577182366951 226
1616220144929 0.618686807308848 227
1616220269285 0.6192156642849844 228
1616220393626 0.6197451619570945 229
1616220517575 0.6202557699968771 230
1616220641960 0.620762948020582 231
1616220766265 0.6212739694223002 232
1616220890407 0.6217633512810721 233
1616221014691 0.6222666129557565 234
1616221138757 0.6227800038922277 235
1616221262902 0.623268890037326 236
1616221387154 0.6237496619981835 237
1616221511038 0.6242372002779275 238
1616221634999 0.624695380541978 239
1616221759163 0.6251846698341443 240
1616221883082 0.6256533639385302 241
1616222007019 0.6261410702810262 242
1616222130926 0.6266045171675217 243
1616222255252 0.6270506703744906 244
1616222379329 0.6275440653216733 245
1616222503187 0.6280032398293253 246
1616222627439 0.6284872984057247 247
1616222751427 0.6289214291621362 248
1616222875576 0.6293868242159802 249
