1616191917256 0.9679363049725269 0
1616192041701 0.7380221048568157 1
1616192165750 0.7465079902334416 2
1616192290049 0.7396083233204294 3
1616192414247 0.720525120484068 4
1616192538252 0.7451236631641996 5
1616192662354 0.7414642077811221 6
1616192786535 0.7420894389456891 7
1616192910749 0.7423274957753242 8
1616193034867 0.743990884816393 9
1616193159032 0.7432615433601623 10
1616193283401 0.7379755035359808 11
1616193407473 0.7445729032475897 12
1616193531703 0.7396492526886311 13
1616193656406 0.7364280445778624 14
1616193780499 0.7410729457723334 15
1616193904725 0.738897554417874 16
1616194029143 0.7428300272911152 17
1616194153408 0.7373113181996853 18
1616194277678 0.741507924617605 19
1616194402068 0.7372509913241609 20
1616194526302 0.7327982168248359 21
1616194650524 0.7370593170536325 22
1616194774938 0.7369293107631358 23
1616194899094 0.7415627944976726 24
1616195023169 0.7390343470776335 25
1616195147199 0.7395020669445078 26
1616195271501 0.7411269000236024 27
1616195395477 0.7363167627060667 28
1616195519671 0.742946132066402 29
1616195643727 0.7380714093117003 30
1616195767665 0.7319799877227621 31
1616195891443 0.7379389633523658 32
1616196015230 0.7400119805589636 33
1616196139204 0.7466933454604859 34
1616196263385 0.7317929058632953 35
1616196387714 0.7455074482775749 36
1616196511705 0.7354307206387215 37
1616196635525 0.7419442179355216 38
1616196759594 0.7428173048699156 39
1616196883930 0.7456384840163779 40
1616197007970 0.7379299326145903 41
1616197131921 0.7452173746646719 42
1616197256031 0.7414508214656342 43
1616197380162 0.7391059614242391 44
1616197504246 0.7360686203266712 45
1616197628302 0.7372034952995625 46
1616197752358 0.7413727812310482 47
1616197876112 0.7358371561512034 48
1616198000102 0.7369268618999644 49
1616198124234 0.7358742711391855 50
1616198248338 0.7438940050754141 51
1616198372280 0.7376363321821741 52
1616198496539 0.7389379454419968 53
1616198620457 0.7442284721009275 54
1616198744368 0.7359287925857179 55
1616198868187 0.7388197950860287 56
1616198992266 0.7434521837437407 57
1616199116317 0.7460908794656713 58
1616199240457 0.7372117372269326 59
1616199364392 0.7374144443806182 60
1616199488271 0.7390369316364857 61
1616199612220 0.742291916558083 62
1616199735979 0.7362686680986527 63
1616199859749 0.7358470933234438 64
1616199983843 0.739864706993103 65
1616200107764 0.7407363596114707 66
1616200231839 0.7368360342497521 67
1616200355747 0.7425314895016082 68
1616200479481 0.7381571829319 69
1616200603371 0.7398988629909272 70
1616200727295 0.743811458032182 71
1616200851490 0.7340999023711428 72
1616200975633 0.7360474641652818 73
1616201099556 0.7419478576234046 74
1616201223343 0.7413302850215993 75
1616201347328 0.7406968670956632 76
1616201471196 0.74108653816771 77
1616201595358 0.7456683909639399 78
1616201719398 0.7394872066822458 79
1616201843333 0.7315123737492459 80
1616201967420 0.7429506918217273 81
1616202091233 0.7393781133788697 82
1616202214964 0.7424018167434855 83
1616202339010 0.7374922826569131 84
1616202462954 0.7383388046254503 85
1616202587150 0.7426168018199027 86
1616202711266 0.743413305028956 87
1616202835310 0.7419788647205272 88
1616202959376 0.7335304922245919 89
1616203083319 0.744856316992577 90
1616203207529 0.7394201159477234 91
1616203331445 0.7388030106716967 92
1616203455271 0.7341649621090991 93
1616203579118 0.7469806018027854 94
1616203703083 0.7386278887378409 95
1616203826963 0.7395164427605081 96
1616203950987 0.7383706274818866 97
1616204074900 0.7443230171152886 98
1616204198934 0.7399934473189902 99
1616204323241 0.7395438802369098 100
1616204447166 0.7388432082977701 101
1616204570939 0.7400189669842415 102
1616204695188 0.7375127876058538 103
1616204819393 0.7403262384394382 104
1616204943652 0.741272251022623 105
1616205067824 0.7468877656662718 106
1616205191692 0.7421425799740121 107
1616205315708 0.7458854666415681 108
1616205439777 0.7370172269800876 109
1616205563836 0.738787201490808 110
1616205688077 0.7336653423436145 111
1616205812237 0.741319661444806 112
1616205936214 0.7374246462862543 113
1616206060268 0.7387661737330417 114
1616206184508 0.7334781472987317 115
1616206308543 0.7378401334615464 116
1616206432860 0.7450647322421379 117
1616206556983 0.7376334217000515 118
1616206681407 0.7335741890871779 119
1616206805401 0.7423033324327875 120
1616206929231 0.7418025370607985 121
1616207053046 0.7422362331380236 122
1616207176977 0.741610419877032 123
1616207300773 0.7457766184147369 124
1616207424941 0.7362457041410689 125
1616207548949 0.748951681116794 126
1616207672822 0.7354274525287303 127
1616207796753 0.7415306270122528 128
1616207920840 0.7426756633088943 129
1616208045652 0.742709257184191 130
1616208169493 0.7361742714618115 131
1616208293519 0.7407939389665076 132
1616208417345 0.7403814237802586 133
1616208541285 0.7333236856663481 134
1616208665341 0.7394993260819861 135
1616208789184 0.7457478934145988 136
1616208913044 0.7418490863860921 137
1616209037292 0.7449780867454854 138
1616209161515 0.7321299384249017 139
1616209285573 0.7362443227717217 140
1616209409867 0.742253801290025 141
1616209533796 0.7361586360221214 142
1616209657806 0.7376036415708825 143
1616209781872 0.7466752224780143 144
1616209906168 0.7414248947133409 145
1616210030331 0.7354385193358076 146
1616210154561 0.7365831104998893 147
1616210278550 0.7451164595624233 148
1616210402728 0.7358490025743525 149
1616210527247 0.7397502283466623 150
1616210651193 0.7446716637053388 151
1616210775096 0.7381562324280434 152
1616210898960 0.7380429233642335 153
1616211022943 0.7392167829452677 154
1616211146872 0.7418276711981348 155
1616211270861 0.7420099884905713 156
1616211394916 0.7416006472516568 157
1616211519083 0.7392623357950373 158
1616211643108 0.7469898830068872 159
1616211767177 0.7362270602520476 160
1616211891132 0.7372882499339732 161
1616212015444 0.7353741520262779 162
1616212139477 0.7447311317032956 163
1616212263437 0.7447652848477059 164
1616212388751 0.5899322248519735 165
1616212514206 0.3666428956104086 166
1616212640310 0.319738636784097 167
1616212766388 0.24979127388685307 168
1616212891941 0.2125593735341062 169
1616213017768 0.16887731747107304 170
1616213143439 0.17027583924379755 171
1616213268894 0.1533269389195645 172
1616213394662 0.14466466695228788 173
1616213520100 0.0992100411193802 174
1616213645663 0.12519044908595847 175
1616213771892 0.09013147216210975 176
1616213898944 0.13089226368576923 177
1616214025102 0.09403124713200203 178
1616214150582 0.06901578232645988 179
1616214275918 0.06340723223191627 180
1616214401445 0.05978820298580413 181
1616214526874 0.10251888949820336 182
1616214653081 0.05492584339957288 183
1616214778413 0.08235910094957402 184
1616214904080 0.054539491917858736 185
1616215029556 0.05861473685883461 186
1616215155084 0.0598825529376243 187
1616215280607 0.05742379388910659 188
1616215406227 0.055379820472382484 189
1616215531407 0.03841050385319172 190
1616215656931 0.033038395437154366 191
1616215782050 0.058880618476170175 192
1616215907630 0.030692284768249128 193
1616216033148 0.037735277271651206 194
1616216158693 0.026160497852462404 195
1616216284283 0.03413278403434348 196
1616216409367 0.03644984873368385 197
1616216534569 0.04691049670602413 198
1616216659915 0.0373132604550808 199
1616216785481 0.02549865980573157 200
1616216911023 0.03377433374841163 201
1616217036352 0.040938615402642715 202
1616217161478 0.029703154288073803 203
1616217286739 0.04083282135902567 204
1616217411794 0.021312485389569973 205
1616217537014 0.029602047373005685 206
1616217662131 0.028439251309696663 207
1616217787283 0.4268880589924594 208
1616217911559 0.7384120416133961 209
1616218035965 0.74534920238434 210
1616218159891 0.7376933186612231 211
1616218283908 0.7392462086170277 212
1616218407950 0.731975755792983 213
1616218531897 0.7431264976237683 214
1616218655903 0.7424175986584197 215
1616218779970 0.7370049953460693 216
1616218904086 0.7378396024095252 217
1616219028255 0.7440218208952153 218
1616219152244 0.738466297058349 219
1616219276280 0.7456900591545916 220
1616219400177 0.7401429950556857 221
1616219524386 0.7406131092538225 222
1616219648301 0.7356845229230029 223
1616219772369 0.738571988775375 224
1616219896445 0.7450512577878668 225
1616220020793 0.7458750237809851 226
1616220144921 0.7387900266875612 227
1616220269278 0.7397950548440853 228
1616220393618 0.7410001288703147 229
1616220517568 0.7376956191468746 230
1616220641952 0.7379210714964156 231
1616220766257 0.7398309346209181 232
1616220890400 0.7357893243749091 233
1616221014684 0.740029844831913 234
1616221138749 0.74342687396293 235
1616221262894 0.7386460202805539 236
1616221387148 0.7376926167214171 237
1616221511030 0.7402713108570018 238
1616221634992 0.7342004636500744 239
1616221759156 0.7426140999540369 240
1616221883074 0.7386086430955441 241
1616222007012 0.744166005165019 242
1616222130919 0.7392221105859634 243
1616222255245 0.7359120528748695 244
1616222379321 0.7484258273814587 245
1616222503180 0.7409601687116826 246
1616222627431 0.7480497667764096 247
1616222751419 0.7365858567521927 248
1616222875568 0.7452701926231384 249
