1616191917261 inf 0
1616192041705 inf 1
1616192165754 inf 2
1616192290054 inf 3
1616192414251 inf 4
1616192538257 inf 5
1616192662359 inf 6
1616192786539 inf 7
1616192910753 inf 8
1616193034872 inf 9
1616193159037 inf 10
1616193283406 inf 11
1616193407478 inf 12
1616193531707 inf 13
1616193656410 inf 14
1616193780504 inf 15
1616193904730 inf 16
1616194029148 inf 17
1616194153413 inf 18
1616194277682 inf 19
1616194402073 inf 20
1616194526307 inf 21
1616194650529 inf 22
1616194774942 inf 23
1616194899100 inf 24
1616195023173 inf 25
1616195147204 inf 26
1616195271506 inf 27
1616195395483 inf 28
1616195519677 inf 29
1616195643732 inf 30
1616195767670 inf 31
1616195891448 inf 32
1616196015235 inf 33
1616196139209 inf 34
1616196263389 inf 35
1616196387719 inf 36
1616196511710 inf 37
1616196635529 inf 38
1616196759599 inf 39
1616196883936 inf 40
1616197007975 inf 41
1616197131927 inf 42
1616197256036 inf 43
1616197380167 inf 44
1616197504250 inf 45
1616197628306 inf 46
1616197752363 inf 47
1616197876117 inf 48
1616198000106 inf 49
1616198124238 inf 50
1616198248343 inf 51
1616198372285 inf 52
1616198496544 inf 53
1616198620462 inf 54
1616198744372 inf 55
1616198868192 inf 56
1616198992270 inf 57
1616199116321 inf 58
1616199240461 inf 59
1616199364396 inf 60
1616199488276 inf 61
1616199612225 inf 62
1616199735984 inf 63
1616199859753 inf 64
1616199983847 inf 65
1616200107769 inf 66
1616200231843 inf 67
1616200355752 inf 68
1616200479486 inf 69
1616200603375 inf 70
1616200727300 inf 71
1616200851495 inf 72
1616200975639 inf 73
1616201099561 inf 74
1616201223348 inf 75
1616201347333 inf 76
1616201471200 inf 77
1616201595363 inf 78
1616201719403 inf 79
1616201843338 inf 80
1616201967425 inf 81
1616202091237 inf 82
1616202214969 inf 83
1616202339015 inf 84
1616202462959 inf 85
1616202587154 inf 86
1616202711271 inf 87
1616202835314 inf 88
1616202959381 inf 89
1616203083323 inf 90
1616203207534 inf 91
1616203331449 inf 92
1616203455275 inf 93
1616203579123 inf 94
1616203703087 inf 95
1616203826968 inf 96
1616203950991 inf 97
1616204074905 inf 98
1616204198938 inf 99
1616204323246 inf 100
1616204447170 inf 101
1616204570945 inf 102
1616204695193 inf 103
1616204819398 inf 104
1616204943657 inf 105
1616205067830 inf 106
1616205191696 inf 107
1616205315712 inf 108
1616205439782 inf 109
1616205563841 inf 110
1616205688082 inf 111
1616205812242 inf 112
1616205936219 inf 113
1616206060273 inf 114
1616206184513 inf 115
1616206308548 inf 116
1616206432864 inf 117
1616206556988 inf 118
1616206681412 inf 119
1616206805406 inf 120
1616206929236 inf 121
1616207053050 inf 122
1616207176982 inf 123
1616207300779 inf 124
1616207424946 inf 125
1616207548954 inf 126
1616207672828 inf 127
1616207796758 inf 128
1616207920845 inf 129
1616208045664 inf 130
1616208169499 inf 131
1616208293524 inf 132
1616208417350 inf 133
1616208541290 inf 134
1616208665345 inf 135
1616208789189 inf 136
1616208913050 inf 137
1616209037297 inf 138
1616209161520 inf 139
1616209285578 inf 140
1616209409872 inf 141
1616209533801 inf 142
1616209657811 inf 143
1616209781877 inf 144
1616209906173 inf 145
1616210030336 inf 146
1616210154565 inf 147
1616210278555 inf 148
1616210402734 inf 149
1616210527251 inf 150
1616210651198 inf 151
1616210775101 inf 152
1616210898966 inf 153
1616211022948 inf 154
1616211146878 inf 155
1616211270866 inf 156
1616211394920 inf 157
1616211519088 inf 158
1616211643113 inf 159
1616211767183 inf 160
1616211891136 inf 161
1616212015448 inf 162
1616212139482 inf 163
1616212263442 inf 164
1616212388757 inf 165
1616212514211 inf 166
1616212640315 22.176336725363974 167
1616212766393 21.120990515246383 168
1616212891946 20.893943603537444 169
1616213017773 20.990324488634382 170
1616213143443 20.184325333747736 171
1616213268899 20.25664121838142 172
1616213394668 19.110799364993866 173
1616213520104 17.784518119824913 174
1616213645669 17.591049366467605 175
1616213771897 17.734404679780774 176
1616213898949 18.06956602772559 177
1616214025107 17.92981205454794 178
1616214150586 17.979222929065987 179
1616214275923 15.769445270309626 180
1616214401450 16.208580429083806 181
1616214526879 17.26358075414312 182
1616214653086 15.72645633199446 183
1616214778417 15.612610214249223 184
1616214904085 15.470247469398668 185
1616215029560 15.593850906221832 186
1616215155090 15.11106776830753 187
1616215280611 15.663218191217316 188
1616215406233 16.303705920031412 189
1616215531412 13.679752667905753 190
1616215656936 14.559992240419508 191
1616215782055 14.2185357728785 192
1616215907635 13.298170374411251 193
1616216033153 13.545716399885178 194
1616216158698 13.260581351575503 195
1616216284287 14.333169618523176 196
1616216409372 13.772300771676965 197
1616216534575 14.442110985856743 198
1616216659920 13.406665950974178 199
1616216785487 13.542111557310013 200
1616216911028 14.165621765150709 201
1616217036357 14.683709428071733 202
1616217161483 13.03011185739676 203
1616217286744 14.429119125938024 204
1616217411798 13.666340616224604 205
1616217537019 13.438366230500126 206
1616217662136 13.124976824457184 207
1616217787288 inf 208
1616217911565 inf 209
1616218035970 inf 210
1616218159896 inf 211
1616218283913 inf 212
1616218407955 inf 213
1616218531902 inf 214
1616218655908 inf 215
1616218779975 inf 216
1616218904091 inf 217
1616219028259 inf 218
1616219152249 inf 219
1616219276285 inf 220
1616219400183 inf 221
1616219524391 inf 222
1616219648307 inf 223
1616219772373 inf 224
1616219896451 inf 225
1616220020798 inf 226
1616220144926 inf 227
1616220269282 inf 228
1616220393624 inf 229
1616220517573 inf 230
1616220641957 inf 231
1616220766262 inf 232
1616220890405 inf 233
1616221014689 inf 234
1616221138755 inf 235
1616221262899 inf 236
1616221387152 inf 237
1616221511035 inf 238
1616221634996 inf 239
1616221759161 inf 240
1616221883079 inf 241
1616222007017 inf 242
1616222130923 inf 243
1616222255250 inf 244
1616222379326 inf 245
1616222503185 inf 246
1616222627437 inf 247
1616222751424 inf 248
1616222875573 inf 249
