1616191917258 0.045333021063499394 0
1616192041704 0.018116284955659524 1
1616192165752 0.0 2
1616192290052 0.0 3
1616192414249 0.05278716970264832 4
1616192538255 0.0 5
1616192662357 0.0 6
1616192786537 0.0 7
1616192910751 0.0 8
1616193034870 0.0 9
1616193159035 0.0 10
1616193283403 0.0 11
1616193407475 0.0 12
1616193531705 0.0 13
1616193656408 2.5877639889083012e-06 14
1616193780502 0.0 15
1616193904728 0.0 16
1616194029146 0.0 17
1616194153411 0.0 18
1616194277680 0.0 19
1616194402071 0.0 20
1616194526305 0.0 21
1616194650527 0.0 22
1616194774940 0.0 23
1616194899097 0.0 24
1616195023170 0.0 25
1616195147202 0.0 26
1616195271504 0.015786693988744407 27
1616195395480 0.0 28
1616195519674 0.0 29
1616195643730 0.0 30
1616195767668 0.0 31
1616195891445 0.0 32
1616196015232 0.0 33
1616196139207 0.0 34
1616196263387 0.0 35
1616196387717 0.0 36
1616196511708 0.0 37
1616196635527 0.0 38
1616196759597 0.0 39
1616196883934 0.0 40
1616197007973 0.0 41
1616197131924 0.0 42
1616197256033 0.0 43
1616197380165 0.0 44
1616197504248 0.0 45
1616197628304 0.0 46
1616197752361 0.0 47
1616197876115 0.0 48
1616198000104 0.0 49
1616198124236 0.0 50
1616198248340 0.0 51
1616198372283 0.0 52
1616198496542 0.0 53
1616198620460 0.0 54
1616198744370 0.0 55
1616198868190 0.0 56
1616198992268 0.0 57
1616199116319 0.0 58
1616199240459 0.0 59
1616199364394 0.0 60
1616199488274 0.0 61
1616199612223 0.0 62
1616199735981 0.0 63
1616199859751 0.0 64
1616199983845 0.0 65
1616200107767 0.0 66
1616200231841 0.0 67
1616200355749 0.0 68
1616200479484 0.0 69
1616200603373 0.0 70
1616200727298 0.0 71
1616200851493 0.0 72
1616200975636 0.0 73
1616201099559 0.0 74
1616201223345 0.0 75
1616201347331 0.0 76
1616201471198 0.0 77
1616201595361 0.0 78
1616201719400 0.0 79
1616201843336 0.0 80
1616201967423 0.0 81
1616202091235 0.0 82
1616202214967 0.0 83
1616202339013 0.0 84
1616202462957 0.0 85
1616202587152 0.0 86
1616202711269 0.0 87
1616202835312 0.0 88
1616202959378 0.0 89
1616203083321 0.0 90
1616203207532 0.0 91
1616203331448 0.0 92
1616203455273 0.0 93
1616203579121 0.0 94
1616203703085 0.0 95
1616203826966 0.0 96
1616203950989 0.0 97
1616204074902 0.0 98
1616204198936 0.0 99
1616204323244 0.0 100
1616204447169 0.0 101
1616204570942 0.0 102
1616204695190 0.0 103
1616204819396 0.0 104
1616204943654 0.0 105
1616205067827 0.0 106
1616205191694 0.0 107
1616205315710 0.0 108
1616205439780 0.0 109
1616205563839 0.0 110
1616205688080 0.0 111
1616205812240 0.0 112
1616205936217 0.0 113
1616206060271 0.0 114
1616206184511 0.0 115
1616206308546 0.0 116
1616206432862 0.0 117
1616206556986 0.0 118
1616206681410 0.0 119
1616206805404 0.0 120
1616206929234 0.0 121
1616207053048 0.0 122
1616207176980 0.0 123
1616207300777 0.0 124
1616207424944 0.0 125
1616207548952 0.0 126
1616207672825 0.0 127
1616207796756 0.0 128
1616207920842 0.0 129
1616208045658 0.0 130
1616208169496 0.0 131
1616208293522 0.0 132
1616208417348 0.0 133
1616208541287 0.0 134
1616208665343 0.0 135
1616208789186 0.0 136
1616208913047 0.0 137
1616209037295 0.0 138
1616209161517 0.0 139
1616209285576 0.0 140
1616209409869 0.0 141
1616209533799 0.0 142
1616209657809 0.0 143
1616209781875 0.0 144
1616209906171 0.0 145
1616210030334 0.0 146
1616210154563 0.0 147
1616210278553 0.0 148
1616210402732 0.0 149
1616210527249 0.0 150
1616210651196 0.0 151
1616210775099 0.0 152
1616210898963 0.0 153
1616211022945 0.0 154
1616211146875 0.0 155
1616211270864 0.0 156
1616211394918 0.0 157
1616211519086 0.0 158
1616211643111 0.0 159
1616211767180 0.010395843813076932 160
1616211891134 0.0 161
1616212015446 0.0 162
1616212139480 0.0 163
1616212263439 0.0 164
1616212388754 0.3315211890892007 165
1616212514208 0.5640904057097245 166
1616212640313 0.613535493116905 167
1616212766391 0.660274881948816 168
1616212891944 0.6995537055933729 169
1616213017771 0.7189920639750508 170
1616213143441 0.7355746203201249 171
1616213268897 0.7426216930468031 172
1616213394666 0.7642814039866975 173
1616213520102 0.7933093996599634 174
1616213645666 0.7786489881258062 175
1616213771895 0.7963421115756376 176
1616213898946 0.7719027502264114 177
1616214025104 0.8027703018581613 178
1616214150584 0.8150825631269749 179
1616214275920 0.8265760934099238 180
1616214401448 0.8243657872080803 181
1616214526877 0.7980540727507918 182
1616214653084 0.8308197123573181 183
1616214778415 0.8094217061124583 184
1616214904083 0.82873406649587 185
1616215029558 0.8309105881588891 186
1616215155087 0.8303829058212169 187
1616215280609 0.8303768143374869 188
1616215406230 0.8298425347088499 189
1616215531410 0.8468211331266038 190
1616215656933 0.8501203362929061 191
1616215782053 0.8351421363334707 192
1616215907633 0.855830397060577 193
1616216033151 0.8544609294609821 194
1616216158696 0.8585670068067439 195
1616216284286 0.8532767235598666 196
1616216409370 0.849509977359087 197
1616216534573 0.8412600094650654 198
1616216659917 0.8522915461278976 199
1616216785484 0.8618041729514904 200
1616216911026 0.8538534088813244 201
1616217036355 0.8499613670592613 202
1616217161481 0.8528622804962575 203
1616217286742 0.85020563426487 204
1616217411796 0.8604247379810253 205
1616217537016 0.8569030279808856 206
1616217662134 0.8617530989044524 207
1616217787286 0.37859973064986024 208
1616217911562 0.0 209
1616218035967 0.0 210
1616218159894 0.0 211
1616218283910 0.0 212
1616218407953 0.0 213
1616218531900 0.0 214
1616218655906 0.0 215
1616218779973 0.0 216
1616218904089 0.0 217
1616219028257 0.0 218
1616219152247 0.0 219
1616219276283 0.0 220
1616219400181 0.0 221
1616219524389 0.0 222
1616219648304 0.0 223
1616219772371 0.0 224
1616219896448 0.0 225
1616220020796 0.0 226
1616220144924 0.0 227
1616220269280 0.0 228
1616220393622 0.0 229
1616220517571 0.0 230
1616220641955 0.0 231
1616220766260 0.0 232
1616220890403 0.0 233
1616221014687 0.0 234
1616221138752 0.0 235
1616221262897 0.0 236
1616221387149 0.0 237
1616221511033 0.0 238
1616221634994 0.0 239
1616221759159 0.0 240
1616221883077 0.0 241
1616222007014 0.0 242
1616222130921 0.0 243
1616222255248 0.0 244
1616222379324 0.0 245
1616222503182 0.0 246
1616222627434 0.0 247
1616222751422 0.0 248
1616222875571 0.0 249
