1616688170173 0.3044384518004161 0
1616688170182 0.3044384518004161 0
1616688294198 0.21610659827537676 1
1616688294200 0.21610659827537676 1
1616688420161 0.366913338178597 2
1616688420163 0.366913338178597 2
1616688545941 0.4526614246151826 3
1616688545943 0.4526614246151826 3
1616688671117 0.5102538283022635 4
1616688671119 0.5102538283022635 4
1616688796796 0.5571269085284005 5
1616688796798 0.5571269085284005 5
1616688922078 0.5895162075347519 6
1616688922080 0.5895162075347519 6
1616689047380 0.6107269334470595 7
1616689047382 0.6107269334470595 7
1616689172496 0.6318831916856656 8
1616689172499 0.6318831916856656 8
1616689297359 0.6503733997461089 9
1616689297361 0.6503733997461089 9
1616689422865 0.6660902184664814 10
1616689422867 0.6660902184664814 10
1616689548081 0.6751715560544427 11
1616689548084 0.6751715560544427 11
1616689673136 0.6861355358227148 12
1616689673138 0.6861355358227148 12
1616689798052 0.6969296216014998 13
1616689798055 0.6969296216014998 13
1616689923512 0.7068942829946729 14
1616689923514 0.7068942829946729 14
1616690048669 0.7155141572924975 15
1616690048671 0.7155141572924975 15
1616690174401 0.7230279948894582 16
1616690174403 0.7230279948894582 16
1616690299510 0.7305093401361556 17
1616690299513 0.7305093401361556 17
1616690424759 0.7369069554238118 18
1616690424761 0.7369069554238118 18
1616690549819 0.7429184839193848 19
1616690549821 0.7429184839193848 19
1616690675275 0.7486326667751925 20
1616690675277 0.7486326667751925 20
1616690800281 0.7534189741663109 21
1616690800284 0.7534189741663109 21
1616690925649 0.7576085788690614 22
1616690925652 0.7576085788690614 22
1616691050901 0.7614317115991547 23
1616691050903 0.7614317115991547 23
1616691176137 0.7656922411082431 24
1616691176139 0.7656922411082431 24
1616691301506 0.7697317102232737 25
1616691301508 0.7697317102232737 25
1616691426890 0.7721086893604232 26
1616691426892 0.7721086893604232 26
1616691551980 0.7743665059978186 27
1616691551982 0.7743665059978186 27
1616691676663 0.7766366719052342 28
1616691676665 0.7766366719052342 28
1616691801759 0.7787673466743121 29
1616691801762 0.7787673466743121 29
1616691926945 0.7810051062210815 30
1616691926948 0.7810051062210815 30
1616692051658 0.7834593763595392 31
1616692051660 0.7834593763595392 31
1616692176469 0.7860035044783612 32
1616692176471 0.7860035044783612 32
1616692301151 0.7882268826733081 33
1616692301153 0.7882268826733081 33
1616692426185 0.7906049001262747 34
1616692426187 0.7906049001262747 34
1616692551231 0.792841996930718 35
1616692551233 0.792841996930718 35
1616692676246 0.7950340070340797 36
1616692676248 0.7950340070340797 36
1616692801289 0.7970970017162297 37
1616692801292 0.7970970017162297 37
1616692926338 0.7986754753456166 38
1616692926340 0.7986754753456166 38
1616693051482 0.8003287360381751 39
1616693051484 0.8003287360381751 39
1616693176187 0.8021205279545508 40
1616693176189 0.8021205279545508 40
1616693301248 0.8039564173567187 41
1616693301250 0.8039564173567187 41
1616693426114 0.8057539660452725 42
1616693426116 0.8057539660452725 42
1616693550960 0.8068793065680689 43
1616693550962 0.8068793065680689 43
1616693675897 0.8076977394320882 44
1616693675899 0.8076977394320882 44
1616693800892 0.8090173737841654 45
1616693800894 0.8090173737841654 45
1616693926068 0.8101213685166886 46
1616693926070 0.8101213685166886 46
1616694050852 0.811270968472719 47
1616694050854 0.811270968472719 47
1616694175524 0.812394108478695 48
1616694175526 0.812394108478695 48
1616694300362 0.813648677112614 49
1616694300364 0.813648677112614 49
1616694425685 0.8149423156958191 50
1616694425688 0.8149423156958191 50
1616694550680 0.8161892633598966 51
1616694550682 0.8161892633598966 51
1616694675912 0.8174176982832779 52
1616694675914 0.8174176982832779 52
1616694800934 0.8185459211715655 53
1616694800937 0.8185459211715655 53
1616694925841 0.8195275844780935 54
1616694925844 0.8195275844780935 54
1616695050917 0.8205593154281959 55
1616695050920 0.8205593154281959 55
1616695175758 0.8216452035031235 56
1616695175760 0.8216452035031235 56
1616695300618 0.82276511210856 57
1616695300620 0.82276511210856 57
1616695425627 0.8237714486919059 58
1616695425629 0.8237714486919059 58
1616695550631 0.824704965990836 59
1616695550634 0.824704965990836 59
1616695675618 0.825681310584447 60
1616695675620 0.825681310584447 60
1616695800374 0.8266317398143853 61
1616695800377 0.8266317398143853 61
1616695925067 0.8275250166030874 62
1616695925069 0.8275250166030874 62
1616696049816 0.8283346097024982 63
1616696049818 0.8283346097024982 63
1616696174841 0.8292048735426717 64
1616696174844 0.8292048735426717 64
1616696299655 0.8300833384292338 65
1616696299658 0.8300833384292338 65
1616696424540 0.830979359342556 66
1616696424543 0.830979359342556 66
1616696549249 0.8318691118610136 67
1616696549252 0.8318691118610136 67
1616696674032 0.8327289178935599 68
1616696674034 0.8327289178935599 68
1616696798758 0.8335824779052241 69
1616696798760 0.8335824779052241 69
1616696923580 0.8343796448580862 70
1616696923582 0.8343796448580862 70
1616697048690 0.835204539835551 71
1616697048693 0.835204539835551 71
1616697173594 0.8359176228473006 72
1616697173596 0.8359176228473006 72
1616697298282 0.8366571187009298 73
1616697298285 0.8366571187009298 73
1616697423467 0.8373680917333468 74
1616697423469 0.8373680917333468 74
1616697548425 0.8380573790095182 75
1616697548428 0.8380573790095182 75
1616697673752 0.8387643680503758 76
1616697673755 0.8387643680503758 76
1616697798933 0.8391111771355343 77
1616697798935 0.8391111771355343 77
1616697924273 0.8394000610965485 78
1616697924275 0.8394000610965485 78
1616698049495 0.8399588600015317 79
1616698049497 0.8399588600015317 79
1616698174611 0.8405380191012095 80
1616698174613 0.8405380191012095 80
1616698299679 0.8411384974895109 81
1616698299682 0.8411384974895109 81
1616698424713 0.8417160156972217 82
1616698424715 0.8417160156972217 82
1616698549461 0.8423207383599318 83
1616698549464 0.8423207383599318 83
1616698674744 0.8428989375671033 84
1616698674746 0.8428989375671033 84
1616698799821 0.8434864850301214 85
1616698799824 0.8434864850301214 85
1616698924945 0.8440833943529297 86
1616698924948 0.8440833943529297 86
1616699049902 0.8446926154837784 87
1616699049905 0.8446926154837784 87
1616699174871 0.845242325949144 88
1616699174873 0.845242325949144 88
1616699299729 0.8457980718204958 89
1616699299731 0.8457980718204958 89
1616699424729 0.846335148888359 90
1616699424731 0.846335148888359 90
1616699549717 0.8468966942852808 91
1616699549720 0.8468966942852808 91
1616699674708 0.8474204085902142 92
1616699674711 0.8474204085902142 92
1616699799890 0.8479710872901243 93
1616699799892 0.8479710872901243 93
1616699924983 0.848464677561792 94
1616699924985 0.848464677561792 94
1616700049820 0.8489407584041643 95
1616700049822 0.8489407584041643 95
1616700174943 0.8494540778727008 96
1616700174946 0.8494540778727008 96
1616700299704 0.8499633848188543 97
1616700299706 0.8499633848188543 97
1616700424610 0.8504546473523117 98
1616700424613 0.8504546473523117 98
1616700549379 0.8509531342124249 99
1616700549382 0.8509531342124249 99
1616700674297 0.8514459299657173 100
1616700674300 0.8514459299657173 100
1616700799464 0.8519440467762157 101
1616700799466 0.8519440467762157 101
1616700924408 0.852409625517605 102
1616700924410 0.852409625517605 102
1616701049294 0.852877507110964 103
1616701049296 0.852877507110964 103
1616701174391 0.8533228581011666 104
1616701174393 0.8533228581011666 104
1616701299415 0.8537820274989293 105
1616701299417 0.8537820274989293 105
1616701424271 0.8542347557752543 106
1616701424273 0.8542347557752543 106
1616701549503 0.8546738261831235 107
1616701549506 0.8546738261831235 107
1616701674882 0.8551113579711104 108
1616701674884 0.8551113579711104 108
1616701800079 0.8555034417548257 109
1616701800081 0.8555034417548257 109
1616701932654 0.8559156679584026 110
1616701932657 0.8559156679584026 110
1616702057782 0.8561818130399449 111
1616702057784 0.8561818130399449 111
1616702183096 0.8564280367819717 112
1616702183099 0.8564280367819717 112
1616702307931 0.8567674764738455 113
1616702307933 0.8567674764738455 113
1616702432818 0.8571594061684052 114
1616702432821 0.8571594061684052 114
1616702557821 0.857565940240646 115
1616702557824 0.857565940240646 115
1616702682886 0.857964507950672 116
1616702682889 0.857964507950672 116
1616702807921 0.8583540003079239 117
1616702807924 0.8583540003079239 117
1616702932736 0.8587456008154801 118
1616702932739 0.8587456008154801 118
1616703057823 0.8591430828303053 119
1616703057826 0.8591430828303053 119
1616703182918 0.8595262209571052 120
1616703182920 0.8595262209571052 120
1616703307694 0.859911201129751 121
1616703307697 0.859911201129751 121
1616703432340 0.8602912813304078 122
1616703432343 0.8602912813304078 122
1616703557093 0.8606704378801168 123
1616703557096 0.8606704378801168 123
1616703681781 0.8610397516892471 124
1616703681784 0.8610397516892471 124
1616703806747 0.8614060286630187 125
1616703806750 0.8614060286630187 125
1616703931477 0.8617397843178879 126
1616703931480 0.8617397843178879 126
1616704056385 0.8620908016626423 127
1616704056388 0.8620908016626423 127
1616704181156 0.8624395718069174 128
1616704181158 0.8624395718069174 128
1616704306139 0.8627987082417348 129
1616704306141 0.8627987082417348 129
1616704431205 0.8631648394905107 130
1616704431207 0.8631648394905107 130
1616704556002 0.8634989815806914 131
1616704556005 0.8634989815806914 131
1616704680754 0.8638628426429861 132
1616704680757 0.8638628426429861 132
1616704805562 0.864074077949099 133
1616704805565 0.864074077949099 133
1616704930631 0.8643022980999682 134
1616704930633 0.8643022980999682 134
1616705055651 0.8645898099142614 135
1616705055655 0.8645898099142614 135
1616705180486 0.8649076040792101 136
1616705180489 0.8649076040792101 136
1616705305504 0.8652227951812919 137
1616705305506 0.8652227951812919 137
1616705430638 0.8655365153793751 138
1616705430641 0.8655365153793751 138
1616705555664 0.8658308507878147 139
1616705555667 0.8658308507878147 139
1616705680900 0.8660998662893095 140
1616705680902 0.8660998662893095 140
1616705805959 0.866381446286215 141
1616705805962 0.866381446286215 141
1616705931186 0.8666763225214339 142
1616705931189 0.8666763225214339 142
1616706056124 0.8669919964621956 143
1616706056126 0.8669919964621956 143
1616706181246 0.8672948679935957 144
1616706181249 0.8672948679935957 144
1616706306155 0.8675948275689253 145
1616706306158 0.8675948275689253 145
1616706431115 0.8678863961988962 146
1616706431118 0.8678863961988962 146
1616706555904 0.8681915458718202 147
1616706555906 0.8681915458718202 147
1616706681036 0.8685007078961303 148
1616706681039 0.8685007078961303 148
1616706805927 0.8687936784314481 149
1616706805929 0.8687936784314481 149
1616706931075 0.8690845265728512 150
1616706931078 0.8690845265728512 150
1616707056122 0.8693873246176527 151
1616707056125 0.8693873246176527 151
1616707181099 0.8696860221675398 152
1616707181102 0.8696860221675398 152
1616707306198 0.869982979435957 153
1616707306200 0.869982979435957 153
1616707431480 0.8702625202973211 154
1616707431482 0.8702625202973211 154
1616707556261 0.8705425313532285 155
1616707556264 0.8705425313532285 155
1616707681052 0.8708046861359556 156
1616707681055 0.8708046861359556 156
1616707806055 0.8710723526507075 157
1616707806058 0.8710723526507075 157
1616707930897 0.8713550978508701 158
1616707930899 0.8713550978508701 158
1616708055857 0.8716141865349082 159
1616708055859 0.8716141865349082 159
1616708181030 0.8718771297697928 160
1616708181032 0.8718771297697928 160
1616708306386 0.8721439646976398 161
1616708306388 0.8721439646976398 161
1616708431425 0.8723048263581 162
1616708431427 0.8723048263581 162
1616708556399 0.8725508246114709 163
1616708556401 0.8725508246114709 163
1616708681454 0.872805044556314 164
1616708681456 0.872805044556314 164
1616708806252 0.8730699756252323 165
1616708806254 0.8730699756252323 165
1616708931235 0.8733306409088556 166
1616708931238 0.8733306409088556 166
1616709056111 0.8735946706185855 167
1616709056114 0.8735946706185855 167
1616709180900 0.8738557200689029 168
1616709180902 0.8738557200689029 168
1616709305695 0.8741160178893316 169
1616709305698 0.8741160178893316 169
1616709430787 0.8743823832034794 170
1616709430790 0.8743823832034794 170
1616709555629 0.8746426367963686 171
1616709555632 0.8746426367963686 171
1616709680711 0.8749132220237706 172
1616709680714 0.8749132220237706 172
1616709805810 0.8751849667435067 173
1616709805812 0.8751849667435067 173
1616709930644 0.8754439419017125 174
1616709930647 0.8754439419017125 174
1616710055458 0.8756742748291465 175
1616710055460 0.8756742748291465 175
1616710180680 0.8759175931955028 176
1616710180681 0.8759175931955028 176
1616710305570 0.8761752527013992 177
1616710305572 0.8761752527013992 177
1616710430465 0.8764139433678327 178
1616710430468 0.8764139433678327 178
1616710555493 0.8766517332425323 179
1616710555496 0.8766517332425323 179
1616710680310 0.8768856397699014 180
1616710680313 0.8768856397699014 180
1616710805388 0.8771401833900617 181
1616710805391 0.8771401833900617 181
1616710930607 0.8773732197792773 182
1616710930610 0.8773732197792773 182
1616711055597 0.8776151600088015 183
1616711055600 0.8776151600088015 183
1616711180527 0.8778380485658028 184
1616711180530 0.8778380485658028 184
1616711305645 0.8780528849014341 185
1616711305647 0.8780528849014341 185
1616711430609 0.878297407451605 186
1616711430612 0.878297407451605 186
1616711555661 0.8785258270587731 187
1616711555664 0.8785258270587731 187
1616711680722 0.8787493248170066 188
1616711680724 0.8787493248170066 188
1616711805696 0.8789677551075137 189
1616711805698 0.8789677551075137 189
1616711931012 0.879184861396212 190
1616711931015 0.879184861396212 190
1616712056158 0.8794136646958437 191
1616712056161 0.8794136646958437 191
1616712181006 0.879642904200522 192
1616712181009 0.879642904200522 192
1616712306109 0.8798573281721486 193
1616712306112 0.8798573281721486 193
1616712431100 0.8800772275483524 194
1616712431103 0.8800772275483524 194
1616712555984 0.8803058460618574 195
1616712555987 0.8803058460618574 195
1616712680809 0.8805288318255444 196
1616712680812 0.8805288318255444 196
1616712805841 0.8807441287546612 197
1616712805843 0.8807441287546612 197
1616712930782 0.8809631889140619 198
1616712930785 0.8809631889140619 198
1616713056036 0.8811674578359571 199
1616713056038 0.8811674578359571 199
1616713180913 0.8813602038004757 200
1616713180915 0.8813602038004757 200
1616713305976 0.881538656099225 201
1616713305978 0.881538656099225 201
1616713431304 0.8817157273898434 202
1616713431307 0.8817157273898434 202
1616713556294 0.8819027394645441 203
1616713556297 0.8819027394645441 203
1616713681138 0.882116581592999 204
1616713681141 0.882116581592999 204
1616713805984 0.8823161756133951 205
1616713805987 0.8823161756133951 205
1616713930797 0.8825264004235658 206
1616713930800 0.8825264004235658 206
1616714055614 0.8827134725345173 207
1616714055617 0.8827134725345173 207
1616714180685 0.8829071522546436 208
1616714180688 0.8829071522546436 208
1616714305315 0.8831069147014726 209
1616714305318 0.8831069147014726 209
1616714430605 0.8833090354954425 210
1616714430608 0.8833090354954425 210
1616714555924 0.8835181688603568 211
1616714555926 0.8835181688603568 211
1616714681148 0.8837306880292223 212
1616714681150 0.8837306880292223 212
1616714806423 0.8839367218721633 213
1616714806425 0.8839367218721633 213
1616714931414 0.884129939732114 214
1616714931417 0.884129939732114 214
1616715056177 0.8843220407090487 215
1616715056180 0.8843220407090487 215
1616715181103 0.8845219784435437 216
1616715181105 0.8845219784435437 216
1616715306091 0.8847162024977069 217
1616715306093 0.8847162024977069 217
1616715430782 0.8849097868940393 218
1616715430784 0.8849097868940393 218
1616715555578 0.885097004284288 219
1616715555581 0.885097004284288 219
1616715680976 0.8852819809485241 220
1616715680978 0.8852819809485241 220
1616715806150 0.8854697569532174 221
1616715806152 0.8854697569532174 221
1616715930895 0.8856616108007402 222
1616715930898 0.8856616108007402 222
1616716055756 0.8858470901828576 223
1616716055759 0.8858470901828576 223
1616716180636 0.8860182450692793 224
1616716180639 0.8860182450692793 224
1616716306112 0.8862054271871536 225
1616716306114 0.8862054271871536 225
1616716431152 0.8863748889814946 226
1616716431154 0.8863748889814946 226
1616716556297 0.8865466693059648 227
1616716556299 0.8865466693059648 227
1616716681119 0.8867289813423259 228
1616716681121 0.8867289813423259 228
1616716806114 0.8869151635412954 229
1616716806116 0.8869151635412954 229
1616716931087 0.8870864237271464 230
1616716931090 0.8870864237271464 230
1616717056188 0.8872654288349948 231
1616717056191 0.8872654288349948 231
1616717181012 0.887451438633008 232
1616717181014 0.887451438633008 232
1616717305879 0.887639603355732 233
1616717305881 0.887639603355732 233
1616717431182 0.8878104965061694 234
1616717431185 0.8878104965061694 234
1616717556215 0.8879727545480893 235
1616717556217 0.8879727545480893 235
1616717681129 0.8881387143860372 236
1616717681132 0.8881387143860372 236
1616717806075 0.8883133767001266 237
1616717806077 0.8883133767001266 237
1616717931172 0.8884909728123359 238
1616717931175 0.8884909728123359 238
1616718056113 0.8886663460865011 239
1616718056116 0.8886663460865011 239
1616718181550 0.8888346741115012 240
1616718181553 0.8888346741115012 240
1616718306773 0.8890158705489409 241
1616718306776 0.8890158705489409 241
1616718431866 0.8891855308020085 242
1616718431869 0.8891855308020085 242
1616718556922 0.8893582338721348 243
1616718556924 0.8893582338721348 243
1616718681807 0.8895315645467626 244
1616718681809 0.8895315645467626 244
1616718806824 0.8897015668864282 245
1616718806826 0.8897015668864282 245
1616718932202 0.8898643438079524 246
1616718932205 0.8898643438079524 246
1616719057026 0.890023833893595 247
1616719057028 0.890023833893595 247
1616719182012 0.890204414651334 248
1616719182015 0.890204414651334 248
1616719307100 0.8903477062733961 249
1616719307102 0.8903477062733961 249
