1616688170173 0.7374481266324825 0
1616688294196 0.6963288555753993 1
1616688420159 0.5573838055926436 2
1616688545939 0.47485329531767273 3
1616688671115 0.418927948660356 4
1616688796794 0.3709999842252187 5
1616688922076 0.3395999396406681 6
1616689047378 0.3187554789201773 7
1616689172495 0.2970353069915558 8
1616689297357 0.2777037777838872 9
1616689422863 0.2614265299497652 10
1616689548079 0.2525839615903848 11
1616689673134 0.24107561251925957 12
1616689798050 0.22981307736249776 13
1616689923510 0.21956014537272306 14
1616690048667 0.21058766216416153 15
1616690174399 0.20282092642677818 16
1616690299508 0.195054103193219 17
1616690424757 0.18867107149743356 18
1616690549817 0.1825876791822784 19
1616690675271 0.17680128927794575 20
1616690800279 0.1719208895562062 21
1616690925647 0.16759507118222014 22
1616691050898 0.16377165902022883 23
1616691176135 0.15939450332300464 24
1616691301504 0.1552839816552503 25
1616691426888 0.1529322513786473 26
1616691551977 0.15082548189296824 27
1616691676661 0.1484748339601632 28
1616691801757 0.14649191611307738 29
1616691926943 0.14423362136030332 30
1616692051656 0.1416979822716577 31
1616692176465 0.1390393546798647 32
1616692301148 0.13680413287501314 33
1616692426183 0.13433185576441445 34
1616692551229 0.1320378759867087 35
1616692676244 0.12973727032439406 36
1616692801287 0.12761975291486485 37
1616692926336 0.12608271958667175 38
1616693051480 0.12442048494406839 39
1616693176185 0.12268962987641102 40
1616693301246 0.12090707202597685 41
1616693426112 0.11910291184947258 42
1616693550957 0.11797100906143224 43
1616693675894 0.11717863821602885 44
1616693800889 0.11577961446112585 45
1616693926066 0.11473468245138219 46
1616694050849 0.11359929834931748 47
1616694175522 0.11244573306027014 48
1616694300359 0.1111799489235149 49
1616694425683 0.10984516439824976 50
1616694550678 0.10858632808127451 51
1616694675910 0.10729865084388433 52
1616694800932 0.10619662255246907 53
1616694925839 0.10514585093578878 54
1616695050915 0.10411483483950931 55
1616695175755 0.10300006071775153 56
1616695300616 0.10181774898730796 57
1616695425625 0.10075667471310219 58
1616695550629 0.0998467369061228 59
1616695675616 0.09884666529671529 60
1616695800372 0.09790957099122082 61
1616695925064 0.09701122585161943 62
1616696049814 0.09619247551760984 63
1616696174839 0.09531193704400731 64
1616696299653 0.09440740912871678 65
1616696424538 0.09347885383618952 66
1616696549247 0.0925902246759251 67
1616696674029 0.09172418348248813 68
1616696798756 0.09085131668426255 69
1616696923577 0.09010066276827562 70
1616697048688 0.08925556866716304 71
1616697173591 0.08852655599037627 72
1616697298280 0.08779725359373605 73
1616697423465 0.08706534641352318 74
1616697548423 0.08639690083527703 75
1616697673750 0.08565823895391977 76
1616697798930 0.08528046902656287 77
1616697924271 0.08497722776932254 78
1616698049493 0.08439230616229211 79
1616698174609 0.08380196656785184 80
1616698299677 0.08320587954701897 81
1616698424711 0.08264359764580971 82
1616698549459 0.08205652630462368 83
1616698674742 0.081489292588388 84
1616698799819 0.08087910958144119 85
1616698924943 0.08032757274903982 86
1616699049900 0.07973700033692639 87
1616699174868 0.07917225225168446 88
1616699299726 0.07864876107794913 89
1616699424726 0.07809380984344487 90
1616699549715 0.07754408266519393 91
1616699674706 0.07700785270203234 92
1616699799887 0.07647822816038716 93
1616699924980 0.07597659765372486 94
1616700049818 0.07550129664055376 95
1616700174941 0.07501904850400352 96
1616700299702 0.07452182164391453 97
1616700424608 0.07403642314134133 98
1616700549377 0.07352613310904262 99
1616700674295 0.07302513116963202 100
1616700799462 0.07252051978161062 101
1616700924406 0.07206768974291683 102
1616701049292 0.07160074960454878 103
1616701174389 0.0711724080483164 104
1616701299413 0.07070545291727008 105
1616701424268 0.070250232514534 106
1616701549501 0.06983785655524162 107
1616701674879 0.06940214035433734 108
1616701800076 0.06902817848662719 109
1616701932652 0.06865472638669293 110
1616702057779 0.06841244810794432 111
1616702183094 0.06816216333725598 112
1616702307929 0.0678261919878771 113
1616702432815 0.06741555442638993 114
1616702557819 0.06701734355122661 115
1616702682884 0.06662865163977554 116
1616702807919 0.06624126292595871 117
1616702932734 0.06587030739674501 118
1616703057820 0.06548521208695751 119
1616703182916 0.06510570175544213 120
1616703307692 0.06475840622681332 121
1616703432338 0.06439267929022835 122
1616703557090 0.06402333694661655 123
1616703681778 0.06367813035290927 124
1616703806744 0.06332896304420929 125
1616703931475 0.06300759134936781 126
1616704056383 0.0626533825618916 127
1616704181153 0.06230501679842762 128
1616704306136 0.06194018889355753 129
1616704431202 0.061598423640919095 130
1616704555999 0.06127430454690939 131
1616704680751 0.06091764272647874 132
1616704805559 0.06073965976223534 133
1616704930628 0.06052174640142772 134
1616705055649 0.06025710066568307 135
1616705180484 0.05994049712435849 136
1616705305501 0.05961977878244863 137
1616705430636 0.05928048379228863 138
1616705555662 0.05900378182139757 139
1616705680898 0.0587398214968377 140
1616705805957 0.05846230498511441 141
1616705931184 0.058170500348878176 142
1616706056121 0.05785586640811757 143
1616706181244 0.057590516370065896 144
1616706306152 0.057303121691030606 145
1616706431113 0.05701423390935754 146
1616706555901 0.0567021702441412 147
1616706681033 0.0563807162862762 148
1616706805924 0.05612010012176019 149
1616706931073 0.055838261341485305 150
1616707056120 0.05552574806384667 151
1616707181097 0.05523939739781682 152
1616707306196 0.05495682101888193 153
1616707431478 0.05469154347099912 154
1616707556259 0.054413777202686864 155
1616707681050 0.05417621643073591 156
1616707806053 0.053906885408910504 157
1616707930894 0.053637488985679195 158
1616708055854 0.053393585529757995 159
1616708181027 0.05310945475770124 160
1616708306383 0.0528555154557738 161
1616708431422 0.05268952523422233 162
1616708556396 0.05245244511913995 163
1616708681452 0.052213693637134274 164
1616708806249 0.051974543271110264 165
1616708931232 0.051727141231343074 166
1616709056109 0.051474798125263954 167
1616709180897 0.05121349068467585 168
1616709305693 0.050956409552294274 169
1616709430784 0.0506849516103413 170
1616709555626 0.05044242524530856 171
1616709680709 0.05017893725316393 172
1616709805807 0.04990224565629178 173
1616709930642 0.04965581080550754 174
1616710055455 0.04942971668332254 175
1616710180677 0.049197625363795745 176
1616710305567 0.04894845370522084 177
1616710430463 0.04871252504438977 178
1616710555491 0.04848525661206749 179
1616710680308 0.048254897990943305 180
1616710805386 0.048001624358439486 181
1616710930605 0.04776605153160724 182
1616711055595 0.04753550181497461 183
1616711180525 0.047322733330424145 184
1616711305642 0.04711103231450737 185
1616711430607 0.046880018342948 186
1616711555658 0.04665601356454606 187
1616711680720 0.046426530148644014 188
1616711805694 0.046222654080137295 189
1616711931009 0.04601230610722659 190
1616712056156 0.0457852427714136 191
1616712181004 0.045570007227435115 192
1616712306106 0.045356100626444275 193
1616712431097 0.045142104350176744 194
1616712555982 0.04491832595602845 195
1616712680807 0.04470846993521375 196
1616712805838 0.044499115296354266 197
1616712930780 0.044280735288609124 198
1616713056034 0.04408286157559523 199
1616713180910 0.04390908019445466 200
1616713305974 0.04373316942083004 201
1616713431302 0.04357219547763061 202
1616713556292 0.04338337423567009 203
1616713681136 0.043182241606860024 204
1616713805982 0.04299362475053244 205
1616713930795 0.04279393139270869 206
1616714055612 0.04262723791208757 207
1616714180683 0.042438237234884824 208
1616714305313 0.04224877520044462 209
1616714430603 0.0420389816237658 210
1616714555921 0.041827671161887535 211
1616714681146 0.04162076858824281 212
1616714806420 0.04143609456661669 213
1616714931412 0.041243065541212875 214
1616715056174 0.04105967110488195 215
1616715181100 0.04087494922724598 216
1616715306088 0.040685545535848654 217
1616715430779 0.040485020627751805 218
1616715555576 0.040306965804188646 219
1616715680973 0.04014267675807052 220
1616715806147 0.03995532955626588 221
1616715930892 0.039770719219738786 222
1616716055754 0.03959391541612024 223
1616716180633 0.03944642364089299 224
1616716306109 0.03927473708632311 225
1616716431149 0.03910822422778843 226
1616716556294 0.03895141297051652 227
1616716681116 0.03877021583347672 228
1616716806111 0.038589890599750466 229
1616716931084 0.03843336798263712 230
1616717056186 0.03825006385484841 231
1616717181009 0.03807769479889479 232
1616717305877 0.03789620619818667 233
1616717431180 0.037738578751322326 234
1616717556212 0.037575678313567444 235
1616717681127 0.0374144730704536 236
1616717806072 0.0372399050297291 237
1616717931170 0.03706532523596802 238
1616718056111 0.03690288241565431 239
1616718181548 0.03673660757167784 240
1616718306770 0.03656331279076941 241
1616718431864 0.03639598878047672 242
1616718556919 0.03621297537697231 243
1616718681805 0.03602627857624221 244
1616718806821 0.03586130904645478 245
1616718932199 0.03569835643663883 246
1616719057022 0.03554045700625686 247
1616719182010 0.03536246659758277 248
1616719307098 0.035223919678003854 249
