1616688170173 inf 0
1616688294194 inf 1
1616688420157 20.197956504022383 2
1616688545938 18.938737143023513 3
1616688671113 19.342222241580934 4
1616688796791 17.875949995768757 5
1616688922074 17.620721041258587 6
1616689047376 17.775066591779463 7
1616689172493 16.581198372000493 8
1616689297355 15.939345276815136 9
1616689422861 16.03904522739764 10
1616689548077 17.732319499369993 11
1616689673132 14.909578517989582 12
1616689798047 14.717451667814624 13
1616689923508 13.992571267125207 14
1616690048665 13.53203680621664 15
1616690174396 14.87323106530446 16
1616690299506 13.072911189869487 17
1616690424755 14.071956290802845 18
1616690549814 13.37785464943541 19
1616690675269 12.539739523096118 20
1616690800277 13.53345732875674 21
1616690925645 14.784317094160581 22
1616691050896 14.333677163708382 23
1616691176133 11.975314900846136 24
1616691301501 13.308106562740221 25
1616691426885 15.223408660153869 26
1616691551975 15.847665330926226 27
1616691676658 14.346353724035874 28
1616691801755 14.781402712005708 29
1616691926941 14.253852608967044 30
1616692051653 14.761431570828869 31
1616692176463 12.578760870868985 32
1616692301146 12.437596173999129 33
1616692426180 12.770533531002712 34
1616692551226 12.705673429230535 35
1616692676242 13.015088278540787 36
1616692801284 13.085838643395757 37
1616692926333 13.581747958712928 38
1616693051478 13.153151700219176 39
1616693176182 12.183752503155246 40
1616693301244 12.322755292514993 41
1616693426109 11.728695075573878 42
1616693550955 13.421456151613063 43
1616693675892 14.163321300135555 44
1616693800888 12.027166380789721 45
1616693926064 13.787075977219807 46
1616694050847 14.075264748902192 47
1616694175520 12.632809417879145 48
1616694300357 11.930915929469053 49
1616694425681 12.985107280654137 50
1616694550676 13.574105061780148 51
1616694675908 13.540578045534108 52
1616694800930 11.897940959062652 53
1616694925837 14.134330126773573 54
1616695050913 12.140087040774741 55
1616695175753 12.429604046200584 56
1616695300614 11.143379420555062 57
1616695425623 12.567378250875908 58
1616695550626 11.6443595825409 59
1616695675613 11.508522824173943 60
1616695800370 11.763441202287176 61
1616695925062 11.509241444780228 62
1616696049812 11.833788068244486 63
1616696174837 11.167793218475206 64
1616696299651 11.49117331445258 65
1616696424536 10.533242824387008 66
1616696549245 11.217148472471516 67
1616696674027 10.4882352269941 68
1616696798754 9.945506053262179 69
1616696923575 10.151502934890171 70
1616697048686 10.644652477105032 71
1616697173589 12.6318555221213 72
1616697298278 10.256462229316016 73
1616697423462 10.65853916750363 74
1616697548421 10.443744498017207 75
1616697673748 10.205300861365142 76
1616697798928 12.639983347488904 77
1616697924268 12.392528549124703 78
1616698049490 11.172692009970332 79
1616698174607 11.640142350260682 80
1616698299674 10.731812590993304 81
1616698424708 10.094054246129174 82
1616698549457 9.741430826363413 83
1616698674739 9.965607663344763 84
1616698799817 10.93067918271789 85
1616698924941 10.274994403233778 86
1616699049897 9.423565494852177 87
1616699174866 9.868350832249483 88
1616699299724 9.86498994358306 89
1616699424724 9.766103498723782 90
1616699549713 10.358684248887853 91
1616699674704 10.61481644584012 92
1616699799885 9.125590521486503 93
1616699924978 10.410676182121337 94
1616700049815 10.118177186113622 95
1616700174939 9.93517370597751 96
1616700299699 9.720297300273934 97
1616700424606 9.693695861424887 98
1616700549374 9.33925044563578 99
1616700674293 9.245454977460435 100
1616700799460 9.255831522692358 101
1616700924404 9.336821030373265 102
1616701049289 9.406858798395968 103
1616701174387 9.296024137142723 104
1616701299410 9.140611867094034 105
1616701424266 9.482995299343653 106
1616701549498 10.232655318484412 107
1616701674877 9.301992188558216 108
1616701800074 9.61085487355583 109
1616701932650 9.185228956990402 110
1616702057777 11.680078886068689 111
1616702183092 12.27769483403903 112
1616702307926 9.98658326372285 113
1616702432813 9.645359536315356 114
1616702557817 8.45956987865767 115
1616702682882 9.996899381646417 116
1616702807916 8.640959802428565 117
1616702932731 8.221978740904689 118
1616703057818 9.450728128246508 119
1616703182913 8.060561349339277 120
1616703307689 8.836882759651214 121
1616703432335 8.605190436684289 122
1616703557088 8.819274633208389 123
1616703681776 8.499767909544381 124
1616703806742 8.264166746260885 125
1616703931473 8.997827031397804 126
1616704056380 9.668339843934126 127
1616704181150 8.214181632346174 128
1616704306134 8.10179948889187 129
1616704431200 8.462502529163038 130
1616704555997 8.806346085261314 131
1616704680749 7.7245721427481016 132
1616704805557 10.09766048795551 133
1616704930626 10.52497697582528 134
1616705055647 9.586342537616044 135
1616705180481 8.316780441394465 136
1616705305499 8.687562718136672 137
1616705430634 8.18783769535291 138
1616705555659 9.712061384354758 139
1616705680895 10.124337979518431 140
1616705805954 9.410675101157643 141
1616705931182 8.27396572866172 142
1616706056119 8.411360564040677 143
1616706181241 8.04924863913404 144
1616706306150 8.317337529040415 145
1616706431110 8.46653635585633 146
1616706555899 8.444953720644175 147
1616706681031 7.543986385670233 148
1616706805922 8.815612706514282 149
1616706931070 8.550568674090764 150
1616707056118 7.762854044856795 151
1616707181095 8.061229976903537 152
1616707306193 7.428887020307711 153
1616707431475 7.79473125666684 154
1616707556256 8.486872614560724 155
1616707681048 8.313442194966973 156
1616707806051 8.064522790928002 157
1616707930891 7.656266190680656 158
1616708055852 9.860132922163032 159
1616708181025 8.497932406413533 160
1616708306380 9.355197900335893 161
1616708431420 10.380988765844181 162
1616708556394 7.820862981108296 163
1616708681449 7.9513393585763135 164
1616708806247 7.712271694499294 165
1616708931229 8.770373859985462 166
1616709056106 8.115861524820883 167
1616709180895 7.970529690352346 168
1616709305690 7.9226889330679615 169
1616709430782 7.1860756810249615 170
1616709555624 7.506239831144774 171
1616709680706 7.5549520910909 172
1616709805804 9.022415563516892 173
1616709930639 7.75004727019408 174
1616710055452 8.320065053329808 175
1616710180675 9.243879003776723 176
1616710305565 7.526782973544005 177
1616710430461 7.474208140538077 178
1616710555488 6.924013256374134 179
1616710680305 7.355065038388563 180
1616710805383 7.0548413771929495 181
1616710930603 8.275082409664593 182
1616711055592 7.831314496483381 183
1616711180522 7.294557630117522 184
1616711305640 8.177860759899891 185
1616711430605 7.875126214734434 186
1616711555656 8.121447533196827 187
1616711680717 7.274503853130495 188
1616711805691 7.075017158752594 189
1616711931006 7.745287787770022 190
1616712056154 7.149459661274969 191
1616712181002 8.02739659899776 192
1616712306104 7.907276187239501 193
1616712431095 7.472072804643807 194
1616712555979 8.240227157048022 195
1616712680804 7.433563664072171 196
1616712805836 7.027373702362599 197
1616712930777 7.223187695795911 198
1616713056032 8.27701971397084 199
1616713180908 8.237374848577938 200
1616713305972 7.35558633189222 201
1616713431300 8.323585670524599 202
1616713556288 8.092968409044587 203
1616713681133 7.2302038865492735 204
1616713805980 8.212797561002327 205
1616713930792 7.538762446533283 206
1616714055609 7.838691002099659 207
1616714180680 9.336725019526678 208
1616714305310 7.275038461881619 209
1616714430600 6.905036878348764 210
1616714555919 6.341515565330616 211
1616714681143 7.590789920012343 212
1616714806418 7.440355304965973 213
1616714931410 6.8186808312670255 214
1616715056172 7.529866694143992 215
1616715181097 7.960896904502483 216
1616715306085 6.781049087369349 217
1616715430777 7.330989557745758 218
1616715555573 8.49678998147142 219
1616715680970 8.123190956080512 220
1616715806145 8.294786613835134 221
1616715930890 6.4333370998143735 222
1616716055751 7.009800592158353 223
1616716180631 7.704092833374837 224
1616716306106 8.407336171650014 225
1616716431146 8.854061981364481 226
1616716556292 7.398075897586074 227
1616716681114 6.996212276853012 228
1616716806108 7.2889186636324705 229
1616716931082 8.212059888162774 230
1616717056183 6.8395143233969415 231
1616717181006 6.432226425657836 232
1616717305874 7.6887186558481435 233
1616717431177 6.837205644656287 234
1616717556210 7.94113084110868 235
1616717681124 7.498529580608834 236
1616717806069 7.092693550237491 237
1616717931167 6.459308337327009 238
1616718056108 6.771652939964018 239
1616718181546 7.287408154360284 240
1616718306768 6.762276141294693 241
1616718431861 6.971924177095212 242
1616718556916 7.009847608951042 243
1616718681802 7.240541774575142 244
1616718806817 6.760869343911134 245
1616718932196 6.870059601092845 246
1616719057020 6.7852440477921965 247
1616719182007 6.278653481479219 248
1616719307095 7.539325316996691 249
