1616688170161 0.7374481266324825 0
1616688294189 0.6552095845183159 1
1616688420152 0.279493705627132 2
1616688545932 0.2272617644927603 3
1616688671108 0.19522656203108898 4
1616688796786 0.13136016204953194 5
1616688922070 0.15119967213336458 6
1616689047372 0.1728442538767419 7
1616689172488 0.1232739315625835 8
1616689297350 0.10372001491487026 9
1616689422857 0.09865405160854472 10
1616689548072 0.15531570963720057 11
1616689673127 0.10297542366575688 12
1616689798043 0.08340012032459392 13
1616689923503 0.07601909751587725 14
1616690048661 0.07600041403573879 15
1616690174392 0.0785531546286446 16
1616690299501 0.06301810822271287 17
1616690424750 0.07377650097329566 18
1616690549809 0.06700322519432991 19
1616690675264 0.06107349119129333 20
1616690800272 0.06943249539967547 21
1616690925641 0.0724270669545265 22
1616691050892 0.07583317929442893 23
1616691176127 0.054342766589623816 24
1616691301497 0.05252093996139283 25
1616691426880 0.0917872641869682 26
1616691551970 0.09394270577963362 27
1616691676653 0.08265669184162262 28
1616691801751 0.0889872985475875 29
1616691926936 0.07648477877708192 30
1616692051649 0.0630931705236435 31
1616692176459 0.053963271742488474 32
1616692301141 0.06304181331491217 33
1616692426175 0.050274434004058226 34
1616692551221 0.05174858376700828 35
1616692676237 0.046915466481066766 36
1616692801280 0.04927160876228454 37
1616692926329 0.0676754531153339 38
1616693051473 0.05959333388253729 39
1616693176177 0.05345542717011685 40
1616693301238 0.047822200158175 41
1616693426104 0.04332818443629336 42
1616693550950 0.06929918917569708 43
1616693675887 0.08231432101827987 44
1616693800883 0.05282354549049063 45
1616693926059 0.06666781000317411 46
1616694050842 0.060236245552276045 47
1616694175515 0.05707459918599814 48
1616694300352 0.049156526222508004 49
1616694425675 0.043105938134992375 50
1616694550670 0.04438567591553673 51
1616694675902 0.04033943449959476 52
1616694800925 0.047789123107461216 53
1616694925831 0.048404183635052216 54
1616695050908 0.047408949544138095 55
1616695175748 0.040572709899316446 56
1616695300609 0.034425980352023815 57
1616695425617 0.03921436680916776 58
1616695550622 0.04616040629433825 59
1616695675608 0.03884236873226597 60
1616695800364 0.04074681835605743 61
1616695925057 0.04131382719633427 62
1616696049807 0.04461120447500589 63
1616696174833 0.03895747473344524 64
1616696299646 0.03561309463483222 65
1616696424531 0.03219420452939069 66
1616696549240 0.03305207093820927 67
1616696674022 0.032833382328774065 68
1616696798749 0.030623507606697842 69
1616696923570 0.037554888649189724 70
1616697048681 0.029253887488169872 71
1616697173584 0.0360376432617294 72
1616697298273 0.034558178638999765 73
1616697423458 0.03290421507777052 74
1616697548416 0.036263482466815634 75
1616697673742 0.029519935970769285 76
1616697798924 0.05619218462008111 77
1616697924263 0.06132440970457615 78
1616698049485 0.03818349920688791 79
1616698174602 0.03657479901263054 80
1616698299670 0.034922830859555845 81
1616698424703 0.03653648174665076 82
1616698549451 0.03332960498618319 83
1616698674734 0.03384166042459138 84
1616698799812 0.029013553990962657 85
1616698924936 0.03289540516252213 86
1616699049893 0.02835720048305836 87
1616699174861 0.029474420750394782 88
1616699299719 0.0320580466155042 89
1616699424719 0.0281481987380601 90
1616699549708 0.027518909444358756 91
1616699674699 0.0276746960911662 92
1616699799880 0.027223145787386185 93
1616699924973 0.028823330027467394 94
1616700049811 0.030347700389300254 95
1616700174934 0.02872322739518069 96
1616700299695 0.02629081621528306 97
1616700424601 0.026467369889166762 98
1616700549369 0.02300741991147082 99
1616700674287 0.02292493722857313 100
1616700799456 0.021554769591448156 101
1616700924398 0.02587902579615091 102
1616701049284 0.023505915352638733 103
1616701174382 0.02662488620014901 104
1616701299406 0.021675164157405814 105
1616701424262 0.02199686982450967 106
1616701549493 0.0257136289109575 107
1616701674872 0.022344790656674416 108
1616701800069 0.028266334906220436 109
1616701932635 0.027574995393924256 110
1616702057770 0.04151955916684993 111
1616702183085 0.04013026902016173 112
1616702307918 0.02986142950806212 113
1616702432806 0.020602872416852637 114
1616702557809 0.02122309290744523 115
1616702682875 0.02154038991144997 116
1616702807909 0.02091678340939131 117
1616702932724 0.02209755494952836 118
1616703057810 0.019658870222245124 119
1616703182905 0.01956446197359486 120
1616703307682 0.022735647262727962 121
1616703432328 0.019773993026861485 122
1616703557080 0.018594228682365824 123
1616703681768 0.020872512733207105 124
1616703806734 0.01968304945671178 125
1616703931466 0.022514757799341322 126
1616704056373 0.01766886655241251 127
1616704181143 0.017714199075039398 128
1616704306126 0.014877389165315223 129
1616704431192 0.017168940797923728 130
1616704555989 0.018814703231637784 131
1616704680741 0.013838282429632988 132
1616704805549 0.03706792551786341 133
1616704930618 0.03132135605320652 134
1616705055639 0.024529926340155144 135
1616705180473 0.016882415504214612 136
1616705305492 0.015681365940799104 137
1616705430628 0.012457775150207764 138
1616705555652 0.020542207867541212 139
1616705680887 0.02178537605845548 140
1616705805947 0.019332476832131122 141
1616705931174 0.016734242003331793 142
1616706056111 0.012863212879350844 143
1616706181236 0.019380110890624372 144
1616706306143 0.015630893230913802 145
1616706431103 0.014836617785089828 146
1616706555892 0.010828811457341022 147
1616706681023 0.008805530522256456 148
1616706805914 0.017288291608875104 149
1616706931063 0.013562444300252073 150
1616707056109 0.008336243140412139 151
1616707181087 0.011714096161279273 152
1616707306187 0.01172263504184307 153
1616707431467 0.013838801097045553 154
1616707556248 0.01136000561428831 155
1616707681041 0.017116736006388005 156
1616707806044 0.011621914982320146 157
1616707930884 0.011072854115132322 158
1616708055844 0.014612936038286128 159
1616708181017 0.007648531228620956 160
1616708306373 0.011971287845455586 161
1616708431413 0.02579910934288451 162
1616708556385 0.01380838636071124 163
1616708681443 0.01305845058820349 164
1616708806240 0.012514732877149227 165
1616708931222 0.01065840262998926 166
1616709056098 0.009333499410050981 167
1616709180887 0.007313840665874329 168
1616709305683 0.007509698179808069 169
1616709430775 0.004537101478335705 170
1616709555617 0.008970416824709861 171
1616709680699 0.00485900260428799 172
1616709805797 0.0020345993974107378 173
1616709930632 0.006776146769048052 174
1616710055445 0.00986324530094862 175
1616710180667 0.008349553127079568 176
1616710305557 0.0048450701374639854 177
1616710430453 0.0067172234164590535 178
1616710555481 0.007804207226380389 179
1616710680297 0.006790346188589614 180
1616710805376 0.002159096875247803 181
1616710930595 0.004891797048138811 182
1616711055586 0.0053449036712025074 183
1616711180514 0.00817333217313949 184
1616711305632 0.007946344369903524 185
1616711430597 0.003911419632904073 186
1616711555649 0.00476712000338321 187
1616711680710 0.0032836479590611254 188
1616711805684 0.007690077132367073 189
1616711930999 0.006046191254194746 190
1616712056146 0.0024161456311319737 191
1616712180995 0.004244782783566637 192
1616712306097 0.004072126635211579 193
1616712431087 0.0036268267542757886 194
1616712555972 0.0012815390971112758 195
1616712680797 0.003576689855532443 196
1616712805830 0.0032562514410374014 197
1616712930770 0.0010414937550717212 198
1616713056025 0.0047059926858290715 199
1616713180900 0.009152803966339598 200
1616713305965 0.008375103922283396 201
1616713431293 0.01105545895134515 202
1616713556282 0.005052662117684141 203
1616713681126 0.0021511853296071926 204
1616713805972 0.004327169203377785 205
1616713930784 0.0016570996810147103 206
1616714055602 0.008121687423517095 207
1616714180673 0.003126096376713286 208
1616714305302 0.0026512100024426236 209
1616714430592 -0.0020176694787880207 210
1616714555911 -0.0027588362944252947 211
1616714681136 -0.00224257702443828 212
1616714806409 0.0021005279602522545 213
1616714931402 -6.514589520210915e-05 214
1616715056165 0.0016298672937332317 215
1616715181090 0.0009750236578761263 216
1616715306078 -0.00041505549737113587 217
1616715430768 -0.003229409337360808 218
1616715555565 0.0013129594438570612 219
1616715680962 0.003999086612082542 220
1616715806137 -0.001448402042560121 221
1616715930882 -0.0012127754892757598 222
1616716055743 0.00016666720918518432 223
1616716180622 0.00640826598998714 224
1616716306098 0.0006452623081017048 225
1616716431138 0.0014763181989497327 226
1616716556284 0.003355257569792423 227
1616716681105 -0.002542731411596562 228
1616716806100 -0.002704587923561005 229
1616716931075 0.0024331660465674197 230
1616717056175 -0.00409318966434357 231
1616717180999 -0.0019119261823436046 232
1616717305867 -0.0043906377668076375 233
1616717431170 0.0008537561850661927 234
1616717556202 -0.000705924558829754 235
1616717681116 -0.0006299643044142013 236
1616717806060 -0.004132720621976446 237
1616717931159 -0.004484665679170731 238
1616718056099 -0.0019209516393218903 239
1616718181538 -0.003169354982674122 240
1616718306760 -0.005200729408162705 241
1616718431854 -0.004096421710354217 242
1616718556908 -0.008259281674598126 243
1616718681795 -0.009527740801902527 244
1616718806810 -0.004556225751467208 245
1616718932188 -0.004387985578084246 246
1616719057013 -0.003460702298090179 247
1616719181999 -0.008779154753589884 248
1616719307086 0.0007257367028517925 249
