1616688170172 0.3044384518004161 0
1616688294192 0.1277747447503374 1
1616688420154 0.6685268179850375 2
1616688545935 0.7099056839249394 3
1616688671111 0.7406234430505875 4
1616688796790 0.7914923096590853 5
1616688922072 0.7838520015728601 6
1616689047374 0.7592020148332131 7
1616689172490 0.8011332575945144 8
1616689297353 0.8167852722900979 9
1616689422859 0.8232584056702066 10
1616689548075 0.7750662695220176 11
1616689673130 0.81770329304198 12
1616689798046 0.8372527367257058 13
1616689923506 0.8463995424990959 14
1616690048664 0.8448122717598652 15
1616690174394 0.8432493964408306 16
1616690299504 0.8576922093300109 17
1616690424752 0.8520640306016232 18
1616690549812 0.8571375253352713 19
1616690675267 0.8629163238913455 20
1616690800275 0.853931429379798 21
1616690925643 0.8497798823295756 22
1616691050895 0.8493637643913006 23
1616691176130 0.867944949326363 24
1616691301499 0.8707184380990394 25
1616691426883 0.8339101469263117 26
1616691551973 0.835327555207496 27
1616691676656 0.8402013173128696 28
1616691801753 0.8405569149775708 29
1616691926938 0.8481378926241652 30
1616692051651 0.8595417506517248 31
1616692176461 0.8674156042806646 32
1616692301144 0.8615983631065551 33
1616692426178 0.8714574935271385 34
1616692551224 0.871140385086232 35
1616692676239 0.8739463707551043 36
1616692801282 0.8734278049557767 37
1616692926331 0.8586574732623202 38
1616693051475 0.8648059030479573 39
1616693176180 0.8737922046095767 40
1616693301241 0.8792278828456047 41
1616693426107 0.8812510109645255 42
1616693550953 0.8552689490483162 43
1616693675890 0.8437087854489367 44
1616693800885 0.868400919627636 45
1616693926062 0.8609051262127593 46
1616694050845 0.8653021664061444 47
1616694175518 0.8663048287655445 48
1616694300355 0.8751225401746466 49
1616694425678 0.8796242448560735 50
1616694550673 0.8797835942278517 51
1616694675906 0.8812963142991066 52
1616694800927 0.8783417342508093 53
1616694925834 0.8725374030305985 54
1616695050911 0.8773045176838307 55
1616695175751 0.8824549356990672 56
1616695300611 0.8865999026184387 57
1616695425620 0.8821389705259749 58
1616695550624 0.8797824866277106 59
1616695675611 0.8842619862011138 60
1616695800367 0.8846079228406257 61
1616695925060 0.8829081775026119 62
1616696049809 0.8793389749653796 63
1616696174835 0.8849017593137761 64
1616696299648 0.887183556055769 65
1616696424534 0.8901167396218219 66
1616696549243 0.8914825305976766 67
1616696674025 0.8911957281067017 68
1616696798752 0.8924781187100613 69
1616696923573 0.8901813315584305 70
1616697048684 0.8937720832355479 71
1616697173587 0.8872595996932781 72
1616697298276 0.8906403160158624 73
1616697423460 0.8899800961321973 74
1616697548419 0.8897539247223671 75
1616697673745 0.8924955351555601 76
1616697798926 0.8658154766927374 77
1616697924266 0.8619330100556637 78
1616698049488 0.8841039734951993 79
1616698174604 0.886870747075436 80
1616698299672 0.8897772469419114 81
1616698424706 0.8890725087295187 82
1616698549454 0.8925127193648764 83
1616698674737 0.8914676709695065 84
1616698799815 0.8934280193866567 85
1616698924939 0.8954175961144427 86
1616699049895 0.8976948538676222 87
1616699174864 0.8936168469013052 88
1616699299722 0.8952594543708131 89
1616699424722 0.8946720849960408 90
1616699549711 0.8979973254051614 91
1616699674702 0.8956021246440867 92
1616699799883 0.8991842063817572 93
1616699924976 0.8948621630985686 94
1616700049813 0.8941684384295281 95
1616700174937 0.8987327468522052 96
1616700299697 0.8993661585957446 97
1616700424604 0.8985983756311396 98
1616700549372 0.9003033333636344 99
1616700674291 0.900725505294952 100
1616700799458 0.9022538446365519 101
1616700924401 0.8998986571393115 102
1616701049287 0.9010693112269361 103
1616701174384 0.8996393610822394 104
1616701299408 0.9019948142640134 105
1616701424264 0.90222395306572 106
1616701549496 0.901654359825114 107
1616701674875 0.9023647910736977 108
1616701800072 0.8982405741798117 109
1616701932644 0.901260550351853 110
1616702057775 0.8857239170911464 111
1616702183090 0.8840050958889596 112
1616702307924 0.8951241616555985 113
1616702432811 0.9018393913482098 114
1616702557814 0.9043173585483368 115
1616702682879 0.9041983623136866 116
1616702807914 0.9039246061063827 117
1616702932729 0.9049544607071166 118
1616703057815 0.9064434425944977 119
1616703182911 0.9055027961730957 120
1616703307687 0.9064938020198903 121
1616703432333 0.9066610658105384 122
1616703557085 0.9073066934943199 123
1616703681774 0.9068346640214007 124
1616703806739 0.9071906503844769 125
1616703931470 0.9037929968313968 126
1616704056378 0.9066700044464557 127
1616704181148 0.9070821502741347 128
1616704306131 0.9091273083331737 129
1616704431197 0.9107619018313733 130
1616704555995 0.9072715953943578 131
1616704680746 0.9118925028658927 132
1616704805555 0.8921683736621066 133
1616704930623 0.8948837983164382 134
1616705055644 0.9034039048438377 135
1616705180479 0.9081276105122363 136
1616705305497 0.9084039761665019 137
1616705430632 0.9088299027148713 138
1616705555657 0.9067434725609231 139
1616705680893 0.9037620364985568 140
1616705805951 0.9060842258499023 141
1616705931179 0.9085487479225118 142
1616706056116 0.9121333699911198 143
1616706181239 0.9109083685152074 144
1616706306147 0.9110889659917101 145
1616706431108 0.9104554161746451 146
1616706555896 0.9130485477916738 147
1616706681028 0.9142566874940344 148
1616706805919 0.912446288193794 149
1616706931068 0.9127117477832957 150
1616707056115 0.9151098293826935 151
1616707181092 0.9150880497503788 152
1616707306191 0.9154174415037987 153
1616707431473 0.9133118129474052 154
1616707556254 0.9139442450188576 155
1616707681045 0.9117008322413932 156
1616707806048 0.9130959954667599 157
1616707930889 0.9160288394765651 158
1616708055850 0.9128092872969648 159
1616708181022 0.9139480473513298 160
1616708306378 0.9151043880810129 161
1616708431417 0.8983644153526489 162
1616708556391 0.9126485399109252 163
1616708681447 0.9144971155105753 164
1616708806244 0.9167836019967465 165
1616708931227 0.916601077990329 166
1616709056104 0.9176876321434975 167
1616709180892 0.9177120277222167 168
1616709305688 0.9181063495417858 169
1616709430779 0.9196644866086067 170
1616709555622 0.9191460011804358 171
1616709680704 0.9214538811369145 172
1616709805802 0.9221968032578205 173
1616709930637 0.9205056194295275 174
1616710055451 0.915982537130092 175
1616710180672 0.9187416256742275 176
1616710305562 0.9217809852450451 177
1616710430458 0.9189008819930097 178
1616710555486 0.9192161208137553 179
1616710680302 0.9189888146963525 180
1616710805381 0.923212578639071 181
1616710930600 0.9197858426165073 182
1616711055590 0.9218902220117285 183
1616711180520 0.9188495430540531 184
1616711305637 0.9177976069932289 185
1616711430602 0.9237786017833872 186
1616711555654 0.9212402935991896 187
1616711680715 0.920766903364912 188
1616711805689 0.920251080013336 189
1616711931004 0.9204350562488779 190
1616712056151 0.9231150949254949 191
1616712180999 0.9236568890987559 192
1616712306101 0.921241154696079 193
1616712431092 0.9227377065318696 194
1616712555977 0.9248864561953443 195
1616712680802 0.924234041508208 196
1616712805834 0.9231576237906801 197
1616712930775 0.9243371004753924 198
1616713056029 0.9218169732930812 199
1616713180905 0.9199093967042071 200
1616713305969 0.917407568147842 201
1616713431297 0.917484128094734 202
1616713556286 0.9198661906288025 203
1616713681131 0.9257403757977993 204
1616713805977 0.9232329497946069 205
1616713930790 0.9258327113187059 206
1616714055607 0.9214373995014962 207
1616714180678 0.9231925340408974 208
1616714305308 0.9248572660887495 209
1616714430598 0.9257544022291264 210
1616714555916 0.9276453088572685 211
1616714681141 0.9287847518286807 212
1616714806415 0.9278219304186233 213
1616714931407 0.9254785617615314 214
1616715056169 0.9256237507500547 215
1616715181095 0.9277085290944322 216
1616715306083 0.9268628222511169 217
1616715430774 0.9271111852945165 218
1616715555571 0.9260976127487548 219
1616715680967 0.9259768470804742 220
1616715806142 0.9269682539904371 221
1616715930887 0.9282531649508374 222
1616716055748 0.9272089923949952 223
1616716180627 0.9243569396277691 224
1616716306103 0.9283214037088637 225
1616716431144 0.9246732545025805 226
1616716556289 0.9255408029607002 227
1616716681111 0.9282961256326513 228
1616716806105 0.9295508871053128 229
1616716931080 0.9264762664728976 230
1616717056181 0.9286156087479693 231
1616717181004 0.9306057117720867 232
1616717305872 0.9314819837504245 233
1616717431174 0.9277994937085091 234
1616717556207 0.926103394399298 235
1616717681121 0.9273052361417324 236
1616717806066 0.9297083451392802 237
1616717931164 0.9307588475181702 238
1616718056105 0.9305805586119915 239
1616718181543 0.9292334001115028 240
1616718306765 0.932684211971912 241
1616718431859 0.9302433120443466 242
1616718556914 0.931325079912835 243
1616718681800 0.931824249155978 244
1616718806815 0.9313521401045171 245
1616718932194 0.9299074665028998 246
1616719057018 0.9294178850473241 247
1616719182005 0.9349884425706052 248
1616719307092 0.9260273201668516 249
