1615988125600 0.6213382915098299 0
1615988125602 0.6213382915098299 0
1615988234202 0.6790347634220217 1
1615988234204 0.6790347634220217 1
1615988342025 0.7110064524615592 2
1615988342027 0.7110064524615592 2
1615988449727 0.7291414773753012 3
1615988449729 0.7291414773753012 3
1615988557812 0.74612463475205 4
1615988557814 0.74612463475205 4
1615988666646 0.7535230741457988 5
1615988666648 0.7535230741457988 5
1615988774840 0.7595699927861601 6
1615988774842 0.7595699927861601 6
1615988882465 0.7684934235275773 7
1615988882468 0.7684934235275773 7
1615988990238 0.777202069822668 8
1615988990240 0.777202069822668 8
1615989097876 0.7853061488586816 9
1615989097879 0.7853061488586816 9
1615989205451 0.7896734875112564 10
1615989205454 0.7896734875112564 10
1615989313126 0.7953765584178211 11
1615989313129 0.7953765584178211 11
1615989421158 0.799819146095106 12
1615989421160 0.799819146095106 12
1615989529868 0.801624734889883 13
1615989529870 0.801624734889883 13
1615989638251 0.8055495568851657 14
1615989638254 0.8055495568851657 14
1615989746249 0.80999070211305 15
1615989746251 0.80999070211305 15
1615989853929 0.8133137773268406 16
1615989853931 0.8133137773268406 16
1615989961158 0.816919127558182 17
1615989961160 0.816919127558182 17
1615990067808 0.8197269088816533 18
1615990067810 0.8197269088816533 18
1615990174079 0.8213552327744882 19
1615990174081 0.8213552327744882 19
1615990280628 0.8225774990138527 20
1615990280630 0.8225774990138527 20
1615990386861 0.823962734329669 21
1615990386863 0.823962734329669 21
1615990493417 0.8261630834184955 22
1615990493419 0.8261630834184955 22
1615990599984 0.8279698976641273 23
1615990599986 0.8279698976641273 23
1615990706288 0.8302895748744065 24
1615990706291 0.8302895748744065 24
1615990812875 0.8325395284682808 25
1615990812878 0.8325395284682808 25
1615990919235 0.8345989842260282 26
1615990919237 0.8345989842260282 26
1615991025460 0.8366354679786827 27
1615991025462 0.8366354679786827 27
1615991131753 0.8385553283841362 28
1615991131756 0.8385553283841362 28
1615991238262 0.8403182802049787 29
1615991238264 0.8403182802049787 29
1615991344792 0.8420393397252081 30
1615991344794 0.8420393397252081 30
1615991450989 0.8436221425284376 31
1615991450991 0.8436221425284376 31
1615991557286 0.8442373365059622 32
1615991557288 0.8442373365059622 32
1615991663505 0.8455141742338714 33
1615991663507 0.8455141742338714 33
1615991770383 0.846742553488241 34
1615991770385 0.846742553488241 34
1615991876532 0.8480201251850239 35
1615991876534 0.8480201251850239 35
1615991982668 0.8489037058421943 36
1615991982670 0.8489037058421943 36
1615992088782 0.8496484269179698 37
1615992088784 0.8496484269179698 37
1615992195166 0.8503056050071709 38
1615992195169 0.8503056050071709 38
1615992301454 0.8510962479967039 39
1615992301456 0.8510962479967039 39
1615992407721 0.8519882884363006 40
1615992407723 0.8519882884363006 40
1615992514315 0.8530404698916333 41
1615992514317 0.8530404698916333 41
1615992620370 0.8540043874588675 42
1615992620372 0.8540043874588675 42
1615992727396 0.8550984494605849 43
1615992727398 0.8550984494605849 43
1615992833769 0.8561134528283947 44
1615992833771 0.8561134528283947 44
1615992940129 0.8570832522868359 45
1615992940131 0.8570832522868359 45
1615993046181 0.8580673773455337 46
1615993046183 0.8580673773455337 46
1615993152596 0.8588268253418696 47
1615993152599 0.8588268253418696 47
1615993258945 0.8596697270709868 48
1615993258947 0.8596697270709868 48
1615993365407 0.8604998286222011 49
1615993365409 0.8604998286222011 49
1615993472134 0.8611494700046911 50
1615993472136 0.8611494700046911 50
1615993578483 0.8619337573173265 51
1615993578486 0.8619337573173265 51
1615993684872 0.8626491281515926 52
1615993684874 0.8626491281515926 52
1615993791238 0.8617501197036224 53
1615993791240 0.8617501197036224 53
1615993897745 0.8621380609237703 54
1615993897747 0.8621380609237703 54
1615994003886 0.8626965561489424 55
1615994003888 0.8626965561489424 55
1615994110248 0.8633697360051611 56
1615994110250 0.8633697360051611 56
1615994216348 0.8639915375757631 57
1615994216350 0.8639915375757631 57
1615994322360 0.8646719264130357 58
1615994322362 0.8646719264130357 58
1615994428884 0.8653719951797456 59
1615994428887 0.8653719951797456 59
1615994535138 0.8660205019082301 60
1615994535141 0.8660205019082301 60
1615994641274 0.8666011194014404 61
1615994641276 0.8666011194014404 61
1615994747391 0.8671938631322981 62
1615994747393 0.8671938631322981 62
1615994853599 0.867740016551289 63
1615994853601 0.867740016551289 63
1615994959819 0.8683621684743973 64
1615994959821 0.8683621684743973 64
1615995065978 0.8689897823291438 65
1615995065980 0.8689897823291438 65
1615995172170 0.8694956417282894 66
1615995172172 0.8694956417282894 66
1615995278332 0.8699056635546214 67
1615995278334 0.8699056635546214 67
1615995384973 0.8704314849199714 68
1615995384975 0.8704314849199714 68
1615995490962 0.8709689357117708 69
1615995490964 0.8709689357117708 69
1615995597359 0.8715163780740389 70
1615995597362 0.8715163780740389 70
1615995703526 0.8720512094123243 71
1615995703528 0.8720512094123243 71
1615995809715 0.8725969445512609 72
1615995809717 0.8725969445512609 72
1615995915805 0.8731603713443316 73
1615995915807 0.8731603713443316 73
1615996021896 0.8736822654259992 74
1615996021899 0.8736822654259992 74
1615996128251 0.8741101020111334 75
1615996128253 0.8741101020111334 75
1615996234292 0.8745552116584107 76
1615996234294 0.8745552116584107 76
1615996341107 0.8749952354340496 77
1615996341109 0.8749952354340496 77
1615996447512 0.8752732771483781 78
1615996447514 0.8752732771483781 78
1615996553751 0.8756048567450054 79
1615996553754 0.8756048567450054 79
1615996660096 0.8758194459769689 80
1615996660098 0.8758194459769689 80
1615996766450 0.8759110078258976 81
1615996766452 0.8759110078258976 81
1615996873005 0.8761538333015174 82
1615996873007 0.8761538333015174 82
1615996979194 0.8765008894633101 83
1615996979196 0.8765008894633101 83
1615997085505 0.876893480243954 84
1615997085507 0.876893480243954 84
1615997191506 0.8773175438467754 85
1615997191508 0.8773175438467754 85
1615997297636 0.8777455296724426 86
1615997297639 0.8777455296724426 86
1615997404033 0.8780723818344434 87
1615997404035 0.8780723818344434 87
1615997510121 0.8784869269590012 88
1615997510123 0.8784869269590012 88
1615997616098 0.8789112571729832 89
1615997616101 0.8789112571729832 89
1615997722245 0.8793386062624046 90
1615997722247 0.8793386062624046 90
1615997828360 0.8797650445296488 91
1615997828363 0.8797650445296488 91
1615997934459 0.8801007081895238 92
1615997934461 0.8801007081895238 92
1615998041267 0.8804577839561967 93
1615998041269 0.8804577839561967 93
1615998147969 0.8808532715053898 94
1615998147972 0.8808532715053898 94
1615998254108 0.8811684869625999 95
1615998254111 0.8811684869625999 95
1615998360070 0.8814213282364232 96
1615998360073 0.8814213282364232 96
1615998466354 0.8817893161518375 97
1615998466356 0.8817893161518375 97
1615998572401 0.8821383041048765 98
1615998572403 0.8821383041048765 98
1615998678387 0.8825129562821934 99
1615998678390 0.8825129562821934 99
1615998784554 0.8828650502350587 100
1615998784556 0.8828650502350587 100
1615998890694 0.88324787818018 101
1615998890696 0.88324787818018 101
1615998996865 0.8835561159144292 102
1615998996867 0.8835561159144292 102
1615999102880 0.8839039138735768 103
1615999102882 0.8839039138735768 103
1615999209241 0.8841796016322947 104
1615999209243 0.8841796016322947 104
1615999315325 0.8845253176737143 105
1615999315327 0.8845253176737143 105
1615999421318 0.8848751689209519 106
1615999421320 0.8848751689209519 106
1615999527412 0.885115203514838 107
1615999527414 0.885115203514838 107
1615999633446 0.8852490667936272 108
1615999633449 0.8852490667936272 108
1615999739889 0.8855543706606178 109
1615999739891 0.8855543706606178 109
1615999846225 0.8858783811974618 110
1615999846228 0.8858783811974618 110
1615999952553 0.886235135517235 111
1615999952555 0.886235135517235 111
1616000058739 0.8865200862844095 112
1616000058741 0.8865200862844095 112
1616000164782 0.886848181383794 113
1616000164785 0.886848181383794 113
1616000271264 0.8871787858913696 114
1616000271266 0.8871787858913696 114
1616000377412 0.887484092685462 115
1616000377415 0.887484092685462 115
1616000483530 0.8877987597203488 116
1616000483532 0.8877987597203488 116
1616000589578 0.8881253242199896 117
1616000589580 0.8881253242199896 117
1616000695442 0.8884513610058535 118
1616000695444 0.8884513610058535 118
1616000801485 0.8886956414675543 119
1616000801487 0.8886956414675543 119
1616000907592 0.8889307221093568 120
1616000907594 0.8889307221093568 120
1616001013535 0.8891696314432425 121
1616001013537 0.8891696314432425 121
1616001120017 0.889480442784205 122
1616001120019 0.889480442784205 122
1616001225995 0.8897815501059223 123
1616001225997 0.8897815501059223 123
1616001332446 0.8900818627817914 124
1616001332449 0.8900818627817914 124
1616001438704 0.8903824403460636 125
1616001438707 0.8903824403460636 125
1616001544758 0.8906704027982796 126
1616001544760 0.8906704027982796 126
1616001651197 0.8909755165048486 127
1616001651199 0.8909755165048486 127
1616001757128 0.8912695444407672 128
1616001757131 0.8912695444407672 128
1616001863245 0.891572955206727 129
1616001863247 0.891572955206727 129
1616001969332 0.8918745896224396 130
1616001969335 0.8918745896224396 130
1616002075396 0.8921783047190899 131
1616002075399 0.8921783047190899 131
1616002181396 0.8924622993943165 132
1616002181398 0.8924622993943165 132
1616002287770 0.8927457016202816 133
1616002287772 0.8927457016202816 133
1616002394064 0.8928837101379963 134
1616002394066 0.8928837101379963 134
1616002500347 0.8930866559430125 135
1616002500350 0.8930866559430125 135
1616002606714 0.8933465780434955 136
1616002606717 0.8933465780434955 136
1616002712843 0.8936191641259579 137
1616002712845 0.8936191641259579 137
1616002819052 0.8938742535193142 138
1616002819055 0.8938742535193142 138
1616002925156 0.8941428499470753 139
1616002925159 0.8941428499470753 139
1616003031419 0.8944067825701748 140
1616003031421 0.8944067825701748 140
1616003137373 0.8947042289552043 141
1616003137375 0.8947042289552043 141
1616003243394 0.8949587105286941 142
1616003243397 0.8949587105286941 142
1616003349661 0.895246573280105 143
1616003349664 0.895246573280105 143
1616003455917 0.8955328094645559 144
1616003455920 0.8955328094645559 144
1616003562317 0.8957688285781152 145
1616003562319 0.8957688285781152 145
1616003668361 0.8959674101307317 146
1616003668364 0.8959674101307317 146
1616003774695 0.8962322295347294 147
1616003774698 0.8962322295347294 147
1616003880716 0.8964757955409081 148
1616003880718 0.8964757955409081 148
1616003986658 0.8967040678001739 149
1616003986660 0.8967040678001739 149
1616004092904 0.8969195328596886 150
1616004092906 0.8969195328596886 150
1616004199103 0.8971724366864812 151
1616004199105 0.8971724366864812 151
1616004305339 0.8974254421351718 152
1616004305342 0.8974254421351718 152
1616004411455 0.897677537591122 153
1616004411458 0.897677537591122 153
1616004517551 0.8979040994012614 154
1616004517554 0.8979040994012614 154
1616004623858 0.8981538537291889 155
1616004623860 0.8981538537291889 155
1616004729972 0.8983926877161005 156
1616004729974 0.8983926877161005 156
1616004836224 0.8986293081632293 157
1616004836226 0.8986293081632293 157
1616004942653 0.8988452120063762 158
1616004942655 0.8988452120063762 158
1616005048562 0.8990835984900993 159
1616005048565 0.8990835984900993 159
1616005154692 0.899332624250231 160
1616005154694 0.899332624250231 160
1616005260948 0.8995224728161186 161
1616005260950 0.8995224728161186 161
1616005367330 0.8997527184753813 162
1616005367334 0.8997527184753813 162
1616005473361 0.8999999713814283 163
1616005473364 0.8999999713814283 163
1616005579357 0.9002535275286293 164
1616005579359 0.9002535275286293 164
1616005685562 0.9004834719468738 165
1616005685564 0.9004834719468738 165
1616005791703 0.9007256806947087 166
1616005791706 0.9007256806947087 166
1616005897902 0.900938511902764 167
1616005897904 0.900938511902764 167
1616006003949 0.9011614930661336 168
1616006003952 0.9011614930661336 168
1616006110222 0.9013959815958801 169
1616006110224 0.9013959815958801 169
1616006216537 0.9016284651410479 170
1616006216539 0.9016284651410479 170
1616006323122 0.901837899682113 171
1616006323124 0.901837899682113 171
1616006429687 0.9020481131063265 172
1616006429690 0.9020481131063265 172
1616006535800 0.9022573023129364 173
1616006535802 0.9022573023129364 173
1616006641850 0.902465693434547 174
1616006641853 0.902465693434547 174
1616006748224 0.9026644342532556 175
1616006748226 0.9026644342532556 175
1616006854606 0.9028839686573573 176
1616006854608 0.9028839686573573 176
1616006960808 0.9030838100953873 177
1616006960811 0.9030838100953873 177
1616007066964 0.9032982422013889 178
1616007066966 0.9032982422013889 178
1616007173104 0.9035134469682947 179
1616007173107 0.9035134469682947 179
1616007279705 0.9037157693584192 180
1616007279707 0.9037157693584192 180
1616007386069 0.9039077730744859 181
1616007386071 0.9039077730744859 181
1616007492364 0.9041036975713707 182
1616007492367 0.9041036975713707 182
1616007598498 0.9043073436828147 183
1616007598501 0.9043073436828147 183
1616007704771 0.9045151460697295 184
1616007704773 0.9045151460697295 184
1616007810830 0.9046869025459359 185
1616007810832 0.9046869025459359 185
1616007916998 0.9048812618664144 186
1616007917000 0.9048812618664144 186
1616008023032 0.9050832029892446 187
1616008023035 0.9050832029892446 187
1616008129313 0.9052681057427386 188
1616008129316 0.9052681057427386 188
1616008235689 0.9054445210272758 189
1616008235691 0.9054445210272758 189
1616008341984 0.9056348452755157 190
1616008341986 0.9056348452755157 190
1616008448134 0.9058284671260504 191
1616008448137 0.9058284671260504 191
1616008554603 0.9059929095287492 192
1616008554606 0.9059929095287492 192
1616008664086 0.90618339366312 193
1616008664088 0.90618339366312 193
1616008771327 0.906385937400174 194
1616008771330 0.906385937400174 194
1616008877782 0.906557985156842 195
1616008877784 0.906557985156842 195
1616008984084 0.9067357383066513 196
1616008984087 0.9067357383066513 196
1616009090482 0.9069221006602671 197
1616009090485 0.9069221006602671 197
1616009196646 0.9070755803279872 198
1616009196649 0.9070755803279872 198
1616009302993 0.9072633474766014 199
1616009302995 0.9072633474766014 199
1616009409308 0.9074482943829548 200
1616009409310 0.9074482943829548 200
1616009515640 0.9076311273864451 201
1616009515643 0.9076311273864451 201
1616009621757 0.907825237129517 202
1616009621759 0.907825237129517 202
1616009727890 0.9080084910292624 203
1616009727893 0.9080084910292624 203
1616009834099 0.9080652850787826 204
1616009834101 0.9080652850787826 204
1616009941553 0.9080336110580203 205
1616009941556 0.9080336110580203 205
1616010047591 0.9081190174237014 206
1616010047594 0.9081190174237014 206
1616010153725 0.908263097896161 207
1616010153728 0.908263097896161 207
1616010259683 0.9084152991021722 208
1616010259685 0.9084152991021722 208
1616010365819 0.9085737163151905 209
1616010365822 0.9085737163151905 209
1616010472281 0.9087317340416678 210
1616010472283 0.9087317340416678 210
1616010578634 0.9088854979326821 211
1616010578636 0.9088854979326821 211
1616010684874 0.9090243675966967 212
1616010684877 0.9090243675966967 212
1616010791023 0.9091893604715446 213
1616010791026 0.9091893604715446 213
1616010897067 0.9093696398902009 214
1616010897070 0.9093696398902009 214
1616011003836 0.9095348888286919 215
1616011003839 0.9095348888286919 215
1616011110269 0.9097013587757785 216
1616011110272 0.9097013587757785 216
1616011216364 0.9098745467378144 217
1616011216367 0.9098745467378144 217
1616011322860 0.910042821519246 218
1616011322863 0.910042821519246 218
1616011429285 0.9102179373509106 219
1616011429287 0.9102179373509106 219
1616011535625 0.9103813363473007 220
1616011535627 0.9103813363473007 220
1616011642014 0.9105478356749808 221
1616011642016 0.9105478356749808 221
1616011748014 0.9107168365458099 222
1616011748017 0.9107168365458099 222
1616011854197 0.9108814045491925 223
1616011854200 0.9108814045491925 223
1616011960355 0.9110294743147337 224
1616011960358 0.9110294743147337 224
1616012066528 0.9112034070437394 225
1616012066530 0.9112034070437394 225
1616012172618 0.9113612897315785 226
1616012172621 0.9113612897315785 226
1616012278728 0.911533199668646 227
1616012278730 0.911533199668646 227
1616012385141 0.9116943748842626 228
1616012385143 0.9116943748842626 228
1616012491405 0.9118528361975022 229
1616012491407 0.9118528361975022 229
1616012597622 0.9119879534796423 230
1616012597625 0.9119879534796423 230
1616012703811 0.9120950390287024 231
1616012703813 0.9120950390287024 231
1616012810097 0.9122358261594065 232
1616012810099 0.9122358261594065 232
1616012916118 0.9123851585138916 233
1616012916121 0.9123851585138916 233
1616013022521 0.912523601926364 234
1616013022523 0.912523601926364 234
1616013128913 0.9126760794419602 235
1616013128915 0.9126760794419602 235
1616013235185 0.9128263021643463 236
1616013235189 0.9128263021643463 236
1616013341350 0.9129709754271231 237
1616013341352 0.9129709754271231 237
1616013447717 0.9131233695930795 238
1616013447720 0.9131233695930795 238
1616013554205 0.9132665473499653 239
1616013554207 0.9132665473499653 239
1616013660599 0.9133847571444138 240
1616013660601 0.9133847571444138 240
1616013766776 0.9135310042005345 241
1616013766778 0.9135310042005345 241
1616013872840 0.9136712547421745 242
1616013872842 0.9136712547421745 242
1616013979322 0.9138172871174057 243
1616013979325 0.9138172871174057 243
1616014085593 0.9139362574434875 244
1616014085596 0.9139362574434875 244
1616014191776 0.914080380198308 245
1616014191778 0.914080380198308 245
1616014297944 0.9142229006400203 246
1616014297946 0.9142229006400203 246
1616014404200 0.9143494851218459 247
1616014404202 0.9143494851218459 247
1616014510231 0.9144896126500986 248
1616014510233 0.9144896126500986 248
1616014616507 0.9146346681557914 249
1616014616510 0.9146346681557914 249
