1615988125598 0.35181383439835084 0
1615988234200 0.2902017286483278 1
1615988342023 0.25870697633594486 2
1615988449725 0.24079400792400887 3
1615988557810 0.2243910551071167 4
1615988666644 0.21728133362658478 5
1615988774838 0.21120749128625746 6
1615988882464 0.20303834610162896 7
1615988990236 0.19512729660275416 8
1615989097874 0.18785076566199038 9
1615989205449 0.18384352643439109 10
1615989313124 0.1787037598959943 11
1615989421156 0.17471315769048837 12
1615989529866 0.17299508613655995 13
1615989638249 0.16950076129419586 14
1615989746247 0.16559683812901063 15
1615989853927 0.16260207415522268 16
1615989961157 0.1593848557407411 17
1615990067806 0.15692539271154973 18
1615990174077 0.15543799057919933 19
1615990280626 0.15430564805487854 20
1615990386859 0.15299173212489492 21
1615990493415 0.1510496584493512 22
1615990599982 0.14940750030866753 23
1615990706286 0.14736740992424338 24
1615990812873 0.14539770355201198 25
1615990919233 0.14356162688504814 26
1615991025458 0.1417854240554807 27
1615991131751 0.14012261230282635 28
1615991238259 0.13855524900111746 29
1615991344790 0.13704081447302846 30
1615991450986 0.13565069867020593 31
1615991557284 0.13507802212799389 32
1615991663503 0.1339674219209351 33
1615991770380 0.13288359185482596 34
1615991876530 0.13175999979107658 35
1615991982666 0.13098061357235485 36
1615992088780 0.130313100399656 37
1615992195164 0.1296943046652549 38
1615992301452 0.12898943734929919 39
1615992407719 0.12820734703052086 40
1615992514313 0.1272963492582876 41
1615992620368 0.12643499909091385 42
1615992727394 0.12547999536852772 43
1615992833767 0.12459034670329264 44
1615992940127 0.12373568761359753 45
1615993046178 0.12288597781985203 46
1615993152594 0.12221865741707755 47
1615993258942 0.12147941557780277 48
1615993365405 0.12075721215694508 49
1615993472132 0.12018107328506425 50
1615993578481 0.11949834758004269 51
1615993684870 0.11887639434353887 52
1615993791236 0.1196143976621876 53
1615993897742 0.11925612426357528 54
1615994003884 0.11876316980025689 55
1615994110246 0.11817483004904274 56
1615994216346 0.11762264490083832 57
1615994322358 0.11702391867426126 58
1615994428882 0.11641531614124352 59
1615994535136 0.11584793923622147 60
1615994641272 0.11533786702131522 61
1615994747388 0.114818616649743 62
1615994853597 0.11434654932112452 63
1615994959816 0.11380636862764186 64
1615995065976 0.11325524662826078 65
1615995172168 0.11282018578480295 66
1615995278330 0.11246748642532041 67
1615995384971 0.11200987854343558 68
1615995490960 0.11153727287035944 69
1615995597357 0.11105821205535833 70
1615995703523 0.11059880811483301 71
1615995809712 0.11012980699782397 72
1615995915803 0.10964255601321918 73
1615996021894 0.10919650019483364 74
1615996128249 0.10881265421363569 75
1615996234290 0.10840727189161002 76
1615996341105 0.10801218060671926 77
1615996447510 0.10775092154251674 78
1615996553749 0.10745853428986481 79
1615996660094 0.10726009333950973 80
1615996766448 0.10718813659183461 81
1615996873002 0.10697276550694876 82
1615996979191 0.1066625107762903 83
1615997085503 0.10631920962369486 84
1615997191504 0.10595133458989967 85
1615997297634 0.1055855082252784 86
1615997404031 0.10530720040115672 87
1615997510119 0.10493897945721865 88
1615997616096 0.10456571731161561 89
1615997722243 0.10419876848059832 90
1615997828358 0.10383407256043033 91
1615997934457 0.10353534763286433 92
1615998041265 0.1032156336221181 93
1615998147967 0.1028677607970969 94
1615998254106 0.10259316472587643 95
1615998360069 0.10237450873833472 96
1615998466352 0.10204429072993142 97
1615998572399 0.10173178805399012 98
1615998678385 0.10140577874285109 99
1615998784552 0.1011010241403011 100
1615998890692 0.10076891891673846 101
1615998996863 0.10050353743374481 102
1615999102878 0.10019847926258453 103
1615999209239 0.09995785066905111 104
1615999315323 0.09965708385816492 105
1615999421316 0.09935526093210652 106
1615999527410 0.09914879064047023 107
1615999633444 0.09903861631435872 108
1615999739886 0.09877654196445897 109
1615999846223 0.09849358946284913 110
1615999952550 0.09818711894419958 111
1616000058737 0.0979341222020646 112
1616000164780 0.09765524475843256 113
1616000271261 0.09737229777860153 114
1616000377410 0.09710965551550736 115
1616000483527 0.09683628532860054 116
1616000589576 0.09655346994124031 117
1616000695440 0.09627067502444828 118
1616000801483 0.09606006297130953 119
1616000907589 0.09585473309276767 120
1616001013533 0.09564774617797035 121
1616001120014 0.09537589050993087 122
1616001225993 0.09511723435325987 123
1616001332444 0.09485988894422001 124
1616001438702 0.09459925064240222 125
1616001544756 0.09434882542818988 126
1616001651195 0.0940831479903786 127
1616001757126 0.0938265819508664 128
1616001863243 0.0935642187168087 129
1616001969329 0.09330081843373372 130
1616002075394 0.09304341617167035 131
1616002181394 0.09279557239664134 132
1616002287768 0.0925489336148108 133
1616002394061 0.09243269528903016 134
1616002500345 0.09225394566064336 135
1616002606712 0.09202761822910224 136
1616002712841 0.09179312730052389 137
1616002819050 0.0915713227536035 138
1616002925154 0.09133625289589438 139
1616003031417 0.09110799918387727 140
1616003137371 0.09085117193407237 141
1616003243392 0.0906296478612954 142
1616003349659 0.09037830480253302 143
1616003455915 0.09013036402463039 144
1616003562315 0.08992388468377968 145
1616003668359 0.08975952217523331 146
1616003774693 0.08952932739699963 147
1616003880713 0.08931725301453851 148
1616003986655 0.08911781008784653 149
1616004092901 0.08893023902250878 150
1616004199101 0.08871024897507697 151
1616004305337 0.08849228839601732 152
1616004411453 0.08827307784909798 153
1616004517549 0.08808074046588549 154
1616004623856 0.08786760773397963 155
1616004729969 0.08766252384435874 156
1616004836221 0.08746158577844906 157
1616004942650 0.08727591023872006 158
1616005048560 0.08706904919619891 159
1616005154689 0.08685614320865409 160
1616005260946 0.08669337302266315 161
1616005367328 0.08649571890184299 162
1616005473359 0.0862851747319868 163
1616005579354 0.08606691202142791 164
1616005685560 0.08586734952727394 165
1616005791701 0.08565744834350832 166
1616005897900 0.08547171800498302 167
1616006003947 0.0852783480519599 168
1616006110220 0.08507423206548369 169
1616006216534 0.08487404791502214 170
1616006323119 0.08469300470851779 171
1616006429685 0.08451120858335537 172
1616006535798 0.08432835172866371 173
1616006641848 0.08414818334362065 174
1616006748221 0.08397606535809299 175
1616006854604 0.0837865585654039 176
1616006960806 0.08361324319180023 177
1616007066961 0.08342765378113183 178
1616007173102 0.08324141169129816 179
1616007279702 0.08306740697828432 180
1616007386066 0.08290233437092973 181
1616007492361 0.0827331422837775 182
1616007598496 0.08255786265381833 183
1616007704769 0.08237877583764217 184
1616007810828 0.08223189571729599 185
1616007916995 0.08206306588990193 186
1616008023030 0.08188961130588397 187
1616008129311 0.08172881955849781 188
1616008235686 0.08157749691976013 189
1616008341981 0.08141307417754409 190
1616008448132 0.081244574364354 191
1616008554601 0.08110147861145965 192
1616008664083 0.0809378681390216 193
1616008771325 0.08076247718902604 194
1616008877779 0.08061618886198937 195
1616008984082 0.08046244213745628 196
1616009090480 0.08030113132377094 197
1616009196644 0.08016808857563969 198
1616009302990 0.08000683166562243 199
1616009409306 0.07984701775679251 200
1616009515637 0.07968830447059343 201
1616009621754 0.07952229702838773 202
1616009727888 0.07936550622427518 203
1616009834097 0.07931391989312521 204
1616009941551 0.07934173281048477 205
1616010047589 0.07926952059914194 206
1616010153723 0.07914690648963135 207
1616010259680 0.07901376727022247 208
1616010365817 0.07887790123983962 209
1616010472278 0.07873984077434285 210
1616010578631 0.07860826428744842 211
1616010684872 0.07849144529550896 212
1616010791021 0.07834881799824077 213
1616010897065 0.07819418378952174 214
1616011003834 0.07805053549807685 215
1616011110266 0.07790696053472683 216
1616011216362 0.07775864954772414 217
1616011322858 0.0776131639301771 218
1616011429282 0.07746287629844141 219
1616011535622 0.07732243779546386 220
1616011642011 0.07717917755014804 221
1616011748012 0.07703250245663083 222
1616011854195 0.07689077495441611 223
1616011960353 0.07676313080404386 224
1616012066525 0.07661354720783288 225
1616012172615 0.07647628785408765 226
1616012278726 0.07632568964443352 227
1616012385139 0.07618651375787848 228
1616012491402 0.07604930234881709 229
1616012597620 0.07593092080241706 230
1616012703808 0.07584045821922453 231
1616012810094 0.0757177259979504 232
1616012916116 0.0755895232044365 233
1616013022519 0.07547086233356626 234
1616013128910 0.07533819328360811 235
1616013235183 0.07520801003910993 236
1616013341347 0.0750823551174483 237
1616013447714 0.07495134979749123 238
1616013554203 0.07482751343425707 239
1616013660597 0.07472707596262587 240
1616013766774 0.07459988912358863 241
1616013872838 0.07447870243358672 242
1616013979320 0.07435252155717509 243
1616014085590 0.0742514224814375 244
1616014191773 0.07412720316319582 245
1616014297941 0.07400423190022576 246
1616014404197 0.07389544956667342 247
1616014510228 0.07377398196656533 248
1616014616505 0.07364851627451312 249
