1615988125596 25.06214000612214 0
1615988234199 18.117929601354515 1
1615988342021 18.430756839906767 2
1615988449723 16.67915184234544 3
1615988557808 17.4084311479707 4
1615988666642 18.850559304171036 5
1615988774836 17.541945311588908 6
1615988882461 16.00013151777497 7
1615988990234 15.571003478630976 8
1615989097873 13.646261248678806 9
1615989205447 16.296455301444944 10
1615989313122 14.322833897946317 11
1615989421154 13.661168014955425 12
1615989529861 16.771028878727773 13
1615989638247 13.412836820562882 14
1615989746244 12.844415267795839 15
1615989853925 14.184161095986115 16
1615989961154 12.780304063906701 17
1615990067804 13.637624246796316 18
1615990174075 16.44385765708422 19
1615990280623 13.959079963397894 20
1615990386857 14.261724051178494 21
1615990493413 13.193326648109352 22
1615990599980 13.41719897105469 23
1615990706284 12.406408410344318 24
1615990812871 12.714357788829698 25
1615990919231 12.506562276115506 26
1615991025456 12.193858575575854 27
1615991131749 12.857437090071944 28
1615991238257 10.976795079456826 29
1615991344788 12.50310670625472 30
1615991450984 12.428715389437649 31
1615991557282 14.284211771292341 32
1615991663501 12.763514578116467 33
1615991770378 11.492828228266488 34
1615991876528 10.65861398218972 35
1615991982664 12.939915795641326 36
1615992088778 14.658584273553991 37
1615992195162 12.40941629819543 38
1615992301450 15.155050003784943 39
1615992407717 10.994840246868232 40
1615992514311 11.761603775295717 41
1615992620366 10.533518702209022 42
1615992727392 10.552417734907596 43
1615992833765 10.732063475423637 44
1615992940125 11.37211821044531 45
1615993046176 10.200872126349022 46
1615993152592 12.357422103444017 47
1615993258940 11.095657794265495 48
1615993365403 12.064092690898798 49
1615993472129 10.652369301582654 50
1615993578479 10.83599108708187 51
1615993684868 12.812780160092315 52
1615993791233 17.783428444181595 53
1615993897740 11.346557902057068 54
1615994003882 11.306167980291526 55
1615994110244 10.107226101982421 56
1615994216344 10.606448991401512 57
1615994322355 10.457522046826607 58
1615994428880 9.960855388197967 59
1615994535134 11.283608806493458 60
1615994641270 10.907277378194644 61
1615994747386 9.85588701247574 62
1615994853595 11.07068917506772 63
1615994959814 9.04523329950566 64
1615995065974 8.903977745382141 65
1615995172165 10.92326997022104 66
1615995278328 10.306349155507288 67
1615995384968 10.451390979333059 68
1615995490958 9.137332206973884 69
1615995597355 10.209407184621352 70
1615995703521 9.674153380196767 71
1615995809710 10.301258835242464 72
1615995915801 9.711017899447475 73
1615996021892 9.24069499560885 74
1615996128247 9.413046032320201 75
1615996234288 10.299001748743992 76
1615996341102 11.542751374373834 77
1615996447508 11.497234972051366 78
1615996553747 11.765002737918262 79
1615996660092 11.831725813841873 80
1615996766446 11.151003243578234 81
1615996873000 11.56218348965162 82
1615996979189 9.756447617239392 83
1615997085501 9.297764215530746 84
1615997191502 9.090234919755426 85
1615997297632 10.314864078227824 86
1615997404029 9.678901464593093 87
1615997510117 9.39704834010136 88
1615997616094 8.866089648773592 89
1615997722241 9.66142289015598 90
1615997828356 9.923519679503588 91
1615997934454 9.015723161056892 92
1615998041263 9.84071712138952 93
1615998147965 8.46152414822422 94
1615998254104 9.794294844930654 95
1615998360066 9.810026215703932 96
1615998466349 8.654153611307127 97
1615998572397 9.167544850087921 98
1615998678383 9.268242244104739 99
1615998784550 10.059321701382697 100
1615998890690 8.765416056156992 101
1615998996861 10.196820315493408 102
1615999102876 9.828029980431662 103
1615999209237 8.503560958360067 104
1615999315321 8.824639540338058 105
1615999421313 8.961721301993451 106
1615999527408 10.946938772801477 107
1615999633442 11.550042111788501 108
1615999739885 9.050035857772077 109
1615999846221 8.398866683788915 110
1615999952548 9.737996266956642 111
1616000058735 9.037264635119865 112
1616000164778 9.082394829961814 113
1616000271259 8.604818717691918 114
1616000377407 8.34335290130664 115
1616000483525 8.727548301314936 116
1616000589574 8.005014443699684 117
1616000695437 8.06892726727426 118
1616000801481 9.304824897655516 119
1616000907587 11.582654047936101 120
1616001013531 9.378286699973094 121
1616001120012 9.43486182003072 122
1616001225991 7.6507612295196 123
1616001332442 8.458406087187024 124
1616001438700 8.365237416062662 125
1616001544753 9.94286183198675 126
1616001651192 8.324068818367659 127
1616001757124 7.763637834660388 128
1616001863240 8.44135828966081 129
1616001969327 7.665439483669214 130
1616002075392 8.537845853103047 131
1616002181391 8.273094687046314 132
1616002287766 8.080119163075707 133
1616002394059 12.55435978534442 134
1616002500342 10.084582652240494 135
1616002606710 7.941342240089034 136
1616002712839 8.291737073048159 137
1616002819047 8.634156681261588 138
1616002925152 7.85551912014485 139
1616003031414 8.17739041603136 140
1616003137369 7.234131708160453 141
1616003243389 8.243466619775036 142
1616003349657 7.280827277023075 143
1616003455913 8.003793687093225 144
1616003562312 9.043063844284992 145
1616003668357 8.389891245735791 146
1616003774690 7.483782258154355 147
1616003880711 7.56012552147734 148
1616003986653 7.860581295474811 149
1616004092899 8.250886067147865 150
1616004199099 7.993932262687897 151
1616004305335 7.5972999531679966 152
1616004411451 7.530793566943876 153
1616004517547 7.557286599908075 154
1616004623853 9.693001580434492 155
1616004729967 7.5217499762937035 156
1616004836219 7.686433680867828 157
1616004942648 8.600413529938335 158
1616005048558 6.762968352213544 159
1616005154687 7.171424732682855 160
1616005260944 8.665054024020979 161
1616005367326 8.022429981765562 162
1616005473356 8.496083637524174 163
1616005579352 7.1735276834875545 164
1616005685557 7.2526254822566285 165
1616005791698 7.8157242433118945 166
1616005897897 6.869818721965009 167
1616006003945 7.771310315960911 168
1616006110218 6.6923861078081615 169
1616006216532 8.608708802967074 170
1616006323117 7.973372885286481 171
1616006429683 8.77421132052595 172
1616006535796 7.312308735124239 173
1616006641845 7.945078588984595 174
1616006748219 7.70630093044819 175
1616006854602 7.1303629393726125 176
1616006960804 7.436473634778291 177
1616007066959 7.992728972623802 178
1616007173099 6.329556636679 179
1616007279700 8.642123387036639 180
1616007386064 7.724481517266738 181
1616007492359 8.792354192828409 182
1616007598493 8.622085087979261 183
1616007704766 7.921748865400617 184
1616007810826 7.302457798835756 185
1616007916993 7.78803094413722 186
1616008023027 7.3774114539214 187
1616008129308 7.551331341571973 188
1616008235684 8.721831860852513 189
1616008341979 7.00841942884112 190
1616008448129 7.058117226679462 191
1616008554598 7.863508236305409 192
1616008664081 7.070257059807391 193
1616008771318 8.9234580648845 194
1616008877777 7.836535043388192 195
1616008984080 7.378997466696743 196
1616009090477 8.518862839003189 197
1616009196642 7.075104215144569 198
1616009302988 9.04064399016611 199
1616009409303 8.56527638417996 200
1616009515635 6.598709412888256 201
1616009621752 7.368183547636066 202
1616009727886 7.719914355611204 203
1616009834095 9.716425175502849 204
1616009941549 12.85297182665571 205
1616010047586 8.664176326847384 206
1616010153721 8.8786159641365 207
1616010259678 7.756714966109303 208
1616010365815 7.911642953908895 209
1616010472275 7.415868993514248 210
1616010578629 7.483307827741053 211
1616010684870 6.875254335737439 212
1616010791019 7.073462421694005 213
1616010897062 6.396874989071755 214
1616011003832 7.1204261816741266 215
1616011110264 8.646056890327522 216
1616011216359 7.336393657856852 217
1616011322856 6.878982780508495 218
1616011429280 6.183088141841922 219
1616011535620 7.728554202126227 220
1616011642008 6.331237910887113 221
1616011748009 6.524515068123432 222
1616011854193 6.18439513109503 223
1616011960350 6.260321972400998 224
1616012066523 5.679819237249667 225
1616012172613 7.478420678322007 226
1616012278723 6.263844668404869 227
1616012385136 5.941542842567655 228
1616012491400 6.732993636954188 229
1616012597618 9.076895594766876 230
1616012703806 8.153344762784295 231
1616012810092 7.329164116470161 232
1616012916113 6.943634220321571 233
1616013022516 6.786000665330437 234
1616013128908 7.63181994383657 235
1616013235181 6.836585765413485 236
1616013341344 6.982055104635428 237
1616013447712 7.991460027465533 238
1616013554200 7.6605078563688425 239
1616013660594 6.6347959952606175 240
1616013766771 7.561362331615538 241
1616013872835 7.741702575124952 242
1616013979318 6.959565564539152 243
1616014085588 7.841661757926447 244
1616014191771 6.838151761270337 245
1616014297939 6.5531985304039475 246
1616014404194 7.916845901174391 247
1616014510225 6.90455249281507 248
1616014616502 7.020936794211125 249
