1615988125591 0.35181383439835084 0
1615988234194 0.22858962289830473 1
1615988342017 0.19571747171117904 2
1615988449719 0.18705510268820094 3
1615988557803 0.158779243839548 4
1615988666637 0.18173272622392533 5
1615988774832 0.17476443724429352 6
1615988882457 0.14585432980922944 7
1615988990229 0.13183890061175568 8
1615989097868 0.12236198719511641 9
1615989205443 0.14377113415839823 10
1615989313118 0.12216632797362957 11
1615989421149 0.12682593122441718 12
1615989529852 0.1506601559354904 13
1615989638243 0.12058021350109831 14
1615989746240 0.10703799065123214 15
1615989853920 0.11468585057461515 16
1615989961150 0.10469214269455443 17
1615990067799 0.11265505818610495 18
1615990174071 0.12717735006454142 19
1615990280619 0.13165879756846327 20
1615990386852 0.1253994975952392 21
1615990493407 0.10832403758738904 22
1615990599975 0.11163786307294318 23
1615990706279 0.09840524069806363 24
1615990812866 0.09615504424622719 25
1615990919226 0.0958236335439885 26
1615991025452 0.09382794765715903 27
1615991131745 0.09356388322850491 28
1615991238253 0.09310171325156029 29
1615991344784 0.09160777863035811 30
1615991450980 0.09255710878270737 31
1615991557277 0.11675237277720837 32
1615991663496 0.09731761508799613 33
1615991770373 0.09603336960711378 34
1615991876524 0.09243427755984854 35
1615991982659 0.1029227096983727 36
1615992088773 0.10561511300979777 37
1615992195157 0.10618006675801378 38
1615992301446 0.10149961202702623 39
1615992407712 0.09692373427938908 40
1615992514306 0.08994544059672255 41
1615992620361 0.09025829206121729 42
1615992727387 0.08441483530592411 43
1615992833760 0.08544580543294866 44
1615992940120 0.08527602857731759 45
1615993046171 0.08379932730755907 46
1615993152587 0.09085459848667712 47
1615993258936 0.08599580729261358 48
1615993365398 0.0853692445349186 49
1615993472124 0.0913741296910225 50
1615993578474 0.0846793366239426 51
1615993684863 0.08653482604534068 52
1615993791229 0.15872857355056924 53
1615993897736 0.09990936073851078 54
1615994003876 0.09165067431774546 55
1615994110239 0.08522780398105054 56
1615994216339 0.08614809145318701 57
1615994322351 0.08229779753279179 58
1615994428875 0.0805077666931964 59
1615994535129 0.08180532493489853 60
1615994641265 0.0842234619120334 61
1615994747382 0.08262509361226508 62
1615994853590 0.08460630761816147 63
1615994959810 0.07923480424475163 64
1615995065969 0.07743231666849014 65
1615995172161 0.08410617011658689 66
1615995278323 0.08883662933998919 67
1615995384963 0.08089254257526804 68
1615995490953 0.07892748142810578 69
1615995597351 0.07752395500528052 70
1615995703517 0.07798112833753545 71
1615995809706 0.07636172657317304 72
1615995915796 0.0740732341370684 73
1615996021887 0.07618836963430364 74
1615996128242 0.08002420562378904 75
1615996234283 0.07759821541765903 76
1615996341097 0.07759015167013128 77
1615996447503 0.08737271453471894 78
1615996553742 0.08435994133036187 79
1615996660087 0.0913848173111043 80
1615996766442 0.10135964003015072 81
1615996872996 0.08931233654630945 82
1615996979185 0.08091136813163757 83
1615997085496 0.077481912805679 84
1615997191497 0.07468195671730853 85
1615997297628 0.07412444086785012 86
1615997404024 0.08109441970257049 87
1615997510112 0.0725355363906698 88
1615997616089 0.07134538635294488 89
1615997722237 0.07117337368904277 90
1615997828352 0.07064674382514143 91
1615997934450 0.07605265429679384 92
1615998041258 0.07348223062271768 93
1615998147958 0.07016771524510484 94
1615998254098 0.07650653795993075 95
1615998360060 0.08138353393432941 96
1615998466343 0.07001314391481116 97
1615998572390 0.07110652581174323 98
1615998678377 0.06913085694008685 99
1615998784543 0.07062556388530325 100
1615998890682 0.06722629133691178 101
1615998996854 0.07343462616839308 102
1615999102870 0.06877748763307612 103
1615999209230 0.0749324769415754 104
1615999315314 0.06807656871511582 105
1615999421306 0.06736203076991629 106
1615999527401 0.07705646943538746 107
1615999633436 0.0871397890943162 108
1615999739878 0.07021043782538557 109
1615999846213 0.0673688142857653 110
1615999952542 0.06416889137410103 111
1616000058728 0.06959848708294808 112
1616000164770 0.06614209362801085 113
1616000271252 0.06511634207786397 114
1616000377400 0.06690579525967862 115
1616000483518 0.06512534364740899 116
1616000589566 0.06346406962009186 117
1616000695429 0.06290087484298869 118
1616000801473 0.0709972286478002 119
1616000907579 0.07121514766774278 120
1616001013523 0.07060232948749623 121
1616001120005 0.062209499009112094 122
1616001225983 0.06330252708272731 123
1616001332435 0.06294905822327797 124
1616001438693 0.06201946291517704 125
1616001544746 0.06279524843743507 126
1616001651185 0.060342113388345595 127
1616001757116 0.060986128893304375 128
1616001863232 0.059719361523364455 129
1616001969320 0.059058781633985806 130
1616002075384 0.05932371984136865 131
1616002181384 0.06008019409281142 132
1616002287758 0.05974597563134863 133
1616002394052 0.07685675963442376 134
1616002500336 0.06812274582842563 135
1616002606702 0.061247087539510525 136
1616002712832 0.05966787008529014 137
1616002819041 0.060962295278589776 138
1616002925145 0.05866154267432842 139
1616003031407 0.059152479501480754 140
1616003137363 0.05463852971158129 141
1616003243383 0.05917322952696617 142
1616003349650 0.054436247399512756 143
1616003455905 0.054426892006650886 144
1616003562305 0.05998438026042695 145
1616003668350 0.06576259592746167 146
1616003774683 0.055690694996651184 147
1616003880704 0.05793024441029163 148
1616003986647 0.05940081401074186 149
1616004092892 0.06079457922184721 150
1616004199092 0.055491751812874 151
1616004305327 0.055362280378950406 152
1616004411443 0.0547338641704397 153
1616004517539 0.058460783451161485 154
1616004623847 0.0548320342885687 155
1616004729960 0.055669437063501234 156
1616004836213 0.05591430943062965 157
1616004942641 0.057939174961536485 158
1616005048551 0.054178143435336175 159
1616005154680 0.05279118520148257 160
1616005260936 0.060487373078123054 161
1616005367318 0.0544757513289756 162
1616005473349 0.05196647504542736 163
1616005579345 0.05027182748977174 164
1616005685550 0.052939537991868686 165
1616005791690 0.05081385183841624 166
1616005897889 0.05445475147125569 167
1616006003937 0.05279219594407589 168
1616006110211 0.05057863035100572 169
1616006216525 0.050842742336557264 170
1616006323110 0.05373461639627497 171
1616006429675 0.05324227505541863 172
1616006535788 0.052694115867006015 173
1616006641838 0.052798884346130046 174
1616006748212 0.053855417890751614 175
1616006854595 0.050433363052124675 176
1616006960796 0.05293642206394926 177
1616007066951 0.05039273868215845 178
1616007173092 0.049904077611071 179
1616007279692 0.05174655863579283 180
1616007386057 0.05302419243974889 181
1616007492352 0.05194018242206979 182
1616007598486 0.05048169037129017 183
1616007704759 0.049426801661227614 184
1616007810818 0.055059073453253886 185
1616007916986 0.05066071799460878 186
1616008023020 0.0494536040945256 187
1616008129300 0.05149997104989722 188
1616008235677 0.05297751819833796 189
1616008341971 0.05017275315649966 190
1616008448123 0.04906111004504752 191
1616008554581 0.05362709405574393 192
1616008664073 0.04936104695847694 193
1616008771306 0.046736632889889655 194
1616008877772 0.052089965089838555 195
1616008984075 0.05032808412896826 196
1616009090473 0.04852290102776061 197
1616009196637 0.05382562444565144 198
1616009302983 0.04791670657218771 199
1616009409298 0.04788423599080836 200
1616009515630 0.047786933944580404 201
1616009621747 0.045988793702835734 202
1616009727880 0.04753697298942728 203
1616009834090 0.06879030833853052 204
1616009941544 0.08504338086919581 205
1616010047582 0.06439380506251721 206
1616010153716 0.05376578582094071 207
1616010259673 0.05132080963317384 208
1616010365809 0.050481900889822774 209
1616010472270 0.04974714302002115 210
1616010578625 0.05084562555272529 211
1616010684865 0.05372581900434291 212
1616010791014 0.047969203680119615 213
1616010897057 0.045102463123646186 214
1616011003826 0.04716615283742864 215
1616011110259 0.046894768451122525 216
1616011216354 0.04557516536814101 217
1616011322851 0.04589729930492158 218
1616011429275 0.04454988494832465 219
1616011535614 0.04642596714040066 220
1616011642003 0.04551866333535377 221
1616011748004 0.04447063169580825 222
1616011854188 0.04528554196053363 223
1616011960345 0.04817084112065904 224
1616012066517 0.04295723806036279 225
1616012172607 0.04545567390766549 226
1616012278718 0.042139896052948975 227
1616012385131 0.04445441162332575 228
1616012491394 0.0446278896737606 229
1616012597612 0.048703165130412326 230
1616012703800 0.054943601501748915 231
1616012810086 0.04724385066235319 232
1616012916108 0.04571827231569493 233
1616013022510 0.0477042185499313 234
1616013128903 0.04416096654344112 235
1616013235176 0.04448476433753967 236
1616013341339 0.045302138683643745 237
1616013447707 0.043772083647707676 238
1616013554195 0.045230622621292765 239
1616013660589 0.05062208277113894 240
1616013766766 0.04394786091561013 241
1616013872830 0.04515152345312402 242
1616013979312 0.04369056858914964 243
1616014085583 0.04958324800146387 244
1616014191765 0.04369347019398466 245
1616014297933 0.043753301209591804 246
1616014404188 0.047026213179243374 247
1616014510220 0.04365001713975947 248
1616014616497 0.042407558953508416 249
