1615988125594 0.6213382915098299 0
1615988234196 0.7367312353342137 1
1615988342019 0.7749498305406343 2
1615988449721 0.7835465521165269 3
1615988557806 0.8140572642590455 4
1615988666640 0.7905152711145421 5
1615988774834 0.7958515046283285 6
1615988882459 0.8309574387174972 7
1615988990232 0.846871240183394 8
1615989097871 0.8582428601828027 9
1615989205445 0.8333468740370046 10
1615989313121 0.858110338390032 11
1615989421151 0.8531301982225256 12
1615989529857 0.8250973892219841 13
1615989638245 0.8604970648191235 14
1615989746243 0.8766078805313149 15
1615989853923 0.8664829807474892 16
1615989961152 0.8782100814909852 17
1615990067802 0.8702669727041367 18
1615990174073 0.8522933867383511 19
1615990280621 0.8470228238011452 20
1615990386854 0.853052675961814 21
1615990493409 0.8745707633726775 22
1615990599977 0.8695266253136574 23
1615990706281 0.8859618279211064 24
1615990812869 0.8887883683151387 25
1615990919229 0.8881448339274589 26
1615991025454 0.8916205293003548 27
1615991131747 0.8923114197368317 28
1615991238255 0.8914438830094135 29
1615991344786 0.8936711253320917 30
1615991450982 0.8926890294285531 31
1615991557280 0.863923543786749 32
1615991663498 0.8876498192548752 33
1615991770376 0.8885074481368065 34
1615991876526 0.8927351345724248 35
1615991982662 0.880712609500327 36
1615992088776 0.877203106721665 37
1615992195160 0.875278372396814 38
1615992301448 0.8819313245884915 39
1615992407714 0.8876699060201645 40
1615992514308 0.8961799095602746 41
1615992620364 0.8944889252827047 42
1615992727390 0.9021431155344273 43
1615992833763 0.900773601012027 44
1615992940123 0.900724227916687 45
1615993046174 0.9033371300456372 46
1615993152589 0.894520881169654 47
1615993258938 0.9001290100686093 48
1615993365401 0.9011748046316999 49
1615993472127 0.8936315391291964 50
1615993578477 0.9019324102617324 51
1615993684865 0.8998484115334268 52
1615993791231 0.814102671961201 53
1615993897738 0.8830868868117637 54
1615994003879 0.8934137935334063 55
1615994110242 0.9010678079534085 56
1615994216341 0.8994342271000781 57
1615994322353 0.9041344789748497 58
1615994428878 0.9066760524156245 59
1615994535132 0.9049309056172979 60
1615994641267 0.9020187864872686 61
1615994747384 0.9039439744454749 62
1615994853593 0.9021476819477183 63
1615994959812 0.9081798915533309 64
1615995065972 0.9097846828876658 65
1615995172163 0.9028823620719003 66
1615995278325 0.8973771259188652 67
1615995384966 0.906187337763766 68
1615995490956 0.9080530403459326 69
1615995597353 0.9098373434328019 70
1615995703519 0.910024234430587 71
1615995809708 0.911889874554695 72
1615995915798 0.9142905272384907 73
1615996021890 0.9123024274694159 74
1615996128245 0.9061978458961908 75
1615996234285 0.9083835448514908 76
1615996341101 0.9088770661582338 77
1615996447505 0.8969605308660167 78
1615996553745 0.9017996448785701 79
1615996660090 0.8929865845340363 80
1615996766444 0.8833275175891182 81
1615996872998 0.8960655223023384 82
1615996979187 0.9053065508921095 83
1615997085499 0.9098711058180383 84
1615997191499 0.9133629500865936 85
1615997297630 0.9145523106798212 86
1615997404026 0.9065085199285061 87
1615997510115 0.9149668979200911 88
1615997616092 0.9166766462173868 89
1615997722239 0.917800024310325 90
1615997828354 0.9185709268488782 91
1615997934452 0.9109817648980212 92
1615998041261 0.9136658302567741 93
1615998147963 0.9180291011295421 94
1615998254102 0.9111139553975551 95
1615998360064 0.9056940905234598 96
1615998466347 0.9174841439470331 97
1615998572394 0.9163391235026908 98
1615998678381 0.9196035218365649 99
1615998784547 0.9180744455215779 100
1615998890687 0.9219135006374501 101
1615998996859 0.914996364807829 102
1615999102874 0.9197271036657881 103
1615999209235 0.9128511285389516 104
1615999315319 0.9208255020227838 105
1615999421311 0.9219594011281399 106
1615999527406 0.9107989050606464 107
1615999633440 0.899706300902874 108
1615999739882 0.9188324921625726 109
1615999846219 0.9215195402503014 110
1615999952546 0.9258348650120675 111
1616000058733 0.9184345722079594 112
1616000164774 0.9239229276142222 113
1616000271257 0.924867699754999 114
1616000377405 0.9225943740060989 115
1616000483523 0.9243001357672063 116
1616000589571 0.9263333706779683 117
1616000695435 0.9269237017377894 118
1616000801478 0.917765016409945 119
1616000907584 0.9171403991256623 120
1616001013528 0.9180776608434129 121
1616001120010 0.9273994263816387 122
1616001225988 0.9268177506771493 123
1616001332440 0.9273206345895504 124
1616001438697 0.9279546358800949 125
1616001544751 0.926953671777502 126
1616001651190 0.9297249572391205 127
1616001757121 0.9289051202383447 128
1616001863238 0.9307129440155435 129
1616001969324 0.9310870636650856 130
1616002075389 0.9319649823802583 131
1616002181389 0.9299495965242386 132
1616002287763 0.9304381976736352 133
1616002394057 0.9113768515117625 134
1616002500340 0.9204843396202047 135
1616002606707 0.928695983709173 136
1616002712836 0.9309634574233218 137
1616002819045 0.9290765898024782 138
1616002925150 0.9314777534058754 139
1616003031412 0.9313573498041072 140
1616003137367 0.9366441692443604 141
1616003243387 0.9310950939642623 142
1616003349654 0.9364109467318718 143
1616003455910 0.9367508200254846 144
1616003562310 0.9299916000442302 145
1616003668355 0.9249603168127385 146
1616003774688 0.935160681922385 147
1616003880709 0.932523564455357 148
1616003986651 0.9307166344307839 149
1616004092897 0.9292392917869098 150
1616004199096 0.9353609145321744 151
1616004305333 0.9358822703361511 152
1616004411448 0.9362481423514954 153
1616004517544 0.932794618162703 154
1616004623851 0.9368657745579456 155
1616004729965 0.9356507896742923 156
1616004836217 0.9357787183624633 157
1616004942646 0.932958019223619 158
1616005048555 0.9369870494020746 159
1616005154685 0.9391767458712801 160
1616005260942 0.9300880919240336 161
1616005367324 0.9370525152759349 162
1616005473354 0.9403021950671013 163
1616005579350 0.9418367356696027 164
1616005685555 0.9384243009572334 165
1616005791696 0.9409323328352989 166
1616005897895 0.9364813236480064 167
1616006003942 0.9386223285122121 168
1616006110216 0.9410245431230423 169
1616006216530 0.941150667819571 170
1616006323115 0.9376512062042317 171
1616006429680 0.9382048220710552 172
1616006535794 0.9384470350564794 173
1616006641843 0.9387257485947711 174
1616006748217 0.9374440775272694 175
1616006854599 0.9415220237792806 176
1616006960802 0.9384557446266742 177
1616007066957 0.9414671570696729 178
1616007173097 0.9420351002444612 179
1616007279697 0.9401337995808176 180
1616007386062 0.9386604456825459 181
1616007492357 0.9397619560043863 182
1616007598490 0.9415745820770872 183
1616007704763 0.9427507852620267 184
1616007810823 0.9364618506441091 185
1616007916990 0.9410320954753998 186
1616008023025 0.9428461929585071 187
1616008129306 0.9400298233996046 188
1616008235682 0.9387870098048068 189
1616008341975 0.9417964524411141 190
1616008448127 0.9428102405781441 191
1616008554591 0.937565850846945 192
1616008664079 0.9429468315966586 193
1616008771313 0.9456794223886855 194
1616008877775 0.9401072977071113 195
1616008984077 0.9415753556692854 196
1616009090475 0.9436354843225885 197
1616009196639 0.9374645545365329 198
1616009302985 0.9446290100508548 199
1616009409301 0.94443767565362 200
1616009515633 0.9443805610879938 201
1616009621750 0.9470354052300148 202
1616009727883 0.9452090326775896 203
1616009834092 0.9196512711809036 204
1616009941546 0.9015404368017582 205
1616010047585 0.925712728754003 206
1616010153718 0.9380877556953024 207
1616010259676 0.9400731499524827 208
1616010365812 0.9416829138360125 209
1616010472273 0.9419154566019139 210
1616010578627 0.9413296789366831 211
1616010684867 0.9384647363677938 212
1616010791017 0.9443328428141614 213
1616010897060 0.9479494354826339 214
1616011003829 0.9450634106042537 215
1616011110262 0.9456588673464795 216
1616011216357 0.9474563344996026 217
1616011322854 0.9467267238713325 218
1616011429278 0.948568304485463 219
1616011535618 0.9463291155531052 220
1616011642006 0.9473441870922737 221
1616011748007 0.9482350298698913 222
1616011854190 0.9475800693035126 223
1616011960348 0.944197101795927 224
1616012066520 0.950338271070034 225
1616012172610 0.9470427771832081 226
1616012278721 0.9505567553829639 227
1616012385134 0.9484423240448566 228
1616012491397 0.9481404769293805 229
1616012597615 0.9430649283718555 230
1616012703802 0.9368318008615616 231
1616012810089 0.9448984404827686 232
1616012916110 0.9471795971089221 233
1616013022513 0.9449193604449009 234
1616013128906 0.9485082956070595 235
1616013235178 0.9482788646474798 236
1616013341342 0.9472585387052374 237
1616013447710 0.9493931810906593 238
1616013554197 0.947486031245678 239
1616013660592 0.9417551078120286 240
1616013766769 0.9487765447256413 241
1616013872833 0.9476118858190293 242
1616013979315 0.9493031542985997 243
1616014085586 0.9429650170074657 244
1616014191768 0.9493904551292988 245
1616014297936 0.9492829293012619 246
1616014404192 0.9456158521327567 247
1616014510223 0.9492412396567933 248
1616014616500 0.9507534890732867 249
