1616656701641 0.4755229684425161 0
1616656828415 0.3695495858035506 1
1616656954424 0.3128350688712605 2
1616657080128 0.28219469257214286 3
1616657205895 0.26572389146114916 4
1616657331777 0.24875435132718257 5
1616657457274 0.23914514097036926 6
1616657582815 0.22850054781388573 7
1616657708456 0.21821148706771806 8
1616657833693 0.20902713504322668 9
1616657960214 0.20612435726668668 10
1616658085565 0.1996830803959743 11
1616658211350 0.19480978395582565 12
1616658336757 0.18908943967061478 13
1616658462050 0.18476688575712927 14
1616658587801 0.18047332942010244 15
1616658713107 0.17638748562026385 16
1616658838410 0.17271350101230948 17
1616658964048 0.1703419202139804 18
1616659089377 0.16820440574727483 19
1616659215203 0.1653045278387909 20
1616659340900 0.16237478675248693 21
1616659466751 0.15971046568314093 22
1616659592612 0.1574022157847591 23
1616659718290 0.15545497638589528 24
1616659843725 0.15354622856892172 25
1616659969367 0.15153007927571607 26
1616660095144 0.14974641979680509 27
1616660220238 0.14783395658317555 28
1616660345419 0.1459792429165162 29
1616660470704 0.14407836444300073 30
1616660595883 0.14234543242244094 31
1616660720928 0.14073915541325752 32
1616660846535 0.1394645458510442 33
1616660972083 0.13804124314904126 34
1616661097223 0.13663515706280202 35
1616661222838 0.13599583942790172 36
1616661348328 0.13517361258241078 37
1616661473886 0.1341467810727644 38
1616661599284 0.13301135803761083 39
1616661724751 0.13206117426455563 40
1616661849693 0.13126885438698374 41
1616661974872 0.13023707894207465 42
1616662099785 0.12915031625294782 43
1616662224736 0.12813351033233442 44
1616662349983 0.12715416944867464 45
1616662475100 0.12619851147878244 46
1616662600628 0.12586190552799137 47
1616662726624 0.12530301705357036 48
1616662851873 0.12460273215230158 49
1616662977573 0.12392690019160632 50
1616663103917 0.12315321179928405 51
1616663229274 0.12256060901689796 52
1616663354532 0.12217127760047336 53
1616663479703 0.12147477191784625 54
1616663604783 0.12072428390787103 55
1616663730156 0.12007047287694282 56
1616663855568 0.11943526387075268 57
1616663980617 0.11900825645664441 58
1616664105675 0.1184177064029698 59
1616664230858 0.11778468138271603 60
1616664356097 0.11712130957219796 61
1616664481235 0.11650818166452276 62
1616664606393 0.11588433403874736 63
1616664731946 0.11529875585501448 64
1616664856958 0.11467460536822521 65
1616664982269 0.11406402194073376 66
1616665107534 0.11345440004480178 67
1616665232639 0.11290864778537275 68
1616665357986 0.11238809521805414 69
1616665483306 0.11191397126410171 70
1616665608336 0.11148709004902309 71
1616665733312 0.11098741632225267 72
1616665858462 0.11050039443335763 73
1616665983935 0.11003689268828495 74
1616666109060 0.10954592415457017 75
1616666234696 0.10906582248905937 76
1616666359784 0.10867309516887201 77
1616666484778 0.10829723669592778 78
1616666610113 0.10781080453740828 79
1616666735706 0.10734428712226779 80
1616666860845 0.10688398338078128 81
1616666986010 0.10643752365903313 82
1616667111369 0.10599248556173928 83
1616667236461 0.10555017731724788 84
1616667361601 0.10511313227522805 85
1616667486567 0.10482273266032814 86
1616667611669 0.10453064193970718 87
1616667736908 0.10412596018743119 88
1616667862342 0.10372951509734837 89
1616667987876 0.10332413456780078 90
1616668113102 0.10292293688163474 91
1616668238279 0.10252455565878137 92
1616668363256 0.10212362128541362 93
1616668488512 0.10176199497373443 94
1616668613686 0.10137906777078005 95
1616668739102 0.10099919051190141 96
1616668864399 0.1006260547482441 97
1616668989417 0.10025474551145216 98
1616669114872 0.09988192599108241 99
1616669240100 0.09952589905461164 100
1616669365271 0.099176621091547 101
1616669490448 0.0988082168914302 102
1616669615818 0.09848235862645122 103
1616669740770 0.09813728998976606 104
1616669865992 0.09779526487674035 105
1616669991327 0.0974474197641003 106
1616670116528 0.09718346781863546 107
1616670242044 0.09689189634708897 108
1616670366964 0.09659641037949107 109
1616670492082 0.09627224285532561 110
1616670616987 0.09597149744009213 111
1616670742587 0.09564604375401282 112
1616670867860 0.09531151061007122 113
1616670992853 0.09503008201804483 114
1616671119064 0.0947210927840981 115
1616671244300 0.09441783785150011 116
1616671370712 0.0941125688927629 117
1616671499938 0.0938136298760596 118
1616671630132 0.09351087004484622 119
1616671756177 0.09320625351751409 120
1616671881982 0.09291970740661369 121
1616672008527 0.09262644736084343 122
1616672134705 0.09233672365110929 123
1616672260576 0.0920459527194183 124
1616672387238 0.09176037540078688 125
1616672513542 0.09154422006862042 126
1616672639403 0.09143395024318339 127
1616672765231 0.0911946112610143 128
1616672890550 0.09094735511598437 129
1616673016611 0.0906977858349006 130
1616673142976 0.09045777867486923 131
1616673269157 0.09018944689330272 132
1616673395493 0.08994632339676996 133
1616673521122 0.08968908053399356 134
1616673647523 0.08942686982431891 135
1616673774185 0.08918007546470283 136
1616673899922 0.08892335707130504 137
1616674026456 0.08867797238138399 138
1616674152893 0.08842993735146108 139
1616674278431 0.08818307029111762 140
1616674405316 0.08794231767380198 141
1616674530247 0.08771705363051664 142
1616674655295 0.0874736466325036 143
1616674780129 0.08723085859649689 144
1616674905403 0.08700067632462744 145
1616675030470 0.08676270724587357 146
1616675156248 0.08651230002680069 147
1616675281577 0.08629924895508635 148
1616675406390 0.08607295659562271 149
1616675531132 0.08583727238532611 150
1616675655786 0.08561546767476222 151
1616675780601 0.08539349258986259 152
1616675905398 0.08523805542949627 153
1616676030522 0.08508452544654878 154
1616676155871 0.08492254665737746 155
1616676281443 0.08472746737952103 156
1616676407395 0.08451447728519658 157
1616676532370 0.08431091610188728 158
1616676657321 0.08412714151905831 159
1616676782659 0.08393249022933785 160
1616676911017 0.08388447958857628 161
1616677036999 0.08376327445571316 162
1616677162144 0.08357617379385847 163
1616677287273 0.08339115248291697 164
1616677413320 0.08319650492733557 165
1616677539153 0.08297840139123457 166
1616677664495 0.08278700517074855 167
1616677789673 0.08257594799173121 168
1616677914726 0.08237955141917468 169
1616678039838 0.08218098721796403 170
1616678165597 0.08196640518569526 171
1616678290633 0.08176843047759627 172
1616678415680 0.0815639248917594 173
1616678541197 0.08136419489334329 174
1616678666065 0.08116053813086449 175
1616678790701 0.08096179069709586 176
1616678915738 0.0807600081911074 177
1616679040594 0.08056563905335216 178
1616679165552 0.08036445960887965 179
1616679290463 0.08017252004668476 180
1616679415224 0.07997792084342722 181
1616679540135 0.07978588814927623 182
1616679664669 0.07960039926022996 183
1616679789403 0.079411060549533 184
1616679914323 0.07923978466491143 185
1616680039266 0.07904751242640398 186
1616680163928 0.07886538987674893 187
1616680294980 0.07869304106965513 188
1616680420407 0.07852641937947619 189
1616680545552 0.07836337669982747 190
1616680670916 0.0781841334947843 191
1616680796319 0.07801780785947196 192
1616680921598 0.07784355106010965 193
1616681046954 0.07767544583444402 194
1616681172724 0.07751751758278108 195
1616681298828 0.07733722177247324 196
1616681424021 0.07715713426345858 197
1616681548966 0.07698638608800057 198
1616681674139 0.07682542443998712 199
1616681799435 0.07665166140047865 200
1616681924457 0.07649529206076816 201
1616682049923 0.07632637976122826 202
1616682174865 0.07617632892772688 203
1616682299979 0.07601163454342208 204
1616682425855 0.0758510443330118 205
1616682552314 0.07569076412038907 206
1616682678117 0.07552945435246444 207
1616682803577 0.07537411528969529 208
1616682928669 0.07523406831629709 209
1616683054602 0.07509503672656365 210
1616683180420 0.07493670469479703 211
1616683306083 0.07478917494069047 212
1616683431324 0.07463420880018595 213
1616683556164 0.07447171039535547 214
1616683681373 0.07431910792342736 215
1616683806571 0.0741659909693508 216
1616683932142 0.07401868697890669 217
1616684057468 0.07386278431286408 218
1616684183007 0.07371802175934543 219
1616684309962 0.07357977012764472 220
1616684436359 0.07342806357227355 221
1616684561884 0.07327933757803254 222
1616684688046 0.07313304981301709 223
1616684813984 0.07297812372256711 224
1616684940219 0.07283984760023796 225
1616685065874 0.07269403203172743 226
1616685191063 0.0725560733636882 227
1616685317532 0.07240870464006498 228
1616685442929 0.07227193535159959 229
1616685568485 0.07212213645929805 230
1616685694343 0.07199821412968685 231
1616685819794 0.07186875462819665 232
1616685944974 0.07173378937807431 233
1616686071182 0.0715946257299073 234
1616686196592 0.07145654297041854 235
1616686322224 0.07131074735383447 236
1616686448570 0.07118172450655505 237
1616686575065 0.07106993809029982 238
1616686700043 0.07095980195056958 239
1616686825146 0.07083756681133717 240
1616686950137 0.0706995852700665 241
1616687075461 0.07056091007995995 242
1616687200878 0.07043705573134133 243
1616687325818 0.07030516343095827 244
1616687451048 0.07029095433058423 245
1616687576549 0.07022114740391007 246
1616687702922 0.07011938800092615 247
1616687829161 0.06999735594361428 248
1616687956307 0.06987281593268221 249
