1616656701643 0.5307514853577348 0
1616656701644 0.5307514853577348 0
1616656828417 0.6128836333011078 1
1616656828419 0.6128836333011078 1
1616656954426 0.663051276254106 2
1616656954428 0.663051276254106 2
1616657080130 0.6894383532463565 3
1616657080132 0.6894383532463565 3
1616657205897 0.704568718105401 4
1616657205900 0.704568718105401 4
1616657331779 0.7199031779294254 5
1616657331781 0.7199031779294254 5
1616657457277 0.7288521482025543 6
1616657457279 0.7288521482025543 6
1616657582817 0.7391066209573647 7
1616657582819 0.7391066209573647 7
1616657708458 0.7484973257581068 8
1616657708460 0.7484973257581068 8
1616657833695 0.757109159673626 9
1616657833698 0.757109159673626 9
1616657960216 0.7599045247172445 10
1616657960219 0.7599045247172445 10
1616658085568 0.7661339024479475 11
1616658085570 0.7661339024479475 11
1616658211352 0.7707106501048179 12
1616658211354 0.7707106501048179 12
1616658336760 0.776261674754414 13
1616658336762 0.776261674754414 13
1616658462052 0.780586101885279 14
1616658462054 0.780586101885279 14
1616658587803 0.7846039294830955 15
1616658587806 0.7846039294830955 15
1616658713109 0.7886164083005468 16
1616658713111 0.7886164083005468 16
1616658838412 0.7921637125816167 17
1616658838414 0.7921637125816167 17
1616658964050 0.7944761244332783 18
1616658964052 0.7944761244332783 18
1616659089380 0.7965191695752785 19
1616659089382 0.7965191695752785 19
1616659215205 0.7993425880273648 20
1616659215207 0.7993425880273648 20
1616659340902 0.8021817517314457 21
1616659340904 0.8021817517314457 21
1616659466753 0.8048514537059065 22
1616659466755 0.8048514537059065 22
1616659592614 0.8071730630994779 23
1616659592617 0.8071730630994779 23
1616659718292 0.8091506927121839 24
1616659718294 0.8091506927121839 24
1616659843727 0.8111585455403085 25
1616659843729 0.8111585455403085 25
1616659969370 0.8131717315292138 26
1616659969372 0.8131717315292138 26
1616660095146 0.8149351287956464 27
1616660095149 0.8149351287956464 27
1616660220240 0.8168613021082841 28
1616660220242 0.8168613021082841 28
1616660345421 0.8187490329987095 29
1616660345423 0.8187490329987095 29
1616660470706 0.82067231048433 30
1616660470708 0.82067231048433 30
1616660595886 0.8224221599244205 31
1616660595888 0.8224221599244205 31
1616660720930 0.8240585044396751 32
1616660720933 0.8240585044396751 32
1616660846537 0.8254274284469907 33
1616660846540 0.8254274284469907 33
1616660972085 0.8268591257663039 34
1616660972087 0.8268591257663039 34
1616661097226 0.828340991239062 35
1616661097228 0.828340991239062 35
1616661222841 0.8290032099343763 36
1616661222843 0.8290032099343763 36
1616661348330 0.8297925472239087 37
1616661348333 0.8297925472239087 37
1616661473888 0.8307980544824898 38
1616661473890 0.8307980544824898 38
1616661599286 0.8319986679052663 39
1616661599288 0.8319986679052663 39
1616661724753 0.832997340880679 40
1616661724756 0.832997340880679 40
1616661849695 0.8338236660290261 41
1616661849697 0.8338236660290261 41
1616661974874 0.8348553675061805 42
1616661974876 0.8348553675061805 42
1616662099788 0.8359859417364135 43
1616662099790 0.8359859417364135 43
1616662224738 0.8370609954102035 44
1616662224740 0.8370609954102035 44
1616662349985 0.838107029360019 45
1616662349988 0.838107029360019 45
1616662475102 0.8390588979809238 46
1616662475105 0.8390588979809238 46
1616662600629 0.8393558071500539 47
1616662600631 0.8393558071500539 47
1616662726626 0.8399102733513287 48
1616662726629 0.8399102733513287 48
1616662851876 0.8406750604444047 49
1616662851878 0.8406750604444047 49
1616662977575 0.8413460740244075 50
1616662977577 0.8413460740244075 50
1616663103920 0.8421334782383924 51
1616663103922 0.8421334782383924 51
1616663229276 0.8427451732691003 52
1616663229278 0.8427451732691003 52
1616663354534 0.8431320422868723 53
1616663354536 0.8431320422868723 53
1616663479705 0.8438767376902662 54
1616663479707 0.8438767376902662 54
1616663604785 0.8446396665197821 55
1616663604788 0.8446396665197821 55
1616663730158 0.8453156585570049 56
1616663730161 0.8453156585570049 56
1616663855570 0.8459823136888476 57
1616663855572 0.8459823136888476 57
1616663980619 0.8464140444534797 58
1616663980622 0.8464140444534797 58
1616664105677 0.8470429024082077 59
1616664105679 0.8470429024082077 59
1616664230860 0.8477029209329845 60
1616664230862 0.8477029209329845 60
1616664356099 0.8483861845390914 61
1616664356102 0.8483861845390914 61
1616664481237 0.849003225464081 62
1616664481239 0.849003225464081 62
1616664606396 0.8496831392153774 63
1616664606398 0.8496831392153774 63
1616664731948 0.85028941141825 64
1616664731950 0.85028941141825 64
1616664856960 0.8509372700097284 65
1616664856962 0.8509372700097284 65
1616664982271 0.8515795483974884 66
1616664982274 0.8515795483974884 66
1616665107536 0.8522162106473501 67
1616665107538 0.8522162106473501 67
1616665232641 0.852794171916416 68
1616665232643 0.852794171916416 68
1616665357988 0.8533351737698119 69
1616665357990 0.8533351737698119 69
1616665483308 0.8538345430163764 70
1616665483311 0.8538345430163764 70
1616665608339 0.8542841568864648 71
1616665608341 0.8542841568864648 71
1616665733315 0.8548094728284827 72
1616665733317 0.8548094728284827 72
1616665858465 0.8553075811161291 73
1616665858467 0.8553075811161291 73
1616665983937 0.8558122980106598 74
1616665983940 0.8558122980106598 74
1616666109062 0.8563370414989954 75
1616666109065 0.8563370414989954 75
1616666234698 0.8568490181455062 76
1616666234701 0.8568490181455062 76
1616666359786 0.8572527425177905 77
1616666359789 0.8572527425177905 77
1616666484780 0.8576461429658998 78
1616666484783 0.8576461429658998 78
1616666610115 0.8581411817921725 79
1616666610117 0.8581411817921725 79
1616666735708 0.8586438416861467 80
1616666735711 0.8586438416861467 80
1616666860847 0.8591073353516474 81
1616666860849 0.8591073353516474 81
1616666986012 0.8595879578918708 82
1616666986015 0.8595879578918708 82
1616667111371 0.860037519523691 83
1616667111373 0.860037519523691 83
1616667236463 0.8605025826353717 84
1616667236466 0.8605025826353717 84
1616667361604 0.8609555315727877 85
1616667361606 0.8609555315727877 85
1616667486569 0.8612681826646469 86
1616667486571 0.8612681826646469 86
1616667611671 0.8615837096661957 87
1616667611673 0.8615837096661957 87
1616667736911 0.8620157521318875 88
1616667736913 0.8620157521318875 88
1616667862344 0.8624381766355737 89
1616667862347 0.8624381766355737 89
1616667987878 0.8628705287747381 90
1616667987880 0.8628705287747381 90
1616668113105 0.8632968262174133 91
1616668113107 0.8632968262174133 91
1616668238282 0.8637176065769596 92
1616668238284 0.8637176065769596 92
1616668363258 0.8641406586194044 93
1616668363261 0.8641406586194044 93
1616668488515 0.8645395533834134 94
1616668488517 0.8645395533834134 94
1616668613688 0.8649375557878175 95
1616668613691 0.8649375557878175 95
1616668739104 0.8653477178241575 96
1616668739106 0.8653477178241575 96
1616668864402 0.8657498112026987 97
1616668864404 0.8657498112026987 97
1616668989419 0.8661358748906863 98
1616668989422 0.8661358748906863 98
1616669114874 0.8665275361371646 99
1616669114876 0.8665275361371646 99
1616669240102 0.8669054084716001 100
1616669240104 0.8669054084716001 100
1616669365273 0.8672782280665512 101
1616669365275 0.8672782280665512 101
1616669490451 0.867659283805238 102
1616669490453 0.867659283805238 102
1616669615820 0.8680024006800446 103
1616669615822 0.8680024006800446 103
1616669740772 0.8683767311386882 104
1616669740775 0.8683767311386882 104
1616669865994 0.8687384262625827 105
1616669865996 0.8687384262625827 105
1616669991329 0.8691001007571705 106
1616669991331 0.8691001007571705 106
1616670116530 0.869376854620114 107
1616670116533 0.869376854620114 107
1616670242046 0.8696942281848536 108
1616670242048 0.8696942281848536 108
1616670366966 0.8700137073572737 109
1616670366968 0.8700137073572737 109
1616670492084 0.8703583657243276 110
1616670492087 0.8703583657243276 110
1616670616990 0.8706911196704467 111
1616670616992 0.8706911196704467 111
1616670742589 0.8710368415141371 112
1616670742591 0.8710368415141371 112
1616670867862 0.8713803407402881 113
1616670867864 0.8713803407402881 113
1616670992856 0.8717042169202466 114
1616670992858 0.8717042169202466 114
1616671119067 0.8720339889707279 115
1616671119070 0.8720339889707279 115
1616671244303 0.8723659451862057 116
1616671244306 0.8723659451862057 116
1616671370714 0.8727041636825854 117
1616671370716 0.8727041636825854 117
1616671499941 0.8730169072434318 118
1616671499943 0.8730169072434318 118
1616671630135 0.8733410473066314 119
1616671630137 0.8733410473066314 119
1616671756179 0.8736745086498202 120
1616671756182 0.8736745086498202 120
1616671881984 0.873984118969556 121
1616671881987 0.873984118969556 121
1616672008530 0.8742922981640806 122
1616672008532 0.8742922981640806 122
1616672134708 0.8746102167932767 123
1616672134710 0.8746102167932767 123
1616672260578 0.8749153488974752 124
1616672260581 0.8749153488974752 124
1616672387241 0.8752178046241034 125
1616672387243 0.8752178046241034 125
1616672513544 0.8754618190768296 126
1616672513547 0.8754618190768296 126
1616672639406 0.8755790306615742 127
1616672639408 0.8755790306615742 127
1616672765233 0.8758426141628667 128
1616672765236 0.8758426141628667 128
1616672890552 0.8761092617155564 129
1616672890555 0.8761092617155564 129
1616673016613 0.8763799023318332 130
1616673016615 0.8763799023318332 130
1616673142978 0.8766401162229454 131
1616673142981 0.8766401162229454 131
1616673269159 0.8769293911903004 132
1616673269162 0.8769293911903004 132
1616673395496 0.8772035304736261 133
1616673395498 0.8772035304736261 133
1616673521124 0.8774833160052983 134
1616673521127 0.8774833160052983 134
1616673647526 0.8777638807861449 135
1616673647528 0.8777638807861449 135
1616673774188 0.8780339218178655 136
1616673774190 0.8780339218178655 136
1616673899924 0.8783142579166435 137
1616673899926 0.8783142579166435 137
1616674026458 0.8785731690458202 138
1616674026461 0.8785731690458202 138
1616674152895 0.8788470015891217 139
1616674152898 0.8788470015891217 139
1616674278433 0.8791211390237507 140
1616674278436 0.8791211390237507 140
1616674405319 0.879377203685563 141
1616674405321 0.879377203685563 141
1616674530250 0.8796318942365962 142
1616674530253 0.8796318942365962 142
1616674655297 0.8798989019670524 143
1616674655300 0.8798989019670524 143
1616674780131 0.8801680945618817 144
1616674780133 0.8801680945618817 144
1616674905405 0.8804190035737974 145
1616674905408 0.8804190035737974 145
1616675030473 0.8806699502698347 146
1616675030475 0.8806699502698347 146
1616675156250 0.8809385941249909 147
1616675156253 0.8809385941249909 147
1616675281579 0.881172186374041 148
1616675281581 0.881172186374041 148
1616675406392 0.8814307363214118 149
1616675406395 0.8814307363214118 149
1616675531135 0.881690499689076 150
1616675531138 0.881690499689076 150
1616675655788 0.8819331597423232 151
1616675655791 0.8819331597423232 151
1616675780603 0.8821768587175254 152
1616675780606 0.8821768587175254 152
1616675905400 0.882338059381995 153
1616675905403 0.882338059381995 153
1616676030524 0.8824977204826551 154
1616676030527 0.8824977204826551 154
1616676155873 0.882670720442591 155
1616676155876 0.882670720442591 155
1616676281445 0.882887541334912 156
1616676281448 0.882887541334912 156
1616676407397 0.8831157568864346 157
1616676407400 0.8831157568864346 157
1616676532372 0.883323817904742 158
1616676532375 0.883323817904742 158
1616676657324 0.883519065257152 159
1616676657326 0.883519065257152 159
1616676782661 0.8837235225062141 160
1616676782663 0.8837235225062141 160
1616676911019 0.8837946219579763 161
1616676911021 0.8837946219579763 161
1616677037001 0.8839382567653483 162
1616677037004 0.8839382567653483 162
1616677162146 0.8841459329747104 163
1616677162149 0.8841459329747104 163
1616677287276 0.8843458642119424 164
1616677287278 0.8843458642119424 164
1616677413323 0.8845580478938776 165
1616677413325 0.8845580478938776 165
1616677539155 0.88478389701678 166
1616677539158 0.88478389701678 166
1616677664497 0.8849991659718833 167
1616677664500 0.8849991659718833 167
1616677789675 0.8852298295772449 168
1616677789677 0.8852298295772449 168
1616677914728 0.8854480894619648 169
1616677914731 0.8854480894619648 169
1616678039841 0.885667832863697 170
1616678039843 0.885667832863697 170
1616678165600 0.8858940835962076 171
1616678165602 0.8858940835962076 171
1616678290636 0.8861121917881422 172
1616678290638 0.8861121917881422 172
1616678415683 0.8863401566347708 173
1616678415686 0.8863401566347708 173
1616678541199 0.8865597683951395 174
1616678541201 0.8865597683951395 174
1616678666067 0.886772946769748 175
1616678666070 0.886772946769748 175
1616678790704 0.8869958803090897 176
1616678790706 0.8869958803090897 176
1616678915740 0.8872139973254768 177
1616678915743 0.8872139973254768 177
1616679040596 0.8874202467368411 178
1616679040598 0.8874202467368411 178
1616679165554 0.8876343495508933 179
1616679165557 0.8876343495508933 179
1616679290465 0.8878500704704554 180
1616679290468 0.8878500704704554 180
1616679415226 0.8880630150603802 181
1616679415229 0.8880630150603802 181
1616679540138 0.8882723991145363 182
1616679540140 0.8882723991145363 182
1616679664672 0.8884752593110129 183
1616679664674 0.8884752593110129 183
1616679789405 0.888679827726516 184
1616679789408 0.888679827726516 184
1616679914326 0.8888755696205949 185
1616679914328 0.8888755696205949 185
1616680039268 0.8890861595299446 186
1616680039271 0.8890861595299446 186
1616680163930 0.8892846716277891 187
1616680163932 0.8892846716277891 187
1616680294982 0.8894702819308725 188
1616680294985 0.8894702819308725 188
1616680420410 0.8896546727231255 189
1616680420412 0.8896546727231255 189
1616680545555 0.8898320893716976 190
1616680545557 0.8898320893716976 190
1616680670919 0.8900202610677829 191
1616680670921 0.8900202610677829 191
1616680796322 0.8901988323668342 192
1616680796324 0.8901988323668342 192
1616680921601 0.8903925732908313 193
1616680921604 0.8903925732908313 193
1616681046957 0.8905780527120118 194
1616681046960 0.8905780527120118 194
1616681172727 0.89075618243073 195
1616681172729 0.89075618243073 195
1616681298831 0.89094632473236 196
1616681298833 0.89094632473236 196
1616681424023 0.8911387002706933 197
1616681424026 0.8911387002706933 197
1616681548968 0.8913219302117673 198
1616681548970 0.8913219302117673 198
1616681674141 0.8914949000657792 199
1616681674144 0.8914949000657792 199
1616681799438 0.8916838157140927 200
1616681799440 0.8916838157140927 200
1616681924459 0.891856001888113 201
1616681924462 0.891856001888113 201
1616682049925 0.8920445573015611 202
1616682049928 0.8920445573015611 202
1616682174867 0.8922096951617238 203
1616682174870 0.8922096951617238 203
1616682299982 0.8923915111328119 204
1616682299984 0.8923915111328119 204
1616682425858 0.8925667064241791 205
1616682425860 0.8925667064241791 205
1616682552317 0.8927394341240606 206
1616682552319 0.8927394341240606 206
1616682678120 0.8929152224057191 207
1616682678122 0.8929152224057191 207
1616682803579 0.893076179244583 208
1616682803582 0.893076179244583 208
1616682928671 0.8932367235503443 209
1616682928674 0.8932367235503443 209
1616683054605 0.8933880189998263 210
1616683054607 0.8933880189998263 210
1616683180422 0.8935612554700224 211
1616683180424 0.8935612554700224 211
1616683306085 0.8937289724047542 212
1616683306088 0.8937289724047542 212
1616683431326 0.8938987202855031 213
1616683431329 0.8938987202855031 213
1616683556166 0.8940763935214039 214
1616683556169 0.8940763935214039 214
1616683681376 0.8942447419911046 215
1616683681378 0.8942447419911046 215
1616683806574 0.8944088600765957 216
1616683806577 0.8944088600765957 216
1616683932144 0.8945799494522412 217
1616683932147 0.8945799494522412 217
1616684057472 0.8947494622124862 218
1616684057474 0.8947494622124862 218
1616684183009 0.894905885999565 219
1616684183012 0.894905885999565 219
1616684309965 0.8950589766724446 220
1616684309967 0.8950589766724446 220
1616684436361 0.8952230381921065 221
1616684436363 0.8952230381921065 221
1616684561887 0.8953837633399636 222
1616684561889 0.8953837633399636 222
1616684688049 0.8955439825904028 223
1616684688051 0.8955439825904028 223
1616684813986 0.8957114264939116 224
1616684813988 0.8957114264939116 224
1616684940222 0.8958589703340656 225
1616684940224 0.8958589703340656 225
1616685065878 0.8960226796408345 226
1616685065880 0.8960226796408345 226
1616685191065 0.8961792984860683 227
1616685191067 0.8961792984860683 227
1616685317535 0.896338001181508 228
1616685317538 0.896338001181508 228
1616685442931 0.8964883456769404 229
1616685442934 0.8964883456769404 229
1616685568488 0.896648692251008 230
1616685568490 0.896648692251008 230
1616685694345 0.8967910084356311 231
1616685694347 0.8967910084356311 231
1616685819796 0.8969318788964465 232
1616685819799 0.8969318788964465 232
1616685944976 0.8970825036214476 233
1616685944979 0.8970825036214476 233
1616686071185 0.8972381457382316 234
1616686071187 0.8972381457382316 234
1616686196595 0.8973875887801583 235
1616686196597 0.8973875887801583 235
1616686322227 0.8975443020081183 236
1616686322229 0.8975443020081183 236
1616686448573 0.89768349607622 237
1616686448576 0.89768349607622 237
1616686575067 0.8978056241976091 238
1616686575071 0.8978056241976091 238
1616686700046 0.8979285493822796 239
1616686700048 0.8979285493822796 239
1616686825149 0.8980589678057116 240
1616686825151 0.8980589678057116 240
1616686950139 0.8982060124705047 241
1616686950142 0.8982060124705047 241
1616687075464 0.8983515716586981 242
1616687075466 0.8983515716586981 242
1616687200881 0.8984881415131046 243
1616687200883 0.8984881415131046 243
1616687325821 0.8986370618543146 244
1616687325824 0.8986370618543146 244
1616687451050 0.8986572605801926 245
1616687451052 0.8986572605801926 245
1616687576552 0.898736177271717 246
1616687576554 0.898736177271717 246
1616687702924 0.8988497004859833 247
1616687702927 0.8988497004859833 247
1616687829163 0.8989804104945465 248
1616687829165 0.8989804104945465 248
1616687956309 0.8991164021807391 249
1616687956311 0.8991164021807391 249
