1616656701636 0.5307514853577348 0
1616656828411 0.695015781244481 1
1616656954420 0.7633865621601024 2
1616657080124 0.768599584223108 3
1616657205891 0.7650901775415788 4
1616657331773 0.7965754770495473 5
1616657457270 0.7825459698413281 6
1616657582811 0.8108879302410369 7
1616657708451 0.823622964164044 8
1616657833690 0.8346156649132992 9
1616657960210 0.7878581751534279 10
1616658085561 0.8346570574856819 11
1616658211345 0.8256316219872617 12
1616658336753 0.8484249951991629 13
1616658462045 0.8411280817173897 14
1616658587796 0.8448713434503433 15
1616658713102 0.852816069379766 16
1616658838405 0.8524678853598047 17
1616658964043 0.8360995377631898 18
1616659089373 0.8353370272732795 19
1616659215198 0.8558109570690926 20
1616659340895 0.8618041895171429 21
1616659466746 0.8635848971440437 22
1616659592608 0.8605700791516202 23
1616659718285 0.8566138034171247 24
1616659843720 0.8613548662434233 25
1616659969363 0.8655145672407556 26
1616660095140 0.8625468549893257 27
1616660220233 0.8707941548621401 28
1616660345415 0.8734932288210443 29
1616660470699 0.8783706350529448 30
1616660595879 0.8766674925672248 31
1616660720923 0.8764215289278233 32
1616660846531 0.8706019206884059 33
1616660972079 0.8755368346229513 34
1616661097219 0.8802062827855983 35
1616661222833 0.8528430829656884 36
1616661348324 0.8589980269366122 37
1616661473882 0.8690073303085692 38
1616661599279 0.8788225913935519 39
1616661724747 0.8729442598971915 40
1616661849688 0.8677029971112596 41
1616661974867 0.8781868295466646 42
1616662099780 0.884600633636434 43
1616662224732 0.8843633570569627 44
1616662349979 0.8851785571017163 45
1616662475096 0.8828448545425496 46
1616662600623 0.8533105380991672 47
1616662726620 0.8665246510125221 48
1616662851869 0.8781496280051292 49
1616662977568 0.8748967530245476 50
1616663103913 0.8822910931516201 51
1616663229270 0.8745533148659036 52
1616663354527 0.8636361002287967 53
1616663479698 0.8840902894735336 54
1616663604778 0.8866007521431497 55
1616663730151 0.8831712126414827 56
1616663855563 0.8839816562038787 57
1616663980612 0.8714544288021453 58
1616664105670 0.8841455217371595 59
1616664230853 0.8873040324195902 60
1616664356093 0.8900652645116157 61
1616664481231 0.8872597628134362 62
1616664606389 0.8925177055470487 63
1616664731941 0.8890908324020974 64
1616664856953 0.8930480784558236 65
1616664982265 0.8939699219896439 66
1616665107529 0.894872581388088 67
1616665232634 0.8920955382128979 68
1616665357981 0.8906643016541258 69
1616665483301 0.8887903902758943 70
1616665608332 0.8862067416627356 71
1616665733308 0.8926322206537775 72
1616665858458 0.8916694861143193 73
1616665983931 0.8931613482059316 74
1616666109056 0.895692803124164 75
1616666234691 0.8957592432803296 76
1616666359779 0.8883395191836865 77
1616666484774 0.8883313779184159 78
1616666610108 0.8972492490677123 79
1616666735702 0.8988566332040949 80
1616666860840 0.8966503222572043 81
1616666986006 0.8989990061901986 82
1616667111363 0.8973511349647603 83
1616667236455 0.8995678840165443 84
1616667361597 0.8994561912531548 85
1616667486561 0.8881561765645413 86
1616667611664 0.8890345588009408 87
1616667736904 0.9000354891127729 88
1616667862338 0.9000339574636297 89
1616667987871 0.9017822212995367 90
1616668113097 0.9020898935008557 91
1616668238275 0.9024293996552204 92
1616668363251 0.9034844985667695 93
1616668488508 0.9020356612002596 94
1616668613682 0.9027477842062077 95
1616668739097 0.9047232733127919 96
1616668864395 0.9047528689211988 97
1616668989412 0.9039701163134677 98
1616669114868 0.9053019995385028 99
1616669240095 0.904692641915159 100
1616669365267 0.9049330071565953 101
1616669490443 0.9065269691512939 102
1616669615813 0.9033434387851269 103
1616669740765 0.907307098837609 104
1616669865986 0.9067164142715171 105
1616669991322 0.9074375971834711 106
1616670116524 0.8989895179550699 107
1616670242039 0.9039705731767289 108
1616670366960 0.9048369371510566 109
1616670492078 0.9082707861002456 110
1616670616983 0.9076268076896667 111
1616670742582 0.9097576880074562 112
1616670867855 0.9101957532953708 113
1616670992848 0.9086261014354989 114
1616671119051 0.9099577747760935 115
1616671244296 0.9108728661816171 116
1616671370707 0.9122757277590163 117
1616671499930 0.9099206474233181 118
1616671630119 0.9119137148273752 119
1616671756165 0.9136898698324852 120
1616671881970 0.9114469676575763 121
1616672008514 0.9118901598960796 122
1616672134693 0.9137142081844046 123
1616672260571 0.9127517298181006 124
1616672387233 0.9130247704526211 125
1616672513537 0.9062076401203236 126
1616672639398 0.8904649019241333 127
1616672765226 0.9095813023283127 128
1616672890545 0.9105067960125335 129
1616673016606 0.911563182447819 130
1616673142972 0.910728135958631 131
1616673269152 0.9151136868811668 132
1616673395489 0.9136640551559468 133
1616673521117 0.9149745772493646 134
1616673647518 0.9156401262004324 135
1616673774181 0.9147595021318882 136
1616673899917 0.916720303449225 137
1616674026451 0.9143029048721841 138
1616674152888 0.9169097251080452 139
1616674278426 0.9175003798718148 140
1616674405311 0.9154823210011137 141
1616674530243 0.9157979524833091 142
1616674655290 0.9180810074222848 143
1616674780124 0.9189318282173035 144
1616674905398 0.9168008103015575 145
1616675030465 0.9173081678912994 146
1616675156243 0.9204292408329375 147
1616675281572 0.9157438392334796 148
1616675406385 0.9199546784796613 149
1616675531128 0.9206550048386797 150
1616675655781 0.9185748277826512 151
1616675780595 0.9192191029482699 152
1616675905393 0.9070017610458617 153
1616676030516 0.9070855299843118 154
1616676155866 0.909485714232668 155
1616676281438 0.9167116005369957 156
1616676407389 0.9189455984754765 157
1616676532365 0.9161974587973128 158
1616676657316 0.9145633942903356 159
1616676782655 0.9164366823561648 160
1616676911012 0.8952416336916863 161
1616677036994 0.9072070955596072 162
1616677162139 0.9179971551007413 163
1616677287268 0.9171345871179661 164
1616677413316 0.9195683554131934 165
1616677539148 0.922274851418556 166
1616677664490 0.9209490814741622 167
1616677789668 0.9239813152779924 168
1616677914721 0.9223340099796336 169
1616678039833 0.9230242111581437 170
1616678165592 0.9245829588555275 171
1616678290628 0.9236268008008917 172
1616678415676 0.9257780751015278 173
1616678541193 0.9247722146992988 174
1616678666060 0.9240791623262649 175
1616678790697 0.9262321832332205 176
1616678915733 0.9258207092259793 177
1616679040589 0.9241326419596977 178
1616679165547 0.9259587532662331 179
1616679290458 0.9266798359916565 180
1616679415219 0.9266059858367798 181
1616679540131 0.9263802969709356 182
1616679664665 0.9255986752662253 183
1616679789398 0.9263204161791091 184
1616679914318 0.9250878200252005 185
1616680039260 0.9282558826690025 186
1616680163923 0.9264064339247156 187
1616680294971 0.92436501891055 188
1616680420402 0.9245045324589344 189
1616680545546 0.9235412526003858 190
1616680670912 0.9259610550200685 191
1616680796314 0.924484521784681 192
1616680921593 0.9277845716222803 193
1616681046949 0.9265610604210103 194
1616681172719 0.9254914775807807 195
1616681298824 0.9282142158518446 196
1616681424016 0.9290366813223413 197
1616681548961 0.9276014585444268 198
1616681674134 0.9259159010141453 199
1616681799430 0.929466945376802 200
1616681924452 0.9264654228661923 201
1616682049918 0.9301327508180699 202
1616682174859 0.9257326807747496 203
1616682299975 0.9294819692347912 204
1616682425850 0.9284817411544475 205
1616682552310 0.9283213402996672 206
1616682678112 0.9293033967089983 207
1616682803572 0.9265552017282932 208
1616682928663 0.9267904834544405 209
1616683054597 0.9251600633910362 210
1616683180415 0.9301141506813942 211
1616683306078 0.9292849625678773 212
1616683431319 0.9300550188850042 213
1616683556159 0.932098466004197 214
1616683681368 0.9304396629767268 215
1616683806566 0.9298583665426742 216
1616683932137 0.9317063439673106 217
1616684057464 0.9317032439459116 218
1616684183002 0.9291626953698219 219
1616684309957 0.9287389247059609 220
1616684436355 0.9314806340373756 221
1616684561879 0.931064746164261 222
1616684688041 0.9312728754383452 223
1616684813978 0.9332188608798575 224
1616684940214 0.929056334368726 225
1616685065870 0.9330209829705827 226
1616685191057 0.9317317763541607 227
1616685317527 0.932522215741746 228
1616685442925 0.9309172351309594 229
1616685568480 0.9335284042865672 230
1616685694338 0.9296660470835706 231
1616685819788 0.9296138258056438 232
1616685944969 0.9321780645466865 233
1616686071177 0.9336584010656844 234
1616686196587 0.9325067036329432 235
1616686322220 0.9345286238066693 236
1616686448565 0.930672490216316 237
1616686575061 0.9268721170881962 238
1616686700038 0.9273076685185128 239
1616686825141 0.9293593894293968 240
1616686950132 0.9336437766856336 241
1616687075456 0.9335768952014598 242
1616687200873 0.9316746161339131 243
1616687325813 0.9349736251095508 244
1616687451042 0.9036059484202811 245
1616687576544 0.9181496833867215 246
1616687702917 0.9268899344097782 247
1616687829157 0.9313964926181956 248
1616687956291 0.9329783320426941 249
