1616656701639 inf 0
1616656828413 20.368630119910367 1
1616656954422 17.995669431754447 2
1616657080126 18.404059896881847 3
1616657205893 18.36533996625585 4
1616657331775 16.247889414328384 5
1616657457272 17.834432840179634 6
1616657582813 15.838451708914036 7
1616657708453 15.505615936816424 8
1616657833692 15.066498512269218 9
1616657960212 17.53609376325156 10
1616658085563 15.947180945455786 11
1616658211347 15.403989935392019 12
1616658336755 14.33550278279896 13
1616658462048 14.575335207018647 14
1616658587799 14.064951359658174 15
1616658713105 13.842820316097686 16
1616658838407 14.59175337149718 17
1616658964046 16.34403944178459 18
1616659089375 14.851665194589106 19
1616659215200 14.705983614161955 20
1616659340898 13.392685220274636 21
1616659466748 13.834560201188276 22
1616659592610 13.17629316331809 23
1616659718288 14.50780118164168 24
1616659843722 13.221387549586966 25
1616659969365 12.576834785643781 26
1616660095142 14.285553282723509 27
1616660220235 13.0627406288156 28
1616660345417 12.32930574693876 29
1616660470701 12.94973967091543 30
1616660595881 12.359821779589518 31
1616660720926 13.68117390003821 32
1616660846533 14.23065348302143 33
1616660972081 13.015507916398052 34
1616661097221 13.129525211623868 35
1616661222836 15.41944702602771 36
1616661348326 15.265925097884686 37
1616661473884 13.135931348807203 38
1616661599281 11.77975139642577 39
1616661724749 13.181491695753632 40
1616661849691 14.686366507419207 41
1616661974869 12.18052438162618 42
1616662099783 11.88179634000789 43
1616662224734 11.365381415244988 44
1616662349981 12.431018752101844 45
1616662475098 11.27287298609617 46
1616662600625 16.2355333062927 47
1616662726622 12.472221422336245 48
1616662851871 13.66010081235754 49
1616662977570 13.04483557916679 50
1616663103915 12.379692321740315 51
1616663229272 13.789242891309696 52
1616663354530 13.061729190874503 53
1616663479701 10.866857848823031 54
1616663604781 11.067832107456834 55
1616663730154 11.069722253372332 56
1616663855566 12.554253386193441 57
1616663980615 12.954116301035759 58
1616664105672 11.648058338053369 59
1616664230855 12.704053614415283 60
1616664356095 10.655183034046019 61
1616664481233 10.496891412654698 62
1616664606391 10.031969122998959 63
1616664731943 11.989309907534121 64
1616664856956 11.32588897906639 65
1616664982266 10.143700234565992 66
1616665107531 10.87798280882728 67
1616665232637 10.264603766295345 68
1616665357983 10.869876852674512 69
1616665483304 11.355960529101267 70
1616665608334 12.107641181682887 71
1616665733310 11.218491802645499 72
1616665858460 9.929547020371075 73
1616665983933 11.899935625969619 74
1616666109058 10.911545600132039 75
1616666234694 10.273618365896995 76
1616666359782 10.68305471246727 77
1616666484776 11.960191707149901 78
1616666610110 12.142570459379664 79
1616666735704 10.804187841705751 80
1616666860843 9.515419342500682 81
1616666986008 9.653729483351333 82
1616667111366 9.990188643076685 83
1616667236459 9.850524799293225 84
1616667361599 10.191035838528707 85
1616667486564 10.785529881072767 86
1616667611666 11.295310279967515 87
1616667736906 10.454391710103945 88
1616667862340 10.59999830094538 89
1616667987873 9.624587701118827 90
1616668113100 11.451541309438452 91
1616668238277 9.289118409858988 92
1616668363254 9.44828728214067 93
1616668488510 9.646268340450172 94
1616668613684 9.681761183602685 95
1616668739099 9.169564167541308 96
1616668864397 9.525617919484896 97
1616668989415 9.21823493145428 98
1616669114870 9.506374671756124 99
1616669240098 9.133970452906793 100
1616669365269 9.291236712975829 101
1616669490446 9.2298166926473 102
1616669615816 9.466735163814908 103
1616669740767 8.650447908478693 104
1616669865989 9.198983786583861 105
1616669991324 8.427035304452533 106
1616670116526 10.457143061336385 107
1616670242041 9.495540854185256 108
1616670366962 9.230311690583163 109
1616670492080 9.521898383016874 110
1616670616985 9.022138496337247 111
1616670742584 9.180727349819337 112
1616670867857 9.353135290428535 113
1616670992851 9.620558441224759 114
1616671119058 9.005888081596053 115
1616671244298 8.854949081513846 116
1616671370709 8.860062462068575 117
1616671499932 8.906110042913033 118
1616671630126 8.627447812551969 119
1616671756171 8.235627308825677 120
1616671881976 8.012938648851634 121
1616672008520 9.330834623846552 122
1616672134699 8.54418915765185 123
1616672260573 8.490172296679802 124
1616672387236 8.590474164818442 125
1616672513539 9.736066450339537 126
1616672639401 12.470539662741723 127
1616672765228 9.386836714620623 128
1616672890547 9.553497348872442 129
1616673016608 9.324523867972474 130
1616673142974 8.829457770745634 131
1616673269154 8.247975567047526 132
1616673395491 8.546546678368975 133
1616673521119 8.640725360822962 134
1616673647520 8.383047136997172 135
1616673774183 8.732053751685413 136
1616673899919 8.800110731171094 137
1616674026453 8.821457886961802 138
1616674152890 7.697445645342495 139
1616674278429 7.943569653827458 140
1616674405314 8.550401774727447 141
1616674530245 8.39370471298858 142
1616674655293 8.111078265736706 143
1616674780126 8.50096989037619 144
1616674905400 8.333961945638862 145
1616675030468 8.083899402020771 146
1616675156246 8.504308374216494 147
1616675281575 8.646955676092547 148
1616675406388 8.854865300349884 149
1616675531130 7.371397079332072 150
1616675655784 8.347694507639762 151
1616675780598 8.338379860157248 152
1616675905395 9.92612782519474 153
1616676030519 9.807174437010914 154
1616676155868 8.939775717492402 155
1616676281440 9.599399821652735 156
1616676407392 8.491714344250148 157
1616676532368 7.650969357259116 158
1616676657318 8.587509984142425 159
1616676782657 8.455907203771961 160
1616676911015 12.321092162180536 161
1616677036996 8.52673148307228 162
1616677162142 9.210095825539844 163
1616677287271 8.546659309361432 164
1616677413318 8.42903268594219 165
1616677539150 8.423477778150524 166
1616677664492 8.170684395014884 167
1616677789671 7.251795837501627 168
1616677914723 7.457293784343204 169
1616678039835 8.447974236512012 170
1616678165594 7.999894808164688 171
1616678290631 7.577714646326045 172
1616678415678 8.298433955080368 173
1616678541195 8.639459327059779 174
1616678666062 7.711665303711022 175
1616678790699 8.610709256629539 176
1616678915735 7.059670198226243 177
1616679040591 7.743805882125363 178
1616679165549 8.503041447872159 179
1616679290460 8.422558953920165 180
1616679415221 7.588604984529348 181
1616679540133 7.229001744704913 182
1616679664667 7.060054945080038 183
1616679789400 8.225955840766714 184
1616679914321 8.953161052331788 185
1616680039264 7.698159520843704 186
1616680163925 7.35153904326202 187
1616680294977 7.61640559931229 188
1616680420405 7.693574295921856 189
1616680545550 9.753075406104198 190
1616680670914 8.36136910863999 191
1616680796317 8.164317683024125 192
1616680921596 7.749925461538593 193
1616681046952 8.102930876405994 194
1616681172722 7.568648708194941 195
1616681298826 7.788409628121261 196
1616681424018 7.852877527392696 197
1616681548963 7.659359931597622 198
1616681674137 7.832050619207252 199
1616681799433 8.185648638613603 200
1616681924455 7.827019753077916 201
1616682049920 7.528836073058852 202
1616682174862 7.564099192135407 203
1616682299977 7.039268830321299 204
1616682425853 6.932820976128683 205
1616682552312 7.174872779226989 206
1616682678115 9.22607950369687 207
1616682803575 7.842149549041889 208
1616682928667 8.331879274098133 209
1616683054599 7.548746024245525 210
1616683180417 6.559445144422272 211
1616683306081 6.984558301306396 212
1616683431322 7.3614910270678 213
1616683556161 6.765482023222503 214
1616683681370 7.167391361290238 215
1616683806569 7.653698450617285 216
1616683932140 7.581954511838172 217
1616684057466 6.070744338315916 218
1616684183005 8.091978493004397 219
1616684309960 9.354191789399591 220
1616684436357 6.902271988652715 221
1616684561881 6.770503436833674 222
1616684688043 6.963394782662403 223
1616684813980 7.6007996212563995 224
1616684940217 7.476488200735799 225
1616685065872 7.045310769487208 226
1616685191060 7.4583244180079 227
1616685317530 7.517649376393048 228
1616685442927 6.710083849095233 229
1616685568482 6.826508628379068 230
1616685694341 6.966446058539103 231
1616685819791 6.784183241854639 232
1616685944971 7.329377693479682 233
1616686071180 6.383339724589725 234
1616686196589 7.312842877979473 235
1616686322222 7.135876461842125 236
1616686448568 7.32785284199599 237
1616686575063 8.76085574049217 238
1616686700041 8.31166411467211 239
1616686825143 7.464395895699771 240
1616686950135 6.46716396503624 241
1616687075458 6.231084517815368 242
1616687200876 6.877251762493065 243
1616687325816 6.785076751608508 244
1616687451045 10.330525562513616 245
1616687576546 9.431055099592909 246
1616687702919 9.244555698820783 247
1616687829159 7.625019241919544 248
1616687956299 7.1204238398251976 249
