1616656701604 0.4755229684425161 0
1616656828408 0.2635762031645851 1
1616656954417 0.1994060350066804 2
1616657080122 0.1902735636747898 3
1616657205889 0.19984068701717447 4
1616657331771 0.16390665065734944 5
1616657457268 0.18148987882948936 6
1616657582809 0.15398839571850098 7
1616657708449 0.13589900109837663 8
1616657833687 0.1263679668228043 9
1616657960207 0.17709657950128646 10
1616658085558 0.1288290348181382 11
1616658211342 0.13633022667404185 12
1616658336751 0.11472496396287325 13
1616658462043 0.12425113096833229 14
1616658587794 0.11606998436469981 15
1616658713099 0.11101398482284647 16
1616658838403 0.1102557626770849 17
1616658964041 0.1276534658440567 18
1616659089370 0.12759163087986886 19
1616659215195 0.1073069696691125 20
1616659340893 0.10085022394010361 21
1616659466744 0.1010954021575286 22
1616659592605 0.10431246812197756 23
1616659718282 0.10872123081316339 24
1616659843717 0.1058275331445831 25
1616659969361 0.0991101976523691 26
1616660095137 0.10158761386620871 27
1616660220231 0.094284986601548 28
1616660345412 0.09219254658339505 29
1616660470696 0.08705201023753653 30
1616660595876 0.08862453978508711 31
1616660720921 0.0893382911193878 32
1616660846528 0.09740243029800501 33
1616660972076 0.08964895128094136 34
1616661097216 0.08742214404442843 35
1616661222830 0.11298040457149135 36
1616661348321 0.10475121929924538 37
1616661473879 0.0951271837062024 38
1616661599277 0.08872985966662143 39
1616661724744 0.09405382334234867 40
1616661849686 0.09878373940653623 41
1616661974865 0.08690251025589223 42
1616662099778 0.08241952062049444 43
1616662224729 0.08339404982534494 44
1616662349976 0.08308382968398485 45
1616662475093 0.0822382448637422 46
1616662600621 0.11004142584081025 47
1616662726617 0.09847637028136152 48
1616662851867 0.09028877199013183 49
1616662977566 0.09013530215684404 50
1616663103910 0.08369510379084881 51
1616663229267 0.09174526433282076 52
1616663354522 0.10153671252996997 53
1616663479693 0.08386346505598184 54
1616663604774 0.07944744335923423 55
1616663730147 0.08345705514496311 56
1616663855558 0.08322835051791465 57
1616663980607 0.09424182643836483 58
1616664105666 0.08357525323616698 59
1616664230848 0.07980318016749113 60
1616664356088 0.07665562913059554 61
1616664481226 0.07849425138866013 62
1616664606385 0.07658193361489697 63
1616664731936 0.0778217520961102 64
1616664856948 0.07410482372692291 65
1616664982259 0.07376551572629746 66
1616665107524 0.07260973301735964 67
1616665232630 0.07579749414419874 68
1616665357976 0.07646996807307005 69
1616665483296 0.07872529448743196 70
1616665608327 0.08117852377843984 71
1616665733302 0.0750109079947814 72
1616665858454 0.07494779654402048 73
1616665983925 0.07573776355290666 74
1616666109051 0.07272328412596216 75
1616666234687 0.07257809591023846 76
1616666359775 0.07843309151444663 77
1616666484769 0.07898027580627735 78
1616666610103 0.06938266401436735 79
1616666735698 0.07002289391102944 80
1616666860835 0.06959938032037401 81
1616666986001 0.06982782647568495 82
1616667111359 0.06905432348634968 83
1616667236451 0.06839628477996969 84
1616667361592 0.06796430370354271 85
1616667486557 0.07984836577893571 86
1616667611659 0.0791187492456842 87
1616667736899 0.06851396598714463 88
1616667862332 0.06844590207997789 89
1616667987866 0.06683988690851851 90
1616668113093 0.06641394744052533 91
1616668238270 0.06587348315627017 92
1616668363246 0.06483672456221377 93
1616668488503 0.06776912167589082 94
1616668613678 0.06500098349011325 95
1616668739092 0.06453097365955089 96
1616668864390 0.06443188567348618 97
1616668989408 0.063866440305843 98
1616669114864 0.06297279347447639 99
1616669240091 0.0639232054075345 100
1616669365261 0.06389954682201782 101
1616669490438 0.06123098847951661 102
1616669615808 0.06491895733361548 103
1616669740760 0.062250151774509155 104
1616669865983 0.061882628009040305 105
1616669991317 0.060575837824255865 106
1616670116519 0.06894060965389648 107
1616670242035 0.06540217742006829 108
1616670366956 0.06438843991131858 109
1616670492072 0.060613815197126664 110
1616670616977 0.06258875634917553 111
1616670742578 0.059195230913130524 112
1616670867851 0.05750926534466921 113
1616670992844 0.06294722252703727 114
1616671119014 0.05918733088022217 115
1616671244294 0.0592402656701334 116
1616671370704 0.05839610072050957 117
1616671499923 0.05853882590506939 118
1616671630112 0.05748245013045504 119
1616671756158 0.05665227023765762 120
1616671881963 0.058247627987665064 121
1616672008507 0.05684872177687097 122
1616672134686 0.05670070735381005 123
1616672260568 0.05599035718973647 124
1616672387231 0.05606321057185848 125
1616672513535 0.06430864821564644 126
1616672639396 0.07742968241268015 127
1616672765223 0.06055922154337168 128
1616672890542 0.05905131240712201 129
1616673016603 0.058253779294008906 130
1616673142969 0.05901684071076043 131
1616673269150 0.054769651726522345 132
1616673395486 0.057610898357915115 133
1616673521114 0.05521853692195517 134
1616673647515 0.05402842401824099 135
1616673774178 0.05561604255691488 136
1616673899914 0.05375293717580907 137
1616674026448 0.054814885172279594 138
1616674152885 0.053953068192176365 139
1616674278423 0.053621681843032225 140
1616674405309 0.05399619863229863 141
1616674530240 0.05572955948399737 142
1616674655288 0.05266644591663746 143
1616674780121 0.05226938141153214 144
1616674905394 0.05362424690355646 145
1616675030462 0.05201922174780927 146
1616675156240 0.04970243882308615 147
1616675281570 0.05476769034136483 148
1616675406382 0.052355395035540805 149
1616675531125 0.05048464084083729 150
1616675655779 0.05212295637961398 151
1616675780593 0.0516532796851181 152
1616675905390 0.06145616989344992 153
1616676030514 0.06144090807263521 154
1616676155863 0.059815834335824276 155
1616676281435 0.054295100033917326 156
1616676407387 0.051075032476256506 157
1616676532362 0.05214824913901851 158
1616676657314 0.05490698284925299 159
1616676782653 0.05278828387406278 160
1616676911010 0.07615476642596594 161
1616677036991 0.06412804293188643 162
1616677162137 0.05307876591154553 163
1616677287266 0.053047657488508426 164
1616677413313 0.05107965825640775 165
1616677539144 0.04677321439846716 166
1616677664488 0.050823836349584955 167
1616677789666 0.047118341916815396 168
1616677914718 0.04918853065712338 169
1616678039831 0.04842507301215479 170
1616678165589 0.04527287766773333 171
1616678290625 0.04771678068457132 172
1616678415673 0.04618445854198108 173
1616678541190 0.04661117516893973 174
1616678666058 0.04552060469707593 175
1616678790694 0.045982242353815345 176
1616678915730 0.04504450463115218 177
1616679040586 0.04596793253291795 178
1616679165544 0.044353339048300654 179
1616679290455 0.04562339885160327 180
1616679415216 0.044755465053814524 181
1616679540128 0.04483593781379626 182
1616679664662 0.04565593256476395 183
1616679789396 0.04457273778129131 184
1616679914316 0.04755374600991924 185
1616680039258 0.0432848760640209 186
1616680163920 0.04480847309125548 187
1616680294964 0.04629146533602096 188
1616680420397 0.04703491993565509 189
1616680545542 0.04738526756657248 190
1616680670909 0.04394868133153687 191
1616680796311 0.04608328587950227 192
1616680921590 0.044211988783183886 193
1616681046946 0.045063032055313285 194
1616681172717 0.04672150850850851 195
1616681298821 0.041999242952133115 196
1616681424013 0.04167989498757301 197
1616681548958 0.043178247347315575 198
1616681674132 0.04479405648530798 199
1616681799428 0.041899053498785546 200
1616681924449 0.04506505477896079 201
1616682049915 0.042206095254167596 202
1616682174857 0.045716009726946026 203
1616682299972 0.04241398014524515 204
1616682425848 0.04293005119890292 205
1616682552307 0.04267304032010601 206
1616682678109 0.04213833239206925 207
1616682803569 0.043063590233709585 208
1616682928660 0.04596425087607287 209
1616683054594 0.045898402882541746 210
1616683180412 0.04152864599204127 211
1616683306075 0.04351286707010041 212
1616683431316 0.0416264208727219 213
1616683556156 0.03969705176163227 214
1616683681365 0.04150957645888024 215
1616683806564 0.04109272888881412 216
1616683932135 0.042053721052535034 217
1616684057461 0.03987600311557663 218
1616684182999 0.042015022538760875 219
1616684309954 0.0431644111534858 220
1616684436352 0.03990091483524822 221
1616684561876 0.0402621668565305 222
1616684688038 0.04051087821457297 223
1616684813975 0.0382746794617715 224
1616684940212 0.041727720076178615 225
1616685065866 0.03973971354834577 226
1616685191054 0.04123945571878489 227
1616685317524 0.038808635653967555 228
1616685442922 0.040951768293025645 229
1616685568476 0.03766839122994149 230
1616685694335 0.043372155989500435 231
1616685819785 0.04183415028246793 232
1616685944965 0.04028688609956744 233
1616686071174 0.03903033205882666 234
1616686196584 0.039007094490559814 235
1616686322216 0.036902981839994804 236
1616686448562 0.040603309701335556 237
1616686575059 0.04446477102155381 238
1616686700035 0.04463726455504273 239
1616686825138 0.041501133395557076 240
1616686950129 0.037446033823838897 241
1616687075452 0.037001514074174645 242
1616687200871 0.04034044901701681 243
1616687325810 0.038123442137495 244
1616687451039 0.06680972473894028 245
1616687576540 0.053048643442068964 246
1616687702913 0.0449848154638993 247
1616687829155 0.03973340573027096 248
1616687956284 0.03886235321059506 249
