1615883662174 0.661281673432286 0
1615883662176 0.661281673432286 0
1615883754963 0.6959265629455114 1
1615883754965 0.6959265629455114 1
1615883847273 0.7217691938777394 2
1615883847275 0.7217691938777394 2
1615883939779 0.7356635648444462 3
1615883939781 0.7356635648444462 3
1615884032214 0.7487217173619725 4
1615884032216 0.7487217173619725 4
1615884123664 0.7585670088037886 5
1615884123666 0.7585670088037886 5
1615884216140 0.7653144869560213 6
1615884216142 0.7653144869560213 6
1615884308229 0.7685290875604877 7
1615884308230 0.7685290875604877 7
1615884400607 0.7742318983543448 8
1615884400609 0.7742318983543448 8
1615884492875 0.7809816199160223 9
1615884492877 0.7809816199160223 9
1615884585049 0.7854296983721359 10
1615884585051 0.7854296983721359 10
1615884677369 0.7905719746819314 11
1615884677371 0.7905719746819314 11
1615884769617 0.7951147871682193 12
1615884769619 0.7951147871682193 12
1615884862209 0.7993776966472156 13
1615884862211 0.7993776966472156 13
1615884954684 0.8028765851057216 14
1615884954686 0.8028765851057216 14
1615885046859 0.8056544256040398 15
1615885046861 0.8056544256040398 15
1615885139061 0.8071533211869132 16
1615885139063 0.8071533211869132 16
1615885231102 0.8091712604835941 17
1615885231104 0.8091712604835941 17
1615885323147 0.81156044038933 18
1615885323149 0.81156044038933 18
1615885415128 0.8141110907621517 19
1615885415131 0.8141110907621517 19
1615885507455 0.8166038431511835 20
1615885507456 0.8166038431511835 20
1615885599629 0.8170705352735479 21
1615885599631 0.8170705352735479 21
1615885691825 0.8189569883946619 22
1615885691827 0.8189569883946619 22
1615885784288 0.8208739331996404 23
1615885784290 0.8208739331996404 23
1615885876462 0.8226966269019604 24
1615885876464 0.8226966269019604 24
1615885968637 0.8243928382169975 25
1615885968639 0.8243928382169975 25
1615886060715 0.8260310084578074 26
1615886060717 0.8260310084578074 26
1615886152494 0.8270768805308695 27
1615886152496 0.8270768805308695 27
1615886244481 0.8280547544109957 28
1615886244483 0.8280547544109957 28
1615886336229 0.8293708740437026 29
1615886336231 0.8293708740437026 29
1615886428323 0.8306525061382312 30
1615886428325 0.8306525061382312 30
1615886520193 0.8318789935086113 31
1615886520195 0.8318789935086113 31
1615886612364 0.8330499508857481 32
1615886612366 0.8330499508857481 32
1615886704046 0.8340163039917634 33
1615886704048 0.8340163039917634 33
1615886796000 0.8348621250465833 34
1615886796003 0.8348621250465833 34
1615886887956 0.8358513903807987 35
1615886887958 0.8358513903807987 35
1615886979737 0.8367971146671602 36
1615886979739 0.8367971146671602 36
1615887071631 0.8377817742675048 37
1615887071634 0.8377817742675048 37
1615887163563 0.8384235476707159 38
1615887163565 0.8384235476707159 38
1615887255475 0.8391559536468046 39
1615887255477 0.8391559536468046 39
1615887347479 0.8400001068886686 40
1615887347481 0.8400001068886686 40
1615887439155 0.8408190030985209 41
1615887439157 0.8408190030985209 41
1615887530774 0.8417081862933101 42
1615887530776 0.8417081862933101 42
1615887622649 0.8425771140312118 43
1615887622651 0.8425771140312118 43
1615887714438 0.8433567990287894 44
1615887714440 0.8433567990287894 44
1615887806623 0.8441621505378553 45
1615887806625 0.8441621505378553 45
1615887898507 0.844819068782997 46
1615887898509 0.844819068782997 46
1615887990371 0.8454008546668866 47
1615887990373 0.8454008546668866 47
1615888082057 0.8459904021125355 48
1615888082059 0.8459904021125355 48
1615888173814 0.8466602274061029 49
1615888173816 0.8466602274061029 49
1615888266311 0.8473550580724866 50
1615888266313 0.8473550580724866 50
1615888358442 0.8480626219468157 51
1615888358444 0.8480626219468157 51
1615888450514 0.8487361048984781 52
1615888450516 0.8487361048984781 52
1615888542774 0.8494217927884796 53
1615888542777 0.8494217927884796 53
1615888634806 0.8500895143887144 54
1615888634808 0.8500895143887144 54
1615888727226 0.8502517348264103 55
1615888727229 0.8502517348264103 55
1615888819543 0.8501632923785132 56
1615888819545 0.8501632923785132 56
1615888911351 0.8506233544919087 57
1615888911353 0.8506233544919087 57
1615889003170 0.8511218767476055 58
1615889003173 0.8511218767476055 58
1615889094967 0.8516181629445331 59
1615889094969 0.8516181629445331 59
1615889186872 0.8521284691044656 60
1615889186874 0.8521284691044656 60
1615889278895 0.8525498564163162 61
1615889278897 0.8525498564163162 61
1615889370860 0.8528933272123588 62
1615889370863 0.8528933272123588 62
1615889463054 0.8533292175233695 63
1615889463056 0.8533292175233695 63
1615889554899 0.8536949507316873 64
1615889554901 0.8536949507316873 64
1615889647085 0.8540644157559527 65
1615889647087 0.8540644157559527 65
1615889739025 0.8545404992602215 66
1615889739027 0.8545404992602215 66
1615889831429 0.8550259345916329 67
1615889831431 0.8550259345916329 67
1615889923676 0.8555066244839487 68
1615889923678 0.8555066244839487 68
1615890015434 0.8559953260076629 69
1615890015436 0.8559953260076629 69
1615890107635 0.8564660167971552 70
1615890107637 0.8564660167971552 70
1615890199299 0.8569463312756782 71
1615890199302 0.8569463312756782 71
1615890291352 0.8573878114358311 72
1615890291354 0.8573878114358311 72
1615890383402 0.8578687543907896 73
1615890383404 0.8578687543907896 73
1615890475478 0.8583550191531655 74
1615890475480 0.8583550191531655 74
1615890567307 0.8586087013737105 75
1615890567309 0.8586087013737105 75
1615890659125 0.8589813578240236 76
1615890659127 0.8589813578240236 76
1615890751002 0.8594045651582252 77
1615890751004 0.8594045651582252 77
1615890843047 0.8598119085464588 78
1615890843050 0.8598119085464588 78
1615890934799 0.8602475411131799 79
1615890934801 0.8602475411131799 79
1615891026453 0.8606926829680961 80
1615891026455 0.8606926829680961 80
1615891118248 0.8610869526310815 81
1615891118250 0.8610869526310815 81
1615891210044 0.8614165709358841 82
1615891210046 0.8614165709358841 82
1615891301894 0.8618112144911995 83
1615891301897 0.8618112144911995 83
1615891394018 0.862200934688959 84
1615891394021 0.862200934688959 84
1615891486060 0.8625885089059291 85
1615891486063 0.8625885089059291 85
1615891578068 0.8630019895031635 86
1615891578070 0.8630019895031635 86
1615891670018 0.8633637145877813 87
1615891670020 0.8633637145877813 87
1615891761655 0.8637687782151773 88
1615891761657 0.8637687782151773 88
1615891853755 0.8640901916258803 89
1615891853758 0.8640901916258803 89
1615891945737 0.8644502040120055 90
1615891945739 0.8644502040120055 90
1615892037628 0.8648307615627295 91
1615892037630 0.8648307615627295 91
1615892129833 0.8652084126033917 92
1615892129835 0.8652084126033917 92
1615892221664 0.8655610608143117 93
1615892221666 0.8655610608143117 93
1615892313716 0.8659062789808681 94
1615892313719 0.8659062789808681 94
1615892405763 0.8662612771437868 95
1615892405765 0.8662612771437868 95
1615892497635 0.866618175379838 96
1615892497637 0.866618175379838 96
1615892589737 0.8669517775675544 97
1615892589739 0.8669517775675544 97
1615892681916 0.8673043599325284 98
1615892681917 0.8673043599325284 98
1615892773917 0.8676378030617681 99
1615892773920 0.8676378030617681 99
1615892865857 0.8679845503766603 100
1615892865859 0.8679845503766603 100
1615892958037 0.8683274016884027 101
1615892958039 0.8683274016884027 101
1615893049665 0.8686350385882874 102
1615893049667 0.8686350385882874 102
1615893141694 0.8689851663229095 103
1615893141696 0.8689851663229095 103
1615893233753 0.8692884584594924 104
1615893233755 0.8692884584594924 104
1615893325876 0.8692124951456422 105
1615893325878 0.8692124951456422 105
1615893418195 0.8690318720706752 106
1615893418197 0.8690318720706752 106
1615893510213 0.8690261979081044 107
1615893510215 0.8690261979081044 107
1615893601999 0.8692121037378843 108
1615893602001 0.8692121037378843 108
1615893693798 0.8694305314581332 109
1615893693800 0.8694305314581332 109
1615893785391 0.8696415546127652 110
1615893785393 0.8696415546127652 110
1615893877220 0.8698919415115259 111
1615893877221 0.8698919415115259 111
1615893969227 0.8701707452136825 112
1615893969229 0.8701707452136825 112
1615894061102 0.8704609323031303 113
1615894061104 0.8704609323031303 113
1615894153594 0.8707547820421597 114
1615894153598 0.8707547820421597 114
1615894245547 0.8710539318999583 115
1615894245550 0.8710539318999583 115
1615894337698 0.871359047637227 116
1615894337700 0.871359047637227 116
1615894430080 0.8716384777758018 117
1615894430083 0.8716384777758018 117
1615894522909 0.8719124201023813 118
1615894522911 0.8719124201023813 118
1615894614960 0.8721827623502707 119
1615894614963 0.8721827623502707 119
1615894707336 0.8724744441520742 120
1615894707339 0.8724744441520742 120
1615894799451 0.8727790160540555 121
1615894799454 0.8727790160540555 121
1615894891491 0.8730536023118238 122
1615894891493 0.8730536023118238 122
1615894983571 0.873326092650737 123
1615894983573 0.873326092650737 123
1615895075581 0.8736081886672927 124
1615895075583 0.8736081886672927 124
1615895167244 0.873898570456367 125
1615895167246 0.873898570456367 125
1615895258645 0.8741597169206834 126
1615895258648 0.8741597169206834 126
1615895350660 0.8744434442625462 127
1615895350662 0.8744434442625462 127
1615895442567 0.8747378313757911 128
1615895442570 0.8747378313757911 128
1615895534578 0.8750204838280928 129
1615895534582 0.8750204838280928 129
1615895627090 0.875285956384146 130
1615895627092 0.875285956384146 130
1615895719210 0.8755560046358202 131
1615895719213 0.8755560046358202 131
1615895811459 0.8758440491163436 132
1615895811462 0.8758440491163436 132
1615895903673 0.8761199379550806 133
1615895903676 0.8761199379550806 133
1615895995130 0.8763811287981383 134
1615895995133 0.8763811287981383 134
1615896086435 0.876644529661354 135
1615896086437 0.876644529661354 135
1615896177468 0.8768822700961179 136
1615896177471 0.8768822700961179 136
1615896268720 0.8771361872116064 137
1615896268722 0.8771361872116064 137
1615896360641 0.8773780973129348 138
1615896360644 0.8773780973129348 138
1615896451525 0.8776171171246391 139
1615896451527 0.8776171171246391 139
1615896542921 0.8778634410753932 140
1615896542922 0.8778634410753932 140
1615896633728 0.8780828914432792 141
1615896633730 0.8780828914432792 141
1615896724789 0.8783130841273312 142
1615896724792 0.8783130841273312 142
1615896815813 0.8785558317610906 143
1615896815816 0.8785558317610906 143
1615896907108 0.8787685740632696 144
1615896907111 0.8787685740632696 144
1615896998104 0.8789900938854224 145
1615896998105 0.8789900938854224 145
1615897089168 0.8792295716834374 146
1615897089170 0.8792295716834374 146
1615897180135 0.8794626202418332 147
1615897180138 0.8794626202418332 147
1615897271042 0.8796900695808909 148
1615897271044 0.8796900695808909 148
1615897361961 0.8799048059992488 149
1615897361963 0.8799048059992488 149
1615897453150 0.8801464582802155 150
1615897453153 0.8801464582802155 150
1615897544471 0.88035463912437 151
1615897544473 0.88035463912437 151
1615897635504 0.8805682763773277 152
1615897635506 0.8805682763773277 152
1615897726675 0.8807999741542921 153
1615897726677 0.8807999741542921 153
1615897817702 0.8810079541000846 154
1615897817704 0.8810079541000846 154
1615897909280 0.8812479110896387 155
1615897909282 0.8812479110896387 155
1615898000298 0.8814753264277122 156
1615898000300 0.8814753264277122 156
1615898091524 0.8816998043812274 157
1615898091527 0.8816998043812274 157
1615898182753 0.8819248470224489 158
1615898182755 0.8819248470224489 158
1615898273868 0.8821462549831288 159
1615898273871 0.8821462549831288 159
1615898365418 0.8823143199190308 160
1615898365420 0.8823143199190308 160
1615898456685 0.8824829750272857 161
1615898456687 0.8824829750272857 161
1615898547653 0.8826868667332666 162
1615898547655 0.8826868667332666 162
1615898638513 0.8828743440452497 163
1615898638516 0.8828743440452497 163
1615898729316 0.883088569803991 164
1615898729318 0.883088569803991 164
1615898820391 0.8832982441316128 165
1615898820393 0.8832982441316128 165
1615898911374 0.8834995005459729 166
1615898911376 0.8834995005459729 166
1615899002934 0.8837101280446144 167
1615899002936 0.8837101280446144 167
1615899094067 0.8839294215676435 168
1615899094069 0.8839294215676435 168
1615899185319 0.8841302268480986 169
1615899185321 0.8841302268480986 169
1615899277046 0.8843245221795492 170
1615899277048 0.8843245221795492 170
1615899368015 0.8845218792550438 171
1615899368017 0.8845218792550438 171
1615899459245 0.884713462541544 172
1615899459248 0.884713462541544 172
1615899550594 0.8849228241320788 173
1615899550596 0.8849228241320788 173
1615899641982 0.88510374061517 174
1615899641985 0.88510374061517 174
1615899733328 0.8852968121589893 175
1615899733330 0.8852968121589893 175
1615899824672 0.8855013833333718 176
1615899824674 0.8855013833333718 176
1615899915929 0.8857013052027201 177
1615899915932 0.8857013052027201 177
1615900007005 0.8859108324453632 178
1615900007007 0.8859108324453632 178
1615900098044 0.8860949583258166 179
1615900098046 0.8860949583258166 179
1615900189208 0.8862791132011234 180
1615900189210 0.8862791132011234 180
1615900280529 0.8864663040702455 181
1615900280532 0.8864663040702455 181
1615900372115 0.8866629970829113 182
1615900372117 0.8866629970829113 182
1615900463346 0.8868464450106366 183
1615900463349 0.8868464450106366 183
1615900554576 0.887006429726721 184
1615900554579 0.887006429726721 184
1615900646072 0.8872033432633477 185
1615900646075 0.8872033432633477 185
1615900737418 0.8874010773007228 186
1615900737420 0.8874010773007228 186
1615900828665 0.887589432277177 187
1615900828667 0.887589432277177 187
1615900919756 0.8877648017752017 188
1615900919758 0.8877648017752017 188
1615901010955 0.8879405997915207 189
1615901010957 0.8879405997915207 189
1615901102261 0.8881221468205752 190
1615901102264 0.8881221468205752 190
1615901193663 0.8883024787961643 191
1615901193665 0.8883024787961643 191
1615901285033 0.8885034647893452 192
1615901285035 0.8885034647893452 192
1615901376396 0.8886530255749937 193
1615901376398 0.8886530255749937 193
1615901467714 0.8888139518846064 194
1615901467717 0.8888139518846064 194
1615901559001 0.8890004158047673 195
1615901559004 0.8890004158047673 195
1615901650336 0.889192087211491 196
1615901650338 0.889192087211491 196
1615901744206 0.8893638444957289 197
1615901744208 0.8893638444957289 197
1615901835413 0.88951952980923 198
1615901835415 0.88951952980923 198
1615901926712 0.889703706441127 199
1615901926714 0.889703706441127 199
1615902017912 0.8898899947242129 200
1615902017914 0.8898899947242129 200
1615902108961 0.8900516833462481 201
1615902108964 0.8900516833462481 201
1615902200106 0.8902174036815795 202
1615902200108 0.8902174036815795 202
1615902291603 0.890353701422661 203
1615902291605 0.890353701422661 203
1615902383782 0.8905136467549915 204
1615902383784 0.8905136467549915 204
1615902476308 0.8906500831298599 205
1615902476310 0.8906500831298599 205
1615902567476 0.8908225729194872 206
1615902567478 0.8908225729194872 206
1615902658500 0.8909974961046925 207
1615902658503 0.8909974961046925 207
1615902749811 0.8911641195068871 208
1615902749813 0.8911641195068871 208
1615902840884 0.8913360289084855 209
1615902840887 0.8913360289084855 209
1615902932283 0.8915074060377144 210
1615902932285 0.8915074060377144 210
1615903023741 0.8916779233960882 211
1615903023744 0.8916779233960882 211
1615903114863 0.891844979276309 212
1615903114866 0.891844979276309 212
1615903206175 0.8919633908150123 213
1615903206177 0.8919633908150123 213
1615903297368 0.8921001668487365 214
1615903297371 0.8921001668487365 214
1615903388517 0.8922697604510177 215
1615903388519 0.8922697604510177 215
1615903479689 0.8924383257969696 216
1615903479691 0.8924383257969696 216
1615903570911 0.8925892111073014 217
1615903570913 0.8925892111073014 217
1615903662334 0.8927544038484447 218
1615903662336 0.8927544038484447 218
1615903753429 0.8929311575774311 219
1615903753431 0.8929311575774311 219
1615903845061 0.8930577146497741 220
1615903845063 0.8930577146497741 220
1615903936554 0.8932002390110209 221
1615903936556 0.8932002390110209 221
1615904027791 0.8933479535911963 222
1615904027793 0.8933479535911963 222
1615904118932 0.8934431547335139 223
1615904118935 0.8934431547335139 223
1615904210276 0.893560632811689 224
1615904210278 0.893560632811689 224
1615904301547 0.8937172387107114 225
1615904301549 0.8937172387107114 225
1615904392839 0.8938739055455843 226
1615904392841 0.8938739055455843 226
1615904484347 0.8940194491510994 227
1615904484349 0.8940194491510994 227
1615904575248 0.894162211650383 228
1615904575250 0.894162211650383 228
1615904666313 0.8943209664952333 229
1615904666316 0.8943209664952333 229
1615904757487 0.8944485026931076 230
1615904757489 0.8944485026931076 230
1615904848776 0.8945940369777872 231
1615904848778 0.8945940369777872 231
1615904940347 0.8947450182551039 232
1615904940349 0.8947450182551039 232
1615905031630 0.8948908416582961 233
1615905031632 0.8948908416582961 233
1615905122969 0.8950401368477311 234
1615905122972 0.8950401368477311 234
1615905214433 0.895169190980874 235
1615905214436 0.895169190980874 235
1615905305921 0.8953140735868681 236
1615905305924 0.8953140735868681 236
1615905397354 0.8954556449470628 237
1615905397356 0.8954556449470628 237
1615905488806 0.8955974792975533 238
1615905488809 0.8955974792975533 238
1615905581015 0.8957390088378911 239
1615905581017 0.8957390088378911 239
1615905672456 0.8958594100019178 240
1615905672458 0.8958594100019178 240
1615905763860 0.8959641622465463 241
1615905763862 0.8959641622465463 241
1615905855231 0.8960889419092287 242
1615905855233 0.8960889419092287 242
1615905947019 0.8962046489659474 243
1615905947021 0.8962046489659474 243
1615906038607 0.8963375613292515 244
1615906038610 0.8963375613292515 244
1615906130179 0.8964796240216378 245
1615906130181 0.8964796240216378 245
1615906221664 0.8966200289301445 246
1615906221667 0.8966200289301445 246
1615906312822 0.8967299510925607 247
1615906312824 0.8967299510925607 247
1615906403978 0.8968641255573969 248
1615906403980 0.8968641255573969 248
1615906495366 0.8969914753707815 249
1615906495368 0.8969914753707815 249
