1615883662172 0.3301559624387257 0
1615883754961 0.2824992230579034 1
1615883847271 0.25275416753778407 2
1615883939777 0.237278545747942 3
1615884032212 0.22435306684294742 4
1615884123662 0.21456453144846863 5
1615884216138 0.20770804574494675 6
1615884308227 0.20447018631358643 7
1615884400605 0.19893175719389275 8
1615884492873 0.19285934033678537 9
1615884585047 0.1887607035028724 10
1615884677367 0.18393307894616576 11
1615884769615 0.1796842433691846 12
1615884862207 0.17578707231895757 13
1615884954682 0.17257773751643166 14
1615885046857 0.1700296929634329 15
1615885139059 0.16858277250738704 16
1615885231100 0.16677273842035045 17
1615885323144 0.1645933190669399 18
1615885415126 0.16234955649767352 19
1615885507453 0.16006727216933414 20
1615885599627 0.1595122614822362 21
1615885691823 0.15778976802621705 22
1615885784286 0.15603135040595167 23
1615885876460 0.15440476446009396 24
1615885968635 0.15290015853778918 25
1615886060713 0.1513903958814589 26
1615886152492 0.1504070775023402 27
1615886244479 0.14946442771927332 28
1615886336227 0.14829121576019783 29
1615886428321 0.1470907661968777 30
1615886520191 0.146014193934736 31
1615886612363 0.1450038803534937 32
1615886704044 0.14411503780400997 33
1615886795998 0.14335561718767897 34
1615886887953 0.14243128572036184 35
1615886979735 0.14158300814392014 36
1615887071629 0.1406998887646414 37
1615887163561 0.14010727686121052 38
1615887255473 0.13944107796718827 39
1615887347476 0.13868319749571778 40
1615887439152 0.13795536466329422 41
1615887530773 0.13717005249527917 42
1615887622646 0.13638172669682447 43
1615887714435 0.13568112128607276 44
1615887806621 0.13495646128013955 45
1615887898505 0.13435206056663296 46
1615887990369 0.13386655710081558 47
1615888082055 0.13335081953992214 48
1615888173812 0.1327600173096159 49
1615888266309 0.13215059504231275 50
1615888358440 0.1315243288823302 51
1615888450512 0.13091775102703987 52
1615888542773 0.13030517628470994 53
1615888634804 0.12970837480824549 54
1615888727224 0.12958413068610217 55
1615888819541 0.1296509736400214 56
1615888911349 0.1292273383041172 57
1615889003168 0.12877556748731575 58
1615889094965 0.12830492564991341 59
1615889186869 0.12786758904180584 60
1615889278893 0.12748982228220346 61
1615889370858 0.12715412109730173 62
1615889463052 0.12675524974214053 63
1615889554897 0.12643530242889264 64
1615889647083 0.12610026133216815 65
1615889739023 0.12567854770761103 66
1615889831427 0.1252592118085739 67
1615889923673 0.12482305942818431 68
1615890015432 0.12437523377221277 69
1615890107633 0.12395322659899265 70
1615890199297 0.12351060486946928 71
1615890291350 0.12312749651550296 72
1615890383400 0.12270098993161746 73
1615890475475 0.12226858206649326 74
1615890567305 0.12204974599457688 75
1615890659123 0.12173013852118153 76
1615890750999 0.12134659179681297 77
1615890843045 0.12099225490007197 78
1615890934797 0.12061021285715387 79
1615891026451 0.12021447098977837 80
1615891118245 0.11986225828240904 81
1615891210042 0.11956304762994101 82
1615891301892 0.11923138553696316 83
1615891394016 0.11888273154778686 84
1615891486058 0.11853235200725055 85
1615891578066 0.11816146574578291 86
1615891670016 0.11784660826301964 87
1615891761653 0.11748395691017129 88
1615891853753 0.11720140037647331 89
1615891945734 0.11687370622981197 90
1615892037626 0.11653461226544391 91
1615892129831 0.1162262354228455 92
1615892221662 0.11592350072541215 93
1615892313714 0.11562309534832522 94
1615892405760 0.11531290885487305 95
1615892497633 0.11499282063328502 96
1615892589735 0.11469175076288601 97
1615892681913 0.11437323650371324 98
1615892773915 0.11408418227487538 99
1615892865855 0.11378193920712469 100
1615892958034 0.11347218084167872 101
1615893049663 0.11321436216167535 102
1615893141692 0.11289397227640954 103
1615893233750 0.11262815769632067 104
1615893325874 0.11268930111559841 105
1615893418193 0.11283309881383533 106
1615893510210 0.11284467035924094 107
1615893601997 0.11267783813863103 108
1615893693796 0.11248840819867369 109
1615893785389 0.11229781242440881 110
1615893877218 0.11207003846986974 111
1615893969225 0.1118312472003468 112
1615894061100 0.11157190202730245 113
1615894153592 0.11130963350409895 114
1615894245545 0.11104477362968969 115
1615894337696 0.11077908501513746 116
1615894430078 0.11053009385885304 117
1615894522907 0.11029693173686372 118
1615894614958 0.11006368810857708 119
1615894707334 0.1098021037175386 120
1615894799449 0.10953268578678467 121
1615894891489 0.10930254601575902 122
1615894983569 0.1090773309029004 123
1615895075578 0.10882507814578157 124
1615895167242 0.10856721331174554 125
1615895258643 0.1083301322862816 126
1615895350658 0.10808479741438112 127
1615895442565 0.107828623033654 128
1615895534576 0.10757369401123713 129
1615895627088 0.10733580598801841 130
1615895719208 0.10709716018402217 131
1615895811457 0.10684259608596976 132
1615895903671 0.10660921700097958 133
1615895995128 0.10638562293919891 134
1615896086432 0.10615264770228995 135
1615896177466 0.10594355360019285 136
1615896268717 0.10571697653435846 137
1615896360639 0.10550444246196061 138
1615896451523 0.10530150985794026 139
1615896542918 0.10507315700743404 140
1615896633726 0.10488281282953588 141
1615896724787 0.1046794598939436 142
1615896815811 0.10446015813976378 143
1615896907106 0.10427463777397812 144
1615896998102 0.10407723810282303 145
1615897089166 0.10385884601024822 146
1615897180133 0.103651270769257 147
1615897271040 0.10345572226035336 148
1615897361959 0.10327743236105241 149
1615897453149 0.1030622049437053 150
1615897544469 0.10288365043623658 151
1615897635502 0.1027046012687702 152
1615897726673 0.10249819983043144 153
1615897817699 0.102319415773861 154
1615897909278 0.1021125017684217 155
1615898000296 0.10191896913373232 156
1615898091522 0.10172267771951876 157
1615898182751 0.10152261568035621 158
1615898273866 0.101326554079554 159
1615898365417 0.1011920860592358 160
1615898456684 0.10105310517471537 161
1615898547651 0.10086940189779335 162
1615898638511 0.10070384227886693 163
1615898729314 0.10051213131938679 164
1615898820389 0.10032079988215345 165
1615898911372 0.10014805603905247 166
1615899002932 0.09996103711410373 167
1615899094064 0.09976259255318701 168
1615899185317 0.09958822777440825 169
1615899277044 0.09942742447854339 170
1615899368013 0.09925674416670492 171
1615899459243 0.09908486159262693 172
1615899550591 0.0988980600510357 173
1615899641980 0.0987421298637065 174
1615899733326 0.09856995768349724 175
1615899824670 0.09838698349892466 176
1615899915927 0.09821714939396195 177
1615900007002 0.09803309070251907 178
1615900098041 0.09787667968478767 179
1615900189206 0.0977153371602673 180
1615900280527 0.09754910398374256 181
1615900372113 0.09737487359358452 182
1615900463344 0.09721732278832518 183
1615900554574 0.09708371620209001 184
1615900646070 0.09691403303286407 185
1615900737415 0.09673712345196822 186
1615900828663 0.09657759131628887 187
1615900919753 0.09642748923359312 188
1615901010954 0.09628375865583429 189
1615901102259 0.09612364887101323 190
1615901193661 0.09596269972974537 191
1615901285031 0.09578705311522169 192
1615901376393 0.09565896390584604 193
1615901467712 0.0955195994747584 194
1615901559000 0.09535654491489343 195
1615901650334 0.09519285832456466 196
1615901744204 0.09503762313238769 197
1615901835411 0.09490256197568958 198
1615901926710 0.09473454468285862 199
1615902017910 0.09457099697075932 200
1615902108959 0.0944322444090062 201
1615902200104 0.09428693893490256 202
1615902291601 0.09416332390875648 203
1615902383780 0.0940208800020416 204
1615902476306 0.09390666238761715 205
1615902567473 0.0937528881542581 206
1615902658498 0.09360604903454352 207
1615902749809 0.09346533965819279 208
1615902840882 0.09331369258955856 209
1615902932281 0.09316764183881611 210
1615903023739 0.09301613945166723 211
1615903114861 0.09287564758328587 212
1615903206172 0.09277297446029031 213
1615903297366 0.09266391153014486 214
1615903388514 0.09251746947574911 215
1615903479687 0.09237013599290284 216
1615903570909 0.09223794575572004 217
1615903662332 0.09209559189308926 218
1615903753427 0.09194023625336321 219
1615903845058 0.09182546030398674 220
1615903936551 0.09169904784087429 221
1615904027789 0.0915703764682107 222
1615904118930 0.09147987970665328 223
1615904210274 0.09137550601516403 224
1615904301545 0.09123705720558245 225
1615904392836 0.09109985342830891 226
1615904484344 0.09097151209715626 227
1615904575245 0.09084779140279983 228
1615904666311 0.09070611919852381 229
1615904757485 0.09059544449791618 230
1615904848774 0.09046928155103182 231
1615904940345 0.09033492365788172 232
1615905031628 0.09021172588585387 233
1615905122967 0.09007966259086886 234
1615905214431 0.08997251542344935 235
1615905305919 0.08984731918798983 236
1615905397352 0.0897255969304715 237
1615905488804 0.08960092359544163 238
1615905581013 0.08947754116052424 239
1615905672454 0.08937017005641762 240
1615905763858 0.08928057953919355 241
1615905855229 0.08917174659045664 242
1615905947016 0.0890725244694361 243
1615906038605 0.08895795355836617 244
1615906130177 0.08883179611928867 245
1615906221662 0.08871374328919172 246
1615906312819 0.08861940655790967 247
1615906403976 0.0885058884239666 248
1615906495364 0.08839285566201856 249
