1615883662168 0.661281673432286 0
1615883754957 0.7305714524587366 1
1615883847267 0.7734544557421955 2
1615883939773 0.7773466777445664 3
1615884032208 0.8009543274320773 4
1615884123658 0.8077934660128693 5
1615884216135 0.8057993558694178 6
1615884308223 0.7910312917917522 7
1615884400601 0.8198543847052019 8
1615884492869 0.8417291139711195 9
1615884585044 0.8299104829332722 10
1615884677363 0.8471370140896805 11
1615884769611 0.8496285370036737 12
1615884862203 0.8547955198741671 13
1615884954678 0.8518610235248039 14
1615885046853 0.8473220330788128 15
1615885139055 0.8311356505128875 16
1615885231096 0.8434762285271687 17
1615885323141 0.8545656786925757 18
1615885415123 0.8625734478457651 19
1615885507448 0.8664588909318198 20
1615885599623 0.8268710698431997 21
1615885691819 0.8604589570591699 22
1615885784281 0.8649636637141456 23
1615885876456 0.8664412757576402 24
1615885968631 0.8667981210929244 25
1615886060708 0.868623434718865 26
1615886152487 0.8553154265035444 27
1615886244474 0.85543522305453 28
1615886336223 0.8675383433922014 29
1615886428317 0.869101468974085 30
1615886520187 0.8699001019903972 31
1615886612358 0.8705205869541239 32
1615886704040 0.8659059564902711 33
1615886795994 0.8636200409104575 34
1615886887949 0.8704756770783396 35
1615886979731 0.870843188976174 36
1615887071625 0.8742141794802537 37
1615887163556 0.8628109369927378 38
1615887255469 0.8677197867142621 39
1615887347472 0.873766236563227 40
1615887439148 0.8743937477024634 41
1615887530769 0.8790538804744606 42
1615887622642 0.8799410067609886 43
1615887714431 0.8776629389221988 44
1615887806617 0.8804029684458206 45
1615887898501 0.8750373080595216 46
1615887990364 0.8727447912096977 47
1615888082051 0.8742886795036828 48
1615888173808 0.8794816667909053 49
1615888266305 0.8820965913916702 50
1615888358435 0.8841483795375966 51
1615888450507 0.8837572183849206 52
1615888542769 0.8857632509585637 53
1615888634800 0.8861464808013901 54
1615888727220 0.8591738588996788 55
1615888819536 0.8452105152962813 56
1615888911345 0.8768468949554572 57
1615889003164 0.8800361675780211 58
1615889094961 0.8808990485632597 59
1615889186865 0.8827468387004155 60
1615889278888 0.8782544824392048 61
1615889370854 0.8741885165670025 62
1615889463048 0.8807903071170422 63
1615889554893 0.877101876064023 64
1615889647079 0.8780796423332015 65
1615889739018 0.8859620105419586 66
1615889831423 0.8875501017961929 67
1615889923669 0.8881935371614215 68
1615890015427 0.8897157311439514 69
1615890107629 0.8894143720616156 70
1615890199293 0.8910486592508075 71
1615890291345 0.8891743829668458 72
1615890383396 0.892977590102758 73
1615890475471 0.8943386115689775 74
1615890567301 0.877634867914577 75
1615890659119 0.8873032480478287 76
1615890750996 0.89199152989174 77
1615890843041 0.8915846928286908 78
1615890934793 0.8946625138841459 79
1615891026446 0.8963040313613948 80
1615891118241 0.8930227953329015 81
1615891210038 0.8884452719296982 82
1615891301888 0.8945666295823766 83
1615891394012 0.894937431300754 84
1615891486054 0.8955323173483806 85
1615891578063 0.8985613208653321 86
1615891670012 0.8948337969495289 87
1615891761649 0.8994143774260336 88
1615891853749 0.8926959851784493 89
1615891945730 0.8968513187632632 90
1615892037622 0.8994614986786201 91
1615892129827 0.8999523083443073 92
1615892221657 0.8983573444298844 93
1615892313710 0.8983567866371639 94
1615892405756 0.8999861026210572 95
1615892497629 0.9008804060407539 96
1615892589731 0.8993111897760363 97
1615892681909 0.9018574316999806 98
1615892773911 0.9006486728565016 99
1615892865851 0.9026592818658743 100
1615892958030 0.9029553841743896 101
1615893049658 0.900014002376528 102
1615893141688 0.9050483229889799 103
1615893233746 0.9008308406641234 104
1615893325869 0.8612363471913693 105
1615893418188 0.8498858261241842 106
1615893510206 0.868419062513024 107
1615893601993 0.8892899333541073 108
1615893693791 0.893239152965261 109
1615893785385 0.8928541016222825 110
1615893877213 0.8976848872739878 111
1615893969220 0.9013967598552135 112
1615894061095 0.9032520734107317 113
1615894153588 0.9042536522915114 114
1615894245540 0.9054561655468015 115
1615894337692 0.9067524731604021 116
1615894430074 0.9043318039890546 117
1615894522902 0.9042376146387698 118
1615894614954 0.9043534898491048 119
1615894707329 0.9074762603685037 120
1615894799444 0.9096322161937828 121
1615894891484 0.9065531257595589 122
1615894983564 0.9068424043370716 123
1615895075573 0.9085880947202 124
1615895167237 0.9101962940906411 125
1615895258638 0.9070641714245525 126
1615895350653 0.9104768166791147 127
1615895442560 0.9124193818711522 128
1615895534572 0.9114826501750234 129
1615895627084 0.9097973886710494 130
1615895719204 0.9109323256051363 131
1615895811452 0.9138659205454499 132
1615895903666 0.9128131535071046 133
1615895995124 0.9113807017678646 134
1615896086428 0.9122036461954686 135
1615896177461 0.9092149692240046 136
1615896268713 0.9119228320335274 137
1615896360635 0.9107616912962785 138
1615896451519 0.9108408709515387 139
1615896542914 0.9123487941809555 140
1615896633721 0.9090253933152156 141
1615896724782 0.9110004452627096 142
1615896815807 0.9132687433886884 143
1615896907102 0.9094034655770259 144
1615896998098 0.9111104680975871 145
1615897089162 0.9141933301936335 146
1615897180129 0.9137207583260181 147
1615897271035 0.9133525717614303 148
1615897361954 0.9119005323345981 149
1615897453144 0.9163943004252305 150
1615897544464 0.9117899465916762 151
1615897635497 0.9130411388269112 152
1615897726670 0.9162497340298411 153
1615897817695 0.9130368657521347 154
1615897909274 0.9184412444705394 155
1615898000292 0.9169521191671713 156
1615898091518 0.9169428430831255 157
1615898182747 0.917481584335441 158
1615898273861 0.9173501207312541 159
1615898365413 0.9092047096633199 160
1615898456680 0.9096364474563456 161
1615898547646 0.9157173231021681 162
1615898638507 0.9134331458984916 163
1615898729310 0.9182215942375695 164
1615898820384 0.9178945081892298 165
1615898911367 0.9169080653297368 166
1615899002928 0.9188849203177353 167
1615899094060 0.9207707334365418 168
1615899185313 0.918066319245011 169
1615899277040 0.9173547285261439 170
1615899368008 0.9182699391646172 171
1615899459239 0.9176657878196062 172
1615899550587 0.9211423792945805 173
1615899641976 0.9165832086730359 174
1615899733322 0.9190843323273445 175
1615899824666 0.9215059100247142 176
1615899915923 0.9210874760773644 177
1615900006997 0.9232066816358424 178
1615900098037 0.9190534909269703 179
1615900189201 0.919426990756348 180
1615900280522 0.9203478513813731 181
1615900372108 0.9224611253880742 182
1615900463339 0.9204174157843661 183
1615900554570 0.916443617486242 184
1615900646066 0.9236323475392897 185
1615900737411 0.9241796082525111 186
1615900828658 0.9228118128740965 187
1615900919749 0.9207342674038304 188
1615901010950 0.9211664248758288 189
1615901102254 0.9226160823409237 190
1615901193656 0.9227458861336779 191
1615901285027 0.9270927754800711 192
1615901376389 0.917518257205166 193
1615901467708 0.9200336559494929 194
1615901558995 0.9253608802361275 195
1615901650324 0.926759682929338 196
1615901744200 0.923200029490599 197
1615901835407 0.9203452218824358 198
1615901926706 0.9263548561886176 199
1615902017906 0.9271476513414241 200
1615902108955 0.9225510963753089 201
1615902200099 0.9236929114185163 202
1615902291596 0.9180221428622061 203
1615902383765 0.9231424945503918 204
1615902476292 0.9186195399778992 205
1615902567469 0.9263554695826858 206
1615902658494 0.9272065954421883 207
1615902749805 0.9258217871633928 208
1615902840877 0.9272650938425491 209
1615902932277 0.9274966031757753 210
1615903023735 0.9276570860129684 211
1615903114857 0.9272608258830968 212
1615903206169 0.9171850485588188 213
1615903297362 0.9213702380657196 214
1615903388510 0.9287323849414711 215
1615903479683 0.9288484405225782 216
1615903570905 0.9253313234492914 217
1615903662327 0.9287664214176918 218
1615903753422 0.9316402242254855 219
1615903845054 0.9209002705652323 220
1615903936547 0.9246981228465465 221
1615904027784 0.9261405903901627 222
1615904118926 0.9146730094703276 223
1615904210269 0.919875722322891 224
1615904301540 0.928953565990747 225
1615904392832 0.9292806102268731 226
1615904484340 0.9270578476030435 227
1615904575241 0.9267120614870271 228
1615904666306 0.9306758259659382 229
1615904757479 0.9237818282041976 230
1615904848769 0.928212456738771 231
1615904940340 0.9297726745925733 232
1615905031623 0.9288676946020838 233
1615905122962 0.9299752111755201 234
1615905214426 0.92549691226945 235
1615905305913 0.9295063686015 236
1615905397348 0.9290080573131789 237
1615905488800 0.9293540547143168 238
1615905581008 0.929564568978637 239
1615905672449 0.9247556893683192 240
1615905763854 0.9212094532020056 241
1615905855224 0.9262856202783869 242
1615905947012 0.9243214637485903 243
1615906038601 0.9287681779754695 244
1615906130171 0.9312849836562996 245
1615906221657 0.9311596364227693 246
1615906312815 0.9238807252093927 247
1615906403971 0.93013939283677 248
1615906495359 0.9287015789035541 249
