1615883662162 0.3301559624387257 0
1615883754954 0.23484248367708122 1
1615883847265 0.19326405649754538 2
1615883939771 0.19085168037841568 3
1615884032205 0.17265115122296917 4
1615884123656 0.16562185447607466 5
1615884216132 0.16656913152381556 6
1615884308220 0.1818051702940642 7
1615884400598 0.15462432423634315 8
1615884492867 0.13820758862281912 9
1615884585041 0.14777433516374275 10
1615884677361 0.1308292088223927 11
1615884769609 0.12869821644541043 12
1615884862201 0.12512384866600607 13
1615884954676 0.12764705028106918 14
1615885046850 0.13180902466845157 15
1615885139052 0.14543204521065328 16
1615885231094 0.13600215894072804 17
1615885323138 0.12536377070555046 18
1615885415120 0.11971806768161147 19
1615885507446 0.11442158560254681 20
1615885599621 0.14785703705317937 21
1615885691816 0.11989491199379537 22
1615885784279 0.11558774513984794 23
1615885876453 0.11536670175950918 24
1615885968629 0.11528501048016904 25
1615886060706 0.11213656681687084 26
1615886152485 0.1238574812661356 27
1615886244472 0.12307023379340101 28
1615886336220 0.11426806894700918 29
1615886428314 0.11107727929727355 30
1615886520184 0.11264045380834323 31
1615886612356 0.11267384575374091 32
1615886704038 0.11478323367104601 33
1615886795992 0.11753531623242507 34
1615886887947 0.11007968436426191 35
1615886979728 0.11104501539201879 36
1615887071623 0.10802447173132826 37
1615887163554 0.11758802453083779 38
1615887255466 0.11345932110032039 39
1615887347470 0.10836797863689822 40
1615887439146 0.10811421853392872 41
1615887530766 0.10418694143864646 42
1615887622640 0.10248371736327214 43
1615887714429 0.10485448321299766 44
1615887806614 0.10234676101314488 45
1615887898499 0.10654962774532944 46
1615887990363 0.11104789420739929 47
1615888082048 0.10859541661703764 48
1615888173805 0.10381070802460855 49
1615888266303 0.101679481677155 50
1615888358433 0.09958475472322151 51
1615888450505 0.09937570255194138 52
1615888542767 0.09783871494122405 53
1615888634797 0.09748109507916579 54
1615888727217 0.1227507039682189 55
1615888819534 0.13339417905949835 56
1615888911342 0.1050801241575782 57
1615889003161 0.10257286011283077 58
1615889094958 0.10053705724317637 59
1615889186862 0.10162739255535069 60
1615889278886 0.10444604994645759 61
1615889370852 0.10634064763339597 62
1615889463045 0.10162635436698572 63
1615889554890 0.10595867438102836 64
1615889647077 0.10432259004507492 65
1615889739016 0.09784544848684054 66
1615889831421 0.09716370657308777 67
1615889923667 0.09516469756169106 68
1615890015425 0.09347526351017739 69
1615890107627 0.09441272447358316 70
1615890199290 0.09208446207331188 71
1615890291343 0.09554369502992772 72
1615890383394 0.0915660093079752 73
1615890475469 0.09027040004730225 74
1615890567299 0.10563704060084785 75
1615890659117 0.09743997054313545 76
1615890750994 0.09181349402043357 77
1615890843038 0.09335397695427511 78
1615890934790 0.0904288914666247 79
1615891026444 0.08855512159973827 80
1615891118239 0.09133302898549323 81
1615891210036 0.09502777412756165 82
1615891301886 0.0917034318198019 83
1615891394009 0.0895957964569775 84
1615891486051 0.08875009106166327 85
1615891578060 0.08626524725956704 86
1615891670009 0.09045400726261424 87
1615891761646 0.08557063785951528 88
1615891853747 0.09205386887735395 89
1615891945728 0.08738123303029074 90
1615892037619 0.08567706150795097 91
1615892129825 0.08785556590379175 92
1615892221654 0.08776917386410842 93
1615892313708 0.08738498990215472 94
1615892405753 0.08584519197691733 95
1615892497626 0.08426435136083346 96
1615892589728 0.08548797333418433 97
1615892681906 0.08315883910478052 98
1615892773908 0.0854678136199268 99
1615892865848 0.08355763243205512 100
1615892958028 0.08218658593163561 101
1615893049657 0.08691685680133193 102
1615893141686 0.07989381409403104 103
1615893233744 0.08498344136707818 104
1615893325867 0.1191093601397614 105
1615893418186 0.1280756548269471 106
1615893510204 0.11408282571764135 107
1615893601990 0.09465995831276054 108
1615893693789 0.0918405447433244 109
1615893785383 0.0913322772552718 110
1615893877211 0.08678712951603221 111
1615893969218 0.08508662501377846 112
1615894061093 0.08226589747329256 113
1615894153585 0.08141102185889856 114
1615894245537 0.08058588807262591 115
1615894337689 0.07995920572707903 116
1615894430072 0.08139812857357424 117
1615894522899 0.08278380134212437 118
1615894614950 0.08230769634246826 119
1615894707326 0.0784119767929191 120
1615894799441 0.07693311616555969 121
1615894891481 0.0812254939506303 122
1615894983562 0.08137587202129079 123
1615895075571 0.07754573626304741 124
1615895167234 0.07633410905724142 125
1615895258635 0.07845792307782529 126
1615895350650 0.07692726868302074 127
1615895442557 0.0750383023005813 128
1615895534570 0.07468785011946265 129
1615895627081 0.07641036296958353 130
1615895719201 0.07583455986051417 131
1615895811449 0.07324013514305229 132
1615895903664 0.07556979869728658 133
1615895995119 0.07642401866058805 134
1615896086423 0.07470099071958172 135
1615896177456 0.07750675571498586 136
1615896268711 0.0746759185150488 137
1615896360632 0.07617474047105703 138
1615896451514 0.07709387789911298 139
1615896542911 0.07310375793656307 140
1615896633717 0.0780442837458938 141
1615896724777 0.07580334303984002 142
1615896815797 0.07310000729205003 143
1615896907097 0.07755970510084238 144
1615896998096 0.07545428578533343 145
1615897089156 0.07197360049432783 146
1615897180124 0.07313771034354594 147
1615897271031 0.07451454294261647 148
1615897361949 0.07671223736521024 149
1615897453139 0.07077809234163654 150
1615897544461 0.07592191980845893 151
1615897635495 0.07548912781388012 152
1615897726668 0.07091877976460244 153
1615897817690 0.07478667106201399 154
1615897909269 0.07004083092532941 155
1615898000287 0.07172787812218737 156
1615898091514 0.07090492568798919 157
1615898182745 0.06991281349267532 158
1615898273857 0.07015275955200195 159
1615898365411 0.07967720280832319 160
1615898456678 0.0786771827669286 161
1615898547641 0.07110947103642706 162
1615898638504 0.07371762439386169 163
1615898729307 0.06907153396464105 164
1615898820381 0.06875111273865202 165
1615898911362 0.07147257808429092 166
1615899002924 0.06872887664766454 167
1615899094055 0.06642390631917697 168
1615899185308 0.07012058016079575 169
1615899277038 0.07209086418151855 170
1615899368004 0.07007041084232615 171
1615899459234 0.0695210588512136 172
1615899550582 0.06658139335575389 173
1615899641973 0.07161027726842396 174
1615899733317 0.0684398261468802 175
1615899824661 0.06618352701414877 176
1615899915918 0.06815651281556087 177
1615900006994 0.06527064362568642 178
1615900098032 0.06987910751086562 179
1615900189196 0.06867368274660253 180
1615900280519 0.06746089903276357 181
1615900372103 0.06566494258482065 182
1615900463334 0.06838552542586825 183
1615900554565 0.072500104334817 184
1615900646061 0.06552264672606739 185
1615900737406 0.06383194140533903 186
1615900828653 0.06674508194425213 187
1615900919747 0.06820829768679035 188
1615901010948 0.06911867945941526 189
1615901102249 0.0657027897550099 190
1615901193653 0.0652214137475882 191
1615901285021 0.06206290312667391 192
1615901376385 0.07093774649634291 193
1615901467703 0.06848289984375683 194
1615901558993 0.06356090574122186 195
1615901650227 0.06311028662012584 196
1615901744195 0.06445629027352404 197
1615901835405 0.06816045294946699 198
1615901926703 0.06129910340949671 199
1615902017901 0.061861454550899676 200
1615902108950 0.06654297949662849 201
1615902200094 0.0649352331659687 202
1615902291593 0.06906947360109927 203
1615902383758 0.06496232303220835 204
1615902476284 0.07049205143060257 205
1615902567468 0.06207539608229452 206
1615902658489 0.0632103512536234 207
1615902749802 0.064197789377241 208
1615902840873 0.06161945524500377 209
1615902932275 0.06249698418289868 210
1615903023730 0.061049135763253735 211
1615903114852 0.06309137148643608 212
1615903206163 0.07090359926223755 213
1615903297357 0.06932444447901712 214
1615903388505 0.06103242778066379 215
1615903479678 0.060546103698104176 216
1615903570899 0.06355266428705472 217
1615903662322 0.061062449839577745 218
1615903753419 0.057917351153359484 219
1615903845049 0.06657475144115847 220
1615903936542 0.06376189349302605 221
1615904027782 0.06300533173689202 222
1615904118920 0.07129910187934761 223
1615904210265 0.06799579912157201 224
1615904301535 0.06008607504972771 225
1615904392827 0.06009179976449084 226
1615904484335 0.06183802992550295 227
1615904575236 0.06263947308953129 228
1615904666301 0.05826318441931881 229
1615904757477 0.06514026335815885 230
1615904848764 0.06132564082074521 231
1615904940335 0.05916389244705884 232
1615905031620 0.06150664500336149 233
1615905122957 0.05917685156437888 234
1615905214421 0.0647929310798645 235
1615905305910 0.06030100761954464 236
1615905397343 0.060877421898628346 237
1615905488794 0.05992866985833467 238
1615905581003 0.05998913921527008 239
1615905672444 0.06360110507082584 240
1615905763848 0.06768926488819407 241
1615905855219 0.06283417299612244 242
1615905947007 0.06496154906144783 243
1615906038595 0.06100265125730144 244
1615906130167 0.05792322354530221 245
1615906221652 0.05967274708534354 246
1615906312810 0.06531823393124253 247
1615906403966 0.06035339120608657 248
1615906495354 0.06024769793695478 249
