1615883662170 21.315998791750925 0
1615883754959 17.318210905987595 1
1615883847269 15.306341426351421 2
1615883939776 15.108064063168607 3
1615884032210 13.823051169748009 4
1615884123660 13.020267639436046 5
1615884216137 13.72612378329587 6
1615884308225 14.28312172459851 7
1615884400603 13.262839223865493 8
1615884492871 12.283357822202273 9
1615884585045 14.01196310258338 10
1615884677365 12.013621082462832 11
1615884769613 12.531111524793666 12
1615884862205 12.161965415542186 13
1615884954680 12.338346080891972 14
1615885046855 13.0341797730937 15
1615885139057 12.87289319325893 16
1615885231097 12.689105507359073 17
1615885323143 11.401462268295415 18
1615885415125 11.203759657850897 19
1615885507450 10.919533747641657 20
1615885599625 12.999329131435129 21
1615885691821 11.202450186620469 22
1615885784284 11.636011747227805 23
1615885876458 11.119284209956822 24
1615885968633 11.18887466117699 25
1615886060710 11.080209019663391 26
1615886152490 11.893193928133751 27
1615886244476 11.49971506464283 28
1615886336225 10.620765134771977 29
1615886428319 10.956208995352553 30
1615886520189 10.196912058464438 31
1615886612361 11.459438919940485 32
1615886704043 10.6720590791629 33
1615886795996 12.038736437877061 34
1615886887951 11.269249407246633 35
1615886979733 10.920349424495452 36
1615887071627 11.413010560240421 37
1615887163558 12.981011114982538 38
1615887255471 11.15707071647357 39
1615887347474 10.72158050687101 40
1615887439150 10.399726896814878 41
1615887530771 10.599349206161852 42
1615887622644 10.111914572157568 43
1615887714433 12.019836960725781 44
1615887806619 8.913882685697933 45
1615887898503 10.9215425789779 46
1615887990366 11.365765748801095 47
1615888082053 10.022673037531563 48
1615888173810 10.740710293437484 49
1615888266307 9.273451262399355 50
1615888358438 9.883241133531381 51
1615888450509 9.30626206252983 52
1615888542771 9.490749125623344 53
1615888634802 9.294338599875854 54
1615888727222 11.58855138779565 55
1615888819538 12.512169600363846 56
1615888911347 10.604143504591216 57
1615889003166 9.935364588326205 58
1615889094963 10.021322452728159 59
1615889186867 9.686178885109086 60
1615889278891 10.326800108272367 61
1615889370856 10.605887889836984 62
1615889463050 9.790802264283434 63
1615889554895 10.262789736091324 64
1615889647081 9.73398570735562 65
1615889739020 10.201129527692222 66
1615889831425 9.755820528806659 67
1615889923671 9.390855419502863 68
1615890015429 8.787936773570081 69
1615890107631 8.750486309630226 70
1615890199295 9.256763327450942 71
1615890291348 8.630923830774375 72
1615890383398 10.554675466305827 73
1615890475473 8.166396323103493 74
1615890567303 10.595888504891509 75
1615890659121 9.602802915926986 76
1615890750997 8.592271665241379 77
1615890843043 9.74886312941003 78
1615890934795 8.340329439446823 79
1615891026449 8.704498379778029 80
1615891118243 9.248494743678163 81
1615891210040 9.191475811340508 82
1615891301890 8.646679242299072 83
1615891394014 8.74012176111077 84
1615891486056 9.032566007431653 85
1615891578064 9.091442253397975 86
1615891670014 8.49004827880885 87
1615891761651 8.082732742486195 88
1615891853751 9.415394369899921 89
1615891945732 8.112709046810947 90
1615892037624 9.119626872715925 91
1615892129829 8.555941080474247 92
1615892221659 8.57539323909372 93
1615892313712 7.458307432065264 94
1615892405758 9.098596589937195 95
1615892497631 9.396077324464708 96
1615892589733 7.88818656188395 97
1615892681911 8.52907483839466 98
1615892773913 8.674725958695884 99
1615892865853 8.847391190371168 100
1615892958032 8.568278683831094 101
1615893049661 7.990626896977263 102
1615893141690 8.23160417358827 103
1615893233748 9.3275041011276 104
1615893325872 12.58453334357245 105
1615893418190 13.741460089431477 106
1615893510208 10.920269955368095 107
1615893601995 10.100863589710242 108
1615893693794 8.82435093500429 109
1615893785388 8.888050797326137 110
1615893877216 8.131046332370595 111
1615893969223 8.687265962732345 112
1615894061098 9.168719668280522 113
1615894153590 9.137304237141645 114
1615894245542 8.130291561404714 115
1615894337694 8.315110208804123 116
1615894430076 8.146093810983317 117
1615894522905 8.360718689200514 118
1615894614956 8.09412165343889 119
1615894707332 7.6820158558396425 120
1615894799446 7.634908663250175 121
1615894891486 8.91662057861548 122
1615894983567 7.9720618712067575 123
1615895075576 9.27605150713837 124
1615895167239 8.521421561799635 125
1615895258640 7.629688103866413 126
1615895350655 7.395501629446517 127
1615895442563 7.331052794032841 128
1615895534574 7.5973463590232475 129
1615895627086 8.428081053653028 130
1615895719206 7.025088230600344 131
1615895811454 7.3046979915482915 132
1615895903668 7.541515420255811 133
1615895995126 7.757820410478299 134
1615896086430 7.904895801527083 135
1615896177463 9.65936464539033 136
1615896268715 7.561959151152843 137
1615896360637 7.3086175962173785 138
1615896451521 7.118460201199402 139
1615896542916 8.50223995290036 140
1615896633723 7.048406611256662 141
1615896724785 8.272127318261827 142
1615896815809 7.045262405611675 143
1615896907104 7.780623908231103 144
1615896998100 7.0448556946940055 145
1615897089164 7.362453553843059 146
1615897180131 7.884883210858091 147
1615897271038 7.444902454916919 148
1615897361957 7.527283221804986 149
1615897453146 7.231775801008413 150
1615897544467 7.369174913668981 151
1615897635499 8.430021463242682 152
1615897726672 7.655610858801336 153
1615897817697 6.9496335339474475 154
1615897909276 7.032979925714404 155
1615898000294 7.268522176666868 156
1615898091520 7.961007143502989 157
1615898182749 9.129742334424401 158
1615898273864 7.402307160826957 159
1615898365415 8.303839680694415 160
1615898456682 7.939933398533506 161
1615898547648 7.178397489928897 162
1615898638509 7.762098082612753 163
1615898729312 7.228294166062792 164
1615898820386 6.673579318599802 165
1615898911369 7.563812232799984 166
1615899002930 9.396808953845087 167
1615899094062 6.298481591958305 168
1615899185315 7.4736969508714175 169
1615899277042 8.080992156763967 170
1615899368011 7.605846027871119 171
1615899459241 7.668439534131796 172
1615899550589 6.972990589167523 173
1615899641978 7.373236885177073 174
1615899733324 8.175877227295684 175
1615899824668 7.825410504707958 176
1615899915925 7.277167576193004 177
1615900006999 8.707838893199115 178
1615900098039 7.771958560819744 179
1615900189204 6.906196593960912 180
1615900280524 6.86352987016375 181
1615900372110 8.8133191517398 182
1615900463342 8.165899254977068 183
1615900554572 8.201392048766552 184
1615900646068 8.282016610566549 185
1615900737413 7.568243561864372 186
1615900828660 7.246925388294925 187
1615900919751 8.529610925713055 188
1615901010952 7.164112939581158 189
1615901102256 8.606566967617843 190
1615901193658 8.99880101594268 191
1615901285029 7.11971529624471 192
1615901376391 7.015666881759064 193
1615901467710 7.466299073969367 194
1615901558997 7.128645969428284 195
1615901650331 9.505866578845069 196
1615901744202 6.180816800859709 197
1615901835409 7.159796612903808 198
1615901926708 5.573377711329858 199
1615902017907 8.539277374262479 200
1615902108957 8.14529035601849 201
1615902200102 7.224039393775167 202
1615902291598 10.504503802625258 203
1615902383772 6.855640155726961 204
1615902476299 7.965831448515026 205
1615902567471 6.403118841218553 206
1615902658496 6.952622502532391 207
1615902749807 6.9830427189658915 208
1615902840879 6.637635284959912 209
1615902932279 8.520629357992922 210
1615903023737 5.98049650772081 211
1615903114859 7.086471091819088 212
1615903206170 8.158152036635189 213
1615903297364 7.670389035481431 214
1615903388512 8.382828122163598 215
1615903479685 7.70291611926447 216
1615903570907 6.511822411711298 217
1615903662329 10.278247066145687 218
1615903753425 7.575172065167988 219
1615903845056 7.5491117295523065 220
1615903936549 8.343127841479246 221
1615904027787 7.807698740267644 222
1615904118928 7.773289833671259 223
1615904210271 7.61523215773381 224
1615904301543 6.391244860908188 225
1615904392834 6.600698990227788 226
1615904484342 9.824547111363907 227
1615904575243 7.470267176740748 228
1615904666309 7.029400394903697 229
1615904757481 6.462230039725795 230
1615904848771 7.439219225639263 231
1615904940343 7.618565058878271 232
1615905031626 7.511037678689075 233
1615905122965 7.2870574859097195 234
1615905214429 7.388321882947364 235
1615905305916 7.730642572968993 236
1615905397350 7.888740501255178 237
1615905488802 6.390817391959784 238
1615905581011 7.511277713179425 239
1615905672452 8.25881748724837 240
1615905763856 7.63679729825481 241
1615905855226 7.181955213999694 242
1615905947014 7.057045232861993 243
1615906038603 8.340124673937057 244
1615906130174 6.772215918831513 245
1615906221660 6.614784731082019 246
1615906312817 7.881090309337247 247
1615906403974 7.518258878197015 248
1615906495361 8.475399002158781 249
