1615636092481 0.314403807049367 0
1615636185199 0.25033956187874523 1
1615636277508 0.22494897943231004 2
1615636369963 0.20539861161317396 3
1615636462219 0.19560931885420385 4
1615636554365 0.18795559907433998 5
1615636646899 0.17975934545622704 6
1615636739064 0.17458959101740995 7
1615636832096 0.1683140673842992 8
1615636924889 0.1630839080063265 9
1615637017608 0.15829055846303583 10
1615637110465 0.15429213353947027 11
1615637202982 0.1508532437473433 12
1615637295779 0.14818044264179303 13
1615637387823 0.14570704461330206 14
1615637479864 0.14308919346154625 15
1615637572119 0.14064221020012804 16
1615637664606 0.1385165743566864 17
1615637756846 0.1365911415591543 18
1615637848466 0.13454580155771168 19
1615637940544 0.13294699887646452 20
1615638032388 0.1313611616758349 21
1615638124589 0.12972208855602355 22
1615638216347 0.12809827115701797 23
1615638308397 0.12672982610873318 24
1615638400632 0.12545659108222143 25
1615638492647 0.12445557232783469 26
1615638584316 0.1238501054772944 27
1615638676211 0.12313019036019637 28
1615638768504 0.12244012996331967 29
1615638860702 0.12166732340175826 30
1615638952763 0.1211936776317767 31
1615639044733 0.12053049184897535 32
1615639136762 0.11978944293546298 33
1615639228641 0.11892798905179441 34
1615639320415 0.11808190629454589 35
1615639412252 0.11725579417968475 36
1615639504133 0.11653089940032894 37
1615639595784 0.11570688814118678 38
1615639687698 0.11493649629514605 39
1615639779775 0.11410640181738282 40
1615639871762 0.11337162326563306 41
1615639963747 0.1128172442467003 42
1615640055638 0.11224701288920726 43
1615640147676 0.1117744996970763 44
1615640239421 0.1111051667479243 45
1615640331274 0.11042350434090982 46
1615640423143 0.10980058352078366 47
1615640515189 0.10918898917246687 48
1615640607106 0.10854952518619702 49
1615640699239 0.1079659548495155 50
1615640791000 0.10741760334519644 51
1615640882979 0.1068471620130525 52
1615640974866 0.10631461724054089 53
1615641066959 0.10574651257800922 54
1615641158891 0.10521560289394623 55
1615641250888 0.1047079855935615 56
1615641342877 0.1046259071154503 57
1615641434600 0.10433880645897665 58
1615641526472 0.10388155773800992 59
1615641618376 0.10345008665231373 60
1615641710331 0.10297855905575075 61
1615641802006 0.10250783226439744 62
1615641893920 0.10203345976213905 63
1615641985679 0.10159227151410857 64
1615642077777 0.10124389794227599 65
1615642172915 0.10083516438359481 66
1615642265152 0.10052299290188993 67
1615642357177 0.10090463494883192 68
1615642449455 0.10073354953387649 69
1615642541983 0.1004961315688902 70
1615642633894 0.10016055854893043 71
1615642726004 0.09981687534223468 72
1615642817846 0.09947513888419848 73
1615642909936 0.09915994395070996 74
1615643001825 0.09878898627956548 75
1615643093992 0.0984182203317432 76
1615643186322 0.09803631886913997 77
1615643278521 0.09765402791677111 78
1615643370485 0.09729113255196539 79
1615643462746 0.09692416720261156 80
1615643554813 0.09656803116262021 81
1615643646900 0.09624835683210055 82
1615643739140 0.09591530709293773 83
1615643831094 0.0955906240536101 84
1615643922962 0.09523116770571861 85
1615644014940 0.09489147006432583 86
1615644106759 0.09456296843379292 87
1615644198786 0.09450547556818761 88
1615644290777 0.09429171877120858 89
1615644383101 0.09400574997133442 90
1615644475063 0.09371141335122546 91
1615644566942 0.09340000831761346 92
1615644658914 0.09308733109937241 93
1615644750827 0.09278189887798217 94
1615644842897 0.09246838947211333 95
1615644934805 0.09217551307029626 96
1615645026743 0.091896410590078 97
1615645118971 0.09159764283098429 98
1615645210981 0.09129241760986956 99
1615645303303 0.09099991298310246 100
1615645395345 0.09070161257112519 101
1615645487551 0.09040664488155763 102
1615645579537 0.09011314601458859 103
1615645671470 0.08981381999573644 104
1615645763904 0.0895407638375909 105
1615645855852 0.0892679348685682 106
1615645948523 0.08899638569111189 107
1615646040677 0.08871943123386639 108
1615646132783 0.0888597267372799 109
1615646225158 0.08901233470005519 110
1615646317685 0.08903405042504198 111
1615646409633 0.08907806793806686 112
1615646501601 0.08903418573823767 113
1615646593125 0.08892424552955852 114
1615646684829 0.0887532578536793 115
1615646776646 0.08856414632387255 116
1615646868443 0.08837555190927616 117
1615646960560 0.08816699452850552 118
1615647052244 0.08795286348803129 119
1615647144190 0.08774280253270708 120
1615647235747 0.08752866264716147 121
1615647327753 0.08732212558271181 122
1615647419360 0.08709908740619199 123
1615647511203 0.08688568102423827 124
1615647603134 0.08666818720473693 125
1615647694886 0.0864648958647317 126
1615647786745 0.08626553008277248 127
1615647878181 0.08605502852546139 128
1615647969705 0.08583176682791946 129
1615648061915 0.08560732368647653 130
1615648153732 0.08537444005935563 131
1615648245895 0.08516021711151282 132
1615648337830 0.08493947211340133 133
1615648430109 0.08471700316176618 134
1615648521815 0.08448713777801047 135
1615648613715 0.08427744911625853 136
1615648705386 0.08406753833872041 137
1615648797367 0.08386143360718562 138
1615648889254 0.08366028874286457 139
1615648981361 0.08345950782974146 140
1615649073042 0.08325912166423652 141
1615649164726 0.08305405973828223 142
1615649256564 0.0828394929988072 143
1615649348516 0.08263569230954795 144
1615649440618 0.08243350698352715 145
1615649532431 0.0822437631199113 146
1615649624174 0.08203886047805113 147
1615649716113 0.08183935209683353 148
1615649808028 0.0816496647175272 149
1615649900184 0.08146077436315365 150
1615649992037 0.08127584320676676 151
1615650084138 0.08108930556486439 152
1615650176074 0.08090315968011975 153
1615650268090 0.0807132914655187 154
1615650359738 0.08053544390671473 155
1615650451474 0.0803552106403899 156
1615650543488 0.0801765023930051 157
1615650635335 0.0799784778619858 158
1615650727526 0.07980970124811382 159
1615650819493 0.07964621743292126 160
1615650911584 0.0794808121430011 161
1615651003414 0.07931077669701861 162
1615651095435 0.07914305363063344 163
1615651187280 0.07897409045388938 164
1615651278978 0.07882211214131409 165
1615651371080 0.078767595443279 166
1615651463377 0.07865104902676008 167
1615651555444 0.0785159596198336 168
1615651647336 0.07834736633133328 169
1615651739550 0.07819012232223006 170
1615651831544 0.07801293737666555 171
1615651923260 0.07784560338959852 172
1615652014979 0.07768117934133083 173
1615652106685 0.07751679597378798 174
1615652198779 0.07734952772508809 175
1615652290872 0.07716846542963947 176
1615652382939 0.07700532950172287 177
1615652474829 0.07683884190984261 178
1615652566747 0.07669255707789814 179
1615652658871 0.07653630137630317 180
1615652751053 0.07637163175018535 181
1615652843022 0.07623379672490486 182
1615652935147 0.07607639643335252 183
1615653027212 0.07592608681990767 184
1615653119596 0.07576289659154072 185
1615653211499 0.07561882676925254 186
1615653303647 0.07547482769142527 187
1615653396523 0.07534290649291607 188
1615653488553 0.07520605254060907 189
1615653580889 0.07507558441668868 190
1615653672872 0.07492022550854814 191
1615653764908 0.07477619933119581 192
1615653856992 0.07462268624787773 193
1615653949099 0.07449639248200135 194
1615654041296 0.07434598963107418 195
1615654133799 0.07419638808400932 196
1615654226950 0.0740470319343839 197
1615654319010 0.07391483049851191 198
1615654410831 0.07377321560436222 199
1615654503118 0.07363628130177928 200
1615654595095 0.07349350405916148 201
1615654686935 0.07334985975640355 202
1615654779347 0.07321120570513252 203
1615654871218 0.07306585105323862 204
1615654963514 0.07292709964165704 205
1615655055400 0.07279954320016563 206
1615655147439 0.072671928940219 207
1615655239415 0.07254526376009142 208
1615655331772 0.07240447415132938 209
1615655424069 0.07228075874031388 210
1615655515893 0.07215302103306336 211
1615655607878 0.07203112023370084 212
1615655700201 0.07191445756730118 213
1615655792702 0.07177909334183402 214
1615655884980 0.07165314056156354 215
1615655976995 0.07155973170152746 216
1615656069489 0.0717150587815545 217
1615656161407 0.07169107813813372 218
1615656253640 0.07161185307936235 219
1615656345845 0.07151788987177571 220
1615656438027 0.07139703876648089 221
1615656530303 0.07127787250885563 222
1615656622965 0.07116206543150742 223
1615656715340 0.07105194655223866 224
1615656807439 0.07093022554116936 225
1615656899643 0.07081791514577195 226
1615656991746 0.07069910507484331 227
1615657084597 0.07058460121320125 228
1615657176465 0.07046967151101576 229
1615657268338 0.07034395569754318 230
1615657360311 0.07022219941564524 231
1615657452429 0.07010142947975187 232
1615657546601 0.07000051023461623 233
1615657639812 0.06988418849167959 234
1615657732387 0.06976823086923148 235
1615657824628 0.06964657818897975 236
1615657916746 0.06951535968877408 237
1615658009044 0.06942178211347354 238
1615658101028 0.06931417367944673 239
1615658193887 0.06919673803739007 240
1615658286484 0.06907687204693169 241
1615658378818 0.06896952400335804 242
1615658471988 0.06884081643471256 243
1615658565062 0.06874158294179841 244
1615658658190 0.06863720006060943 245
1615658751275 0.06853108471906097 246
1615658843404 0.0684262638230937 247
1615658936295 0.06832405965348085 248
1615659028846 0.06823003123411495 249
