1615636092481 0.6695200135903572 0
1615636092496 0.6695200135903572 0
1615636185199 0.7273311298062552 1
1615636185199 0.7273311298062552 1
1615636277508 0.7508090492801287 2
1615636277508 0.7508090492801287 2
1615636369963 0.7699161036245858 3
1615636369963 0.7699161036245858 3
1615636462219 0.7797370272785871 4
1615636462219 0.7797370272785871 4
1615636554381 0.7872915172310018 5
1615636554381 0.7872915172310018 5
1615636646899 0.7958068996032418 6
1615636646899 0.7958068996032418 6
1615636739081 0.801501853141322 7
1615636739082 0.801501853141322 7
1615636832096 0.8083122593055712 8
1615636832112 0.8083122593055712 8
1615636924905 0.8140848374411241 9
1615636924905 0.8140848374411241 9
1615637017608 0.8192447092146531 10
1615637017608 0.8192447092146531 10
1615637110465 0.8234664280134352 11
1615637110465 0.8234664280134352 11
1615637202982 0.8271775961640783 12
1615637202998 0.8271775961640783 12
1615637295779 0.8300936979049052 13
1615637295779 0.8300936979049052 13
1615637387839 0.8327516237449885 14
1615637387839 0.8327516237449885 14
1615637479864 0.8356323115694435 15
1615637479880 0.8356323115694435 15
1615637572135 0.8383119809224587 16
1615637572135 0.8383119809224587 16
1615637664614 0.8406176125108702 17
1615637664614 0.8406176125108702 17
1615637756846 0.8427719258807911 18
1615637756846 0.8427719258807911 18
1615637848466 0.8450317307639479 19
1615637848474 0.8450317307639479 19
1615637940544 0.8468228777673285 20
1615637940544 0.8468228777673285 20
1615638032388 0.8485536107255129 21
1615638032388 0.8485536107255129 21
1615638124589 0.850363901940203 22
1615638124589 0.850363901940203 22
1615638216347 0.8521487271385407 23
1615638216347 0.8521487271385407 23
1615638308397 0.8536566940973056 24
1615638308397 0.8536566940973056 24
1615638400632 0.8550834603154291 25
1615638400632 0.8550834603154291 25
1615638492647 0.8561876462417259 26
1615638492662 0.8561876462417259 26
1615638584316 0.8568122999103213 27
1615638584331 0.8568122999103213 27
1615638676211 0.8575995673286014 28
1615638676211 0.8575995673286014 28
1615638768504 0.8583810691513233 29
1615638768520 0.8583810691513233 29
1615638860702 0.8592321893660335 30
1615638860702 0.8592321893660335 30
1615638952772 0.8598116664285425 31
1615638952772 0.8598116664285425 31
1615639044733 0.8605526888642793 32
1615639044733 0.8605526888642793 32
1615639136777 0.8613927829242046 33
1615639136777 0.8613927829242046 33
1615639228656 0.862350672712204 34
1615639228656 0.862350672712204 34
1615639320431 0.8632883424276044 35
1615639320431 0.8632883424276044 35
1615639412252 0.8641895111071674 36
1615639412252 0.8641895111071674 36
1615639504143 0.8650230773829233 37
1615639504143 0.8650230773829233 37
1615639595799 0.8659488118634658 38
1615639595799 0.8659488118634658 38
1615639687698 0.8668122015226242 39
1615639687698 0.8668122015226242 39
1615639779777 0.8677533866385351 40
1615639779777 0.8677533866385351 40
1615639871770 0.8685963332610682 41
1615639871772 0.8685963332610682 41
1615639963747 0.8692271686477488 42
1615639963747 0.8692271686477488 42
1615640055638 0.8698848802116136 43
1615640055638 0.8698848802116136 43
1615640147676 0.870404751789115 44
1615640147676 0.870404751789115 44
1615640239421 0.8711609559437037 45
1615640239421 0.8711609559437037 45
1615640331274 0.8718996025165249 46
1615640331274 0.8718996025165249 46
1615640423143 0.8726071934053552 47
1615640423143 0.8726071934053552 47
1615640515189 0.8733020014890692 48
1615640515189 0.8733020014890692 48
1615640607106 0.8740319957484058 49
1615640607106 0.8740319957484058 49
1615640699239 0.8746906078486264 50
1615640699255 0.8746906078486264 50
1615640791015 0.8753121800327204 51
1615640791015 0.8753121800327204 51
1615640882979 0.8759664272723214 52
1615640882979 0.8759664272723214 52
1615640974866 0.8765729793309835 53
1615640974866 0.8765729793309835 53
1615641066959 0.8772122363303376 54
1615641066959 0.8772122363303376 54
1615641158901 0.877811781172432 55
1615641158901 0.877811781172432 55
1615641250890 0.8783715669983622 56
1615641250890 0.8783715669983622 56
1615641342877 0.8784825908949062 57
1615641342877 0.8784825908949062 57
1615641434600 0.878796953009618 58
1615641434600 0.878796953009618 58
1615641526488 0.8793177917154865 59
1615641526488 0.8793177917154865 59
1615641618392 0.8798189667266125 60
1615641618392 0.8798189667266125 60
1615641710331 0.8803568879536096 61
1615641710331 0.8803568879536096 61
1615641802006 0.8809088342980844 62
1615641802006 0.8809088342980844 62
1615641893920 0.8814510278744315 63
1615641893931 0.8814510278744315 63
1615641985695 0.881955047083503 64
1615641985695 0.881955047083503 64
1615642077777 0.8823469403418464 65
1615642077777 0.8823469403418464 65
1615642172930 0.8828124050528148 66
1615642172930 0.8828124050528148 66
1615642265152 0.8831736119177855 67
1615642265152 0.8831736119177855 67
1615642357177 0.8827410603746716 68
1615642357177 0.8827410603746716 68
1615642449455 0.8829224252688096 69
1615642449471 0.8829224252688096 69
1615642541999 0.8831900751074496 70
1615642541999 0.8831900751074496 70
1615642633894 0.8835514198933073 71
1615642633894 0.8835514198933073 71
1615642726020 0.8839336123033379 72
1615642726020 0.8839336123033379 72
1615642817846 0.8843242827774344 73
1615642817846 0.8843242827774344 73
1615642909946 0.8846765238758343 74
1615642909946 0.8846765238758343 74
1615643001825 0.8850961464244318 75
1615643001825 0.8850961464244318 75
1615643093992 0.8855098762884691 76
1615643093992 0.8855098762884691 76
1615643186322 0.8859336125698984 77
1615643186322 0.8859336125698984 77
1615643278521 0.8863691030052238 78
1615643278521 0.8863691030052238 78
1615643370495 0.8867855129791284 79
1615643370495 0.8867855129791284 79
1615643462746 0.8872105290168376 80
1615643462746 0.8872105290168376 80
1615643554813 0.8876207779277918 81
1615643554828 0.8876207779277918 81
1615643646900 0.8879891779354804 82
1615643646900 0.8879891779354804 82
1615643739140 0.8883719987658929 83
1615643739140 0.8883719987658929 83
1615643831094 0.8887612404349186 84
1615643831094 0.8887612404349186 84
1615643922977 0.8891794290244888 85
1615643922977 0.8891794290244888 85
1615644014950 0.8895712935903054 86
1615644014950 0.8895712935903054 86
1615644106759 0.8899439059809516 87
1615644106759 0.8899439059809516 87
1615644198786 0.8899992405193754 88
1615644198786 0.8899992405193754 88
1615644290777 0.8902313944736917 89
1615644290777 0.8902313944736917 89
1615644383101 0.8905440150630733 90
1615644383101 0.8905440150630733 90
1615644475080 0.8908792267529937 91
1615644475080 0.8908792267529937 91
1615644566942 0.8912322300837062 92
1615644566942 0.8912322300837062 92
1615644658914 0.891585190318792 93
1615644658914 0.891585190318792 93
1615644750827 0.8919327658222868 94
1615644750843 0.8919327658222868 94
1615644842897 0.892292885410956 95
1615644842897 0.892292885410956 95
1615644934805 0.8926325476220944 96
1615644934805 0.8926325476220944 96
1615645026758 0.8929532036943257 97
1615645026758 0.8929532036943257 97
1615645118987 0.8933010153797045 98
1615645118987 0.8933010153797045 98
1615645210981 0.8936437042835932 99
1615645210981 0.8936437042835932 99
1615645303303 0.8939790747155814 100
1615645303303 0.8939790747155814 100
1615645395345 0.894315486937927 101
1615645395345 0.894315486937927 101
1615645487567 0.8946558075216502 102
1615645487567 0.8946558075216502 102
1615645579539 0.8949931540775585 103
1615645579539 0.8949931540775585 103
1615645671470 0.8953338960721803 104
1615645671470 0.8953338960721803 104
1615645763904 0.8956528379212328 105
1615645763920 0.8956528379212328 105
1615645855852 0.8959741071292687 106
1615645855852 0.8959741071292687 106
1615645948523 0.8962851780419885 107
1615645948538 0.8962851780419885 107
1615646040677 0.8966037094099267 108
1615646040677 0.8966037094099267 108
1615646132799 0.8964479203665758 109
1615646132799 0.8964479203665758 109
1615646225174 0.8962605258474207 110
1615646225174 0.8962605258474207 110
1615646317685 0.8962273272032392 111
1615646317685 0.8962273272032392 111
1615646409641 0.8961871826570773 112
1615646409643 0.8961871826570773 112
1615646501603 0.8962426817219712 113
1615646501603 0.8962426817219712 113
1615646593125 0.8963669494074866 114
1615646593125 0.8963669494074866 114
1615646684829 0.8965531840471803 115
1615646684829 0.8965531840471803 115
1615646776646 0.8967687009240553 116
1615646776646 0.8967687009240553 116
1615646868443 0.8969831424512019 117
1615646868443 0.8969831424512019 117
1615646960560 0.8972174494853061 118
1615646960560 0.8972174494853061 118
1615647052244 0.8974585809591991 119
1615647052254 0.8974585809591991 119
1615647144190 0.8976952252279775 120
1615647144190 0.8976952252279775 120
1615647235747 0.8979383442675772 121
1615647235763 0.8979383442675772 121
1615647327769 0.8981725838003249 122
1615647327769 0.8981725838003249 122
1615647419360 0.8984271789191144 123
1615647419360 0.8984271789191144 123
1615647511203 0.8986709740161896 124
1615647511213 0.8986709740161896 124
1615647603134 0.8989245331780206 125
1615647603134 0.8989245331780206 125
1615647694886 0.8991599321288302 126
1615647694886 0.8991599321288302 126
1615647786745 0.8993892717529643 127
1615647786745 0.8993892717529643 127
1615647878181 0.8996324366122143 128
1615647878181 0.8996324366122143 128
1615647969715 0.89988867146071 129
1615647969717 0.89988867146071 129
1615648061915 0.9001466010104988 130
1615648061915 0.9001466010104988 130
1615648153748 0.9004107918784069 131
1615648153748 0.9004107918784069 131
1615648245895 0.900658731909529 132
1615648245895 0.900658731909529 132
1615648337846 0.9009091695822488 133
1615648337846 0.9009091695822488 133
1615648430109 0.9011565155222508 134
1615648430109 0.9011565155222508 134
1615648521815 0.901417993071233 135
1615648521815 0.901417993071233 135
1615648613715 0.9016576404031396 136
1615648613715 0.9016576404031396 136
1615648705386 0.9018945915714347 137
1615648705401 0.9018945915714347 137
1615648797367 0.902132476736482 138
1615648797367 0.902132476736482 138
1615648889269 0.9023650585445385 139
1615648889269 0.9023650585445385 139
1615648981361 0.9025905633652235 140
1615648981376 0.9025905633652235 140
1615649073042 0.902820214928324 141
1615649073042 0.902820214928324 141
1615649164726 0.9030629243725413 142
1615649164726 0.9030629243725413 142
1615649256564 0.9033076051718386 143
1615649256564 0.9033076051718386 143
1615649348516 0.903539056191724 144
1615649348516 0.903539056191724 144
1615649440634 0.9037739157301957 145
1615649440634 0.9037739157301957 145
1615649532431 0.9039944225697363 146
1615649532431 0.9039944225697363 146
1615649624189 0.9042284521572936 147
1615649624189 0.9042284521572936 147
1615649716113 0.9044624064530014 148
1615649716113 0.9044624064530014 148
1615649808028 0.9046842734804792 149
1615649808038 0.9046842734804792 149
1615649900192 0.9049060556128452 150
1615649900194 0.9049060556128452 150
1615649992037 0.9051225237615655 151
1615649992037 0.9051225237615655 151
1615650084138 0.9053353324914811 152
1615650084138 0.9053353324914811 152
1615650176090 0.9055511661582984 153
1615650176090 0.9055511661582984 153
1615650268090 0.9057687600487171 154
1615650268090 0.9057687600487171 154
1615650359738 0.9059738476760325 155
1615650359738 0.9059738476760325 155
1615650451474 0.9061771210073026 156
1615650451490 0.9061771210073026 156
1615650543488 0.906380540048909 157
1615650543488 0.906380540048909 157
1615650635335 0.9066086564404316 158
1615650635335 0.9066086564404316 158
1615650727526 0.9068017990550773 159
1615650727526 0.9068017990550773 159
1615650819501 0.9069913865210468 160
1615650819501 0.9069913865210468 160
1615650911584 0.9071865275677928 161
1615650911599 0.9071865275677928 161
1615651003414 0.9073837639666901 162
1615651003414 0.9073837639666901 162
1615651095451 0.9075807545349014 163
1615651095451 0.9075807545349014 163
1615651187280 0.9077783082052894 164
1615651187280 0.9077783082052894 164
1615651278978 0.9079543126975108 165
1615651278985 0.9079543126975108 165
1615651371095 0.9080144429158368 166
1615651371095 0.9080144429158368 166
1615651463377 0.9081513309479285 167
1615651463377 0.9081513309479285 167
1615651555444 0.9083090838093241 168
1615651555444 0.9083090838093241 168
1615651647336 0.9085018000352054 169
1615651647336 0.9085018000352054 169
1615651739550 0.9086864111614834 170
1615651739550 0.9086864111614834 170
1615651831544 0.9088939374861655 171
1615651831544 0.9088939374861655 171
1615651923260 0.9090894849746116 172
1615651923260 0.9090894849746116 172
1615652014979 0.9092754564040473 173
1615652014979 0.9092754564040473 173
1615652106685 0.9094678114319655 174
1615652106685 0.9094678114319655 174
1615652198779 0.9096656375270193 175
1615652198779 0.9096656375270193 175
1615652290872 0.9098733292456082 176
1615652290872 0.9098733292456082 176
1615652382939 0.9100631944499071 177
1615652382939 0.9100631944499071 177
1615652474829 0.9102577184165648 178
1615652474845 0.9102577184165648 178
1615652566747 0.9104281764990252 179
1615652566747 0.9104281764990252 179
1615652658871 0.9106104504524392 180
1615652658871 0.9106104504524392 180
1615652751053 0.9108014639203652 181
1615652751068 0.9108014639203652 181
1615652843038 0.9109647335172734 182
1615652843038 0.9109647335172734 182
1615652935147 0.911148105297747 183
1615652935157 0.911148105297747 183
1615653027227 0.9113236410404313 184
1615653027227 0.9113236410404313 184
1615653119596 0.9115115157880816 185
1615653119596 0.9115115157880816 185
1615653211499 0.911681191031041 186
1615653211499 0.911681191031041 186
1615653303647 0.9118499206825635 187
1615653303662 0.9118499206825635 187
1615653396523 0.9120052829484822 188
1615653396523 0.9120052829484822 188
1615653488553 0.9121645202153508 189
1615653488568 0.9121645202153508 189
1615653580889 0.912318507793816 190
1615653580904 0.912318507793816 190
1615653672872 0.9124977310229809 191
1615653672872 0.9124977310229809 191
1615653764908 0.9126648476059087 192
1615653764908 0.9126648476059087 192
1615653856992 0.9128431290993411 193
1615653856992 0.9128431290993411 193
1615653949099 0.9129914447283127 194
1615653949099 0.9129914447283127 194
1615654041296 0.9131644478988576 195
1615654041312 0.9131644478988576 195
1615654133799 0.9133361204391767 196
1615654133799 0.9133361204391767 196
1615654226950 0.9135070952349396 197
1615654226965 0.9135070952349396 197
1615654319010 0.9136639787136345 198
1615654319010 0.9136639787136345 198
1615654410831 0.9138301744901416 199
1615654410847 0.9138301744901416 199
1615654503118 0.91398867203255 200
1615654503118 0.91398867203255 200
1615654595095 0.9141540089557448 201
1615654595095 0.9141540089557448 201
1615654686935 0.9143187283097916 202
1615654686951 0.9143187283097916 202
1615654779347 0.9144808937486649 203
1615654779347 0.9144808937486649 203
1615654871218 0.9146472968489284 204
1615654871218 0.9146472968489284 204
1615654963514 0.9148088534631303 205
1615654963514 0.9148088534631303 205
1615655055400 0.9149613314720464 206
1615655055400 0.9149613314720464 206
1615655147439 0.9151113230401451 207
1615655147454 0.9151113230401451 207
1615655239415 0.9152564106158317 208
1615655239415 0.9152564106158317 208
1615655331772 0.9154205282613916 209
1615655331788 0.9154205282613916 209
1615655424069 0.9155629334633084 210
1615655424069 0.9155629334633084 210
1615655515909 0.9157122739773502 211
1615655515909 0.9157122739773502 211
1615655607878 0.915853731421396 212
1615655607893 0.915853731421396 212
1615655700201 0.9159902311349146 213
1615655700201 0.9159902311349146 213
1615655792702 0.9161442949824838 214
1615655792702 0.9161442949824838 214
1615655884980 0.9162886682043188 215
1615655884996 0.9162886682043188 215
1615655976995 0.9164020912737763 216
1615655976995 0.9164020912737763 216
1615656069489 0.9162016999184076 217
1615656069489 0.9162016999184076 217
1615656161415 0.9162244624444602 218
1615656161415 0.9162244624444602 218
1615656253640 0.9163172477914402 219
1615656253640 0.9163172477914402 219
1615656345845 0.9164261903281451 220
1615656345845 0.9164261903281451 220
1615656438042 0.9165654395171847 221
1615656438042 0.9165654395171847 221
1615656530303 0.916702868719471 222
1615656530303 0.916702868719471 222
1615656622965 0.9168362412194624 223
1615656622965 0.9168362412194624 223
1615656715340 0.9169633635329959 224
1615656715340 0.9169633635329959 224
1615656807439 0.9171039792125357 225
1615656807439 0.9171039792125357 225
1615656899658 0.9172345276201126 226
1615656899658 0.9172345276201126 226
1615656991746 0.9173734910458393 227
1615656991746 0.9173734910458393 227
1615657084597 0.9175053384617081 228
1615657084613 0.9175053384617081 228
1615657176465 0.9176383556047479 229
1615657176465 0.9176383556047479 229
1615657268338 0.9177835230274068 230
1615657268354 0.9177835230274068 230
1615657360311 0.91792783649505 231
1615657360311 0.91792783649505 231
1615657452429 0.9180665597568731 232
1615657452429 0.9180665597568731 232
1615657546601 0.9181841327135756 233
1615657546601 0.9181841327135756 233
1615657639812 0.9183197062132505 234
1615657639812 0.9183197062132505 234
1615657732387 0.9184549908925765 235
1615657732387 0.9184549908925765 235
1615657824628 0.9185942382547561 236
1615657824628 0.9185942382547561 236
1615657916746 0.9187455878584962 237
1615657916746 0.9187455878584962 237
1615658009044 0.9188563949838234 238
1615658009044 0.9188563949838234 238
1615658101044 0.918983441013935 239
1615658101044 0.918983441013935 239
1615658193887 0.9191175122982559 240
1615658193887 0.9191175122982559 240
1615658286484 0.9192562870193275 241
1615658286484 0.9192562870193275 241
1615658378818 0.9193813586744285 242
1615658378818 0.9193813586744285 242
1615658471988 0.919530175196962 243
1615658471988 0.919530175196962 243
1615658565062 0.9196466623202638 244
1615658565062 0.9196466623202638 244
1615658658190 0.9197671296188671 245
1615658658190 0.9197671296188671 245
1615658751275 0.9198879286862041 246
1615658751275 0.9198879286862041 246
1615658843404 0.9200095593558013 247
1615658843404 0.9200095593558013 247
1615658936295 0.9201282152537278 248
1615658936295 0.9201282152537278 248
1615659028846 0.9202376432445508 249
1615659028846 0.9202376432445508 249
