1615636092481 20.710483247825305 0
1615636185199 15.841322649744537 1
1615636277508 15.26349479431036 2
1615636369948 13.795116614964432 3
1615636462219 14.079877594577564 4
1615636554365 13.472651390982822 5
1615636646899 12.65211186714369 6
1615636739064 13.484366872962795 7
1615636832096 11.521748242950006 8
1615636924889 11.788905779666697 9
1615637017608 11.74304605953412 10
1615637110457 11.831665205604665 11
1615637202982 11.11442365809888 12
1615637295779 11.279637280294427 13
1615637387823 11.279829616582822 14
1615637479864 10.989977095143214 15
1615637572119 11.501092440359276 16
1615637664606 11.15181932910311 17
1615637756830 11.41882227080463 18
1615637848466 10.51294435506215 19
1615637940528 10.840877395396504 20
1615638032380 10.032635756481056 21
1615638124574 10.51934065722952 22
1615638216347 10.504772562378575 23
1615638308397 10.042093694412802 24
1615638400632 10.040229899594534 25
1615638492647 10.420569609601058 26
1615638584316 11.38261125275441 27
1615638676211 11.44022892794285 28
1615638768504 10.991164241427935 29
1615638860702 10.163469455149382 30
1615638952763 10.355119380930981 31
1615639044733 11.234590943934444 32
1615639136762 10.72535607076628 33
1615639228641 10.334283817300163 34
1615639320415 9.732624459022821 35
1615639412252 9.776652008640633 36
1615639504133 9.582544622941965 37
1615639595784 9.309961066173235 38
1615639687698 9.77084351648137 39
1615639779767 9.289256074545111 40
1615639871762 8.970442937714095 41
1615639963731 9.475773508606357 42
1615640055628 10.078365159693522 43
1615640147676 9.988265917020334 44
1615640239411 8.787722992850586 45
1615640331274 8.448738625981106 46
1615640423143 9.010808436061804 47
1615640515181 9.338265468467352 48
1615640607106 9.213034872028041 49
1615640699239 8.909990435616802 50
1615640791000 8.241962992463453 51
1615640882979 9.02574080026777 52
1615640974866 8.804911396833583 53
1615641066943 9.2350789835632 54
1615641158891 8.287796766250905 55
1615641250880 8.818562320506476 56
1615641342862 10.547220724542774 57
1615641434600 9.814533504914184 58
1615641526472 9.439646740696768 59
1615641618376 8.54921582261126 60
1615641710323 8.73201156997737 61
1615641802006 7.970981212421554 62
1615641893920 7.7886705055858405 63
1615641985679 7.888922852574417 64
1615642077777 8.796566705854108 65
1615642172915 8.007777151506103 66
1615642265152 9.418712449132252 67
1615642357161 14.49435251841285 68
1615642449455 9.3340435708439 69
1615642541983 9.524125048415803 70
1615642633878 8.38605457273521 71
1615642726004 8.175693901397752 72
1615642817846 7.999622525108005 73
1615642909936 9.048457980652273 74
1615643001825 7.543647433505441 75
1615643093992 7.818943753722419 76
1615643186322 7.547115763072358 77
1615643278505 7.501403095684824 78
1615643370485 7.584238762260669 79
1615643462730 7.7459000678966925 80
1615643554813 8.895453317830569 81
1615643646900 7.577968306441181 82
1615643739140 8.123201848741383 83
1615643831094 7.822059183314708 84
1615643922962 7.171973254726377 85
1615644014940 8.000409703134787 86
1615644106744 7.243336521682012 87
1615644198786 9.910127419324686 88
1615644290762 8.928042153955976 89
1615644383101 8.026203744971841 90
1615644475063 7.141025370521156 91
1615644566935 8.417182308827913 92
1615644658906 7.502781409967508 93
1615644750827 6.96007067174221 94
1615644842881 7.386282483153236 95
1615644934805 7.238040557126516 96
1615645026743 7.698303317914458 97
1615645118971 7.26184418478235 98
1615645210981 7.872870028904781 99
1615645303303 8.11559740144535 100
1615645395330 7.1486047341300765 101
1615645487551 7.231357131908181 102
1615645579529 6.9783684749621955 103
1615645671454 6.9254483834621245 104
1615645763904 6.33701539409367 105
1615645855836 6.9842038656650685 106
1615645948523 6.932106074162889 107
1615646040677 6.625697686030334 108
1615646132783 11.1101307926053 109
1615646225158 10.718361634995967 110
1615646317685 9.800616299833854 111
1615646409633 10.144900220565253 112
1615646501593 9.17118966471592 113
1615646593109 8.381416319841053 114
1615646684829 7.426612926333831 115
1615646776646 7.340084979971267 116
1615646868443 6.9561810602703655 117
1615646960545 7.316818371376813 118
1615647052244 6.940837733533262 119
1615647144174 7.152597379456898 120
1615647235747 7.060949977303504 121
1615647327753 7.055807990041596 122
1615647419360 6.926312092335213 123
1615647511203 6.922317313212669 124
1615647603134 6.595406475596401 125
1615647694878 7.095471347637922 126
1615647786743 7.4765895696100415 127
1615647878173 6.555272230433784 128
1615647969705 6.55714950974452 129
1615648061915 6.39667304252335 130
1615648153732 6.697410391457714 131
1615648245895 6.89547323780302 132
1615648337830 6.383324939457519 133
1615648430094 7.068519926270122 134
1615648521815 6.95500289303165 135
1615648613715 6.515963487640334 136
1615648705386 6.957258945659664 137
1615648797351 6.631583272327349 138
1615648889254 6.363263060114261 139
1615648981361 7.054654439971718 140
1615649073042 6.626841351517364 141
1615649164726 7.413426412227168 142
1615649256564 6.0948039886673 143
1615649348501 6.497684331999237 144
1615649440618 6.736890500915575 145
1615649532431 6.410165460094347 146
1615649624174 6.0872297143044936 147
1615649716113 6.550721299259393 148
1615649808028 6.146724374721857 149
1615649900184 6.798682201699351 150
1615649992037 5.802668901855367 151
1615650084123 7.981661818362663 152
1615650176074 6.598201570410126 153
1615650268074 6.4992853968103 154
1615650359738 6.94336671170158 155
1615650451474 6.060187149882598 156
1615650543472 6.734868263045967 157
1615650635335 6.215668442073809 158
1615650727526 6.63309724901165 159
1615650819493 6.524095275940916 160
1615650911584 7.016890714842826 161
1615651003414 6.062256239153281 162
1615651095435 6.664684762504401 163
1615651187280 6.3221151182527535 164
1615651278978 7.04547150657969 165
1615651371080 9.969782297979998 166
1615651463377 8.156667908886831 167
1615651555444 7.150101386200922 168
1615651647336 5.9932188764795535 169
1615651739550 6.275245250348838 170
1615651831529 6.341528757957655 171
1615651923252 6.7008358405900665 172
1615652014979 6.174413635050995 173
1615652106685 5.756132418626322 174
1615652198779 5.941485742020555 175
1615652290857 5.727707263671445 176
1615652382939 6.485924146635846 177
1615652474829 5.686091968493264 178
1615652566732 6.8224892179918335 179
1615652658855 6.2108657764639235 180
1615652751053 6.626358983913786 181
1615652843022 6.113799904306242 182
1615652935147 6.030766838102805 183
1615653027212 5.8129673370796855 184
1615653119596 6.175176080887201 185
1615653211483 6.005845735487372 186
1615653303647 6.148271720594893 187
1615653396508 6.430629761017472 188
1615653488553 5.811981233776201 189
1615653580889 7.13891674746767 190
1615653672872 5.748800043003917 191
1615653764893 6.404335057157083 192
1615653856992 6.909261731471472 193
1615653949099 6.517047342831547 194
1615654041296 8.88894476940079 195
1615654133799 6.040002425884844 196
1615654226950 5.971411149543879 197
1615654318994 6.719423214816449 198
1615654410831 6.147500767181356 199
1615654503118 5.455049394157428 200
1615654595080 6.586078408614432 201
1615654686935 6.170927929892846 202
1615654779332 6.03451447978648 203
1615654871202 6.412154927660994 204
1615654963514 7.599675575404053 205
1615655055392 5.740134845364532 206
1615655147439 5.892936895642953 207
1615655239400 6.951041332724925 208
1615655331772 6.707142189743745 209
1615655424069 6.220626023824906 210
1615655515893 6.321492719721188 211
1615655607878 6.603754163626751 212
1615655700201 6.487735986559034 213
1615655792702 6.311817423496656 214
1615655884980 6.812932770806531 215
1615655976995 6.764661054861466 216
1615656069489 11.616515543182297 217
1615656161407 8.516248632204118 218
1615656253632 7.094909729658676 219
1615656345845 6.220693468406025 220
1615656438027 6.129526637655286 221
1615656530287 7.241269482319007 222
1615656622950 6.063894309978456 223
1615656715325 7.230116394055907 224
1615656807424 5.814750323209758 225
1615656899643 6.626367354861924 226
1615656991746 6.028166420534968 227
1615657084597 6.050190403814268 228
1615657176465 6.857320934838469 229
1615657268338 6.934423807549333 230
1615657360311 7.082465643096152 231
1615657452422 5.531219288576238 232
1615657546601 7.374906969474367 233
1615657639812 6.152950520629098 234
1615657732387 7.025988894849425 235
1615657824628 5.987905729262861 236
1615657916746 5.15059643361735 237
1615658009044 5.73291399585621 238
1615658101028 6.259455020724737 239
1615658193887 6.232265277200901 240
1615658286484 6.692718316729403 241
1615658378818 5.563627133840155 242
1615658471988 6.2302277046476195 243
1615658565055 7.201736485456489 244
1615658658175 5.644791497854705 245
1615658751275 6.429318460431701 246
1615658843388 5.493085349740724 247
1615658936287 5.167961760496089 248
1615659028846 6.1761283784513745 249
