1615636092481 0.6695200135903572 0
1615636185183 0.7851422460221532 1
1615636277502 0.7977648882278755 2
1615636369948 0.8272372666579574 3
1615636462219 0.8190207218945916 4
1615636554365 0.8250639669930757 5
1615636646884 0.8468991938366819 6
1615636739064 0.8413665279078839 7
1615636832096 0.8627955086195647 8
1615636924889 0.8660380406611001 9
1615637017592 0.8708434269499423 10
1615637110457 0.869905334800037 11
1615637202982 0.8717116139717956 12
1615637295779 0.8680030205356541 13
1615637387823 0.8699625855061546 14
1615637479864 0.8788426289362694 15
1615637572119 0.8811866905707032 16
1615637664606 0.8798133495138653 17
1615637756830 0.8815495665393659 18
1615637848466 0.8879680235439272 19
1615637940528 0.8826458178349396 20
1615638032380 0.8848990028473869 21
1615638124574 0.8901903086633824 22
1615638216332 0.8931997067003108 23
1615638308390 0.88984790110766 24
1615638400632 0.890752615768518 25
1615638492647 0.8848964803254427 26
1615638584316 0.8736779489623967 27
1615638676195 0.8796430550404449 28
1615638768504 0.8810446220102595 29
1615638860695 0.8847657958073403 30
1615638952763 0.8777754553663197 31
1615639044733 0.8842654068078568 32
1615639136762 0.8891158869017416 33
1615639228641 0.8949189255041863 34
1615639320415 0.896106782466618 35
1615639412236 0.896631583571434 36
1615639504133 0.8958650295858952 37
1615639595784 0.9011267221240855 38
1615639687698 0.9004843982297983 39
1615639779767 0.9054007912749675 40
1615639871762 0.9031571447849274 41
1615639963731 0.8957222548883352 42
1615640055628 0.8981664774578009 43
1615640147661 0.8932791011991785 44
1615640239411 0.9051901429001965 45
1615640331274 0.9058773448662971 46
1615640423143 0.9058639651803828 47
1615640515181 0.9066527895073393 48
1615640607106 0.9098017144559035 49
1615640699239 0.9076212128596519 50
1615640791000 0.9070123614215139 51
1615640882977 0.9099872837315744 52
1615640974851 0.9087202384400723 53
1615641066943 0.9117321142954613 54
1615641158891 0.9107867474876233 55
1615641250880 0.9097195732504574 56
1615641342862 0.8848109529979193 57
1615641434584 0.8970299556628981 58
1615641526472 0.9100472753617301 59
1615641618376 0.9098894673941741 60
1615641710323 0.9131700828004239 61
1615641801990 0.915129507655528 62
1615641893920 0.9156092231843009 63
1615641985679 0.914212276464078 64
1615642077770 0.9078200021341666 65
1615642172915 0.9135330759767276 66
1615642265152 0.9073744718708209 67
1615642357161 0.8533275554429239 68
1615642449455 0.89543660296433 69
1615642541983 0.9019255638122559 70
1615642633878 0.9092068996892047 71
1615642726004 0.9114514658255364 72
1615642817831 0.9128432273864746 73
1615642909936 0.9107423651574263 74
1615643001809 0.916567837569251 75
1615643093992 0.9169533459553078 76
1615643186322 0.9185613062399537 77
1615643278505 0.9203373569605956 78
1615643370485 0.9196819009175942 79
1615643462730 0.921211812033582 80
1615643554813 0.9208509397150865 81
1615643646900 0.918197978565942 82
1615643739140 0.9201461276901302 83
1615643831083 0.9214575406330735 84
1615643922962 0.9247254591379592 85
1615644014940 0.9232716462505397 86
1615644106744 0.9223611839671633 87
1615644198786 0.8948686799006675 88
1615644290762 0.9108930964078477 89
1615644383086 0.9186798681074114 90
1615644475063 0.9213834905357503 91
1615644566935 0.9237085365092577 92
1615644658906 0.924410492181778 93
1615644750827 0.9246048631507959 94
1615644842881 0.9265042463345314 95
1615644934805 0.9252401198913802 96
1615645026743 0.9240568427007589 97
1615645118971 0.9273865605468181 98
1615645210981 0.9275699057685796 99
1615645303303 0.9275161179143991 100
1615645395330 0.9282931213948264 101
1615645487551 0.9293685070614317 102
1615645579529 0.9297398493361118 103
1615645671454 0.9307710635128306 104
1615645763904 0.9291417320717626 105
1615645855836 0.9300286431810749 106
1615645948523 0.929569765703002 107
1615646040677 0.9310050971472441 108
1615646132783 0.8794669146413234 109
1615646225158 0.8756471287403533 110
1615646317669 0.8925422776990862 111
1615646409633 0.8916909934869454 112
1615646501593 0.9025140760549858 113
1615646593109 0.9105334655562444 114
1615646684829 0.9179701676119619 115
1615646776631 0.921768658641559 116
1615646868427 0.9220728011273626 117
1615646960545 0.9248656795096042 118
1615647052244 0.9261532263524497 119
1615647144174 0.9260925374813934 120
1615647235747 0.9273557480591447 121
1615647327753 0.9267498067955473 122
1615647419360 0.9297423785302177 123
1615647511203 0.9289015660535044 124
1615647603134 0.9306194284069005 125
1615647694878 0.9288201999308457 126
1615647786735 0.9285154040180036 127
1615647878173 0.9307575385961959 128
1615647969705 0.9329429669166679 129
1615648061900 0.933677442483048 130
1615648153732 0.935019795574359 131
1615648245895 0.9333868160176633 132
1615648337830 0.9342173800539615 133
1615648430094 0.9343008714825359 134
1615648521799 0.9367174621838242 135
1615648613715 0.9342496775424303 136
1615648705386 0.934356901627868 137
1615648797351 0.9349606295130146 138
1615648889254 0.9346939298643995 139
1615648981361 0.9341612382611232 140
1615649073026 0.9352010853254973 141
1615649164726 0.9375276654513914 142
1615649256564 0.9382969594713467 143
1615649348501 0.9368680030552309 144
1615649440618 0.937828548808596 145
1615649532416 0.936188421142635 146
1615649624174 0.9386308015282474 147
1615649716113 0.93908764221775 148
1615649808028 0.9377424605746767 149
1615649900184 0.9381733754677559 150
1615649992037 0.937809214218339 151
1615650084123 0.9376822594386428 152
1615650176074 0.9385737171813623 153
1615650268074 0.9392782191732036 154
1615650359722 0.9377624299099196 155
1615650451474 0.937887760685451 156
1615650543472 0.9383173295811041 157
1615650635319 0.9426510463010019 158
1615650727526 0.9375114747837409 159
1615650819493 0.937325381076158 160
1615650911584 0.9386042360939196 161
1615651003414 0.9393360605880395 162
1615651095435 0.9396902171533499 163
1615651187280 0.9401771101488996 164
1615651278962 0.9369950539140559 165
1615651371080 0.9179960591579551 166
1615651463377 0.9310116323072519 167
1615651555444 0.9348115645237823 168
1615651647336 0.9410708422091469 169
1615651739550 0.9400703026287591 170
1615651831529 0.9443809390068054 171
1615651923252 0.9427236529873378 172
1615652014979 0.9414485136964428 173
1615652106669 0.9429375862897332 174
1615652198771 0.9442852041614589 175
1615652290857 0.946427071717248 176
1615652382939 0.943669335610831 177
1615652474829 0.9448829844816408 178
1615652566732 0.9409401732594219 179
1615652658855 0.9434197620669408 180
1615652751053 0.9453749016149721 181
1615652843022 0.9406798001545579 182
1615652935147 0.9447051411244407 183
1615653027212 0.9436222176943252 184
1615653119596 0.9462683441034004 185
1615653211483 0.94324078622149 186
1615653303647 0.9434023655172604 187
1615653396508 0.9412133889411812 188
1615653488553 0.9422603636535246 189
1615653580889 0.9415761477022029 190
1615653672872 0.9467293677934959 191
1615653764893 0.9447512315280402 192
1615653856985 0.9472514573317855 193
1615653949099 0.9417646767488167 194
1615654041296 0.9469000661551062 195
1615654133799 0.9469839383417101 196
1615654226950 0.9471891300002141 197
1615654318994 0.9447269074952425 198
1615654410831 0.9469031340150691 199
1615654503118 0.945688180514236 200
1615654595080 0.947386730517914 201
1615654686935 0.9475920378272213 202
1615654779332 0.9474004778399396 203
1615654871202 0.9485935293026825 204
1615654963514 0.9479279593745275 205
1615655055392 0.9463718013087316 206
1615655147439 0.9461595776365764 207
1615655239400 0.9454346263586585 208
1615655331772 0.949721116183409 209
1615655424062 0.9454680258658394 210
1615655515893 0.9472231224401674 211
1615655607878 0.9458427095591132 212
1615655700186 0.9450646701143749 213
1615655792694 0.9491139583623232 214
1615655884980 0.9473289108988064 215
1615655976995 0.9409014742765853 216
1615656069489 0.8727167758034237 217
1615656161407 0.9211866931239171 218
1615656253632 0.9366372387800643 219
1615656345845 0.9403935484032133 220
1615656438027 0.9473395102949285 221
1615656530287 0.9472121516270424 222
1615656622950 0.9465783087175283 223
1615656715325 0.9454387617644979 224
1615656807424 0.9487425071090015 225
1615656899643 0.9467384677324722 226
1615656991746 0.9489181886858015 227
1615657084597 0.9475665492797966 228
1615657176450 0.948099281360854 229
1615657268338 0.9511720302389629 230
1615657360311 0.9512642475206461 231
1615657452422 0.9502503564998285 232
1615657546599 0.9455786316252467 233
1615657639812 0.9500439051371902 234
1615657732372 0.9502468905342158 235
1615657824628 0.9514566157291184 236
1615657916730 0.954615443944931 237
1615658009028 0.9452284908116754 238
1615658101028 0.9493474422106102 239
1615658193887 0.9512946205352669 240
1615658286468 0.952700994797607 241
1615658378803 0.9496486992088716 242
1615658471988 0.9556925901726111 243
1615658565055 0.948069520405869 244
1615658658175 0.9492816177766714 245
1615658751259 0.9496044992510952 246
1615658843388 0.9500523347463181 247
1615658936287 0.9495548779395089 248
1615659028846 0.9474852129594603 249
