1615636092481 0.314403807049367 0
1615636185183 0.1862753167081235 1
1615636277502 0.17416781453943964 2
1615636369948 0.14674750815576582 3
1615636462219 0.1564521478183234 4
1615636554365 0.1496870001750206 5
1615636646884 0.13058182374754948 6
1615636739064 0.1384013099456901 7
1615636832096 0.11810987831941291 8
1615636924889 0.11601247360457236 9
1615637017592 0.11035706303012904 10
1615637110457 0.11030945938024948 11
1615637202982 0.10958656624181946 12
1615637295779 0.11343402826963965 13
1615637387823 0.11107947221442835 14
1615637479864 0.10382142618520936 15
1615637572119 0.10149047801743692 16
1615637664606 0.10238076501817846 17
1615637756830 0.10193335120357684 18
1615637848456 0.09568434153030168 19
1615637940528 0.10097094525152178 20
1615638032380 0.09805858046261233 21
1615638124574 0.09366247992017376 22
1615638216332 0.09075047097988982 23
1615638308390 0.09388714494989879 24
1615638400624 0.09362571541942767 25
1615638492647 0.09842908471377927 26
1615638584316 0.1075025005127067 27
1615638676195 0.10297256708145142 28
1615638768504 0.10242837845389523 29
1615638860695 0.09848312655491616 30
1615638952763 0.10651065876234823 31
1615639044733 0.09930854679933235 32
1615639136762 0.09533482878955442 33
1615639228641 0.08963855700706368 34
1615639320415 0.08846900979084756 35
1615639412236 0.08751575804468412 36
1615639504133 0.08970979256416435 37
1615639595784 0.08439446029378407 38
1615639687682 0.08489121429955782 39
1615639779767 0.08090262270685453 40
1615639871762 0.08324570264389265 41
1615639963731 0.08953332545152351 42
1615640055628 0.08772706451700694 43
1615640147661 0.09098391924331438 44
1615640239411 0.08098518403608408 45
1615640331274 0.07906703361824377 46
1615640423127 0.08052330497485488 47
1615640515181 0.07983246045326119 48
1615640607091 0.07721578985897463 49
1615640699239 0.07878743801543962 50
1615640791000 0.07945167662492439 51
1615640882969 0.07718421274156713 52
1615640974851 0.07808974429742614 53
1615641066943 0.07506886080129822 54
1615641158891 0.07601557027048139 55
1615641250880 0.07628141677201684 56
1615641342862 0.09994743386311318 57
1615641434584 0.08768696838350439 58
1615641526472 0.07690388320097283 59
1615641618376 0.07756182151054268 60
1615641710321 0.07421537566540846 61
1615641801990 0.0733227712004932 62
1615641893912 0.0721479921198603 63
1615641985679 0.07335622364015722 64
1615642077739 0.07859961577315829 65
1615642172915 0.07385874951063696 66
1615642265152 0.07960750362766322 67
1615642357161 0.1268562941408869 68
1615642449455 0.08892865590195158 69
1615642541983 0.08387687401985054 70
1615642633878 0.07633487413178629 71
1615642726004 0.07507168446014177 72
1615642817831 0.07452837744755532 73
1615642909928 0.07583551887255996 74
1615643001809 0.07096716094372878 75
1615643093984 0.07024000829725123 76
1615643186306 0.06862990624869048 77
1615643278505 0.06783533363199945 78
1615643370485 0.06862239873231347 79
1615643462730 0.06756693925430525 80
1615643554813 0.06772101192332025 81
1615643646900 0.07003506172948809 82
1615643739140 0.06827217874242299 83
1615643831075 0.06831724875008882 84
1615643922962 0.06467737813494098 85
1615644014940 0.06567747290454694 86
1615644106744 0.06598332657742856 87
1615644198780 0.08944610339492115 88
1615644290762 0.07526736384007468 89
1615644383086 0.06826855798265827 90
1615644475063 0.06692678092130974 91
1615644566935 0.06475074522530855 92
1615644658906 0.06400834980295665 93
1615644750827 0.06407127006730037 94
1615644842881 0.0626849959145731 95
1615644934789 0.0640593784958569 96
1615645026743 0.06482347000890704 97
1615645118971 0.06231840243980066 98
1615645210973 0.06107512071951112 99
1615645303288 0.061749450306394206 100
1615645395330 0.06057327096141986 101
1615645487551 0.06031994054566568 102
1615645579529 0.05988276271677729 103
1615645671454 0.05868391403511389 104
1615645763904 0.06086986723230846 105
1615645855836 0.06034806415216246 106
1615645948523 0.05994062370328761 107
1615646040661 0.05880834985135207 108
1615646132783 0.1041519366093536 109
1615646225158 0.10579921060533666 110
1615646317669 0.09144449589857415 111
1615646409623 0.09400802939685422 112
1615646501593 0.08407549715753812 113
1615646593109 0.07639106174013507 114
1615646684813 0.0690896751275703 115
1615646776631 0.06662720886629019 116
1615646868427 0.06631000540149745 117
1615646960545 0.06355722359756925 118
1615647052236 0.0624712696715967 119
1615647144174 0.06253548789380202 120
1615647235747 0.06161773649614249 121
1615647327753 0.06212460371985364 122
1615647419352 0.05966539169425395 123
1615647511195 0.060423289661976826 124
1615647603126 0.05948145976707117 125
1615647694876 0.06085018702407381 126
1615647786735 0.060946075773950836 127
1615647878171 0.05911082918964215 128
1615647969697 0.05703100784501033 129
1615648061900 0.05642971529889462 130
1615648153732 0.05486668490651828 131
1615648245895 0.056882787996263645 132
1615648337830 0.055580387364572555 133
1615648430094 0.054906163642655555 134
1615648521799 0.05345531097098963 135
1615648613700 0.05575979111799553 136
1615648705386 0.05530976181599631 137
1615648797351 0.05541898065538549 138
1615648889254 0.05570115260223844 139
1615648981361 0.05535017999250497 140
1615649073026 0.055004672328038004 141
1615649164718 0.05393526625277391 142
1615649256548 0.052156449253879376 143
1615649348501 0.053288393056214745 144
1615649440618 0.05311663471051117 145
1615649532416 0.054541159031996085 146
1615649624174 0.05191817212460646 147
1615649716113 0.05231211167662891 148
1615649808020 0.053386245200883094 149
1615649900174 0.053127221207120524 150
1615649992021 0.053351238592347104 151
1615650084123 0.05273558399570522 152
1615650176074 0.05242283931419031 153
1615650268074 0.05147358641695621 154
1615650359722 0.052969072292100135 155
1615650451474 0.05223882109371584 156
1615650543472 0.05211930755359023 157
1615650635319 0.04869060196093659 158
1615650727511 0.05297421964246835 159
1615650819491 0.05348880700211027 160
1615650911584 0.05285056046585539 161
1615651003399 0.051765034447855025 162
1615651095435 0.05180419380985089 163
1615651187264 0.05126412946786454 164
1615651278962 0.05374569056639031 165
1615651371080 0.06971782356945437 166
1615651463362 0.059187797468100024 167
1615651555429 0.055820939256184136 168
1615651647321 0.049855100574778086 169
1615651739534 0.051458640774684164 170
1615651831529 0.04771431168513512 171
1615651923252 0.04906415761406742 172
1615652014964 0.049235818991020544 173
1615652106669 0.0489140900213327 174
1615652198771 0.048077584202609845 175
1615652290857 0.04530150143068228 176
1615652382939 0.04813027026048347 177
1615652474829 0.047204050555158014 178
1615652566732 0.050507572159838324 179
1615652658855 0.04841027508920698 180
1615652751053 0.046566429422862494 181
1615652843022 0.05114782212385491 182
1615652935139 0.047272143079273736 183
1615653027212 0.0482691179460554 184
1615653119581 0.04557270434365344 185
1615653211483 0.048821839823651667 186
1615653303647 0.04854700013772765 187
1615653396508 0.0505417211731868 188
1615653488553 0.04934065555458638 189
1615653580889 0.050286640871816606 190
1615653672857 0.04524667405370456 191
1615653764893 0.047123173279548757 192
1615653856985 0.04499466116748639 193
1615653949099 0.04999540190198528 194
1615654041296 0.045017433700276846 195
1615654133784 0.044874484859295745 196
1615654226950 0.04462387045817589 197
1615654318994 0.047738946195858625 198
1615654410831 0.04559185166857136 199
1615654503118 0.04624942078519223 200
1615654595080 0.044795278292983326 201
1615654686935 0.04433371059930147 202
1615654779332 0.045064433297114584 203
1615654871202 0.04341350206688269 204
1615654963498 0.04448306026743419 205
1615655055390 0.04652291625293333 206
1615655147439 0.04625577713126567 207
1615655239400 0.04619890629355587 208
1615655331772 0.04297944592006171 209
1615655424062 0.04630052242706071 210
1615655515893 0.04520036480320034 211
1615655607878 0.046188150768849384 212
1615655700186 0.04706530962417375 213
1615655792694 0.04281114909186292 214
1615655884980 0.04457329280340849 215
1615655976980 0.05138341793373449 216
1615656069474 0.10542103514742496 217
1615656161405 0.06646329787240099 218
1615656253630 0.05426156520843506 219
1615656345838 0.05084598420271233 220
1615656438027 0.04468894449632559 221
1615656530287 0.044822963316049146 222
1615656622950 0.04533708718285632 223
1615656715325 0.046385317596037 224
1615656807424 0.04354299805057583 225
1615656899643 0.04543576578595745 226
1615656991739 0.04372921897404229 227
1615657084597 0.044477720758808195 228
1615657176450 0.04415076971054077 229
1615657268338 0.04142931859884689 230
1615657360295 0.042096498297221625 231
1615657452407 0.04208280435248987 232
1615657546583 0.04648632611801375 233
1615657639797 0.042664900644501645 234
1615657732372 0.04251818959392718 235
1615657824628 0.04093654564957121 236
1615657916730 0.03841657514002786 237
1615658009028 0.04715031919194691 238
1615658101028 0.04359575794703925 239
1615658193871 0.04101218394379118 240
1615658286468 0.04018916834646197 241
1615658378803 0.04299129745853481 242
1615658471973 0.03756487725385979 243
1615658565039 0.044528610670744484 244
1615658658175 0.043063394169309245 245
1615658751259 0.04242671069814198 246
1615658843388 0.04253550251918053 247
1615658936287 0.04297742558949029 248
1615659028831 0.04481695481200716 249
