1616583503554 0.6975793140207199 0
1616583631102 0.46148970104912496 1
1616583756449 0.3762530910366393 2
1616583882748 0.3394301948434812 3
1616584008335 0.30374053369494197 4
1616584134139 0.28000321597230776 5
1616584259669 0.25865745342882934 6
1616584384812 0.2439834544672928 7
1616584510052 0.23432866407307326 8
1616584635317 0.2244793774678986 9
1616584760855 0.2163037375566807 10
1616584886318 0.20669669079006456 11
1616585011804 0.2005372076476703 12
1616585137071 0.19375606482752275 13
1616585262277 0.1866798313876204 14
1616585388307 0.17970284494383137 15
1616585514450 0.17539786050406203 16
1616585640008 0.17005575334666465 17
1616585765423 0.16553692751608926 18
1616585891057 0.16272463584516908 19
1616586017261 0.1594420868257983 20
1616586142747 0.1555998997881691 21
1616586268195 0.15156629362301235 22
1616586394688 0.14812938480287893 23
1616586520893 0.14475327300581523 24
1616586646786 0.1408441996204921 25
1616586773915 0.13715847052921448 26
1616586899217 0.13371775598805904 27
1616587024701 0.1305453463752022 28
1616587150267 0.1271542906972533 29
1616587277922 0.12413496214720018 30
1616587403524 0.12150522097177366 31
1616587528733 0.11953569424466537 32
1616587654097 0.11731033869791722 33
1616587779791 0.11609506845293072 34
1616587905209 0.11421998909038288 35
1616588030473 0.11220207101654187 36
1616588155662 0.11030139750827098 37
1616588280745 0.10834556050899408 38
1616588405864 0.10642949518192797 39
1616588530859 0.10472937534526028 40
1616588655832 0.102724397294563 41
1616588780735 0.1008916390319675 42
1616588905609 0.09907297742673747 43
1616589030432 0.09728878166077407 44
1616589155675 0.09546327258130254 45
1616589280599 0.09392779343160718 46
1616589405856 0.09249047714315274 47
1616589530861 0.09109841511899032 48
1616589656139 0.08965895824609918 49
1616589781399 0.08831461408114527 50
1616589907597 0.08693478183604397 51
1616590033500 0.0861891681288785 52
1616590159141 0.08500403810991157 53
1616590284685 0.08368863659249744 54
1616590410452 0.08387219401622772 55
1616590536401 0.08328810270935486 56
1616590662093 0.08239634437056056 57
1616590787438 0.08129632137675513 58
1616590912726 0.08035350146155196 59
1616591038319 0.0794480317605209 60
1616591163936 0.07838515150657993 61
1616591291828 0.07756223858449555 62
1616591417905 0.0770623609764214 63
1616591543066 0.07607125667656989 64
1616591668196 0.0750936289815692 65
1616591793402 0.07510675692315061 66
1616591918991 0.07462743567349447 67
1616592043867 0.07398150360824571 68
1616592169188 0.07346812185964414 69
1616592294457 0.07290994233050173 70
1616592419611 0.07214200233349281 71
1616592544782 0.07136695771699343 72
1616592669648 0.07058262889117618 73
1616592794469 0.07006179840587977 74
1616592919720 0.06937125172833145 75
1616593044884 0.0686214946001422 76
1616593169926 0.06808176049246237 77
1616593295320 0.0674999610393228 78
1616593420528 0.06678549895271103 79
1616593545619 0.06611910971071906 80
1616593670507 0.06539905883398894 81
1616593795779 0.06474099681473708 82
1616593924926 0.06404140364711777 83
1616594053559 0.0634027739655744 84
1616594179588 0.06269736104713496 85
1616594306704 0.06202124650085626 86
1616594432606 0.061354285015993 87
1616594557942 0.06073216756771489 88
1616594683182 0.06006574808745413 89
1616594808154 0.059412173829059924 90
1616594933250 0.05872194763987215 91
1616595058381 0.05817780887302811 92
1616595184884 0.05764011607639029 93
1616595309792 0.05704971316676224 94
1616595434952 0.05644184950485673 95
1616595559827 0.055929244493885456 96
1616595686487 0.05531560728703336 97
1616595813332 0.05499016321485378 98
1616595940161 0.05448590772444421 99
1616596066210 0.05403255759843348 100
1616596191127 0.0534860510182865 101
1616596317104 0.053004873673720344 102
1616596443411 0.05245081376346856 103
1616596569033 0.051942104633365356 104
1616596694203 0.05137512445620316 105
1616596819130 0.05090451771702686 106
1616596944228 0.05035914202904001 107
1616597068979 0.04984069485511836 108
1616597193939 0.04933787102286832 109
1616597318903 0.04887435155070409 110
1616597444850 0.04838879747630457 111
1616597570002 0.04784527032020076 112
1616597695527 0.04742060474023785 113
1616597820542 0.047059597521951414 114
1616597945793 0.046709106146253405 115
1616598071093 0.04635354165806838 116
1616598196019 0.045955179576898715 117
1616598321173 0.045508372699470535 118
1616598446181 0.04506582421257247 119
1616598572719 0.04473053018479141 120
1616598698630 0.04454565223502623 121
1616598824478 0.044187167336878504 122
1616598950077 0.04394124275490172 123
1616599076432 0.04376010202822534 124
1616599201841 0.04360120353087336 125
1616599326920 0.04323963416201384 126
1616599451998 0.04283981241578079 127
1616599576960 0.04247762167768847 128
1616599701906 0.04217100948912326 129
1616599827218 0.041887085218044864 130
1616599952203 0.0415449139832019 131
1616600077256 0.04119689891898806 132
1616600202737 0.04084296694301039 133
1616600327874 0.04063003935724193 134
1616600452859 0.04037244678142765 135
1616600577849 0.04002011032382499 136
1616600702777 0.03971965248474518 137
1616600827920 0.03934141765260943 138
1616600952943 0.039006974800889 139
1616601078251 0.038632005354173424 140
1616601203165 0.038304003583787015 141
1616601328169 0.03794736186148574 142
1616601453200 0.03770000969327275 143
1616601578248 0.03735545552113613 144
1616601703167 0.03716685906914696 145
1616601828214 0.03705236308016764 146
1616601953451 0.03686356403002151 147
1616602078253 0.03658131143129012 148
1616602203404 0.036258079462704526 149
1616602328325 0.03598038759594346 150
1616602453273 0.03565035998891136 151
1616602578185 0.035364434887679576 152
1616602703456 0.035070644051833015 153
1616602828494 0.034738636416604914 154
1616602953718 0.03441558850319948 155
1616603078967 0.03412234915607463 156
1616603204061 0.03382438775229727 157
1616603328862 0.033539049440034524 158
1616603454147 0.03322966764681044 159
1616603579185 0.03288120802605629 160
1616603704006 0.032614476368049476 161
1616603829114 0.03226179233609353 162
1616603954053 0.032028992397910794 163
1616604079224 0.03172630745122544 164
1616604204138 0.03143296254606826 165
1616604329153 0.031144554190103226 166
1616604454183 0.030837476497663267 167
1616604579318 0.030551602624954287 168
1616604704715 0.030263039322852073 169
1616604829825 0.02998277293111452 170
1616604954923 0.029745697599242643 171
1616605080651 0.029487127314599255 172
1616605205957 0.029388595530847567 173
1616605330766 0.029204433738936254 174
1616605455641 0.0289521897800503 175
1616605580742 0.028662611681026268 176
1616605705850 0.028401528733368157 177
1616605830700 0.028125449133339295 178
1616605955790 0.027876993756296566 179
1616606081097 0.027619383129703665 180
1616606206185 0.027330100949420795 181
1616606331331 0.02716340970885977 182
1616606456476 0.026917832374148905 183
1616606581624 0.026688670953858913 184
1616606706636 0.026446711456305574 185
1616606831567 0.026298160595966243 186
1616606956717 0.02608822988478605 187
1616607081879 0.02585437743543246 188
1616607208363 0.025760104307594078 189
1616607333097 0.025538956517077924 190
1616607457892 0.025322228337903135 191
1616607582700 0.025097895958816643 192
1616607707604 0.024863909447680504 193
1616607832645 0.024611690704976534 194
1616607957316 0.024364394430071948 195
1616608082174 0.02414384285211952 196
1616608207189 0.02392049966143419 197
1616608332236 0.023668275037289525 198
1616608457039 0.023442138765363957 199
1616608582338 0.023194432023877595 200
1616608707322 0.02300724605393049 201
1616608832079 0.022873452091787743 202
1616608957152 0.02264275408027836 203
1616609081942 0.022420971131519654 204
1616609206939 0.022235909936477522 205
1616609332014 0.022027655974277867 206
1616609456769 0.0218071161724365 207
1616609581626 0.021606715672893025 208
1616609706335 0.021382458688712032 209
1616609831442 0.02114619355428253 210
1616609956670 0.020920040210318666 211
1616610081603 0.02069764453484224 212
1616610206645 0.020510931378558257 213
1616610331236 0.020311945959564384 214
1616610456058 0.02012433656663808 215
1616610581036 0.01995561535742582 216
1616610705843 0.019735618545716524 217
1616610830573 0.01957528326321273 218
1616610955610 0.019361841727617415 219
1616611080539 0.01918617902316253 220
1616611205322 0.018969061216316276 221
1616611330030 0.018742769328361435 222
1616611454919 0.01853252894996658 223
1616611579653 0.0183275562048346 224
1616611704200 0.01812745954222716 225
1616611828990 0.017896093650817835 226
1616611953783 0.017708134769832993 227
1616612078724 0.017495097246179914 228
1616612203738 0.017293601074479154 229
1616612328716 0.01713318204687544 230
1616612453691 0.016946850873745842 231
1616612578449 0.016740594815189677 232
1616612703389 0.016541437432881247 233
1616612828412 0.016338020619198913 234
1616612953139 0.016113513601800116 235
1616613078324 0.015916396771537656 236
1616613203183 0.015796057559215454 237
1616613328352 0.01575053073492356 238
1616613453519 0.015687786462033136 239
1616613578522 0.015517289903045494 240
1616613703371 0.015369527389499949 241
1616613828313 0.015196715877560612 242
1616613953124 0.015016121633645164 243
1616614077899 0.014844784061568004 244
1616614203273 0.014656391709187842 245
1616614328200 0.014464320035474681 246
1616614453177 0.014283741855969586 247
1616614578308 0.014074548602337842 248
1616614703192 0.01389945190709006 249
