1616583503556 0.46013506314951924 0
1616583503558 0.46013506314951924 0
1616583631104 0.5762576042352328 1
1616583631106 0.5762576042352328 1
1616583756451 0.6182701060135501 2
1616583756453 0.6182701060135501 2
1616583882751 0.6389350714912422 3
1616583882753 0.6389350714912422 3
1616584008337 0.6590563286933986 4
1616584008339 0.6590563286933986 4
1616584134141 0.6733982779770865 5
1616584134143 0.6733982779770865 5
1616584259671 0.6875634749472311 6
1616584259673 0.6875634749472311 6
1616584384814 0.6970143231717284 7
1616584384815 0.6970143231717284 7
1616584510054 0.7026894501492283 8
1616584510056 0.7026894501492283 8
1616584635320 0.7096375984346176 9
1616584635322 0.7096375984346176 9
1616584760857 0.715218601199674 10
1616584760860 0.715218601199674 10
1616584886320 0.7219579508815733 11
1616584886322 0.7219579508815733 11
1616585011806 0.7264587877556322 12
1616585011809 0.7264587877556322 12
1616585137072 0.7311984028143774 13
1616585137075 0.7311984028143774 13
1616585262279 0.7360990461799825 14
1616585262281 0.7360990461799825 14
1616585388309 0.741332133257774 15
1616585388312 0.741332133257774 15
1616585514452 0.7448168159834552 16
1616585514454 0.7448168159834552 16
1616585640010 0.7488113243344393 17
1616585640012 0.7488113243344393 17
1616585765426 0.7526855022449565 18
1616585765428 0.7526855022449565 18
1616585891058 0.754998721917911 19
1616585891060 0.754998721917911 19
1616586017263 0.7572328627826825 20
1616586017265 0.7572328627826825 20
1616586142749 0.7601697956966813 21
1616586142752 0.7601697956966813 21
1616586268198 0.7634107651938663 22
1616586268200 0.7634107651938663 22
1616586394693 0.7662419923898378 23
1616586394695 0.7662419923898378 23
1616586520895 0.7689086208432423 24
1616586520897 0.7689086208432423 24
1616586646788 0.772007563234048 25
1616586646790 0.772007563234048 25
1616586773917 0.775226539376934 26
1616586773920 0.775226539376934 26
1616586899219 0.7779217129845108 27
1616586899221 0.7779217129845108 27
1616587024704 0.7805172728715003 28
1616587024706 0.7805172728715003 28
1616587150269 0.7833431504075107 29
1616587150271 0.7833431504075107 29
1616587277924 0.7860035744850566 30
1616587277926 0.7860035744850566 30
1616587403526 0.7881553903359512 31
1616587403528 0.7881553903359512 31
1616587528735 0.78983395129939 32
1616587528737 0.78983395129939 32
1616587654099 0.7916689670022227 33
1616587654102 0.7916689670022227 33
1616587779793 0.7926554937605174 34
1616587779796 0.7926554937605174 34
1616587905211 0.794308863203621 35
1616587905213 0.794308863203621 35
1616588030475 0.7960022603508099 36
1616588030478 0.7960022603508099 36
1616588155664 0.7975914842319773 37
1616588155666 0.7975914842319773 37
1616588280747 0.799196552645678 38
1616588280749 0.799196552645678 38
1616588405866 0.800765179436393 39
1616588405868 0.800765179436393 39
1616588530861 0.8022659822802556 40
1616588530863 0.8022659822802556 40
1616588655834 0.8039168606076279 41
1616588655836 0.8039168606076279 41
1616588780737 0.8054230325531326 42
1616588780739 0.8054230325531326 42
1616588905611 0.8069212798350704 43
1616588905613 0.8069212798350704 43
1616589030435 0.8084297761557943 44
1616589030437 0.8084297761557943 44
1616589155677 0.8099027050547893 45
1616589155679 0.8099027050547893 45
1616589280602 0.811291508717167 46
1616589280604 0.811291508717167 46
1616589405858 0.8125855671059385 47
1616589405860 0.8125855671059385 47
1616589530863 0.8138846871678829 48
1616589530865 0.8138846871678829 48
1616589656141 0.8150340131970611 49
1616589656143 0.8150340131970611 49
1616589781401 0.8162379885976662 50
1616589781404 0.8162379885976662 50
1616589907599 0.8174418247625688 51
1616589907602 0.8174418247625688 51
1616590033502 0.8181859597081419 52
1616590033505 0.8181859597081419 52
1616590159143 0.8191498868471945 53
1616590159146 0.8191498868471945 53
1616590284687 0.820187007016797 54
1616590284689 0.820187007016797 54
1616590410454 0.8201446552076537 55
1616590410456 0.8201446552076537 55
1616590536404 0.820582507785309 56
1616590536406 0.820582507785309 56
1616590662096 0.82128835352968 57
1616590662098 0.82128835352968 57
1616590787440 0.8222048754274677 58
1616590787442 0.8222048754274677 58
1616590912729 0.823101149387639 59
1616590912731 0.823101149387639 59
1616591038321 0.8239048799504234 60
1616591038324 0.8239048799504234 60
1616591163938 0.8247770752108174 61
1616591163941 0.8247770752108174 61
1616591291830 0.8254250596046059 62
1616591291832 0.8254250596046059 62
1616591417907 0.8258739048192608 63
1616591417910 0.8258739048192608 63
1616591543068 0.8266336498436165 64
1616591543070 0.8266336498436165 64
1616591668198 0.827402126474432 65
1616591668200 0.827402126474432 65
1616591793404 0.8273207826793463 66
1616591793406 0.8273207826793463 66
1616591918993 0.8277519586196329 67
1616591918995 0.8277519586196329 67
1616592043869 0.8283045769564708 68
1616592043872 0.8283045769564708 68
1616592169190 0.8287939685483312 69
1616592169193 0.8287939685483312 69
1616592294459 0.8292891382918627 70
1616592294462 0.8292891382918627 70
1616592419613 0.829836197076768 71
1616592419615 0.829836197076768 71
1616592544784 0.8305054884304985 72
1616592544786 0.8305054884304985 72
1616592669651 0.8311872875735509 73
1616592669653 0.8311872875735509 73
1616592794471 0.8316303508658842 74
1616592794474 0.8316303508658842 74
1616592919722 0.8322254515789961 75
1616592919725 0.8322254515789961 75
1616593044886 0.832875952923784 76
1616593044889 0.832875952923784 76
1616593169928 0.8332868430409712 77
1616593169931 0.8332868430409712 77
1616593295322 0.8337867890312672 78
1616593295324 0.8337867890312672 78
1616593420530 0.834375745447814 79
1616593420533 0.834375745447814 79
1616593545621 0.8349561072994469 80
1616593545623 0.8349561072994469 80
1616593670509 0.835586942804719 81
1616593670511 0.835586942804719 81
1616593795781 0.8361602238369017 82
1616593795783 0.8361602238369017 82
1616593924928 0.8367142020525483 83
1616593924930 0.8367142020525483 83
1616594053561 0.8372460622964143 84
1616594053563 0.8372460622964143 84
1616594179590 0.8378094725603755 85
1616594179593 0.8378094725603755 85
1616594306706 0.8383750363952844 86
1616594306708 0.8383750363952844 86
1616594432608 0.8389240579396663 87
1616594432610 0.8389240579396663 87
1616594557945 0.8394309612546199 88
1616594557947 0.8394309612546199 88
1616594683184 0.8399892731469627 89
1616594683187 0.8399892731469627 89
1616594808156 0.8405351765293428 90
1616594808159 0.8405351765293428 90
1616594933252 0.8410845821921376 91
1616594933255 0.8410845821921376 91
1616595058383 0.8415617976128744 92
1616595058385 0.8415617976128744 92
1616595184886 0.8420077315916477 93
1616595184889 0.8420077315916477 93
1616595309794 0.8424558912022266 94
1616595309796 0.8424558912022266 94
1616595434954 0.8429745308742643 95
1616595434957 0.8429745308742643 95
1616595559829 0.8434322435803645 96
1616595559832 0.8434322435803645 96
1616595686489 0.8439061236265851 97
1616595686492 0.8439061236265851 97
1616595813335 0.8441725012447518 98
1616595813337 0.8441725012447518 98
1616595940163 0.8445785874979745 99
1616595940165 0.8445785874979745 99
1616596066212 0.8449393940385709 100
1616596066215 0.8449393940385709 100
1616596191129 0.8453708689041028 101
1616596191131 0.8453708689041028 101
1616596317106 0.8457924292813307 102
1616596317109 0.8457924292813307 102
1616596443413 0.8462164683867783 103
1616596443415 0.8462164683867783 103
1616596569036 0.8466458636925147 104
1616596569038 0.8466458636925147 104
1616596694205 0.847093538032459 105
1616596694207 0.847093538032459 105
1616596819132 0.8475076095727329 106
1616596819134 0.8475076095727329 106
1616596944231 0.8479424625120073 107
1616596944233 0.8479424625120073 107
1616597068981 0.8483417255637181 108
1616597068984 0.8483417255637181 108
1616597193941 0.848733919359165 109
1616597193943 0.848733919359165 109
1616597318905 0.8491138060949187 110
1616597318908 0.8491138060949187 110
1616597444852 0.8494982592421946 111
1616597444855 0.8494982592421946 111
1616597570004 0.8499112334003611 112
1616597570007 0.8499112334003611 112
1616597695529 0.8502785985549728 113
1616597695531 0.8502785985549728 113
1616597820545 0.8506321340157778 114
1616597820547 0.8506321340157778 114
1616597945795 0.8509343993574122 115
1616597945798 0.8509343993574122 115
1616598071095 0.8512572666535085 116
1616598071098 0.8512572666535085 116
1616598196022 0.8515941702863981 117
1616598196024 0.8515941702863981 117
1616598321176 0.8519625113318989 118
1616598321179 0.8519625113318989 118
1616598446183 0.8523228330804639 119
1616598446185 0.8523228330804639 119
1616598572721 0.8525839510011476 120
1616598572724 0.8525839510011476 120
1616598698632 0.8527310256581615 121
1616598698635 0.8527310256581615 121
1616598824480 0.8530130734061878 122
1616598824483 0.8530130734061878 122
1616598950079 0.8532239463663654 123
1616598950081 0.8532239463663654 123
1616599076434 0.8534126831952038 124
1616599076436 0.8534126831952038 124
1616599201843 0.8535881976752813 125
1616599201846 0.8535881976752813 125
1616599326923 0.8538801265628123 126
1616599326925 0.8538801265628123 126
1616599452000 0.8542045893251107 127
1616599452003 0.8542045893251107 127
1616599576962 0.8545090697171298 128
1616599576964 0.8545090697171298 128
1616599701908 0.8547953312039335 129
1616599701911 0.8547953312039335 129
1616599827221 0.8550577505884607 130
1616599827223 0.8550577505884607 130
1616599952205 0.8553457771124798 131
1616599952208 0.8553457771124798 131
1616600077258 0.855650782313043 132
1616600077262 0.855650782313043 132
1616600202740 0.8559173394581739 133
1616600202743 0.8559173394581739 133
1616600327876 0.8560838318102815 134
1616600327879 0.8560838318102815 134
1616600452861 0.8563287105661124 135
1616600452864 0.8563287105661124 135
1616600577851 0.856616076478974 136
1616600577854 0.856616076478974 136
1616600702779 0.8568764173829033 137
1616600702782 0.8568764173829033 137
1616600827922 0.857167299798194 138
1616600827925 0.857167299798194 138
1616600952945 0.85746757857126 139
1616600952948 0.85746757857126 139
1616601078253 0.8577456473192107 140
1616601078256 0.8577456473192107 140
1616601203167 0.8580060207551335 141
1616601203170 0.8580060207551335 141
1616601328171 0.8582989117349118 142
1616601328173 0.8582989117349118 142
1616601453203 0.8585271701962346 143
1616601453205 0.8585271701962346 143
1616601578250 0.8587877536571993 144
1616601578253 0.8587877536571993 144
1616601703170 0.8589602273031218 145
1616601703172 0.8589602273031218 145
1616601828216 0.8590612877352626 146
1616601828219 0.8590612877352626 146
1616601953453 0.859184507702156 147
1616601953456 0.859184507702156 147
1616602078255 0.8594166727155786 148
1616602078258 0.8594166727155786 148
1616602203406 0.8596468838828291 149
1616602203408 0.8596468838828291 149
1616602328327 0.8598847566841308 150
1616602328330 0.8598847566841308 150
1616602453275 0.8601356463842466 151
1616602453278 0.8601356463842466 151
1616602578187 0.8603559359219966 152
1616602578190 0.8603559359219966 152
1616602703458 0.8605886276742225 153
1616602703461 0.8605886276742225 153
1616602828496 0.8608332706653258 154
1616602828499 0.8608332706653258 154
1616602953721 0.8610632889551811 155
1616602953724 0.8610632889551811 155
1616603078969 0.8613028527084465 156
1616603078972 0.8613028527084465 156
1616603204063 0.8615288074123398 157
1616603204066 0.8615288074123398 157
1616603328865 0.8617725760866104 158
1616603328867 0.8617725760866104 158
1616603454149 0.8620219847673702 159
1616603454151 0.8620219847673702 159
1616603579188 0.8622968705561136 160
1616603579190 0.8622968705561136 160
1616603704009 0.8625224083046371 161
1616603704011 0.8625224083046371 161
1616603829117 0.8627982660710667 162
1616603829119 0.8627982660710667 162
1616603954056 0.8630357145172634 163
1616603954058 0.8630357145172634 163
1616604079226 0.8632757153826397 164
1616604079229 0.8632757153826397 164
1616604204140 0.8635167934844517 165
1616604204143 0.8635167934844517 165
1616604329155 0.8637493349586922 166
1616604329158 0.8637493349586922 166
1616604454185 0.8639856680851979 167
1616604454188 0.8639856680851979 167
1616604579320 0.8642101165883058 168
1616604579323 0.8642101165883058 168
1616604704717 0.8644423710092171 169
1616604704720 0.8644423710092171 169
1616604829828 0.8646596109471469 170
1616604829830 0.8646596109471469 170
1616604954925 0.8648787219315902 171
1616604954927 0.8648787219315902 171
1616605080653 0.865060362024803 172
1616605080656 0.865060362024803 172
1616605205959 0.8651448198758676 173
1616605205961 0.8651448198758676 173
1616605330769 0.8652998637134757 174
1616605330772 0.8652998637134757 174
1616605455643 0.8655006697062594 175
1616605455645 0.8655006697062594 175
1616605580744 0.8657099189147276 176
1616605580747 0.8657099189147276 176
1616605705852 0.8659051050702838 177
1616605705855 0.8659051050702838 177
1616605830702 0.8661058681593674 178
1616605830705 0.8661058681593674 178
1616605955793 0.8663131094932516 179
1616605955795 0.8663131094932516 179
1616606081099 0.8665301894332552 180
1616606081102 0.8665301894332552 180
1616606206187 0.8667466015770613 181
1616606206190 0.8667466015770613 181
1616606331333 0.866889893924683 182
1616606331336 0.866889893924683 182
1616606456479 0.8670770972834329 183
1616606456481 0.8670770972834329 183
1616606581627 0.867266249586913 184
1616606581629 0.867266249586913 184
1616606706638 0.8675016310779198 185
1616606706641 0.8675016310779198 185
1616606831570 0.8676374727717324 186
1616606831573 0.8676374727717324 186
1616606956719 0.86780383054852 187
1616606956722 0.86780383054852 187
1616607081881 0.8679919953843589 188
1616607081884 0.8679919953843589 188
1616607208365 0.8681042818883076 189
1616607208367 0.8681042818883076 189
1616607333100 0.868282822223396 190
1616607333103 0.868282822223396 190
1616607457895 0.8684419385452967 191
1616607457898 0.8684419385452967 191
1616607582702 0.8686269453881706 192
1616607582705 0.8686269453881706 192
1616607707606 0.8687958536499921 193
1616607707609 0.8687958536499921 193
1616607832647 0.8689826984570896 194
1616607832650 0.8689826984570896 194
1616607957318 0.8691828960401433 195
1616607957321 0.8691828960401433 195
1616608082176 0.8693817153864198 196
1616608082179 0.8693817153864198 196
1616608207192 0.8695818871186699 197
1616608207194 0.8695818871186699 197
1616608332238 0.8697971897378652 198
1616608332241 0.8697971897378652 198
1616608457041 0.8699661407164622 199
1616608457044 0.8699661407164622 199
1616608582341 0.8701383933308096 200
1616608582343 0.8701383933308096 200
1616608707324 0.8703024922379293 201
1616608707326 0.8703024922379293 201
1616608832081 0.8704049996060117 202
1616608832084 0.8704049996060117 202
1616608957155 0.8705572393363306 203
1616608957158 0.8705572393363306 203
1616609081944 0.8707376592847828 204
1616609081946 0.8707376592847828 204
1616609206941 0.8709129338237803 205
1616609206944 0.8709129338237803 205
1616609332017 0.8710941646184795 206
1616609332020 0.8710941646184795 206
1616609456771 0.8712660098900974 207
1616609456773 0.8712660098900974 207
1616609581628 0.8714326358293119 208
1616609581631 0.8714326358293119 208
1616609706337 0.8716101880996477 209
1616609706340 0.8716101880996477 209
1616609831445 0.8717870084244362 210
1616609831447 0.8717870084244362 210
1616609956672 0.8719657658607792 211
1616609956675 0.8719657658607792 211
1616610081605 0.8721430332824464 212
1616610081608 0.8721430332824464 212
1616610206648 0.87230750552162 213
1616610206651 0.87230750552162 213
1616610331238 0.8724664032647891 214
1616610331241 0.8724664032647891 214
1616610456060 0.8726380126539665 215
1616610456063 0.8726380126539665 215
1616610581038 0.8727899013953978 216
1616610581041 0.8727899013953978 216
1616610705846 0.8729479167914244 217
1616610705849 0.8729479167914244 217
1616610830576 0.8731059764085326 218
1616610830578 0.8731059764085326 218
1616610955613 0.8732858976378659 219
1616610955615 0.8732858976378659 219
1616611080542 0.8734335637647231 220
1616611080544 0.8734335637647231 220
1616611205325 0.8735874865707396 221
1616611205328 0.8735874865707396 221
1616611330032 0.8737719409771174 222
1616611330035 0.8737719409771174 222
1616611454922 0.8739241080703861 223
1616611454925 0.8739241080703861 223
1616611579656 0.8740831363709003 224
1616611579658 0.8740831363709003 224
1616611704202 0.8742428092113673 225
1616611704205 0.8742428092113673 225
1616611828993 0.8744315350608105 226
1616611828995 0.8744315350608105 226
1616611953785 0.8745936275174995 227
1616611953788 0.8745936275174995 227
1616612078727 0.874750523299762 228
1616612078729 0.874750523299762 228
1616612203740 0.874912735991837 229
1616612203743 0.874912735991837 229
1616612328719 0.8750616236440906 230
1616612328722 0.8750616236440906 230
1616612453694 0.8752060281964055 231
1616612453696 0.8752060281964055 231
1616612578452 0.875360719493285 232
1616612578454 0.875360719493285 232
1616612703392 0.8755126538619105 233
1616612703395 0.8755126538619105 233
1616612828415 0.8756628209755097 234
1616612828417 0.8756628209755097 234
1616612953141 0.875843004466672 235
1616612953144 0.875843004466672 235
1616613078327 0.8759860380292658 236
1616613078330 0.8759860380292658 236
1616613203185 0.8760967706223274 237
1616613203188 0.8760967706223274 237
1616613328355 0.8761452866326896 238
1616613328357 0.8761452866326896 238
1616613453522 0.8761935579990093 239
1616613453525 0.8761935579990093 239
1616613578525 0.8763086066857639 240
1616613578528 0.8763086066857639 240
1616613703373 0.876431532923726 241
1616613703375 0.876431532923726 241
1616613828315 0.8765572305044921 242
1616613828318 0.8765572305044921 242
1616613953126 0.8767022711179684 243
1616613953129 0.8767022711179684 243
1616614077901 0.8768473834323443 244
1616614077904 0.8768473834323443 244
1616614203277 0.8769886986302707 245
1616614203279 0.8769886986302707 245
1616614328202 0.8771480471717247 246
1616614328205 0.8771480471717247 246
1616614453179 0.8772895277737303 247
1616614453182 0.8772895277737303 247
1616614578310 0.8774541962191817 248
1616614578313 0.8774541962191817 248
1616614703195 0.8775812316016933 249
1616614703197 0.8775812316016933 249
