1616583503549 0.46013506314951924 0
1616583631098 0.6923801453209463 1
1616583756445 0.7022951095701849 2
1616583882744 0.7009299679243184 3
1616584008331 0.7395413575020242 4
1616584134135 0.7451080243955267 5
1616584259664 0.7725546567680988 6
1616584384808 0.7631702607432089 7
1616584510048 0.7480904659692277 8
1616584635313 0.7721709330031212 9
1616584760851 0.7710286288502368 10
1616584886314 0.7960907973824664 11
1616585011800 0.7804688302443382 12
1616585137067 0.7928133985780655 13
1616585262273 0.8047080532984531 14
1616585388298 0.8198284394246467 15
1616585514440 0.800571739594353 16
1616585640000 0.8167179663011686 17
1616585765413 0.8224207046342656 18
1616585891052 0.7989498957040462 19
1616586017256 0.8019156800781159 20
1616586142743 0.8218453868906549 21
1616586268191 0.8347120941319364 22
1616586394676 0.8313602178971818 23
1616586520889 0.8329077037249474 24
1616586646782 0.8494811230041879 25
1616586773905 0.8589199190919704 26
1616586899212 0.850691400389088 27
1616587024697 0.8531929497072037 28
1616587150263 0.8652935989518115 29
1616587277914 0.8658162968114336 30
1616587403513 0.854861681713683 31
1616587528722 0.843547902129432 32
1616587654092 0.8522244851956976 33
1616587779787 0.8261974035425389 34
1616587905205 0.8521767937122507 35
1616588030469 0.8569645576496073 36
1616588155658 0.8563927678351707 37
1616588280740 0.8601891523663033 38
1616588405859 0.8619416242742792 39
1616588530855 0.862298096034755 40
1616588655828 0.8716028720298981 41
1616588780731 0.8686822542643293 42
1616588905604 0.8713459129583963 43
1616589030428 0.8748036142676434 44
1616589155671 0.8761845055095693 45
1616589280595 0.8751764771865403 46
1616589405851 0.8734063113782 47
1616589530856 0.8762424501412093 48
1616589656133 0.8713509886267972 49
1616589781395 0.8764367586279169 50
1616589907592 0.8788374691726045 51
1616590033496 0.8568809768779481 52
1616590159137 0.8702380252169802 53
1616590284680 0.8761914961753373 54
1616590410448 0.8178153057047661 55
1616590536397 0.845102252134003 56
1616590662089 0.8615215609588244 57
1616590787433 0.8753631454991534 58
1616590912722 0.8759813130377455 59
1616591038315 0.872128713717486 60
1616591163931 0.8779809860948552 61
1616591291824 0.8656000920194895 62
1616591417901 0.8541511533425209 63
1616591543061 0.8752573314023778 64
1616591668191 0.8773531074774392 65
1616591793398 0.8219520922036881 66
1616591918986 0.856640746618839 67
1616592043863 0.8658826238614448 68
1616592169184 0.8625619883867021 69
1616592294453 0.8639510203390679 70
1616592419607 0.8686773708050556 71
1616592544777 0.8786944658990871 72
1616592669644 0.8809586250163773 73
1616592794465 0.8644170344985546 74
1616592919716 0.8768580050623798 75
1616593044880 0.8823140551276664 76
1616593169922 0.864925382064378 77
1616593295315 0.8727825762743645 78
1616593420524 0.8809033023550156 79
1616593545614 0.881385055430075 80
1616593670502 0.8866846187317625 81
1616593795771 0.8831692684758851 82
1616593924915 0.8826943939512081 83
1616594053554 0.881922322781162 84
1616594179576 0.8856993449970763 85
1616594306692 0.8870135261974437 86
1616594432593 0.8866889323008821 87
1616594557938 0.8840384529705377 88
1616594683178 0.8896790315654683 89
1616594808150 0.8896664809435606 90
1616594933246 0.8910804975064511 91
1616595058377 0.885465616320676 92
1616595184880 0.8834795916175588 93
1616595309787 0.8845828945966477 94
1616595434948 0.8922452997178474 95
1616595559823 0.8873726633659742 96
1616595686483 0.8898724881099894 97
1616595813328 0.8702775078251007 98
1616595940148 0.8847811265670239 99
1616596066198 0.8810200480982027 100
1616596191114 0.8889498303228236 101
1616596317092 0.8887915877585716 102
1616596443406 0.8898924962478749 103
1616596569029 0.8913029754891041 104
1616596694198 0.8940993437266096 105
1616596819126 0.8913991928417632 106
1616596944224 0.8944717270143806 107
1616597068974 0.8914621351484923 108
1616597193934 0.8914830430628772 109
1616597318899 0.8909013470278141 110
1616597444845 0.8921725585898186 111
1616597569997 0.8961643391150109 112
1616597695522 0.8917908610260867 113
1616597820537 0.8909351765475375 114
1616597945788 0.885694913645374 115
1616598071088 0.888709873000675 116
1616598196015 0.891011895334467 117
1616598321168 0.8954267547010107 118
1616598446176 0.8952011211596905 119
1616598572713 0.883918101483203 120
1616598698618 0.8705270591568439 121
1616598824473 0.8874228986653876 122
1616598950072 0.8791613204682127 123
1616599076427 0.876816049971162 124
1616599201836 0.8755275076849663 125
1616599326915 0.8906631663917227 126
1616599451992 0.8954113601370061 127
1616599576955 0.8934825598955789 128
1616599701901 0.8917230630016073 129
1616599827213 0.8891722705770047 130
1616599952198 0.8930772517589812 131
1616600077252 0.8959114687873962 132
1616600202733 0.8913694397605797 133
1616600327868 0.8783938069926932 134
1616600452854 0.8893873426032827 135
1616600577844 0.8956978406281547 136
1616600702772 0.8925431212212177 137
1616600827915 0.8973090731083079 138
1616600952938 0.899206328027426 139
1616601078246 0.8966752720323015 140
1616601203160 0.8947186752202663 141
1616601328164 0.8998894308634261 142
1616601453196 0.891168130165402 143
1616601578243 0.8963117720361086 144
1616601703162 0.8839689059618939 145
1616601828209 0.8738161108278214 146
1616601953446 0.8772978428354923 147
1616602078248 0.8937770947021373 148
1616602203399 0.893948347803126 149
1616602328320 0.8955656768793755 150
1616602453268 0.8980199911017367 151
1616602578180 0.8938399456599926 152
1616602703451 0.8961904657647964 153
1616602828489 0.8985082912952342 154
1616602953713 0.8967161238827603 155
1616603078962 0.8986747982178597 156
1616603204056 0.8970036959235973 157
1616603328858 0.9002880266213671 158
1616603454142 0.901677965008198 159
1616603579181 0.906278596755038 160
1616603704002 0.8988339858169251 161
1616603829110 0.9074872242326432 162
1616603954049 0.9017398112473336 163
1616604079219 0.90263585730436 164
1616604204133 0.9032946802834247 165
1616604329148 0.9023512196826174 166
1616604454178 0.9034533002116578 167
1616604579313 0.9019174651104085 168
1616604704710 0.9036933681432237 169
1616604829820 0.9015904003952412 170
1616604954917 0.9023467002713934 171
1616605080646 0.8963024580573782 172
1616605205952 0.8797560281100425 173
1616605330762 0.8922774914572847 174
1616605455636 0.9006417184434039 175
1616605580736 0.902537779605135 176
1616605705845 0.900453054603744 177
1616605830695 0.901841698016258 178
1616605955786 0.9034093082585233 179
1616606081092 0.9056045786338918 180
1616606206180 0.905917199605957 181
1616606331327 0.8929691011918351 182
1616606456472 0.901335311934669 183
1616606581619 0.9020702734272531 184
1616606706632 0.9110472069141713 185
1616606831563 0.8929040278209016 186
1616606956712 0.8989127348078058 187
1616607081874 0.9033669845220891 188
1616607208359 0.8893264311345968 189
1616607333093 0.9022054858902033 190
1616607457888 0.8988331560283265 191
1616607582695 0.9041482592199711 192
1616607707600 0.9013951481815349 193
1616607832641 0.9052305910340015 194
1616607957311 0.908221424735607 195
1616608082169 0.9083503072566175 196
1616608207185 0.9090157183719442 197
1616608332231 0.9124271083385387 198
1616608457033 0.9035873854572468 199
1616608582334 0.9045889162002726 200
1616608707317 0.9032863725690131 201
1616608832075 0.8911114879586595 202
1616608957147 0.9014619045910683 203
1616609081937 0.9075433287690294 204
1616609206935 0.9068442143182806 205
1616609332010 0.9084277083265021 206
1616609456764 0.9068379811149962 207
1616609581620 0.906090831185909 208
1616609706331 0.9087186125998802 209
1616609831438 0.9089192766299907 210
1616609956665 0.9096835849291467 211
1616610081598 0.9097237266758655 212
1616610206641 0.9073400924655985 213
1616610331231 0.9064705203029704 214
1616610456053 0.9095340313271005 215
1616610581031 0.9055978695445872 216
1616610705839 0.9072372577291854 217
1616610830568 0.9075629729381267 218
1616610955605 0.9126886468618474 219
1616611080534 0.9059201116733094 220
1616611205317 0.9076044267003841 221
1616611330025 0.914720819192998 222
1616611454914 0.9078573698693133 223
1616611579648 0.9097054756860784 224
1616611704195 0.9101691983164625 225
1616611828985 0.9170835770349554 226
1616611953778 0.9113886151859101 227
1616612078719 0.9105227616556147 228
1616612203733 0.9120594424770233 229
1616612328711 0.9093057836623902 230
1616612453686 0.9085634797811508 231
1616612578444 0.9112491003693418 232
1616612703385 0.9109133617516528 233
1616612828407 0.910801925557725 234
1616612953134 0.9181861248897746 235
1616613078320 0.9097419588014166 236
1616613203178 0.9023403951779325 237
1616613328347 0.8876920970989034 238
1616613453514 0.8877304145494139 239
1616613578517 0.9039202915068637 240
1616613703365 0.906056756272595 241
1616613828308 0.9069760450498855 242
1616613953119 0.9119471401927319 243
1616614077894 0.9122547881400331 244
1616614203269 0.9116109221222553 245
1616614328194 0.916347788369402 246
1616614453171 0.9122352364691014 247
1616614578303 0.9182919706911483 248
1616614703187 0.9092130418470565 249
