1616583503552 inf 0
1616583631100 20.318651033958826 1
1616583756447 20.218380353233766 2
1616583882746 19.93611396085839 3
1616584008333 19.706122550573784 4
1616584134137 18.743588624934375 5
1616584259666 18.541446762387785 6
1616584384810 18.104285545657298 7
1616584510050 18.952456341442073 8
1616584635315 19.166714268069267 9
1616584760853 18.926541587781962 10
1616584886316 17.810211260514503 11
1616585011802 19.14379380058754 12
1616585137069 17.524664183196727 13
1616585262275 17.40064463976926 14
1616585388303 16.999415388652995 15
1616585514445 17.090716697574585 16
1616585640005 16.536603262728146 17
1616585765418 16.248215471216277 18
1616585891055 18.126480211247124 19
1616586017258 17.82111558069551 20
1616586142745 16.44795264102717 21
1616586268193 15.197423942656261 22
1616586394682 15.524512360898639 23
1616586520891 14.911916134406772 24
1616586646784 14.165073345635632 25
1616586773910 14.699169289361313 26
1616586899215 13.857430855737675 27
1616587024699 14.518905010100365 28
1616587150265 13.777426085988594 29
1616587277917 13.134623730326615 30
1616587403519 14.584443446640439 31
1616587528728 15.122897530737866 32
1616587654095 14.279917800569379 33
1616587779789 15.6997058298031 34
1616587905207 13.554220986797551 35
1616588030471 13.766813843207196 36
1616588155660 13.583450719212111 37
1616588280742 14.508276637569747 38
1616588405861 13.614852356570477 39
1616588530857 12.749023769082852 40
1616588655830 12.972400021095217 41
1616588780733 13.12411818076963 42
1616588905606 13.090861271212434 43
1616589030430 12.480789652756586 44
1616589155673 12.313214726299583 45
1616589280597 12.47341931295757 46
1616589405854 13.197742116030515 47
1616589530859 13.446640421187 48
1616589656136 12.814256859411365 49
1616589781397 12.219663249181215 50
1616589907594 11.58919090691889 51
1616590033498 14.126376962221965 52
1616590159139 13.49900143291091 53
1616590284683 12.117549695055187 54
1616590410450 15.672085969215694 55
1616590536399 14.245113032005191 56
1616590662091 13.935747469744843 57
1616590787435 11.771782328680985 58
1616590912724 12.784629317472776 59
1616591038317 12.59440542806355 60
1616591163933 12.199214940966279 61
1616591291826 13.786979027126756 62
1616591417903 14.581734707622285 63
1616591543064 12.156793148063771 64
1616591668194 11.676743916957365 65
1616591793400 15.289386929161823 66
1616591918989 14.42439478992112 67
1616592043865 13.660573868728415 68
1616592169186 14.072139011801474 69
1616592294455 14.01390115289119 70
1616592419609 13.27561436907068 71
1616592544779 11.685331292087495 72
1616592669646 11.621477293185809 73
1616592794467 13.238209429738676 74
1616592919718 12.014401260339456 75
1616593044882 10.994428293786918 76
1616593169924 12.592525165584775 77
1616593295318 12.525208751295692 78
1616593420526 11.693615385743156 79
1616593545617 11.107514264193059 80
1616593670505 10.983171378726018 81
1616593795776 11.900591436283339 82
1616593924921 12.098477481290209 83
1616594053557 11.11029545646534 84
1616594179582 10.847892756353119 85
1616594306698 11.306450344576882 86
1616594432599 10.707059828557133 87
1616594557940 11.010431162657683 88
1616594683180 10.565885575337804 89
1616594808152 10.61374628599573 90
1616594933248 11.282975625207952 91
1616595058379 11.131092412913839 92
1616595184882 11.59570399017522 93
1616595309789 10.63248902403358 94
1616595434950 10.481434148845326 95
1616595559825 10.420348824804575 96
1616595686485 10.819434731485465 97
1616595813330 13.211809437061442 98
1616595940155 12.224562029806728 99
1616596066204 11.124888752549811 100
1616596191121 11.252485511068727 101
1616596317098 10.725361979410803 102
1616596443409 10.9262094057213 103
1616596569031 9.739617231846518 104
1616596694200 10.37518156548657 105
1616596819128 9.774533340670736 106
1616596944226 9.779852108282306 107
1616597068977 10.18676880563635 108
1616597193937 10.242878392872571 109
1616597318901 10.223333207895179 110
1616597444848 9.900653158055977 111
1616597569999 9.658996408417003 112
1616597695524 10.409760313416907 113
1616597820539 10.857297977285803 114
1616597945790 11.323236381255986 115
1616598071091 10.453307820207238 116
1616598196017 10.14802630432365 117
1616598321170 9.858525132412376 118
1616598446178 11.05354888739242 119
1616598572716 10.639808547998163 120
1616598698624 13.046335777621756 121
1616598824475 10.349773012780878 122
1616598950074 12.38565170831999 123
1616599076429 13.0934718187849 124
1616599201839 13.288949648501715 125
1616599326918 10.638286911335397 126
1616599451995 10.185143113217723 127
1616599576957 10.432453820659443 128
1616599701904 10.108953713474653 129
1616599827215 11.41848076448325 130
1616599952200 10.659405302770887 131
1616600077254 10.161623593208319 132
1616600202735 10.942420106616686 133
1616600327872 11.919437790695703 134
1616600452856 11.268873305119508 135
1616600577847 10.11687291160616 136
1616600702775 10.829470466161316 137
1616600827918 9.350711444977561 138
1616600952941 9.420697778991912 139
1616601078248 9.794286593621544 140
1616601203163 9.7221421143983 141
1616601328167 9.461077859749723 142
1616601453198 10.52841794370641 143
1616601578245 10.814856752254707 144
1616601703165 11.182346347955818 145
1616601828211 12.33399613869404 146
1616601953448 11.908870322127862 147
1616602078251 10.405898774268438 148
1616602203401 10.034919106321512 149
1616602328322 9.784727698836177 150
1616602453270 9.71652359414642 151
1616602578182 9.180887075208306 152
1616602703453 10.057260587086388 153
1616602828492 8.975805336389833 154
1616602953716 10.076636549948242 155
1616603078964 10.098051149005242 156
1616603204058 10.064691899523593 157
1616603328860 9.505608110169394 158
1616603454144 10.029129320553611 159
1616603579183 8.600885272667611 160
1616603704004 9.315854558704 161
1616603829112 8.35990591480245 162
1616603954051 8.894668683018866 163
1616604079221 9.320211320826953 164
1616604204136 10.048496579446379 165
1616604329151 9.200514083330523 166
1616604454180 8.666998941004717 167
1616604579316 9.14410869087535 168
1616604704712 9.34061380277885 169
1616604829823 9.183601741392778 170
1616604954920 8.823645570469422 171
1616605080649 10.014673212501886 172
1616605205954 11.4686432713109 173
1616605330764 10.396961010184848 174
1616605455638 9.327942909561326 175
1616605580740 9.072658526697909 176
1616605705847 8.904251089597846 177
1616605830698 9.007769864254218 178
1616605955788 9.278374953631838 179
1616606081094 9.435185521969599 180
1616606206182 9.292395616735396 181
1616606331329 11.80763456156844 182
1616606456474 9.840711823896067 183
1616606581622 9.025977117963636 184
1616606706634 8.609359873081656 185
1616606831565 10.061303603151655 186
1616606956715 8.974622134041683 187
1616607081877 9.872336268483176 188
1616607208361 11.467582862186331 189
1616607333095 8.975404784351412 190
1616607457890 9.827458988863363 191
1616607582697 8.661802672825774 192
1616607707602 9.048108804955513 193
1616607832643 9.291977967310645 194
1616607957313 8.61485562188586 195
1616608082172 10.558677245963061 196
1616608207187 9.927110111226916 197
1616608332234 8.443793836556667 198
1616608457036 8.74183733263143 199
1616608582336 8.586663574539726 200
1616608707319 8.914541208151935 201
1616608832077 10.877429315442596 202
1616608957150 9.412310252319255 203
1616609081940 9.433738475614232 204
1616609206937 9.143041636978097 205
1616609332012 8.748248034061449 206
1616609456766 8.564331242507325 207
1616609581623 8.45353638441131 208
1616609706333 8.427712215769688 209
1616609831440 9.226319467953678 210
1616609956668 9.12954787965226 211
1616610081600 8.646747915140434 212
1616610206643 8.249264238974153 213
1616610331234 8.81172935572799 214
1616610456056 8.564403059927036 215
1616610581033 9.043167125700652 216
1616610705841 9.170204530968464 217
1616610830571 9.391217107453524 218
1616610955608 8.86109970531345 219
1616611080537 9.02980867851069 220
1616611205320 8.434919559987906 221
1616611330028 8.060162210899382 222
1616611454916 8.901615413169443 223
1616611579651 9.093134046003495 224
1616611704198 8.07292800262792 225
1616611828988 7.945704863311748 226
1616611953780 8.786393547378658 227
1616612078722 8.270462229785624 228
1616612203735 8.546392169648787 229
1616612328713 9.048482345702604 230
1616612453689 8.214193038349533 231
1616612578447 9.37275529340763 232
1616612703387 8.649124314651008 233
1616612828409 8.06504362649594 234
1616612953136 8.451845881503901 235
1616613078322 8.841474647916147 236
1616613203180 9.583810017994569 237
1616613328349 12.126247106601118 238
1616613453516 10.583729352219148 239
1616613578520 9.762684694396704 240
1616613703368 8.774399353532429 241
1616613828311 8.633010689236368 242
1616613953122 7.913704594675677 243
1616614077896 8.427381054973717 244
1616614203271 8.669406373658116 245
1616614328197 7.895521173938658 246
1616614453174 8.720667876233598 247
1616614578305 8.705322652588956 248
1616614703189 8.584451453672388 249
