1616583503547 0.6975793140207199 0
1616583631095 0.22540008807752995 1
1616583756442 0.20577987101166806 2
1616583882742 0.22896150626400683 3
1616584008328 0.16098188910078495 4
1616584134132 0.16131662735913663 5
1616584259662 0.13058287816795897 6
1616584384805 0.14126546173653703 7
1616584510046 0.1570903409193171 8
1616584635311 0.13583579802132667 9
1616584760849 0.13454733844450179 10
1616584886310 0.10101917635728704 11
1616585011796 0.12662340993893909 12
1616585137063 0.10560120816560502 13
1616585262268 0.08761256322898764 14
1616585388288 0.07504804828699599 15
1616585514429 0.10651810946775243 16
1616585639992 0.07923993167090923 17
1616585765400 0.0841980625657325 18
1616585891048 0.10929109409768531 19
1616586017252 0.09379110643838315 20
1616586142738 0.074913971997956 21
1616586268186 0.06282695798956334 22
1616586394675 0.06908048193981038 23
1616586520887 0.06372658987628653 24
1616586646780 0.043117364987413934 25
1616586773884 0.04132951415599661 26
1616586899210 0.04081846337686194 27
1616587024694 0.041717877215210426 28
1616587150260 0.0288136760367358 29
1616587277909 0.033555105645605855 30
1616587403508 0.0399832445335515 31
1616587528718 0.05651083897719992 32
1616587654090 0.04387360565522884 33
1616587779785 0.07477588012338952 34
1616587905202 0.048592211401208917 35
1616588030465 0.039557020358265714 36
1616588155655 0.03997647770224733 37
1616588280738 0.03402375453647147 38
1616588405857 0.03170294742634956 39
1616588530852 0.03672458187855305 40
1616588655826 0.02052029721597408 41
1616588780728 0.023915792002956918 42
1616588905602 0.02087052840184658 43
1616589030426 0.018784167958383866 44
1616589155667 0.013315364005083733 45
1616589280593 0.023295752545620534 46
1616589405848 0.02493661158579461 47
1616589530853 0.024279437959194183 48
1616589656129 0.019125571474432945 49
1616589781390 0.02109740583344977 50
1616589907590 0.01656333733587823 51
1616590033493 0.04741725535627375 52
1616590159134 0.02219214710466405 53
1616590284678 0.012656954652134409 54
1616590410445 0.09396785232139394 55
1616590536394 0.05057898952447353 56
1616590662086 0.03156611905928622 57
1616590787431 0.017494987736039972 58
1616590912719 0.02472712646456475 59
1616591038312 0.025119849698657683 60
1616591163928 0.013549456016180362 61
1616591291821 0.026541637415264514 62
1616591417899 0.04557007166774983 63
1616591543059 0.012640581486072945 64
1616591668189 0.011547828806524581 65
1616591793395 0.07597320106752375 66
1616591918984 0.042512911946532575 67
1616592043860 0.0300581231713295 68
1616592169181 0.03804478120613605 69
1616592294450 0.03383737529053333 70
1616592419604 0.01761826254585956 71
1616592544775 0.015563745329037626 72
1616592669641 0.013326624606518036 73
1616592794462 0.03152034249394498 74
1616592919714 0.01758025091220724 75
1616593044877 0.011639952857760674 76
1616593169919 0.026522234201114228 77
1616593295313 0.0221196036944364 78
1616593420521 0.01034299411038135 79
1616593545612 0.012807970351361215 80
1616593670500 0.007074937818849341 81
1616593795763 0.010779911236084521 82
1616593924909 0.005975170734714955 83
1616594053552 0.009757880715930716 84
1616594179570 0.0027372629797839105 85
1616594306684 0.003875395520887476 86
1616594432587 0.003328635832889283 87
1616594557935 0.005985832119241674 88
1616594683175 0.0007544143442460832 89
1616594808147 0.0005904905735812289 90
1616594933243 -0.004088635576215196 91
1616595058374 0.00811704232337627 92
1616595184877 0.007634685989072982 93
1616595309785 0.001551839661725024 94
1616595434945 -0.0013051983761660597 95
1616595559820 0.0067191634406434724 96
1616595686480 -0.004207201777620518 97
1616595813325 0.02309664414125554 98
1616595940141 0.004564614173896769 99
1616596066190 0.008697544997359844 100
1616596191108 -0.0017111135765593103 101
1616596317086 0.0039247845279726575 102
1616596443404 -0.004617356992465385 103
1616596569027 -0.0009636448973670919 104
1616596694196 -0.008157794145827598 105
1616596819123 0.0010202033643392807 106
1616596944221 -0.007996056585552845 107
1616597068972 -0.00615159992841964 108
1616597193932 -0.005469926692386891 109
1616597318896 -0.0021127903873616074 110
1616597444843 -0.005507704782042097 111
1616597569992 -0.013029771163425546 112
1616597695516 -0.0005666057955711446 113
1616597820533 0.005904774637298381 114
1616597945782 0.006402597940982657 115
1616598071083 0.005108061028604812 116
1616598196010 -0.0006531839199522708 117
1616598321163 -0.00721483883705545 118
1616598446170 -0.007597445728296929 119
1616598572711 0.004495246851063789 120
1616598698610 0.02217542031343947 121
1616598824470 0.0004520097628552863 122
1616598950070 0.013692519171757902 123
1616599076424 0.021298651920354114 124
1616599201834 0.023738891361875736 125
1616599326913 -0.0023181063142862727 126
1616599451990 -0.007937549355816333 127
1616599576952 -0.0038827927981285337 128
1616599701898 0.002618037164211273 129
1616599827210 0.004976929977853248 130
1616599952195 -0.0032795177812271928 131
1616600077249 -0.004741089557238082 132
1616600202730 -0.006229985862019214 133
1616600327866 0.012097742864267623 134
1616600452851 0.005597449046500186 135
1616600577842 -0.007897647910137126 136
1616600702770 -0.0014430714691890047 137
1616600827912 -0.012854989182124747 138
1616600952936 -0.007480581588250526 139
1616601078243 -0.013863717186007095 140
1616601203157 -0.007944246040696793 141
1616601328161 -0.012695762705295644 142
1616601453193 0.002328649638815129 143
1616601578240 -0.012260345266537463 144
1616601703160 0.009820373530717606 145
1616601828206 0.020335948689186825 146
1616601953443 0.009110103658539183 147
1616602078245 -0.005192073180954507 148
1616602203396 -0.011903483856548654 149
1616602328318 -0.005673392418217152 150
1616602453265 -0.014183808672935404 151
1616602578177 -0.008096180499551143 152
1616602703448 -0.009879353832691274 153
1616602828486 -0.016390539408522718 154
1616602953711 -0.01565683807464356 155
1616603078959 -0.011622988995402418 156
1616603204053 -0.012955552640747516 157
1616603328855 -0.011544403897479493 158
1616603454140 -0.01596203747581928 159
1616603579179 -0.02287233129460761 160
1616603703998 -0.010329320571048463 161
1616603829106 -0.02487302084076912 162
1616603954046 -0.005917397525874858 163
1616604079216 -0.017914023805171885 164
1616604204130 -0.016968946804867147 165
1616604329146 -0.01673123290009321 166
1616604454175 -0.020444498139810054 167
1616604579310 -0.017475207990154305 168
1616604704707 -0.018504158732421856 169
1616604829817 -0.0176625136642697 170
1616604954915 -0.010794184150847983 171
1616605080643 -0.014986961644063605 172
1616605205949 0.0123425969418059 173
1616605330759 -0.002839718053632594 174
1616605455633 -0.015190503024991522 175
1616605580734 -0.022303133747203552 176
1616605705842 -0.01781015300211754 177
1616605830693 -0.021016719671798512 178
1616605955782 -0.01659651873435112 179
1616606081090 -0.018750529657018945 180
1616606206178 -0.02502997368177835 181
1616606331324 -0.003174396073247524 182
1616606456469 -0.018022819877939023 183
1616606581617 -0.015477030379499527 184
1616606706629 -0.01831579559106142 185
1616606831560 -0.0013322994271491436 186
1616606956710 -0.013168813105910383 187
1616607081871 -0.018109883043043156 188
1616607208356 0.007942483146139916 189
1616607333090 -0.01647912368099106 190
1616607457885 -0.016072853884481368 191
1616607582692 -0.017973920825789583 192
1616607707597 -0.02029548720159429 193
1616607832639 -0.02431874537959378 194
1616607957308 -0.02385837917632245 195
1616608082166 -0.01908426642655692 196
1616608207182 -0.02007810890357545 197
1616608332229 -0.026272200543354166 198
1616608457031 -0.021558979347823783 199
1616608582331 -0.026346916273394798 200
1616608707315 -0.014617133905437398 201
1616608832072 -0.004152928261046714 202
1616608957145 -0.024188942256125997 203
1616609081935 -0.022822750415256682 204
1616609206932 -0.015701635047159296 205
1616609332008 -0.020872660238850625 206
1616609456762 -0.023844622808726543 207
1616609581618 -0.02007658823214947 208
1616609706328 -0.02548725100511566 209
1616609831435 -0.028469484675913415 210
1616609956662 -0.026798315366056372 211
1616610081596 -0.02645023866616031 212
1616610206638 -0.01925897090993029 213
1616610331229 -0.022270933705124448 214
1616610456050 -0.0202116829125171 215
1616610581028 -0.01648816583242188 216
1616610705835 -0.028003689595200915 217
1616610830565 -0.015377808322614811 218
1616610955602 -0.027381854567756044 219
1616611080531 -0.01945961595691265 220
1616611205314 -0.029013974096705305 221
1616611330022 -0.03149402979761362 222
1616611454911 -0.028351075432084975 223
1616611579645 -0.027586338704729332 224
1616611704192 -0.02689428954444667 225
1616611828982 -0.03439259780769018 226
1616611953775 -0.024958531213726137 227
1616612078716 -0.03107745814672176 228
1616612203729 -0.028849022244994946 229
1616612328708 -0.019763194301978072 230
1616612453683 -0.02609565011919179 231
1616612578441 -0.031110810769840756 232
1616612703382 -0.029862232644982795 233
1616612828403 -0.03126151378246698 234
1616612953131 -0.036645635486917294 235
1616613078316 -0.030603175170402577 236
1616613203175 -0.012724335761146342 237
1616613328344 0.004915146553452978 238
1616613453511 0.0006919052412218236 239
1616613578515 -0.025401884253988875 240
1616613703362 -0.020241238374976402 241
1616613828306 -0.026623670011758804 242
1616613953117 -0.028868279637808494 243
1616614077890 -0.026961583525259444 244
1616614203265 -0.031499734623952114 245
1616614328191 -0.032785311697962435 246
1616614453169 -0.030319068481788992 247
1616614578300 -0.03780537829833462 248
1616614703184 -0.029699625209607977 249
