1615540279197 0.3534313200125054 0
1615540371787 0.2875294836599436 1
1615540464537 0.2558327729429179 2
1615540557709 0.23340819175563643 3
1615540650416 0.2177036189321262 4
1615540742733 0.20453415625724036 5
1615540834967 0.1957515467967052 6
1615540930767 0.19041985128797703 7
1615541023977 0.18382497836108233 8
1615541116055 0.17804743656471594 9
1615541208453 0.17331267810417808 10
1615541300628 0.17032845763128193 11
1615541393102 0.16698381246573343 12
1615541485227 0.16336087142226538 13
1615541577436 0.16011462466633736 14
1615541670218 0.1575884164602899 15
1615541762995 0.1555946961738647 16
1615541854733 0.1534622741081624 17
1615541947381 0.15306609850274425 18
1615542040255 0.15175290739358366 19
1615542132718 0.15014140489004826 20
1615542224459 0.148445404934592 21
1615542316991 0.14687470473847092 22
1615542409586 0.14533852552300072 23
1615542501828 0.143914083473718 24
1615542594375 0.1427597204387941 25
1615542686696 0.14174206600194483 26
1615542779314 0.1405500096362283 27
1615542871824 0.1395812916866112 28
1615542964327 0.1386588188546214 29
1615543056674 0.13757184551034227 30
1615543148859 0.1365797909727292 31
1615543241315 0.13559917088603066 32
1615543333988 0.1346630712838629 33
1615543426343 0.13378170121199032 34
1615543518588 0.1328967789660639 35
1615543610965 0.13203041615530386 36
1615543703260 0.13110949711263975 37
1615543795554 0.13030512222055726 38
1615543887849 0.129450955920255 39
1615543980304 0.12873989742887987 40
1615544072718 0.12804832393680807 41
1615544164928 0.12734926324137294 42
1615544256960 0.12661144165688645 43
1615544349537 0.12585093293023936 44
1615544441905 0.1251468146334678 45
1615544534244 0.12459207934476184 46
1615544626559 0.12403967672616091 47
1615544718917 0.1234322131823883 48
1615544810957 0.12298666153381116 49
1615544903541 0.12240151728249654 50
1615544995535 0.12201059167406997 51
1615545087673 0.12170355703017635 52
1615545179916 0.12138273992414561 53
1615545271935 0.12096294572266016 54
1615545364513 0.12057336378516925 55
1615545456514 0.12012768158521847 56
1615545548687 0.1196699807985014 57
1615545640986 0.11919922309075007 58
1615545732878 0.11873983834216842 59
1615545825094 0.11836086612824619 60
1615545917771 0.11799084711201095 61
1615546010363 0.11755322607962672 62
1615546102911 0.11707404447691651 63
1615546194936 0.11658394604955553 64
1615546287143 0.11624473844217205 65
1615546379736 0.1160263847630229 66
1615546471853 0.11567094820020905 67
1615546563789 0.11530687833229439 68
1615546656063 0.11489916437470324 69
1615546748067 0.11447138528952154 70
1615546840049 0.11416544395793922 71
1615546932124 0.1138657174503308 72
1615547024644 0.11352346978778072 73
1615547116842 0.11312316491236137 74
1615547209211 0.11271295115316557 75
1615547301139 0.11231589891532055 76
1615547392975 0.11203925449000522 77
1615547484779 0.11181171810201314 78
1615547576552 0.11153860138868214 79
1615547668459 0.11118936404703901 80
1615547760849 0.1108090326727022 81
1615547853074 0.11043594650303877 82
1615547944927 0.11019865983161162 83
1615548037098 0.10991193190073104 84
1615548129149 0.10962137750601109 85
1615548221514 0.10937157274826366 86
1615548313847 0.10912639646711306 87
1615548405678 0.10886530830778968 88
1615548498261 0.10860043951923372 89
1615548590362 0.1083004027580616 90
1615548682180 0.1079921349157844 91
1615548774192 0.10768681092125279 92
1615548866378 0.10745900150101002 93
1615548958337 0.10718629200067087 94
1615549050745 0.1069374621210999 95
1615549143138 0.10668836963930606 96
1615549234907 0.10644366492086375 97
1615549326902 0.10620236015779905 98
1615549419157 0.1058938816590095 99
1615549511528 0.10565911986300412 100
1615549603644 0.10540573315066408 101
1615549695874 0.10517246004395367 102
1615549787896 0.10496983392298831 103
1615549879737 0.10464872605595586 104
1615549972027 0.10437550492872148 105
1615550064084 0.10408294495220607 106
1615550155765 0.10379801851204572 107
1615550247543 0.10354425905339439 108
1615550338946 0.10326832621036096 109
1615550431598 0.10297175097789302 110
1615550523890 0.10269188485356531 111
1615550615982 0.10247808297265235 112
1615550708210 0.10223107540535653 113
1615550800511 0.10194008300862935 114
1615550892836 0.10166416129713746 115
1615550984990 0.10135063777272225 116
1615551077128 0.10114731611163287 117
1615551169668 0.1009003043503679 118
1615551262320 0.10063884719390771 119
1615551355003 0.10042840795274635 120
1615551447020 0.10017570523635837 121
1615551539140 0.09990530764213275 122
1615551631939 0.09964356928360706 123
1615551724663 0.09968615596685834 124
1615551816964 0.09961624695943501 125
1615551908735 0.0995328206057161 126
1615552001435 0.09967731578108753 127
1615552094348 0.09959582727043406 128
1615552186304 0.0994501672368646 129
1615552278577 0.09924384947177335 130
1615552370772 0.09903747967496168 131
1615552462876 0.09882064623378391 132
1615552555336 0.09858868034599244 133
1615552647689 0.09835266631370487 134
1615552739916 0.0980952805769977 135
1615552832347 0.09790628241978382 136
1615552924706 0.09767124833623334 137
1615553017128 0.09747533418432566 138
1615553109344 0.09724129348802665 139
1615553202319 0.0970573347498402 140
1615553294418 0.09688953179783846 141
1615553387104 0.09671379194517445 142
1615553479509 0.096507802599451 143
1615553571712 0.09630021126197895 144
1615553663993 0.09608974751824614 145
1615553756904 0.09587637841828593 146
1615553850104 0.09569345214473664 147
1615553942609 0.09548152787501735 148
1615554035161 0.09525895960888456 149
1615554128017 0.09503314975717972 150
1615554220329 0.0948368586301335 151
1615554311712 0.09462084831022512 152
1615554404312 0.09443014028299265 153
1615554496745 0.0942276505822451 154
1615554589274 0.09402557608728153 155
1615554681740 0.09379276077674131 156
1615554774182 0.09363652513785281 157
1615554866885 0.0934679356581905 158
1615554959976 0.09329565248605028 159
1615555052630 0.09317783675821933 160
1615555145045 0.09307100490265528 161
1615555237777 0.09290056425773464 162
1615555330025 0.09275014544991433 163
1615555421883 0.09259988658302025 164
1615555514011 0.09243176828998172 165
1615555606172 0.09228340711017449 166
1615555698527 0.09212920254502806 167
1615555790915 0.09194183512794393 168
1615555885999 0.09177237829165669 169
1615555978333 0.09162066253762993 170
1615556071113 0.09143833225901363 171
1615556163366 0.09127599517734063 172
1615556255962 0.09109982757160154 173
1615556349546 0.09095258758012165 174
1615556442233 0.09075348137838707 175
1615556534715 0.09057418779776381 176
1615556627834 0.09036765412138387 177
1615556720440 0.09020123519621526 178
1615556813371 0.09003334079512314 179
1615556906114 0.08983108614365341 180
1615556998821 0.08963744833818589 181
1615557091576 0.0894590558668167 182
1615557183955 0.08929232110515341 183
1615557276678 0.08914601877842662 184
1615557369074 0.08899892275204455 185
1615557461664 0.08886436515418077 186
1615557554599 0.08868833313521293 187
1615557647241 0.0885462397686689 188
1615557739929 0.08841803814610061 189
1615557831985 0.0882416296920022 190
1615557924140 0.08805823430363365 191
1615558015775 0.08793096472387125 192
1615558106693 0.08782709985719236 193
1615558197654 0.0877053906531613 194
1615558289056 0.0875614477509302 195
1615558380633 0.08740549447798568 196
1615558472215 0.08727512737663375 197
1615558563984 0.08712523425500712 198
1615558655314 0.0869751326450661 199
1615558746969 0.0868076473582939 200
1615558838675 0.0866301896143333 201
1615558929850 0.08647938474873638 202
1615559021456 0.086337337010361 203
1615559113028 0.08619951390768774 204
1615559204455 0.08608529194941161 205
1615559295962 0.08595415169576089 206
1615559387453 0.08582041589660844 207
1615559479066 0.08567293935917554 208
1615559571041 0.08557176984788345 209
1615559662730 0.0854353907000878 210
1615559754366 0.08531960142947898 211
1615559845607 0.08524363063979057 212
1615559937332 0.08512604499747856 213
1615560028724 0.08500166246353942 214
1615560120052 0.084861026857524 215
1615560211430 0.08476598150128802 216
1615560302716 0.08463893922390915 217
1615560393886 0.08453549449854753 218
1615560485673 0.0843973735253879 219
1615560577133 0.08426574629147097 220
1615560668629 0.08413397521281478 221
1615560759870 0.0840038606483976 222
1615560851467 0.08388705967045798 223
1615560942728 0.08375017342875848 224
1615561034256 0.08360846642379703 225
1615561126082 0.08351784143874898 226
1615561219309 0.08338145425133009 227
1615561311232 0.0832603317673589 228
1615561404337 0.08317956030175412 229
1615561498682 0.08306276271022354 230
1615561595374 0.08293067803486563 231
1615561691435 0.08277762450870095 232
1615561786216 0.08263563951647304 233
1615561881876 0.08250131425724293 234
1615561977092 0.08237413465298193 235
1615562074262 0.08223684890811217 236
1615562176489 0.08211843031540911 237
1615562276917 0.08203796747659439 238
1615562374404 0.08189441563922971 239
1615562472190 0.08177088544251658 240
1615562569479 0.08166718821174435 241
1615562666074 0.08157004718661613 242
1615562763700 0.08142014311962445 243
1615562861526 0.08131878010717578 244
1615562958237 0.08121011278074126 245
1615563055535 0.08110852127053879 246
1615563152981 0.08098836274719841 247
1615563250613 0.0808684780487217 248
1615563347348 0.0807340241296968 249
1615563444810 0.08060633417414086 250
1615563541963 0.08049019646571166 251
1615563638415 0.0803675333325979 252
1615563735141 0.08024378118622613 253
1615563832150 0.08012901998801229 254
1615563928635 0.08002736448282517 255
1615564025219 0.07992491615352348 256
1615564121739 0.07986319236466832 257
1615564218585 0.07976562332256532 258
1615564315617 0.07965044597875923 259
1615564412765 0.07953391004169064 260
1615564510047 0.0794237890397822 261
1615564607112 0.07933981206115222 262
1615564704042 0.0792460016592872 263
1615564800924 0.07914057842814329 264
1615564898315 0.0790391279589968 265
1615564994946 0.07891886091943996 266
1615565091783 0.07882675703131135 267
1615565188150 0.07872448601574822 268
1615565281998 0.0786409113438766 269
1615565375839 0.07853941951691201 270
1615565468537 0.0784245984885544 271
1615565561748 0.07830557895980221 272
1615565654845 0.07828494993764235 273
1615565747362 0.07821633240584602 274
1615565840824 0.07811871967144454 275
1615565935021 0.07800264787016208 276
1615566028150 0.07789872792972141 277
1615566120148 0.0777901278856841 278
