1615540279199 0.6391932123632573 0
1615540279201 0.6391932123632573 0
1615540371789 0.6912738494019011 1
1615540371791 0.6912738494019011 1
1615540464539 0.7200848296729486 2
1615540464541 0.7200848296729486 2
1615540557710 0.7411928877178857 3
1615540557712 0.7411928877178857 3
1615540650417 0.7569198794551749 4
1615540650419 0.7569198794551749 4
1615540742735 0.7703565762966722 5
1615540742737 0.7703565762966722 5
1615540834969 0.7791129658058252 6
1615540834971 0.7791129658058252 6
1615540930769 0.7845627708471754 7
1615540930771 0.7845627708471754 7
1615541023977 0.7913777955976093 8
1615541023983 0.7913777955976093 8
1615541116057 0.7975181954009318 9
1615541116059 0.7975181954009318 9
1615541208454 0.8025074022616103 10
1615541208456 0.8025074022616103 10
1615541300630 0.8052284099909927 11
1615541300632 0.8052284099909927 11
1615541393104 0.808737615056028 12
1615541393106 0.808737615056028 12
1615541485229 0.8126246705800215 13
1615541485231 0.8126246705800215 13
1615541577438 0.8161229603613417 14
1615541577440 0.8161229603613417 14
1615541670220 0.8188290529764508 15
1615541670222 0.8188290529764508 15
1615541762997 0.8209301144975427 16
1615541762999 0.8209301144975427 16
1615541854736 0.8232722620581698 17
1615541854738 0.8232722620581698 17
1615541947383 0.8235284069023342 18
1615541947385 0.8235284069023342 18
1615542040257 0.8249455112956966 19
1615542040259 0.8249455112956966 19
1615542132720 0.8266957933665667 20
1615542132722 0.8266957933665667 20
1615542224459 0.8285151118939563 21
1615542224475 0.8285151118939563 21
1615542316993 0.8301984041797494 22
1615542316995 0.8301984041797494 22
1615542409588 0.8318783033086654 23
1615542409590 0.8318783033086654 23
1615542501830 0.833458116716747 24
1615542501833 0.833458116716747 24
1615542594377 0.8346990424402948 25
1615542594379 0.8346990424402948 25
1615542686698 0.8358043280047622 26
1615542686700 0.8358043280047622 26
1615542779316 0.8371180785906269 27
1615542779319 0.8371180785906269 27
1615542871826 0.838177319115188 28
1615542871828 0.838177319115188 28
1615542964329 0.8392009537977478 29
1615542964331 0.8392009537977478 29
1615543056676 0.8403933123682282 30
1615543056678 0.8403933123682282 30
1615543148861 0.8414582916246138 31
1615543148863 0.8414582916246138 31
1615543241317 0.8425227738828419 32
1615543241319 0.8425227738828419 32
1615543333990 0.8435815799620766 33
1615543333992 0.8435815799620766 33
1615543426345 0.8445564860120608 34
1615543426347 0.8445564860120608 34
1615543518590 0.8455553660860402 35
1615543518592 0.8455553660860402 35
1615543610967 0.8465025094170584 36
1615543610969 0.8465025094170584 36
1615543703262 0.8475404814765802 37
1615543703264 0.8475404814765802 37
1615543795556 0.8484293805838768 38
1615543795558 0.8484293805838768 38
1615543887851 0.8493854002300791 39
1615543887853 0.8493854002300791 39
1615543980306 0.850159095166625 40
1615543980308 0.850159095166625 40
1615544072720 0.8509184755911152 41
1615544072722 0.8509184755911152 41
1615544164930 0.8516979901241617 42
1615544164932 0.8516979901241617 42
1615544256976 0.8525222875958178 43
1615544256976 0.8525222875958178 43
1615544349539 0.8533959931720231 44
1615544349541 0.8533959931720231 44
1615544441907 0.8541778344283274 45
1615544441909 0.8541778344283274 45
1615544534246 0.8547909207362301 46
1615544534248 0.8547909207362301 46
1615544626561 0.8554021553898035 47
1615544626563 0.8554021553898035 47
1615544718919 0.856085860432545 48
1615544718921 0.856085860432545 48
1615544810959 0.85657028676386 49
1615544810961 0.85657028676386 49
1615544903543 0.857230502330116 50
1615544903546 0.857230502330116 50
1615544995537 0.8576847944367493 51
1615544995540 0.8576847944367493 51
1615545087675 0.8580331456693016 52
1615545087677 0.8580331456693016 52
1615545179918 0.8584073735177088 53
1615545179920 0.8584073735177088 53
1615545271937 0.8588680770372018 54
1615545271939 0.8588680770372018 54
1615545364515 0.8592898768900554 55
1615545364517 0.8592898768900554 55
1615545456516 0.8597884543021084 56
1615545456519 0.8597884543021084 56
1615545548689 0.8602971805624354 57
1615545548691 0.8602971805624354 57
1615545640989 0.8608190370167595 58
1615545640991 0.8608190370167595 58
1615545732880 0.8613418021195327 59
1615545732882 0.8613418021195327 59
1615545825096 0.861766043755814 60
1615545825098 0.861766043755814 60
1615545917773 0.8621681430336715 61
1615545917775 0.8621681430336715 61
1615546010365 0.8626631016491546 62
1615546010367 0.8626631016491546 62
1615546102913 0.8632082204339221 63
1615546102916 0.8632082204339221 63
1615546194938 0.8637650610519798 64
1615546194940 0.8637650610519798 64
1615546287158 0.864162816653641 65
1615546287158 0.864162816653641 65
1615546379738 0.8644024770788639 66
1615546379741 0.8644024770788639 66
1615546471855 0.864793583001538 67
1615546471857 0.864793583001538 67
1615546563791 0.8652172549838245 68
1615546563795 0.8652172549838245 68
1615546656065 0.8656804885657663 69
1615546656067 0.8656804885657663 69
1615546748069 0.8661676091612851 70
1615546748071 0.8661676091612851 70
1615546840051 0.8665196191221031 71
1615546840053 0.8665196191221031 71
1615546932126 0.8668522036858507 72
1615546932128 0.8668522036858507 72
1615547024646 0.8672421530380129 73
1615547024648 0.8672421530380129 73
1615547116844 0.8676995516088398 74
1615547116846 0.8676995516088398 74
1615547209213 0.8681642484512088 75
1615547209215 0.8681642484512088 75
1615547301141 0.8686151803317884 76
1615547301143 0.8686151803317884 76
1615547392977 0.8689327172668052 77
1615547392979 0.8689327172668052 77
1615547484781 0.8691866441013814 78
1615547484783 0.8691866441013814 78
1615547576554 0.8694968645639871 79
1615547576557 0.8694968645639871 79
1615547668461 0.8698970724588119 80
1615547668463 0.8698970724588119 80
1615547760851 0.8703243505298852 81
1615547760853 0.8703243505298852 81
1615547853076 0.8707482706130053 82
1615547853078 0.8707482706130053 82
1615547944929 0.8710295860313063 83
1615547944931 0.8710295860313063 83
1615548037101 0.8713598895531813 84
1615548037103 0.8713598895531813 84
1615548129151 0.8716840297757937 85
1615548129154 0.8716840297757937 85
1615548221516 0.8719671808448739 86
1615548221518 0.8719671808448739 86
1615548313850 0.8722481932059839 87
1615548313852 0.8722481932059839 87
1615548405681 0.8725432171109136 88
1615548405683 0.8725432171109136 88
1615548498263 0.8728485231102441 89
1615548498265 0.8728485231102441 89
1615548590364 0.873192377594844 90
1615548590366 0.873192377594844 90
1615548682182 0.8735441014212653 91
1615548682184 0.8735441014212653 91
1615548774194 0.8738901140078632 92
1615548774196 0.8738901140078632 92
1615548866380 0.8741511590244998 93
1615548866382 0.8741511590244998 93
1615548958339 0.8744570635497655 94
1615548958341 0.8744570635497655 94
1615549050747 0.8747452788623411 95
1615549050749 0.8747452788623411 95
1615549143140 0.8750363913387496 96
1615549143143 0.8750363913387496 96
1615549234909 0.8753243058968418 97
1615549234911 0.8753243058968418 97
1615549326904 0.8755978995360708 98
1615549326906 0.8755978995360708 98
1615549419159 0.875956472396267 99
1615549419161 0.875956472396267 99
1615549511530 0.8762299281151235 100
1615549511533 0.8762299281151235 100
1615549603646 0.8765189009653187 101
1615549603648 0.8765189009653187 101
1615549695876 0.8767838917650774 102
1615549695878 0.8767838917650774 102
1615549787896 0.8770184307673256 103
1615549787896 0.8770184307673256 103
1615549879739 0.8773864896777376 104
1615549879741 0.8773864896777376 104
1615549972029 0.8776983220944032 105
1615549972032 0.8776983220944032 105
1615550064086 0.8780383042171952 106
1615550064088 0.8780383042171952 106
1615550155767 0.878364389213348 107
1615550155770 0.878364389213348 107
1615550247545 0.8786623097111196 108
1615550247547 0.8786623097111196 108
1615550338948 0.8789818758272607 109
1615550338950 0.8789818758272607 109
1615550431600 0.879326617992519 110
1615550431602 0.879326617992519 110
1615550523892 0.8796523847518668 111
1615550523894 0.8796523847518668 111
1615550615984 0.8799029848341645 112
1615550615987 0.8799029848341645 112
1615550708212 0.8801825230627324 113
1615550708215 0.8801825230627324 113
1615550800513 0.8805158253499271 114
1615550800516 0.8805158253499271 114
1615550892838 0.8808356611899567 115
1615550892840 0.8808356611899567 115
1615550984992 0.8811958670379251 116
1615550984994 0.8811958670379251 116
1615551077130 0.8814353415354487 117
1615551077133 0.8814353415354487 117
1615551169670 0.8817206990847755 118
1615551169673 0.8817206990847755 118
1615551262323 0.8820223008888307 119
1615551262325 0.8820223008888307 119
1615551355005 0.8822681837336914 120
1615551355007 0.8822681837336914 120
1615551447022 0.8825582402030471 121
1615551447024 0.8825582402030471 121
1615551539142 0.8828776491929773 122
1615551539144 0.8828776491929773 122
1615551631939 0.8831822952441918 123
1615551631939 0.8831822952441918 123
1615551724665 0.8831235019590207 124
1615551724667 0.8831235019590207 124
1615551816966 0.8832020842436252 125
1615551816969 0.8832020842436252 125
1615551908735 0.8832904023993602 126
1615551908735 0.8832904023993602 126
1615552001435 0.8831243534665165 127
1615552001435 0.8831243534665165 127
1615552094350 0.883209940083463 128
1615552094352 0.883209940083463 128
1615552186306 0.8833772019474596 129
1615552186309 0.8833772019474596 129
1615552278580 0.8836149979410131 130
1615552278582 0.8836149979410131 130
1615552370774 0.8838520672159461 131
1615552370776 0.8838520672159461 131
1615552462878 0.8841005637463141 132
1615552462881 0.8841005637463141 132
1615552555338 0.8843619204122151 133
1615552555340 0.8843619204122151 133
1615552647689 0.8846376774404272 134
1615552647689 0.8846376774404272 134
1615552739918 0.8849298408935896 135
1615552739921 0.8849298408935896 135
1615552832349 0.8851486527606416 136
1615552832352 0.8851486527606416 136
1615552924708 0.8854197997444925 137
1615552924710 0.8854197997444925 137
1615553017130 0.8856445151979911 138
1615553017132 0.8856445151979911 138
1615553109344 0.8859125494654144 139
1615553109344 0.8859125494654144 139
1615553202321 0.886130322187621 140
1615553202323 0.886130322187621 140
1615553294420 0.8863272126312789 141
1615553294423 0.8863272126312789 141
1615553387106 0.8865289890156125 142
1615553387108 0.8865289890156125 142
1615553479512 0.8867677734008526 143
1615553479514 0.8867677734008526 143
1615553571714 0.8870057237266966 144
1615553571716 0.8870057237266966 144
1615553663996 0.8872483102860858 145
1615553663998 0.8872483102860858 145
1615553756906 0.887497184256576 146
1615553756908 0.887497184256576 146
1615553850119 0.8877106426254979 147
1615553850119 0.8877106426254979 147
1615553942611 0.887960874046401 148
1615553942613 0.887960874046401 148
1615554035163 0.8882169738440634 149
1615554035165 0.8882169738440634 149
1615554128019 0.888476821184479 150
1615554128022 0.888476821184479 150
1615554220332 0.8887056673759706 151
1615554220334 0.8887056673759706 151
1615554311715 0.8889503638015587 152
1615554311717 0.8889503638015587 152
1615554404312 0.8891737813081825 153
1615554404328 0.8891737813081825 153
1615554496747 0.8894120903314419 154
1615554496750 0.8894120903314419 154
1615554589276 0.8896473732174061 155
1615554589278 0.8896473732174061 155
1615554681740 0.889917764749227 156
1615554681740 0.889917764749227 156
1615554774184 0.8900992014055101 157
1615554774187 0.8900992014055101 157
1615554866888 0.8902948221613497 158
1615554866890 0.8902948221613497 158
1615554959978 0.8904952850428224 159
1615554959981 0.8904952850428224 159
1615555052633 0.8906361814475208 160
1615555052635 0.8906361814475208 160
1615555145047 0.8907604173967186 161
1615555145050 0.8907604173967186 161
1615555237777 0.8909550590461782 162
1615555237777 0.8909550590461782 162
1615555330027 0.8911301039543593 163
1615555330029 0.8911301039543593 163
1615555421885 0.891299150660988 164
1615555421887 0.891299150660988 164
1615555514013 0.891492990513209 165
1615555514013 0.891492990513209 165
1615555606174 0.8916665293559811 166
1615555606176 0.8916665293559811 166
1615555698530 0.8918491476694489 167
1615555698532 0.8918491476694489 167
1615555790915 0.892065796814497 168
1615555790915 0.892065796814497 168
1615555886001 0.8922616334979548 169
1615555886004 0.8922616334979548 169
1615555978335 0.8924392311905902 170
1615555978337 0.8924392311905902 170
1615556071113 0.8926500353698885 171
1615556071113 0.8926500353698885 171
1615556163368 0.8928401412473823 172
1615556163371 0.8928401412473823 172
1615556255964 0.8930493352774465 173
1615556255966 0.8930493352774465 173
1615556349548 0.8932207373679796 174
1615556349551 0.8932207373679796 174
1615556442233 0.8934508926895247 175
1615556442248 0.8934508926895247 175
1615556534717 0.8936571575407052 176
1615556534720 0.8936571575407052 176
1615556627836 0.8938992820040882 177
1615556627838 0.8938992820040882 177
1615556720442 0.8940912881314123 178
1615556720445 0.8940912881314123 178
1615556813374 0.8942861987545834 179
1615556813376 0.8942861987545834 179
1615556906114 0.8945199528345342 180
1615556906114 0.8945199528345342 180
1615556998823 0.8947470080737854 181
1615556998825 0.8947470080737854 181
1615557091578 0.8949539473042715 182
1615557091581 0.8949539473042715 182
1615557183958 0.8951456209753914 183
1615557183960 0.8951456209753914 183
1615557276680 0.8953116102665573 184
1615557276683 0.8953116102665573 184
1615557369076 0.8954832319512065 185
1615557369079 0.8954832319512065 185
1615557461667 0.8956363049227027 186
1615557461669 0.8956363049227027 186
1615557554601 0.8958396104182313 187
1615557554603 0.8958396104182313 187
1615557647243 0.896005043016899 188
1615557647246 0.896005043016899 188
1615557739931 0.8961515995864048 189
1615557739933 0.8961515995864048 189
1615557831985 0.8963555550622502 190
1615557831985 0.8963555550622502 190
1615557924142 0.8965661422156499 191
1615557924144 0.8965661422156499 191
1615558015777 0.8967209818773906 192
1615558015779 0.8967209818773906 192
1615558106693 0.8968418194173791 193
1615558106693 0.8968418194173791 193
1615558197654 0.8969803743431511 194
1615558197654 0.8969803743431511 194
1615558289059 0.8971469266179996 195
1615558289061 0.8971469266179996 195
1615558380635 0.8973237453154154 196
1615558380637 0.8973237453154154 196
1615558472217 0.8974747525095755 197
1615558472220 0.8974747525095755 197
1615558563986 0.8976516672400637 198
1615558563989 0.8976516672400637 198
1615558655316 0.8978260273830405 199
1615558655318 0.8978260273830405 199
1615558746971 0.8980192240998266 200
1615558746974 0.8980192240998266 200
1615558838677 0.8982228443226234 201
1615558838679 0.8982228443226234 201
1615558929852 0.8983984528069437 202
1615558929854 0.8983984528069437 202
1615559021456 0.898563803469801 203
1615559021456 0.898563803469801 203
1615559113030 0.8987235996737247 204
1615559113032 0.8987235996737247 204
1615559204457 0.8988590829485046 205
1615559204459 0.8988590829485046 205
1615559295965 0.8990102430278555 206
1615559295967 0.8990102430278555 206
1615559387455 0.899162417350336 207
1615559387458 0.899162417350336 207
1615559479068 0.8993311535271343 208
1615559479070 0.8993311535271343 208
1615559571042 0.8994490390715623 209
1615559571044 0.8994490390715623 209
1615559662732 0.8996077680061976 210
1615559662734 0.8996077680061976 210
1615559754368 0.8997416083194899 211
1615559754370 0.8997416083194899 211
1615559845608 0.8998253287522482 212
1615559845610 0.8998253287522482 212
1615559937334 0.8999559953013083 213
1615559937337 0.8999559953013083 213
1615560028726 0.9000996657483293 214
1615560028727 0.9000996657483293 214
1615560120054 0.9002624666842772 215
1615560120055 0.9002624666842772 215
1615560211432 0.9003713491580111 216
1615560211435 0.9003713491580111 216
1615560302718 0.9005189505829105 217
1615560302719 0.9005189505829105 217
1615560393889 0.9006439572665296 218
1615560393891 0.9006439572665296 218
1615560485675 0.9008038186845384 219
1615560485678 0.9008038186845384 219
1615560577136 0.9009572543721975 220
1615560577138 0.9009572543721975 220
1615560668632 0.9011125570229872 221
1615560668634 0.9011125570229872 221
1615560759878 0.9012600328922481 222
1615560759880 0.9012600328922481 222
1615560851469 0.901396839713083 223
1615560851471 0.901396839713083 223
1615560942730 0.9015552501619525 224
1615560942733 0.9015552501619525 224
1615561034259 0.901721102379967 225
1615561034261 0.901721102379967 225
1615561126085 0.9018291781484186 226
1615561126087 0.9018291781484186 226
1615561219311 0.9019889893040371 227
1615561219313 0.9019889893040371 227
1615561311238 0.9021290770369421 228
1615561311241 0.9021290770369421 228
1615561404353 0.9022223540055962 229
1615561404353 0.9022223540055962 229
1615561498684 0.9023589050676964 230
1615561498687 0.9023589050676964 230
1615561595376 0.9025120550154369 231
1615561595379 0.9025120550154369 231
1615561691437 0.9026890771728867 232
1615561691440 0.9026890771728867 232
1615561786219 0.9028542114435145 233
1615561786221 0.9028542114435145 233
1615561881878 0.9030092137475029 234
1615561881882 0.9030092137475029 234
1615561977094 0.9031658183750658 235
1615561977098 0.9031658183750658 235
1615562074267 0.9033301088704311 236
1615562074271 0.9033301088704311 236
1615562176491 0.9034680320117836 237
1615562176494 0.9034680320117836 237
1615562276959 0.9035659206473717 238
1615562276962 0.9035659206473717 238
1615562374406 0.9037315423775863 239
1615562374409 0.9037315423775863 239
1615562472193 0.9038746117656252 240
1615562472195 0.9038746117656252 240
1615562569482 0.9039957982571144 241
1615562569484 0.9039957982571144 241
1615562666077 0.9041089061920508 242
1615562666079 0.9041089061920508 242
1615562763703 0.9042828207571103 243
1615562763705 0.9042828207571103 243
1615562861528 0.9044026347932503 244
1615562861531 0.9044026347932503 244
1615562958239 0.9045284898170627 245
1615562958241 0.9045284898170627 245
1615563055538 0.9046485958899133 246
1615563055540 0.9046485958899133 246
1615563152983 0.9047866517454932 247
1615563152985 0.9047866517454932 247
1615563250615 0.9049250360238098 248
1615563250618 0.9049250360238098 248
1615563347350 0.905081067569609 249
1615563347352 0.905081067569609 249
1615563444812 0.9052309097405173 250
1615563444813 0.9052309097405173 250
1615563541965 0.9053660815021138 251
1615563541968 0.9053660815021138 251
1615563638418 0.9055092435018186 252
1615563638421 0.9055092435018186 252
1615563735143 0.9056522408927717 253
1615563735146 0.9056522408927717 253
1615563832152 0.9057868194873452 254
1615563832155 0.9057868194873452 254
1615563928637 0.905904559413726 255
1615563928640 0.905904559413726 255
1615564025221 0.9060244249604861 256
1615564025224 0.9060244249604861 256
1615564121741 0.9060972480090546 257
1615564121744 0.9060972480090546 257
1615564218588 0.906212805297189 258
1615564218591 0.906212805297189 258
1615564315619 0.9063457888406168 259
1615564315622 0.9063457888406168 259
1615564412768 0.9064821468940152 260
1615564412770 0.9064821468940152 260
1615564510049 0.9066096111258045 261
1615564510051 0.9066096111258045 261
1615564607115 0.906710548625785 262
1615564607117 0.906710548625785 262
1615564704044 0.9068211079766247 263
1615564704047 0.9068211079766247 263
1615564800926 0.9069419501234977 264
1615564800929 0.9069419501234977 264
1615564898318 0.9070616617305811 265
1615564898320 0.9070616617305811 265
1615564994949 0.9072018611314148 266
1615564994952 0.9072018611314148 266
1615565091785 0.9073078827693367 267
1615565091787 0.9073078827693367 267
1615565188153 0.9074254416820486 268
1615565188155 0.9074254416820486 268
1615565282001 0.9075233886889995 269
1615565282004 0.9075233886889995 269
1615565375842 0.9076435628360997 270
1615565375844 0.9076435628360997 270
1615565468540 0.9077780617897632 271
1615565468542 0.9077780617897632 271
1615565561750 0.907916750581033 272
1615565561752 0.907916750581033 272
1615565654848 0.9079443204009876 273
1615565654850 0.9079443204009876 273
1615565747363 0.9080230642116678 274
1615565747365 0.9080230642116678 274
1615565840827 0.9081394488159436 275
1615565840829 0.9081394488159436 275
1615565935023 0.9082737749748966 276
1615565935025 0.9082737749748966 276
1615566028152 0.908395321249854 277
1615566028154 0.908395321249854 277
1615566120150 0.9085216201498156 278
1615566120152 0.9085216201498156 278
