1615540279195 22.869478170177125 0
1615540371785 16.472206203122028 1
1615540464535 15.89469180838002 2
1615540557707 14.071623298842079 3
1615540650411 13.674827728449598 4
1615540742729 12.333813332339426 5
1615540834960 12.788557113425309 6
1615540930765 14.223653480567755 7
1615541023977 12.41882268397526 8
1615541116053 11.585286846615691 9
1615541208451 11.848799104688549 10
1615541300626 13.16012966388278 11
1615541393100 12.274517517192738 12
1615541485225 11.737819067652643 13
1615541577434 11.341572819356527 14
1615541670216 11.657741018247624 15
1615541762993 12.888116464502927 16
1615541854731 11.26436378648452 17
1615541947379 13.14946901344248 18
1615542040253 11.898843449642415 19
1615542132716 11.69563624748731 20
1615542224459 10.987900561864423 21
1615542316988 11.31778632116167 22
1615542409583 10.823913268316053 23
1615542501826 10.722744299483512 24
1615542594373 11.142165443220076 25
1615542686694 11.486998332467637 26
1615542779312 11.240169562690316 27
1615542871822 11.128430277249626 28
1615542964325 10.931568594465478 29
1615543056672 10.797759178876719 30
1615543148857 10.842284037524543 31
1615543241313 10.99274183956012 32
1615543333986 9.844426862875748 33
1615543426341 10.206755971171205 34
1615543518586 9.551288409365181 35
1615543610963 9.816164883901612 36
1615543703258 9.653273498338933 37
1615543795552 10.025880179418765 38
1615543887847 9.763979890447654 39
1615543980302 10.733844507749744 40
1615544072716 9.82845534182253 41
1615544164926 10.075127550666048 42
1615544256960 9.48891843968499 43
1615544349535 9.487705523139605 44
1615544441903 9.396783856272055 45
1615544534242 9.876399258945094 46
1615544626557 10.1554414241498 47
1615544718915 9.366423139935119 48
1615544810955 9.782403181616424 49
1615544903539 9.500353617760116 50
1615544995533 10.34406262283248 51
1615545087671 9.977103377039686 52
1615545179914 10.198627694771421 53
1615545271933 9.86408852374932 54
1615545364510 10.193733217176298 55
1615545456512 9.094454045265536 56
1615545548685 9.167955042557313 57
1615545640984 9.143522466495698 58
1615545732876 9.10632337615082 59
1615545825092 9.368409039565469 60
1615545917769 9.318435147423402 61
1615546010361 9.85279822977395 62
1615546102909 8.759878042994929 63
1615546194934 8.777744042688013 64
1615546287143 9.179263820705607 65
1615546379734 10.242895622369973 66
1615546471851 9.101623332564612 67
1615546563787 9.306741447497043 68
1615546656061 8.53514479918102 69
1615546748065 8.375453339799321 70
1615546840047 9.070252692454071 71
1615546932122 8.79678620867622 72
1615547024642 9.314530453010263 73
1615547116840 9.49521269329276 74
1615547209209 8.62908147297896 75
1615547301137 9.186034932304942 76
1615547392973 9.078440471095835 77
1615547484777 10.504611111834192 78
1615547576550 9.437502349183536 79
1615547668457 9.89398734660257 80
1615547760847 8.160421942710991 81
1615547853072 9.34979216185525 82
1615547944924 9.025205084844375 83
1615548037096 9.41173056096822 84
1615548129147 8.664002472439199 85
1615548221512 8.980313413474658 86
1615548313845 9.102877030992877 87
1615548405676 8.832696555794385 88
1615548498259 9.099167452736987 89
1615548590360 8.54618611066348 90
1615548682178 8.317965089163343 91
1615548774190 9.084744757119466 92
1615548866375 9.269769234061842 93
1615548958335 8.17477175349319 94
1615549050743 8.861858726252102 95
1615549143136 8.369813965910161 96
1615549234905 8.614755641216828 97
1615549326900 8.335913953417084 98
1615549419155 9.500492989121767 99
1615549511526 9.205875398643947 100
1615549603642 7.948012095386146 101
1615549695872 9.28262098252609 102
1615549787896 8.715824111310651 103
1615549879735 7.528325859065912 104
1615549972025 8.04326556286583 105
1615550064082 8.628270304039578 106
1615550155763 7.938331229935528 107
1615550247541 8.553285378312935 108
1615550338944 7.827656421639769 109
1615550431596 8.09586553967943 110
1615550523887 7.602227540709369 111
1615550615980 8.122934306875715 112
1615550708208 7.756930620598123 113
1615550800509 7.661820468359117 114
1615550892834 7.069449387131007 115
1615550984987 7.696745613469203 116
1615551077126 9.094971542931852 117
1615551169666 7.516647141392439 118
1615551262318 8.104885559349068 119
1615551355000 10.808709714580338 120
1615551447018 8.166637837541664 121
1615551539138 7.826188601409433 122
1615551631932 7.701601678885356 123
1615551724661 10.937209024071251 124
1615551816962 10.908194481367756 125
1615551908735 10.132922717362682 126
1615552001435 12.068837350725238 127
1615552094346 9.528067252101488 128
1615552186302 8.142520333886498 129
1615552278575 8.368542714482999 130
1615552370770 8.893555143023287 131
1615552462874 8.01102790243794 132
1615552555334 7.402050619912184 133
1615552647674 8.059665173230549 134
1615552739914 7.263745741596648 135
1615552832345 8.374665863558265 136
1615552924704 6.908344941972286 137
1615553017125 8.959683427106944 138
1615553109344 7.69611419933977 139
1615553202316 7.83771378416748 140
1615553294416 8.046628254628969 141
1615553387102 7.475179833989181 142
1615553479507 7.439995427142861 143
1615553571710 7.441924703684155 144
1615553663991 7.672083463383713 145
1615553756902 6.9614152018322155 146
1615553850104 8.505393515535237 147
1615553942607 7.493273875719551 148
1615554035159 7.540890851965574 149
1615554128015 7.513055345620199 150
1615554220327 6.899409521387905 151
1615554311710 6.5589703724855655 152
1615554404312 7.438685157631633 153
1615554496743 6.934380539699299 154
1615554589272 7.319337562435027 155
1615554681740 6.7862887045130895 156
1615554774180 7.3821338443194255 157
1615554866883 7.243388055907999 158
1615554959974 8.23645026627861 159
1615555052628 8.939873280775268 160
1615555145043 8.450270778885866 161
1615555237762 7.298925934163845 162
1615555330022 7.37122310991916 163
1615555421881 7.725517709740528 164
1615555514003 7.922250260697869 165
1615555606170 6.753821131411647 166
1615555698525 7.302605789735378 167
1615555790908 6.963494997699806 168
1615555885997 6.83637407222298 169
1615555978330 7.5803281693299684 170
1615556071098 7.499349701358617 171
1615556163364 7.690811098142422 172
1615556255960 8.490023382008648 173
1615556349544 9.465364919583948 174
1615556442233 7.69750652636087 175
1615556534708 6.8066626200182645 176
1615556627831 5.951555781742414 177
1615556720438 7.010983972036743 178
1615556813369 7.144984758922431 179
1615556906098 5.867474995008885 180
1615556998819 6.316189118044308 181
1615557091573 6.697413859279207 182
1615557183953 9.149735774251095 183
1615557276676 7.016729756724009 184
1615557369072 7.338504335580293 185
1615557461662 7.483626276023718 186
1615557554597 6.865505134699496 187
1615557647239 8.682671899322186 188
1615557739926 7.93230604538137 189
1615557831985 6.332807271594245 190
1615557924138 6.155303820276618 191
1615558015773 7.6390792543489745 192
1615558106691 6.986047135989659 193
1615558197654 8.355316679121668 194
1615558289054 6.2826218852301 195
1615558380631 7.23095380324337 196
1615558472213 7.424924665855236 197
1615558563982 6.418370858190447 198
1615558655312 6.846244744064283 199
1615558746967 6.617154634074525 200
1615558838673 6.590645181741466 201
1615558929848 7.611652525171296 202
1615559021456 8.219590984612307 203
1615559113026 7.039354575451157 204
1615559204453 6.614441113635698 205
1615559295960 7.467590621442156 206
1615559387451 8.134717323090518 207
1615559479064 5.72627311263774 208
1615559571039 7.367314500547129 209
1615559662728 7.737078635180912 210
1615559754364 9.023966093404221 211
1615559845605 8.940327195387848 212
1615559937330 7.394335487574921 213
1615560028722 6.678350442552991 214
1615560120050 7.925433343154373 215
1615560211428 8.449456466465369 216
1615560302714 6.931195099938605 217
1615560393884 7.654730424933065 218
1615560485671 7.513052641404097 219
1615560577131 6.484021902895288 220
1615560668626 6.487076937988194 221
1615560759870 6.687608334599621 222
1615560851465 7.374451762620132 223
1615560942726 7.131742867054501 224
1615561034254 6.4404541664765125 225
1615561126080 8.04620388125945 226
1615561219302 6.220698552755624 227
1615561311225 7.161427352200456 228
1615561404337 7.518556922294562 229
1615561498674 7.066625763835631 230
1615561595366 6.17187722608001 231
1615561691427 5.837045364618213 232
1615561786208 6.090436641422872 233
1615561881869 6.390161311469601 234
1615561977084 5.928695569680446 235
1615562074260 6.392932813281626 236
1615562176486 6.055001013486919 237
1615562276914 9.094891537555915 238
1615562374396 7.118523905618281 239
1615562472182 6.21953937732012 240
1615562569472 6.1721220274783635 241
1615562666066 6.825069068938869 242
1615562763693 6.794977222431749 243
1615562861518 6.681996035049432 244
1615562958230 6.004343363654086 245
1615563055527 7.758164705357366 246
1615563152973 6.8045655525371425 247
1615563250611 6.068046091493126 248
1615563347346 5.650830342352699 249
1615563444808 5.659767036322681 250
1615563541960 7.628395980937265 251
1615563638413 7.358057488372453 252
1615563735139 6.367001217515249 253
1615563832148 6.248588769894557 254
1615563928633 6.688093466950464 255
1615564025217 7.440226476182354 256
1615564121736 7.697398539284209 257
1615564218583 6.065194797030676 258
1615564315614 5.277605984270062 259
1615564412763 5.680651010187113 260
1615564510045 5.783329128877924 261
1615564607104 6.05059691300807 262
1615564704039 5.502288155233235 263
1615564800921 5.827324933007001 264
1615564898313 5.944013072334705 265
1615564994944 5.32227882468484 266
1615565091780 5.731399298456052 267
1615565188148 6.078565558537361 268
1615565281996 5.717764023659453 269
1615565375837 6.750011978045456 270
1615565468535 6.85561133973646 271
1615565561745 5.451370747157635 272
1615565654843 9.89666732695462 273
1615565747360 7.49631857934872 274
1615565840822 7.032723762537658 275
1615565935018 5.664714429769875 276
1615566028148 6.3805217232523574 277
1615566120146 5.905732092166303 278
