1615540279190 0.3534313200125054 0
1615540371781 0.22162764730738171 1
1615540464531 0.19243935150886649 2
1615540557702 0.16613444819379208 3
1615540650397 0.1548853276380852 4
1615540742717 0.13868684288281113 5
1615540834948 0.14305589003349417 6
1615540930754 0.15309798272687997 7
1615541023961 0.13106599494592466 8
1615541116048 0.12604956039741858 9
1615541208445 0.12596509349879934 10
1615541300620 0.1375020324294247 11
1615541393094 0.12684807047915103 12
1615541485219 0.11626263785718093 13
1615541577429 0.11466717008334487 14
1615541670210 0.11969529336957789 15
1615541762987 0.12369517159106126 16
1615541854725 0.11721109899122324 17
1615541947373 0.14593493760521734 18
1615542040247 0.12680227631953225 19
1615542132710 0.1179113548193405 20
1615542224459 0.1128294058700106 21
1615542316982 0.11231930042380717 22
1615542409577 0.11000640356718604 23
1615542501820 0.10972747429093319 24
1615542594367 0.11390064456569615 25
1615542686688 0.11528305064386396 26
1615542779306 0.10836448776188182 27
1615542871816 0.11245718909733331 28
1615542964319 0.11190710672691687 29
1615543056666 0.10496264518196903 30
1615543148851 0.10582610030672443 31
1615543241307 0.10421932811167703 32
1615543333980 0.1037717844123271 33
1615543426335 0.10381511876832193 34
1615543518579 0.10192450035863848 35
1615543610956 0.10084135496794287 36
1615543703252 0.0970354925340681 37
1615543795546 0.09973887632142252 38
1615543887841 0.09613847020846694 39
1615543980296 0.10029755777387477 40
1615544072710 0.09969381076186451 41
1615544164920 0.09798871403309836 42
1615544256960 0.09488511352396722 43
1615544349529 0.09238854895776777 44
1615544441897 0.09346149127874802 45
1615544534236 0.09907425606428687 46
1615544626551 0.09807675365191787 47
1615544718909 0.09427396308130293 48
1615544810949 0.10115463075353139 49
1615544903533 0.09314430471676499 50
1615544995527 0.1020733856443149 51
1615545087664 0.10573775554770853 52
1615545179908 0.10437943330451624 53
1615545271927 0.09829405884244549 54
1615545364504 0.09914635722316913 55
1615545456506 0.09516947838797499 56
1615545548679 0.09358103595562835 57
1615545640978 0.09189527604117323 58
1615545732870 0.09163613817585048 59
1615545825085 0.09562253329291273 60
1615545917763 0.09541968712166174 61
1615546010355 0.09042072207180422 62
1615546102903 0.08688560350617366 63
1615546194928 0.08521764669845354 64
1615546287143 0.0941962439622452 65
1615546379728 0.10161504193918029 66
1615546471845 0.09185669849168009 67
1615546563781 0.09055012731409784 68
1615546656055 0.08676690130091425 69
1615546748059 0.08452684932680272 70
1615546840041 0.09244360941559521 71
1615546932116 0.09228540890252412 72
1615547024636 0.0885393904216254 73
1615547116834 0.08350060413132852 74
1615547209203 0.08194691921348002 75
1615547301131 0.08213992883909994 76
1615547392967 0.09073763374072402 77
1615547484771 0.09406387983863033 78
1615547576544 0.0899623810355343 79
1615547668451 0.08325037671558892 80
1615547760841 0.08000219135142084 81
1615547853066 0.07984288059063811 82
1615547944918 0.09050386610315807 83
1615548037090 0.08582678570676205 84
1615548129141 0.08492425395481622 85
1615548221506 0.08788836358198479 86
1615548313839 0.08779606000700993 87
1615548405670 0.08588955028733211 88
1615548498253 0.08502711733775352 89
1615548590354 0.08129709425257213 90
1615548682172 0.07993976126855878 91
1615548774184 0.07959700342434556 92
1615548866369 0.08627272541843244 93
1615548958329 0.08155159896879054 94
1615549050737 0.08329862356185913 95
1615549143130 0.0827754913870968 96
1615549234899 0.08270730723196001 97
1615549326894 0.08255449337745781 98
1615549419149 0.07535451027884413 99
1615549511520 0.08218294026246711 100
1615549603636 0.07981367520431974 101
1615549695865 0.08137860315949169 102
1615549787896 0.08409934346355609 103
1615549879728 0.0712535078845807 104
1615549972019 0.07568728656911139 105
1615550064076 0.07307158744157251 106
1615550155757 0.07331088941488693 107
1615550247535 0.07613823751905072 108
1615550338938 0.07319164631971672 109
1615550431589 0.07034847540641899 110
1615550523881 0.07162674505319168 111
1615550615974 0.0785322723103993 112
1615550708202 0.07431922030093065 113
1615550800503 0.068766949781731 114
1615550892827 0.06993316447556909 115
1615550984981 0.06498190894055722 116
1615551077120 0.07735868176417564 117
1615551169660 0.07175291652110086 118
1615551262312 0.06952544557514476 119
1615551354994 0.07517569901338264 120
1615551447012 0.06959867655341305 121
1615551539131 0.0669168011466069 122
1615551631917 0.06744975118494745 123
1615551724654 0.10496690469001656 124
1615551816956 0.0908776210315192 125
1615551908720 0.08902110003713351 126
1615552001419 0.11802820305326092 127
1615552094340 0.0891652979067902 128
1615552186296 0.08066002290640305 129
1615552278569 0.07242254000991138 130
1615552370763 0.07200303629263123 131
1615552462868 0.07019863199831834 132
1615552555328 0.06773721726972666 133
1615552647674 0.06672678598717077 134
1615552739907 0.06334820612153011 135
1615552832339 0.07220253303869446 136
1615552924697 0.06547157888981833 137
1615553017119 0.07043918122106524 138
1615553109328 0.06470963670246636 139
1615553202310 0.07130311140373571 140
1615553294410 0.0732293155655932 141
1615553387095 0.07175873286688506 142
1615553479501 0.06705132616100026 143
1615553571703 0.06640705866600151 144
1615553663985 0.06557250467698965 145
1615553756895 0.06472448982409577 146
1615553850104 0.06880328993299115 147
1615553942601 0.0641167359565621 148
1615554035152 0.062096287955099076 149
1615554128009 0.061161672001454365 150
1615554220321 0.06519689844615424 151
1615554311704 0.06178727968415217 152
1615554404312 0.06525181211642365 153
1615554496736 0.06304423666712064 154
1615554589266 0.06270402936793085 155
1615554681725 0.0574735723324676 156
1615554774174 0.06910752983235602 157
1615554866877 0.06683079787154696 158
1615554959968 0.06590262811575363 159
1615555052622 0.07432732030526916 160
1615555145037 0.07587107615684395 161
1615555237762 0.06528917978059 162
1615555330016 0.06823187977520388 163
1615555421874 0.0679574324123895 164
1615555514003 0.06469224993862323 165
1615555606163 0.06765545126217515 166
1615555698519 0.0663770401655738 167
1615555790862 0.06046410905781077 168
1615555885990 0.0631341729591142 169
1615555978324 0.06582898435307973 170
1615556071098 0.06025985461562427 171
1615556163358 0.06335401712958492 172
1615556255953 0.06062283177873982 173
1615556349538 0.06533282906261843 174
1615556442233 0.05590989607483594 175
1615556534664 0.05901851760807322 176
1615556627824 0.05381119340213377 177
1615556720431 0.06057866651620438 178
1615556813362 0.05998024299963197 179
1615556906098 0.0534252488791053 180
1615556998812 0.05458900554856257 181
1615557091566 0.05699162607762351 182
1615557183946 0.058779859720770995 183
1615557276668 0.06222639066069873 184
1615557369064 0.06178615787136021 185
1615557461655 0.06383665195151941 186
1615557554591 0.0557703455882286 187
1615557647232 0.0618326868583907 188
1615557739920 0.06418793148069239 189
1615557831969 0.05472402341330229 190
1615557924131 0.0530297151252405 191
1615558015768 0.06349520540949125 192
1615558106683 0.06778118058816711 193
1615558197638 0.06409380507113328 194
1615558289048 0.05949258181586194 195
1615558380624 0.05683865298086138 196
1615558472206 0.061592808410302916 197
1615558563977 0.05744639617293628 198
1615558655305 0.057104912266802435 199
1615558746962 0.053310590003853416 200
1615558838666 0.050961183078253446 201
1615558929844 0.0560168018981592 202
1615559021440 0.05750164612015681 203
1615559113019 0.05808360096233994 204
1615559204446 0.06266979050280443 205
1615559295954 0.0589392594437101 206
1615559387444 0.058137105472052274 207
1615559479057 0.05499781957313196 208
1615559571035 0.0644273419878376 209
1615559662724 0.056795769662999394 210
1615559754361 0.060888065331017795 211
1615559845601 0.06913782322584693 212
1615559937323 0.0600803031850217 213
1615560028718 0.058383800200561976 214
1615560120046 0.05462437156421035 215
1615560211421 0.06423618455431354 216
1615560302709 0.05707076503269708 217
1615560393877 0.061984544369711805 218
1615560485663 0.054148880403433276 219
1615560577124 0.055307754829748354 220
1615560668619 0.055012566829795266 221
1615560759859 0.05511842734778105 222
1615560851457 0.057840441589924824 223
1615560942714 0.053087655288069996 224
1615561034247 0.051724390307469156 225
1615561126073 0.0630365948178875 226
1615561219286 0.05242156270724624 227
1615561311209 0.055644405421926016 228
1615561404328 0.06468289467825819 229
1615561498659 0.05619931665819083 230
1615561595348 0.052419118027188884 231
1615561691412 0.04726920643849159 232
1615561786192 0.049553136327373445 233
1615561881853 0.05106920359739617 234
1615561977068 0.05248692765164731 235
1615562074242 0.04983741311884638 236
1615562176468 0.05405322384478441 237
1615562276898 0.06288781183869091 238
1615562374380 0.04758552650907146 239
1615562472166 0.052123638231362866 240
1615562569455 0.05667615559563708 241
1615562666038 0.05806191910558672 242
1615562763678 0.04499345484064586 243
1615562861502 0.056586205069698504 244
1615562958214 0.05458661780428531 245
1615563055511 0.056117009760728524 246
1615563152953 0.05130920748212444 247
1615563250594 0.05113707282649937 248
1615563347341 0.04725499829249596 249
1615563444802 0.04868384528515944 250
1615563541954 0.05133963164998524 251
1615563638406 0.04945642378792834 252
1615563735132 0.04893448815416934 253
1615563832140 0.0509796756417004 254
1615563928626 0.05410521066010888 255
1615564025210 0.053698143852290825 256
1615564121730 0.06400017862889304 257
1615564218576 0.054592810459991 258
1615564315607 0.049819513932982486 259
1615564412757 0.0492345664038587 260
1615564510039 0.05068220754167927 261
1615564607090 0.057337843660098406 262
1615564704033 0.054573865968789624 263
1615564800914 0.05130884540614797 264
1615564898306 0.05215475363517875 265
1615564994938 0.04692782839732384 266
1615565091773 0.05423501890097091 267
1615565188143 0.05131585384482768 268
1615565281991 0.05615932461041123 269
1615565375832 0.05113662623647434 270
1615565468530 0.04730809980363988 271
1615565561740 0.04593226713920707 272
1615565654839 0.07265322688800185 273
1615565747356 0.0594151286936518 274
1615565840817 0.05127521771103589 275
1615565935013 0.04596683071620429 276
1615566028144 0.049112904427656486 277
1615566120142 0.04759931564331055 278
