1615540279193 0.6391932123632573 0
1615540371783 0.7433544864405447 1
1615540464533 0.7777067902150439 2
1615540557705 0.8045170618526971 3
1615540650406 0.8198278464043318 4
1615540742724 0.837540060504159 5
1615540834955 0.831651302860744 6
1615540930761 0.8227114061366266 7
1615541023977 0.8458979936010802 8
1615541116052 0.8527817936308348 9
1615541208449 0.8523994708683953 10
1615541300624 0.835159495014197 11
1615541393098 0.8508480758364521 12
1615541485223 0.8631563923919379 13
1615541577432 0.8650990172998229 14
1615541670214 0.8594204422030876 15
1615541762991 0.8545470988350128 16
1615541854729 0.8630887705888322 17
1615541947377 0.8281390140972921 18
1615542040251 0.8518704947695803 19
1615542132714 0.8617014347839711 20
1615542224459 0.8667208009691381 21
1615542316986 0.8672308344671975 22
1615542409581 0.8705159832737339 23
1615542501824 0.871373638510704 24
1615542594371 0.86572218552899 25
1615542686692 0.8645417526809137 26
1615542779310 0.8725893444089747 27
1615542871819 0.8678360538028959 28
1615542964322 0.8688863595919822 29
1615543056670 0.8761640694826397 30
1615543148855 0.8744726485725659 31
1615543241311 0.8765862061461406 32
1615543333984 0.8785221805768226 33
1615543426339 0.8777032917115226 34
1615543518583 0.8805161686753159 35
1615543610960 0.8805996693337141 36
1615543703256 0.8859454476788863 37
1615543795550 0.8822075466611492 38
1615543887845 0.8866701664319679 39
1615543980300 0.8811068926284562 40
1615544072714 0.8820530729952143 41
1615544164924 0.8844376005121132 42
1615544256960 0.8879670788770291 43
1615544349533 0.8918390385250548 44
1615544441901 0.8893606909620229 45
1615544534240 0.8829928908997507 46
1615544626555 0.884130184107752 47
1615544718913 0.888903702484138 48
1615544810953 0.8803071769983021 49
1615544903537 0.890241280642908 50
1615544995531 0.880853691875045 51
1615545087668 0.8761474097620195 52
1615545179912 0.878241449483295 53
1615545271931 0.883746067089821 54
1615545364508 0.8824888687970033 55
1615545456510 0.8877087893770702 56
1615545548683 0.8892945774010758 57
1615545640982 0.8910867113675645 58
1615545732874 0.8921849431831446 59
1615545825089 0.8872205419326896 60
1615545917766 0.8866961989829789 61
1615546010359 0.8933505358091042 62
1615546102907 0.8975507038742748 63
1615546194932 0.8994028606076738 64
1615546287143 0.8900169307616219 65
1615546379732 0.880220065143571 66
1615546471849 0.8909976798207012 67
1615546563785 0.8940269497793112 68
1615546656059 0.8976436057197514 69
1615546748063 0.9002660508476087 70
1615546840045 0.8915123263401772 71
1615546932120 0.890798292275685 72
1615547024640 0.8957084557458536 73
1615547116837 0.9015470458500421 74
1615547209207 0.9030165116288769 75
1615547301135 0.9028860032558441 76
1615547392971 0.8933830612630986 77
1615547484775 0.8889929371983257 78
1615547576548 0.8940042811098383 79
1615547668455 0.9019137040447833 80
1615547760845 0.9049338742868224 81
1615547853070 0.9055097174288621 82
1615547944922 0.8943787657502872 83
1615548037094 0.8991053853906802 84
1615548129145 0.8992359486978445 85
1615548221510 0.8963181727857732 86
1615548313843 0.8966962686225549 87
1615548405674 0.898505320744728 88
1615548498257 0.9000207570506565 89
1615548590358 0.9041392812088355 90
1615548682176 0.9055509696255869 91
1615548774187 0.9057232719748768 92
1615548866373 0.898428345571703 93
1615548958333 0.9032120889247354 94
1615549050741 0.9021257335570321 95
1615549143134 0.9029831890739611 96
1615549234903 0.9032520180317893 97
1615549326898 0.9024100761805007 98
1615549419152 0.9114551855557 99
1615549511524 0.9035755000007686 100
1615549603640 0.9057051588350268 101
1615549695869 0.9038129533404735 102
1615549787896 0.9011759479988867 103
1615549879732 0.9156646163605932 104
1615549972023 0.9104407258442978 105
1615550064080 0.9140764092331501 106
1615550155761 0.9132554838016852 107
1615550247539 0.9108377234704459 108
1615550338942 0.9138145824866508 109
1615550431593 0.9172482561709275 110
1615550523885 0.9158124950394702 111
1615550615978 0.9079701940515148 112
1615550708206 0.911770342890896 113
1615550800507 0.9185122860901391 114
1615550892831 0.9176167827933582 115
1615550984985 0.9229797454022649 116
1615551077124 0.9094538577456972 117
1615551169664 0.9153928899053317 118
1615551262316 0.9179129155714121 119
1615551354998 0.9117741251169745 120
1615551447015 0.9176550729950862 121
1615551539135 0.9218455459644546 122
1615551631932 0.9206537595435754 123
1615551724659 0.8758331345978068 124
1615551816960 0.8930248698191856 125
1615551908720 0.894418490021976 126
1615552001435 0.8620361389953699 127
1615552094344 0.8941650270526089 128
1615552186300 0.9049539824030293 129
1615552278573 0.9145284771029629 130
1615552370767 0.9149081422321832 131
1615552462872 0.9169021057548807 132
1615552555332 0.9191223569770357 133
1615552647674 0.9215891192208475 134
1615552739911 0.9243719070705015 135
1615552832343 0.9149070666797126 136
1615552924701 0.9225669365320632 137
1615553017123 0.9166552477808141 138
1615553109344 0.9231693126372437 139
1615553202314 0.9166185032965531 140
1615553294414 0.91408876518705 141
1615553387099 0.9151812355909774 142
1615553479505 0.9209139404901817 143
1615553571707 0.9212705706482502 144
1615553663989 0.9224233613975013 145
1615553756899 0.9238327839481297 146
1615553850104 0.9190890228570398 147
1615553942605 0.9249951243400574 148
1615554035156 0.9263758436957402 149
1615554128013 0.9274539222468191 150
1615554220325 0.9232614422912029 151
1615554311708 0.9261442204909538 152
1615554404312 0.92335665982161 153
1615554496741 0.9261116799133927 154
1615554589269 0.9261162205418544 155
1615554681725 0.9320988437133049 156
1615554774178 0.9185847564419704 157
1615554866881 0.921202901583999 158
1615554959972 0.9223688831969873 159
1615555052626 0.9131796061992645 160
1615555145041 0.9107624052175834 161
1615555237762 0.9224870062586087 162
1615555330020 0.9196624239878868 163
1615555421878 0.9190228105480991 164
1615555514003 0.923476566129656 165
1615555606168 0.9204739772561771 166
1615555698523 0.9223464060185561 167
1615555790893 0.9284628531826076 168
1615555885995 0.9253580330023125 169
1615555978328 0.9226308389386134 170
1615556071098 0.928697550029897 171
1615556163362 0.9255383521763246 172
1615556255957 0.9292399024785455 173
1615556349542 0.9230447011207467 174
1615556442233 0.93372807395992 175
1615556534702 0.9299597713484693 176
1615556627829 0.9367553120228782 177
1615556720435 0.9282683787950828 178
1615556813367 0.9291752003022095 179
1615556906098 0.9365956872256834 180
1615556998816 0.9358440063782593 181
1615557091571 0.9326168872527222 182
1615557183951 0.9302219027903542 183
1615557276673 0.9258536398410797 184
1615557369069 0.9272332436113215 185
1615557461659 0.9241078776210102 186
1615557554595 0.9338577380820886 187
1615557647237 0.9271063715664308 188
1615557739924 0.9238507912230136 189
1615557831969 0.9351070954728482 190
1615557924136 0.9367882885150055 191
1615558015771 0.9264501969316112 192
1615558106683 0.9201634646351657 193
1615558197654 0.9238600299429538 194
1615558289052 0.9296246202134374 195
1615558380629 0.9319802100089059 196
1615558472211 0.9272231697591383 197
1615558563980 0.9326807838767323 198
1615558655310 0.9325236958354267 199
1615558746964 0.9366585674570568 200
1615558838671 0.9391505091047999 201
1615558929846 0.9338713666396354 202
1615559021456 0.9321299880298216 203
1615559113024 0.9313220252741629 204
1615559204451 0.9266331542783709 205
1615559295958 0.9301492193741585 206
1615559387449 0.9306625021037771 207
1615559479062 0.9344282783011892 208
1615559571037 0.9240871178570078 209
1615559662726 0.9329408442796167 210
1615559754362 0.9279819144241845 211
1615559845603 0.9175740604969993 212
1615559937328 0.9277879702511118 213
1615560028720 0.9308451414108276 214
1615560120048 0.9352646679130953 215
1615560211426 0.9238899634845221 216
1615560302712 0.9325484597860877 217
1615560393882 0.9278954142954812 218
1615560485668 0.9358134692284599 219
1615560577129 0.9347131056572074 220
1615560668624 0.9354344428475223 221
1615560759870 0.9339996758681625 222
1615560851462 0.9319047607592682 223
1615560942724 0.9370391907087013 224
1615561034252 0.9390378514332558 225
1615561126078 0.9262543018184491 226
1615561219294 0.9382661216294588 227
1615561311216 0.934069080139274 228
1615561404336 0.9235827798274026 229
1615561498666 0.9337656493507215 230
1615561595358 0.9378896929434876 231
1615561691420 0.9437582177012714 232
1615561786200 0.9413304964997875 233
1615561881861 0.9392797528807797 234
1615561977076 0.939967905852332 235
1615562074251 0.942102665776637 236
1615562176478 0.9361558165123214 237
1615562276907 0.9268634159173539 238
1615562374388 0.9433151358988747 239
1615562472175 0.9382112648949694 240
1615562569464 0.9332017427060142 241
1615562666058 0.9314810264466414 242
1615562763685 0.9465440600665648 243
1615562861511 0.933637259611443 244
1615562958222 0.9353629706510856 245
1615563055519 0.9341946898111656 246
1615563152964 0.938886448073743 247
1615563250603 0.9392443370463243 248
1615563347344 0.9439329224735943 249
1615563444806 0.9426914524676194 250
1615563541958 0.9392941936628142 251
1615563638411 0.9415860674274501 252
1615563735136 0.9418305808038854 253
1615563832145 0.9399697825090209 254
1615563928630 0.9359282406408396 255
1615564025214 0.9367100049310656 256
1615564121734 0.9248127714911504 257
1615564218580 0.9360265856358543 258
1615564315611 0.9407885265884115 259
1615564412761 0.9419352407775708 260
1615564510043 0.9398777756228376 261
1615564607101 0.9331561736206511 262
1615564704037 0.9358982172474932 263
1615564800919 0.9388442768979428 264
1615564898310 0.9387852376076713 265
1615564994942 0.9444949017531836 266
1615565091778 0.9356156600945031 267
1615565188146 0.938931230288833 268
1615565281994 0.9338711335587857 269
1615565375835 0.9400905825531305 270
1615565468532 0.9442272782325745 271
1615565561743 0.9456401018064413 272
1615565654841 0.915470881248588 273
1615565747358 0.9295988683380297 274
1615565840819 0.940145214991783 275
1615565935016 0.9453477948459227 276
1615566028146 0.942063639413065 277
1615566120144 0.9436327143391566 278
