1612784762085 0.26984686193181506 0
1612784832274 0.2449694542742487 1
1612784905310 0.23847571059839048 2
1612784975129 0.23845734636285412 3
1612785045629 0.23257710809138285 4
1612785114931 0.21784057353266437 5
1612785185632 0.21326822601655906 6
1612785254959 0.20656159075338448 7
1612785324583 0.19748068636725 8
1612785395488 0.19190137048265826 9
1612785464932 0.18942609983351044 10
1612785533864 0.18642966167547215 11
1612785604062 0.18272341132574593 12
1612785673045 0.18114086362852974 13
1612785743050 0.17786290046587508 14
1612785813137 0.1743274025841435 15
1612785883234 0.17155999028965294 16
1612785953193 0.17016069781325546 17
1612786022581 0.16961065395929076 18
1612786091876 0.1674367600857322 19
1612786161019 0.16556778522612103 20
1612786230752 0.16443493464908573 21
1612786299502 0.1623285438316662 22
1612786368505 0.16140034357410163 23
1612786437799 0.15984529658929625 24
1612786507354 0.1578972927806845 25
1612786577032 0.155821749787096 26
1612786646782 0.15450320175207496 27
1612786716435 0.1530646776576295 28
1612786786978 0.15147285138196614 29
1612786857551 0.1506556268489068 30
1612786927113 0.1491434217722558 31
1612786996933 0.14822362076907283 32
1612787066005 0.14880061063251546 33
1612787135286 0.1477069273686358 34
1612787204250 0.14625445964621073 35
1612787273359 0.14504449266058247 36
1612787343075 0.1439214704875766 37
1612787412941 0.14253248437993882 38
1612787483495 0.1421414225848753 39
1612787553186 0.1409498258508419 40
1612787622699 0.1398423264106284 41
1612787692443 0.1386482668229169 42
1612787761576 0.1376383494044903 43
1612787831301 0.13660783496859852 44
1612787900461 0.13590221552783835 45
1612787969870 0.13500489956539902 46
1612788038979 0.13435170193439097 47
1612788108601 0.13377306407230713 48
1612788178457 0.13271522452582174 49
1612788247055 0.1321073028822897 50
1612788316082 0.13145195657706016 51
1612788385323 0.13169887667808758 52
1612788455233 0.1323576977629896 53
1612788526881 0.13186967945487077 54
1612788597143 0.1311034935750941 55
1612788666529 0.1304511275863298 56
1612788736778 0.1303238374820028 57
1612788806257 0.1296686168082479 58
1612788875430 0.12896701726154308 59
1612788944493 0.1283695079570357 60
1612789013506 0.12775447762351114 61
1612789083928 0.1276419751877413 62
1612789153591 0.12742518626653881 63
1612789222547 0.1269714755524724 64
1612789292571 0.1262644265152005 65
1612789363498 0.1257079715159402 66
1612789432742 0.12565878478448783 67
1612789503474 0.12517712820460727 68
1612789572275 0.12470489046466882 69
1612789641387 0.12408290698494708 70
1612789711298 0.12375960760992359 71
1612789779902 0.12330379162651704 72
1612789850216 0.122872308732137 73
1612789919624 0.1222763900970345 74
1612789988515 0.12162081157468192 75
1612790057483 0.12100277250417095 76
1612790129402 0.12042121569224346 77
1612790198496 0.12026741945876437 78
1612790267250 0.11989478326555505 79
1612790337189 0.11951056348480128 80
1612790406450 0.11915456633546975 81
1612790476092 0.11884815022791484 82
1612790546071 0.11868869759507775 83
1612790615030 0.11838777926640091 84
1612790684957 0.11800488419973032 85
1612790753810 0.11761282195478832 86
1612790822950 0.11718761632812877 87
1612790892083 0.11685520992290244 88
1612790961407 0.11663144009425663 89
1612791030901 0.11616256989982254 90
1612791100758 0.1158284613890434 91
1612791170527 0.11533969790915234 92
1612791240684 0.11492493119304915 93
1612791309850 0.11447521401313185 94
1612791378873 0.11414689169408963 95
1612791447763 0.11369752863734145 96
1612791517429 0.11321190187490242 97
1612791587457 0.11281694960453992 98
1612791656608 0.11240205078872281 99
1612791726023 0.11194858485669033 100
1612791795553 0.11159499119972673 101
1612791864647 0.11126911812909286 102
1612791933484 0.11088353075540434 103
1612792002196 0.110764748328276 104
1612792071712 0.11049753357007179 105
1612792142244 0.11029746957629406 106
1612792211234 0.10994843442575782 107
1612792280009 0.1096437410607691 108
1612792348686 0.10961874210688927 109
1612792417316 0.10945803889571713 110
1612792488425 0.10943231080323138 111
1612792558278 0.10925835545005388 112
1612792627716 0.10924137770177555 113
1612792696790 0.10899243864589196 114
1612792766549 0.10896223617839369 115
1612792836013 0.10889002033331695 116
1612792905100 0.10865828384334997 117
1612792973707 0.10841764247837586 118
1612793042714 0.10819875747706756 119
1612793111547 0.10794822386253093 120
1612793180789 0.10766428906642807 121
1612793251887 0.10752590184159073 122
1612793321124 0.10729817906192818 123
1612793391014 0.1072084990401766 124
1612793460244 0.10691226311725223 125
1612793529792 0.10660894100051574 126
1612793598740 0.10643408768601824 127
1612793668573 0.10643699342117917 128
1612793737852 0.10616973585841574 129
1612793807351 0.10593192545715978 130
1612793877178 0.10580925104279475 131
1612793947034 0.10555802948372407 132
1612794016547 0.10529826402557958 133
1612794086984 0.10514002664106332 134
1612794157198 0.10496223078185364 135
1612794227215 0.10479918750546206 136
1612794296032 0.10480783855582425 137
1612794365450 0.1046941804601697 138
1612794434347 0.10445578199968153 139
1612794503287 0.10425010434884903 140
1612794573944 0.10406568304991705 141
1612794643130 0.1038086787604947 142
1612794712629 0.10353770322022743 143
1612794781535 0.1032605628223684 144
1612794852615 0.1031235462864638 145
1612794922725 0.10306231112440946 146
1612794991889 0.1029773457798567 147
1612795060625 0.10285373918878568 148
1612795130405 0.10278467950536241 149
1612795200377 0.1026871161073449 150
1612795269409 0.10261734706720588 151
1612795338336 0.10239475132279156 152
1612795407478 0.10217522115618663 153
1612795476190 0.10198815255194943 154
1612795545096 0.10184751810285717 155
1612795614149 0.10160018118493783 156
1612795683703 0.10136672403419172 157
1612795752972 0.10118121099530235 158
1612795822441 0.10100972801446914 159
1612795891523 0.1007947394002895 160
1612795961955 0.1005598583427037 161
1612796030930 0.10031297557051175 162
1612796099900 0.10019149474221922 163
1612796169982 0.10001660560062708 164
1612796239952 0.09983309876187804 165
1612796310865 0.09965663275223059 166
1612796381608 0.09956341026603711 167
1612796451255 0.09934989933642065 168
1612796521832 0.0991520454896135 169
1612796590743 0.09899214586683457 170
1612796660831 0.09879770852736575 171
1612796730033 0.09864044370462834 172
1612796799201 0.09845427998774131 173
1612796869606 0.09826802125109288 174
1612796938610 0.09808462951711436 175
1612797008690 0.09792165503814321 176
1612797078741 0.09778554547398803 177
1612797147703 0.09769168370640592 178
1612797216917 0.09754525823873869 179
1612797287076 0.09737863437040455 180
1612797356183 0.09721171392052418 181
1612797425682 0.09702015374712336 182
1612797494414 0.09683155372864549 183
1612797563594 0.09664705446431024 184
1612797632760 0.09656402457202351 185
1612797702633 0.09639344593886608 186
1612797772491 0.09620151634006589 187
1612797841587 0.09601445107873113 188
1612797911204 0.09593321608448258 189
1612797982247 0.09584648911725867 190
1612798053237 0.09569189076622331 191
1612798123393 0.09561080896571385 192
1612798193805 0.09552776100892696 193
1612798263184 0.09534548709915375 194
1612798332306 0.09515644521873755 195
1612798401609 0.09508094041399348 196
1612798471708 0.09487983778952548 197
1612798541085 0.0947844208578798 198
1612798610871 0.09461479256847015 199
1612798681532 0.09447929655920476 200
1612798751044 0.09437137853188518 201
1612798820394 0.09429894972878272 202
1612798891567 0.09410823652243319 203
1612798960529 0.09403600750899901 204
1612799029401 0.09390896500029305 205
1612799098436 0.09378321724005383 206
1612799167153 0.09365328400471734 207
1612799236579 0.09351055037930196 208
1612799306418 0.09337070132284706 209
1612799375743 0.0932172683616453 210
1612799445766 0.09305017953253374 211
1612799514967 0.09289721273672576 212
1612799585059 0.09282074474377157 213
1612799654770 0.09269150130991226 214
1612799724085 0.09256878993569194 215
1612799794072 0.09242885539452834 216
1612799864072 0.09231032124042972 217
1612799932977 0.09218925683685085 218
1612800002121 0.09212691779861298 219
1612800072079 0.09205170409397798 220
1612800142393 0.09195354358874555 221
1612800704831 0.09100681134897888 229
1612800776745 0.09091197021742192 230
1612800846030 0.09100432467718321 231
1612800915100 0.09093290534180447 232
1612800985203 0.09081486765105658 233
1612801053866 0.09071035373017845 234
1612801122773 0.09060575556911886 235
1612801192304 0.09054194841121235 236
1612801262054 0.09042943045020363 237
1612801331592 0.09034991826405427 238
1612801400788 0.09032613322954279 239
1612801471024 0.09031255262410556 240
1612801540699 0.09024666327869646 241
1612801611088 0.09019946350555491 242
1612801681221 0.09015005967685293 243
1612801750786 0.09004281464052974 244
1612801820107 0.08996078431671391 245
1612801889281 0.0898301392618973 246
1612801959241 0.08977633008000713 247
1612802030415 0.08965120572863187 248
1612802099619 0.0895775159259341 249
1612802168675 0.08944739252036471 250
1612802238675 0.0893162456317921 251
1612802308129 0.08924534962062086 252
1612802377354 0.08913281106727501 253
1612802446846 0.08900134363193977 254
1612802517190 0.08887612785268299 255
1612802589526 0.08874225071951299 256
1612802661342 0.08860896725173519 257
1612802732122 0.08847224281300375 258
1612802802338 0.088366168751098 259
1612802871984 0.08829536687559512 260
1612802942573 0.08825507618455475 261
1612803012118 0.08819197316248487 262
1612803083957 0.08807508849291606 263
1612803153120 0.08796957886343236 264
1612803222731 0.0879000409385757 265
1612803291660 0.08781241840164447 266
1612803360520 0.08770803479806809 267
1612803430234 0.08760763367200107 268
1612803499818 0.08747523093566241 269
1612803568624 0.0873967423446642 270
1612803637599 0.08730926842177722 271
1612803708562 0.08724214930823997 272
1612803777802 0.08711929314275989 273
1612803847386 0.08702159652878183 274
1612803917315 0.08690773474752402 275
1612803986181 0.08678167361150473 276
1612804056588 0.08667791675999051 277
1612804126258 0.08657631860756093 278
1612804195371 0.0864512562402276 279
1612804265477 0.08631857254377637 280
1612804334795 0.08625104249539522 281
1612804404696 0.08614771480607081 282
1612804474438 0.08607765743405174 283
1612804543445 0.08603221233617141 284
1612804614086 0.08594541716844377 285
1612804684468 0.0858672379492672 286
1612804755475 0.08580081049927434 287
1612804824141 0.08575647285344996 288
1612804893735 0.0857238136887612 289
1612804963576 0.08563504615808054 290
1612805033002 0.08552565925741851 291
1612805102007 0.08541121433844032 292
1612805172261 0.08532390996083015 293
1612805241865 0.08523695652858236 294
1612805310862 0.0851338305099206 295
1612805379663 0.08501577316813091 296
1612805449457 0.08490877446795857 297
1612805518621 0.0848060290062356 298
1612805587708 0.08469467324403986 299
1612805659205 0.08459798203951288 300
1612805729315 0.08447996875367127 301
1612805798828 0.08435539875199168 302
1612805869537 0.08423383484498688 303
1612805938346 0.08412183613890335 304
1612806007486 0.08404817127120892 305
1612806076913 0.08394884024313636 306
1612806147030 0.08385762137587072 307
1612806216281 0.08375104518580002 308
1612806285533 0.08367767895593863 309
1612806354992 0.08357113283403769 310
1612806424277 0.08349325383845485 311
1612806493876 0.08337785800203316 312
1612806562956 0.0832908604067761 313
1612806631874 0.08336053560819992 314
1612806700771 0.08335981141489397 315
1612806769443 0.08328063393768449 316
1612806839370 0.08319471659967402 317
1612806910251 0.08314968649128363 318
1612806980481 0.08305645591732284 319
1612807049676 0.08296099554163792 320
1612807119849 0.08288174637488778 321
1612807189261 0.08280623110895939 322
1612807259849 0.08271055365324859 323
1612807329276 0.08260248091957191 324
1612807398266 0.08253773973490468 325
1612807468125 0.08247650890904466 326
1612807537001 0.08238546873846618 327
1612807605691 0.08235833220119969 328
1612807674576 0.08226621411656537 329
1612807743657 0.08218167850763412 330
1612807814327 0.08209141670607167 331
1612807884462 0.08203677669515488 332
1612807956256 0.08193784028448853 333
1612808025036 0.08184087804920506 334
1612808095248 0.08179952008034122 335
1612808163840 0.08178669230879565 336
1612808232841 0.081718078705465 337
1612808302359 0.0816567612519401 338
1612808371956 0.08156181416614104 339
1612808441618 0.08147397473661228 340
1612808511294 0.08138051135352513 341
1612808580853 0.0812946065672228 342
1612808650981 0.0812346589431834 343
1612808720563 0.08118153049036612 344
1612808790924 0.08114531880241238 345
1612808860079 0.08114787391798127 346
1612808929051 0.08106740614596475 347
1612808997983 0.08098454095440108 348
1612809067454 0.08091206252702009 349
1612809136694 0.08082942456094444 350
1612809205921 0.08073832107558744 351
1612809275480 0.08064650663900694 352
1612809344445 0.08055921669040121 353
1612809413339 0.08049391771480517 354
1612809483126 0.08044566072394897 355
1612809552374 0.08038969625322867 356
1612809621851 0.08031344952997209 357
1612809691284 0.08025907335452653 358
1612809761163 0.08018114711860715 359
1612809831519 0.08009499295675458 360
1612809902096 0.08004699992585025 361
1612809971946 0.07994963921467765 362
1612810043016 0.0799101826102299 363
1612810112429 0.0798228727140643 364
1612810181620 0.07974430613888776 365
1612810250351 0.0796557826433279 366
1612810319817 0.07962930377265758 367
1612810390158 0.07955249811662456 368
1612810460236 0.07947521953632775 369
1612810529670 0.07939031857201524 370
1612810599108 0.0793248417432571 371
1612810667782 0.07925165026067023 372
1612810736870 0.07916779320555337 373
1612810806413 0.07911359096166506 374
1612810877404 0.07903112630099864 375
1612810947817 0.07896308152965122 376
1612811018164 0.07887277366952536 377
1612811087162 0.07882038567350026 378
1612811156275 0.07874605574901893 379
1612811226128 0.07869095077440677 380
1612811295385 0.07864604466611859 381
1612811364597 0.0785593851744016 382
1612811433901 0.07849826261086103 383
1612811503018 0.07844922897958506 384
1612811573245 0.07837653747337636 385
1612811644067 0.0783002824884287 386
1612811713441 0.0782092617124498 387
1612811782656 0.07812514963251749 388
1612811851626 0.07805227721234734 389
1612811920241 0.07798253177308709 390
1612811989690 0.07789941801781196 391
1612812058216 0.07782487261060352 392
1612812128415 0.07777081290531615 393
1612812197068 0.07770206304166757 394
1612812267210 0.07763792706950298 395
1612812336220 0.07756745872867211 396
1612812405660 0.07750014375023803 397
1612812475685 0.07746153426429879 398
1612812545420 0.07738118183701787 399
