1612784762083 0.26984686193181506 0
1612784832272 0.22009204661668236 1
1612784905308 0.22548822324667403 2
1612784975127 0.23840225365624498 3
1612785045627 0.2090561550054977 4
1612785114929 0.14415790073907198 5
1612785185630 0.18583414091992734 6
1612785254957 0.1596151439111624 7
1612785324581 0.1248334512781741 8
1612785395487 0.1416875275213327 9
1612785464930 0.16467339334203235 10
1612785533863 0.1534688419370509 11
1612785604060 0.1382484071290315 12
1612785673043 0.1605677435647196 13
1612785743049 0.13197141618870978 14
1612785813136 0.12129493435816978 15
1612785883233 0.12728139357780344 16
1612785953192 0.1463727257144985 17
1612786022579 0.15970986458792616 18
1612786091874 0.1261327764881191 19
1612786161018 0.1281882880338982 20
1612786230751 0.14064507253134428 21
1612786299500 0.1159879458484365 22
1612786368503 0.1400517376501169 23
1612786437797 0.12252416895396674 24
1612786507353 0.10919719756539188 25
1612786577030 0.10185763195379456 26
1612786646780 0.11890240480650717 27
1612786716433 0.11278600301315535 28
1612786786977 0.10530988938772856 29
1612786857550 0.12613889085712718 30
1612786927111 0.10226506439607534 31
1612786996932 0.11878998866721766 32
1612787066003 0.1678412761261214 33
1612787135284 0.11052169639672806 34
1612787204248 0.09541808936133314 35
1612787273357 0.10148568117796485 36
1612787343073 0.10236965008636019 37
1612787412939 0.089751012289702 38
1612787483493 0.1268900125773985 39
1612787553184 0.09328595648950605 40
1612787622698 0.09443484936187517 41
1612787692441 0.08849776413903307 42
1612787761574 0.09421190041214672 43
1612787831299 0.09126519978936039 44
1612787900459 0.1041493406936304 45
1612787969868 0.09372836529318966 46
1612788038978 0.10365141327701398 47
1612788108599 0.1059984466922817 48
1612788178455 0.08088108674803776 49
1612788247053 0.10171122070568711 50
1612788316081 0.0980292950103532 51
1612788385321 0.14453872193151446 52
1612788455231 0.16727521526279734 53
1612788526880 0.10551669081645225 54
1612788597142 0.08896327018737793 55
1612788666527 0.09391863221552835 56
1612788736776 0.12306830153536441 57
1612788806255 0.09166581773046237 58
1612788875428 0.08757264400596049 59
1612788944491 0.0925189496865913 60
1612789013504 0.09023762727851298 61
1612789083927 0.12066682417001297 62
1612789153589 0.11376748423078167 63
1612789222546 0.09793398985222204 64
1612789292569 0.08030623909252793 65
1612789363497 0.0889819415647592 66
1612789432740 0.12236327377717886 67
1612789503472 0.09242448077273013 68
1612789572273 0.09212048640891687 69
1612789641386 0.08054406340442487 70
1612789711297 0.10080535198325541 71
1612789779901 0.09048504082124624 72
1612789850214 0.09137405744239466 73
1612789919622 0.07817841109944813 74
1612789988514 0.07245242239823982 75
1612790057481 0.07403180314533746 76
1612790129401 0.07564134117382676 77
1612790198494 0.10827131324739599 78
1612790267248 0.09045652400201826 79
1612790337187 0.08877298102450015 80
1612790406448 0.09031879723961674 81
1612790476091 0.09372202940841219 82
1612790546069 0.10545412906959875 83
1612790615028 0.09311063965754722 84
1612790684956 0.08545880353272851 85
1612790753808 0.08389546888977734 86
1612790822948 0.08019472680874724 87
1612790892081 0.08760344626298591 88
1612790961405 0.09671592534478031 89
1612791030899 0.0739642524007541 90
1612791100756 0.08542458690814118 91
1612791170525 0.07037345775917395 92
1612791240682 0.07635162659545443 93
1612791309849 0.07220179910090432 94
1612791378871 0.082956271385079 95
1612791447761 0.07055867518951643 96
1612791517427 0.06610610591831492 97
1612791587456 0.07411162710901517 98
1612791656606 0.07132706802282761 99
1612791726021 0.06660199165344238 100
1612791795551 0.0758820318464023 101
1612791864645 0.07803006492443938 102
1612791933482 0.07116803126548653 103
1612792002194 0.09841137590693004 104
1612792071711 0.08243998395862864 105
1612792142242 0.08909068623585488 106
1612792211232 0.07260167331837897 107
1612792280007 0.07673685764198873 108
1612792348684 0.10689385613398765 109
1612792417315 0.09178068566678176 110
1612792488424 0.10657649253731344 111
1612792558276 0.08977535589417415 112
1612792627714 0.10732289214632404 113
1612792696788 0.08061338627516333 114
1612792766547 0.1054889524160926 115
1612792836011 0.10051298230441648 116
1612792905098 0.08154511451721191 117
1612792973705 0.08002196141143343 118
1612793042713 0.08215144232137879 119
1612793111545 0.07788419011813491 120
1612793180787 0.073308178737982 121
1612793251886 0.09064266041143616 122
1612793321123 0.07928827716343438 123
1612793391012 0.0960881763429784 124
1612793460242 0.06988277275170852 125
1612793529790 0.06839035429171662 126
1612793598738 0.0842277167448357 127
1612793668572 0.1068089275217768 128
1612793737850 0.0716935102619342 129
1612793807350 0.07501657329388518 130
1612793877176 0.0897389027609754 131
1612793947032 0.0723967836863959 132
1612794016545 0.07074945809236213 133
1612794086982 0.08393621711588617 134
1612794157196 0.08095978978854507 135
1612794227213 0.08262530191620784 136
1612794296030 0.10599303245544434 137
1612794365448 0.08900936325984214 138
1612794434346 0.07131839599182356 139
1612794503285 0.0754552332322989 140
1612794573942 0.07806227990050814 141
1612794643129 0.06731406966252114 142
1612794712627 0.06478820096200971 143
1612794781533 0.06335234553066653 144
1612794852614 0.08325614858029494 145
1612794922723 0.09412197746447663 146
1612794991887 0.09048744013060385 147
1612795060623 0.0845599637102725 148
1612795130403 0.0924947866752966 149
1612795200376 0.08805260640471729 150
1612795269407 0.0920822220062142 151
1612795338334 0.06856019817181487 152
1612795407476 0.06858710566563393 153
1612795476188 0.07317958749941926 154
1612795545094 0.0800491784935567 155
1612795614148 0.06301562198952063 156
1612795683702 0.06471395136705085 157
1612795752971 0.07187015085077997 158
1612795822439 0.07374393406198985 159
1612795891522 0.06639656113154853 160
1612795961953 0.062744008071387 161
1612796030929 0.06031796647541558 162
1612796099899 0.08039011973053661 163
1612796169980 0.07133478637951524 164
1612796239950 0.06955447036828567 165
1612796310863 0.07036327515075456 166
1612796381606 0.08399525507172542 167
1612796451253 0.0634800631608536 168
1612796521830 0.06571474537920596 169
1612796590742 0.07180920999441574 170
1612796660829 0.0655489234781977 171
1612796730031 0.07159089419379164 172
1612796799199 0.06624795696628627 173
1612796869604 0.0658590010742643 174
1612796938608 0.06599107607087093 175
1612797008688 0.06923814673921955 176
1612797078739 0.07369415261852208 177
1612797147702 0.08098428907679088 178
1612797216915 0.07133509952630569 179
1612797287074 0.06738633807025739 180
1612797356182 0.06699911249217702 181
1612797425680 0.062156202188178675 182
1612797494413 0.06231775034719439 183
1612797563593 0.06269918982662372 184
1612797632759 0.0812034944989788 185
1612797702631 0.06466582017158394 186
1612797772490 0.06031068136442953 187
1612797841586 0.06084618194779353 188
1612797911201 0.08057980217150788 189
1612797982245 0.07936836534471654 190
1612798053235 0.06616360571847033 191
1612798123392 0.08004310326789742 192
1612798193804 0.0794995053490596 193
1612798263182 0.05998434860314896 194
1612798332304 0.058293278537579436 195
1612798401608 0.08028199868415718 196
1612798471706 0.055262620769329925 197
1612798541084 0.07589186839203337 198
1612798610870 0.06085876297594896 199
1612798681531 0.06738009470612255 200
1612798751042 0.07267985504064987 201
1612798820392 0.07966833150208887 202
1612798891566 0.0553934556334766 203
1612798960527 0.0793012887684267 204
1612799029400 0.06786525071556888 205
1612799098434 0.06787917863077192 206
1612799167152 0.06675710429006548 207
1612799236578 0.06382195629290681 208
1612799306417 0.0641422485237691 209
1612799375741 0.06099634650927871 210
1612799445764 0.057794436589995425 211
1612799514966 0.06046825202543344 212
1612799585057 0.07653306224452916 213
1612799654769 0.0650334064640216 214
1612799724083 0.0661858444783225 215
1612799794070 0.06220299450319205 216
1612799864070 0.06658840980102766 217
1612799932976 0.06579721685665757 218
1612800002119 0.07847466842452092 219
1612800072077 0.07550468907427432 220
