1614708343078 0.5307860316589792 0
1614708430674 0.47283974230447984 1
1614708518796 0.45031863879016104 2
1614708606569 0.42345331797495167 3
1614708694312 0.4167959780135053 4
1614708774485 0.4141649426430041 5
1614708865020 0.4121921753403263 6
1614708953705 0.40859741501589397 7
1614709042176 0.4045729345639828 8
1614709130593 0.3993226620824412 9
1614709220179 0.3947924757934746 10
1614709308684 0.3915015466722613 11
1614709397933 0.38552826585677946 12
1614709486656 0.3828453946869967 13
1614709575395 0.3797379318069904 14
1614709663927 0.3749708698398651 15
1614709752869 0.3730710419652533 16
1614709841122 0.3714749191449536 17
1614709929074 0.3687839047672499 18
1614710017098 0.3663747993000644 19
1614710105308 0.36654876537900316 20
1614710193247 0.36503238150601336 21
1614710281193 0.362675720162407 22
1614710369154 0.3620678063792486 23
1614710457406 0.35977301133756934 24
1614710545470 0.3582232203060202 25
1614710633520 0.356468056959017 26
1614710721383 0.3551059465396774 27
1614710809304 0.3530791573177254 28
1614710897344 0.352176566923975 29
1614710985394 0.3518848780570736 30
1614711073625 0.3501313852884389 31
1614711161487 0.3491500545002466 32
1614711249582 0.34851386360544345 33
1614711337515 0.34829209435131037 34
1614711425644 0.3469188718288149 35
1614711513629 0.3459724124356066 36
1614711601626 0.34537075381529947 37
1614711689667 0.344425521431256 38
1614711777783 0.3433304873096974 39
1614711865841 0.34186156594774914 40
1614711953764 0.34006702871059025 41
1614712042092 0.3402559634451079 42
1614712130299 0.33941038321465883 43
1614712218181 0.3393288693635176 44
1614712306347 0.337912451098505 45
1614712394291 0.3375939036900369 46
1614712482366 0.3378918082172593 47
1614712570737 0.33708416194991864 48
1614712658904 0.33687371019511786 49
1614712747182 0.3366844088187256 50
1614712835153 0.3357798569331193 51
1614712923364 0.335485236359583 52
1614713011257 0.3345478334874385 53
1614713099561 0.3340921064251512 54
1614713187427 0.33335463375725016 55
1614713275512 0.33419916411418893 56
1614713363385 0.3337828326923876 57
1614713451527 0.3325585567127421 58
1614713539686 0.3322543968083272 59
1614713627814 0.3316634883983942 60
1614713715978 0.33129568955386113 61
1614713804130 0.3302409632275513 62
1614713892168 0.329169345727349 63
1614713980674 0.32864526087226154 64
1614714068773 0.3282591028764682 65
1614714156869 0.32737860606232694 66
1614714245170 0.32687765496371507 67
1614714333261 0.32639629473651854 68
1614714421145 0.3259527312223673 69
1614714509282 0.32572913835769046 70
1614714597492 0.32526012617944977 71
1614714685830 0.3249932529366215 72
1614714773913 0.32463416255380734 73
1614714861726 0.32477032830951913 74
1614714949499 0.324593324909844 75
1614715037385 0.3240855449327335 76
1614715125248 0.32381143022391623 77
1614715213317 0.32316431091331327 78
1614715301203 0.3229681377180238 79
1614715388981 0.3227310036887624 80
1614715476931 0.322268628282835 81
1614715564996 0.3220098194434869 82
1614715652990 0.32100643390806616 83
1614715740925 0.32067555736969505 84
1614715829194 0.3199300449286237 85
1614715917171 0.3193330041659683 86
1614716005002 0.3190750373514798 87
1614716092893 0.31886728735252795 88
1614716180778 0.318141857712545 89
1614716268941 0.3177912188574118 90
1614716356860 0.31754616639515687 91
1614716444859 0.3172587934524346 92
1614716532908 0.3167680489719791 93
1614716620816 0.3163676652093684 94
1614716708617 0.31602320561750213 95
1614716796543 0.31573011455671335 96
1614716884574 0.31533688663161685 97
1614716972456 0.3148476573052763 98
1614717060434 0.3146744342481202 99
1614717148302 0.31471172246743756 100
1614717236411 0.3143918796298301 101
1614717324384 0.3140906536714261 102
1614717412428 0.31383764111161006 103
1614717500334 0.3135752991007936 104
1614717588254 0.3131426116335719 105
1614717676241 0.31297832815508797 106
1614717764204 0.3130605500800588 107
1614717852109 0.31283462383529287 108
1614717940067 0.3125014474864046 109
1614718028478 0.31237479323370937 110
1614718116491 0.31189692469376007 111
1614718204608 0.3113961435140379 112
1614718292591 0.3115279655229159 113
1614718380370 0.3112007222008252 114
1614718468166 0.31099819719876126 115
1614718556226 0.3105820222786716 116
1614718644095 0.3104088035392988 117
1614718732117 0.31029501850284646 118
1614718820239 0.30983541876355053 119
1614718908492 0.309437068068218 120
1614718996345 0.309164846152909 121
1614719084195 0.3089848522201908 122
1614719172382 0.3084752764667887 123
1614719261648 0.3082699145205476 124
1614719349561 0.3082250856745034 125
1614719437618 0.30789464830223834 126
1614719525552 0.30764222147062087 127
1614719613408 0.3070620652801246 128
1614719701410 0.3068000293304798 129
1614719789315 0.30647334099525025 130
1614719877431 0.3063240531504124 131
1614719965452 0.30579279057194053 132
1614720053599 0.3056133392418648 133
1614720141586 0.3054745872521887 134
1614720229523 0.30537449490996954 135
1614720317393 0.305022782201069 136
1614720405257 0.30465920686990583 137
1614720493401 0.3041924767968263 138
1614720581379 0.303680652182968 139
1614720669362 0.30360017967991754 140
1614720757527 0.30331608022325635 141
1614720845308 0.3032106257993945 142
1614720933479 0.30281925623813716 143
1614721021766 0.30257288924393094 144
1614721109546 0.3022529098330945 145
1614721197734 0.3021160383281597 146
1614721285613 0.3018910416421736 147
1614721373362 0.3019449125465222 148
1614721461739 0.3017796919859468 149
1614721549746 0.3016183056678462 150
1614721638020 0.3013420547389977 151
1614721729135 0.30126708975866545 152
1614721817646 0.3010926406519677 153
1614721905668 0.30091413976899445 154
1614721993824 0.3005396068249601 155
1614722081715 0.30042997943794003 156
1614722169795 0.30022870125126105 157
1614722257841 0.2999629242990997 158
1614722345994 0.29988657076288233 159
1614722434154 0.29958477797085387 160
1614722522245 0.29952053028218273 161
1614722609979 0.29935348820733393 162
1614722698047 0.2991289153171206 163
1614722786529 0.29910712810119133 164
1614722874419 0.29888345365897395 165
1614722962359 0.2986637235308606 166
1614723050470 0.29829823922435716 167
1614723138592 0.29801660724078965 168
1614723227134 0.29791164237758755 169
1614723315834 0.29777051588198017 170
1614723403919 0.2976583532177054 171
1614723491961 0.29758764829249723 172
1614723579633 0.29734184241888484 173
1614723667355 0.2971827329930743 174
1614723755215 0.29697441693748433 175
1614723843378 0.29688361634658494 176
1614723931598 0.2967734728827839 177
1614724019605 0.2966489227435278 178
1614724107635 0.29642832584846435 179
1614724195783 0.2962720763725181 180
1614724284018 0.2961579454095494 181
1614724371870 0.29603398008079945 182
1614724459801 0.2957341009246961 183
1614724547684 0.29545001245311014 184
1614724635899 0.29525029444370293 185
1614724723994 0.29511409867434085 186
1614724811919 0.2948745884702802 187
1614724900005 0.29472455090924793 188
1614724988007 0.2946701380784005 189
1614725076100 0.2944866931058653 190
1614725163968 0.2943954319603977 191
1614725251785 0.29415035002913437 192
1614725339778 0.293948809998888 193
1614725427651 0.29377682498583535 194
1614725515699 0.2935753097196394 195
1614725603483 0.29343842466658826 196
1614725691839 0.29332487439376825 197
1614725779714 0.2932190214981084 198
1614725867425 0.29305408887168805 199
1614725955819 0.292748423416857 200
1614726043646 0.29279957514916205 201
1614726131547 0.2926158180711977 202
1614726219720 0.2924433372958305 203
1614726307518 0.2924916785243233 204
1614726395342 0.2923829429943564 205
1614726483208 0.29225079731027614 206
1614726571200 0.2921178229214124 207
1614726658959 0.2919753041085387 208
1614726747017 0.2918243511378944 209
1614726834774 0.29167489007977826 210
1614726922621 0.2915379397783446 211
1614727010784 0.2915298716975321 212
1614727098639 0.2914666051493589 213
1614727186756 0.29125673428347393 214
1614727274881 0.29120327054520706 215
1614727363030 0.29105809042055814 216
1614727451317 0.29075646414631445 217
1614727539253 0.2905200052028126 218
1614727627117 0.290288779529341 219
1614727715219 0.2901243461417722 220
1614727803099 0.2899270274993962 221
1614727891137 0.28980371020090956 222
1614727979302 0.28968986735175317 223
1614728067255 0.2895707669043934 224
1614728155117 0.2893685321126295 225
1614728243380 0.2891774527810262 226
1614728331227 0.28897729553330914 227
1614728419026 0.2887697146450409 228
1614728507039 0.28856614928220437 229
1614728594973 0.2883884541579176 230
1614728682892 0.288255725855039 231
1614728770800 0.2882999191602394 232
1614728858783 0.28809546257546526 233
1614728946666 0.2878058823887148 234
1614729034728 0.28760811130375497 235
1614729122727 0.28743485743130576 236
1614729210608 0.28740684350663753 237
1614729298448 0.28720982111794774 238
1614729386617 0.2870749552641723 239
1614729474636 0.2869709301366644 240
1614729562508 0.2869504216772815 241
1614729650458 0.2868416826510222 242
1614729738542 0.28669460686290754 243
1614729826669 0.28662828316655653 244
1614729914524 0.286584501699724 245
1614730002223 0.28648273008343245 246
1614730090010 0.28632943021669177 247
1614730177954 0.28621240275648 248
1614730265913 0.28607778386137567 249
1614730354014 0.28588085290781245 250
1614730441912 0.2857215470961195 251
1614730529912 0.2855511401476764 252
1614730618117 0.2855490090687142 253
1614730706103 0.2852991996218771 254
1614730793988 0.28525001767427055 255
1614730881941 0.2850353390950517 256
1614730969862 0.28480488085929107 257
1614731058062 0.2845783442694006 258
1614731146321 0.284400056774458 259
1614731234418 0.28434191846475565 260
1614731322882 0.2842538976009927 261
1614731410802 0.28410557872752035 262
1614731498635 0.28396453559044355 263
1614731586775 0.28375996917557955 264
1614731674701 0.2836597399850774 265
1614731762780 0.2834714558932901 266
1614731850615 0.2833741724174072 267
1614731938628 0.28318086761032746 268
1614732026722 0.2829627449501677 269
1614732114886 0.28280905926818123 270
1614732202699 0.28266470892254586 271
1614732290689 0.28270779211980235 272
1614732378682 0.2825897002115666 273
1614732466705 0.2824789071212768 274
1614732554743 0.28236415596392234 275
1614732642720 0.28228229239591013 276
1614732730612 0.282269529006108 277
1614732818560 0.2820923910636422 278
1614732906618 0.2819636341450468 279
1614732994736 0.28187249360789823 280
1614733082681 0.28176982686377766 281
1614733170783 0.2816446926378949 282
1614733258767 0.28155179395082763 283
1614733346721 0.281393010689056 284
1614733434746 0.28122462576545904 285
1614733522723 0.28112658737363316 286
1614733611129 0.28095850288586116 287
1614733698986 0.2807937973377555 288
1614733787116 0.2807711988504392 289
1614733875138 0.2805823450143367 290
1614733963028 0.28047902466274877 291
1614734050895 0.2803578449628375 292
1614734138870 0.28023422294455236 293
1614734226928 0.2801083842084869 294
1614734314877 0.2799180744977933 295
1614734403000 0.2798385894772947 296
1614734491179 0.27980961443040586 297
1614734579563 0.27963962907202583 298
1614734667709 0.27947690010440673 299
1614734755598 0.2793785341425274 300
1614734843479 0.2791824020304669 301
1614734931577 0.2789994939899068 302
1614735019705 0.2788825103747662 303
1614735107513 0.27864186640895094 304
1614735195288 0.278475730874586 305
1614735283219 0.27828848813811136 306
1614735370980 0.278100172880729 307
1614735459039 0.2780041905250961 308
1614735547057 0.2778946173417603 309
1614735635528 0.2777105589313337 310
1614735723424 0.27754949064914114 311
1614735811380 0.2773845021795077 312
1614735899458 0.27719919699965995 313
1614735987612 0.27712473062190063 314
1614736075963 0.2771062987281919 315
1614736163957 0.2769560371177096 316
1614736251788 0.2769376874215791 317
1614736339892 0.27695260551165934 318
1614736427904 0.27694559486216275 319
1614736515778 0.27681691089933047 320
1614736603815 0.2767893805700137 321
1614736691624 0.27665651909573624 322
1614736779449 0.27653110131282777 323
1614736867382 0.27641928069134963 324
1614736955578 0.2763219837404688 325
1614737043314 0.27631952282657213 326
1614737131302 0.2762060095099359 327
1614737219410 0.2760223703710541 328
1614737307314 0.2758576755025822 329
1614737395325 0.275741582151969 330
1614737483297 0.27558451296173847 331
1614737571555 0.27544513314892877 332
1614737659336 0.27530157692271934 333
1614737747475 0.27520950956736784 334
1614737835390 0.2750596312953209 335
1614737923643 0.2749656123601958 336
1614738011612 0.2747800208981805 337
1614738099400 0.2746611600754018 338
1614738187401 0.2746766520071965 339
1614738275370 0.2746095937966868 340
1614738363382 0.27450436684889906 341
1614738451076 0.2743510630742712 342
1614738538886 0.27421061414902687 343
1614738626708 0.2741172256991795 344
1614738714753 0.27393492954654736 345
1614738802823 0.27379224078237613 346
1614738890744 0.2736761603838319 347
1614738978587 0.2735998317404435 348
1614739066419 0.27343204535090987 349
1614739154268 0.2734313848570522 350
1614739242260 0.2733426923945552 351
1614739330309 0.2732524027150108 352
1614739418288 0.2732059416446347 353
1614739506561 0.27311964586269966 354
1614739594269 0.27300603168778526 355
1614739681986 0.27292694950077645 356
1614739769964 0.2728240472409273 357
1614739858199 0.2727191034287827 358
1614739946174 0.27263940134774844 359
1614740034141 0.2725264307421302 360
1614740122123 0.2724199387359502 361
1614740210072 0.2722821145492965 362
1614740298105 0.27219546603847633 363
1614740386293 0.2720844174471133 364
1614740474260 0.27197933624708714 365
1614740562169 0.2719091110880015 366
1614740650271 0.2717417818614756 367
1614740738416 0.27167738143459685 368
1614740826470 0.27160383974378166 369
1614740914616 0.27153095454528775 370
1614741002436 0.2714913320290642 371
1614741090366 0.2714326738391954 372
1614741178229 0.2713062872705178 373
1614741266093 0.2712287543823955 374
1614741353990 0.27112209798591924 375
1614741442163 0.27104671461512614 376
1614741530308 0.27097771411545024 377
1614741617934 0.2708787460513577 378
1614741705983 0.27081557306954324 379
1614741793944 0.2707465867551818 380
1614741881920 0.270595630488927 381
1614741969831 0.270519735225066 382
1614742058050 0.27042813212813055 383
1614742145999 0.27035281981374215 384
1614742234012 0.27018634573289635 385
1614742322032 0.2700900589485343 386
1614742409991 0.27011763706356345 387
1614742497983 0.2700810593811709 388
1614742585805 0.2700095496435618 389
1614742673969 0.26993510296233075 390
1614742761646 0.2698361090171306 391
1614742849830 0.2697910891764039 392
1614742937832 0.26967328801636054 393
1614743025779 0.26962057968981323 394
1614743113844 0.269515052522648 395
1614743201777 0.26943004617966737 396
1614743289807 0.2692857179916198 397
1614743377498 0.26913744319183225 398
1614743465209 0.2690782358927374 399
1614743553211 0.26899942180272546 400
1614743641346 0.26889438149878586 401
1614743729372 0.26878591036885924 402
1614743817163 0.26860819185222873 403
1614743905240 0.268467759979986 404
1614743993140 0.26844527385738437 405
1614744081327 0.2683427021539545 406
1614744169130 0.26831037530008783 407
1614744257087 0.26826450045536954 408
1614744345345 0.2681581216929532 409
1614744433275 0.2681285779742498 410
1614744521322 0.268105977233149 411
1614744609107 0.2680000323343743 412
1614744697069 0.26786483475617356 413
1614744784794 0.2677551194034196 414
1614744872895 0.267721441489036 415
1614744960923 0.26763796178801075 416
1614745048700 0.2675425792252316 417
1614745136659 0.26746125132521165 418
1614745224430 0.2673237918771371 419
1614745312669 0.2672265777794097 420
1614745400833 0.26712494335536696 421
1614745488911 0.2669592265583643 422
1614745576893 0.26690542274436985 423
1614745664677 0.2668234733472552 424
1614745752399 0.2666993911940264 425
1614745840495 0.26663278203222396 426
1614745928260 0.2665099055789814 427
1614746016453 0.2663525541922741 428
1614746104441 0.2662436643231037 429
1614746192448 0.26614845586912034 430
1614746280241 0.26606759633791854 431
1614746368337 0.26595371218201325 432
1614746456131 0.26587255671346405 433
1614746543993 0.26579359879529996 434
1614746632015 0.265817371890401 435
1614746719744 0.2657590703440649 436
1614746807570 0.2657808031120258 437
1614746895485 0.2656810008368921 438
1614746983388 0.26561429093373884 439
1614747071347 0.265489608750704 440
1614747159121 0.2653692876040515 441
1614747247087 0.26526910937908504 442
1614747334883 0.2651706044407742 443
1614747423034 0.2651010483622677 444
1614747510749 0.2650652767301483 445
1614747598387 0.2649369657696075 446
1614747686304 0.2648377175293196 447
1614747774333 0.2647789997712291 448
1614747862333 0.264700659750201 449
1614747950261 0.2645809013601596 450
1614748038123 0.2645469741896495 451
1614748125819 0.2645062899213421 452
1614748213848 0.26438992996788696 453
1614748301739 0.26431169911107627 454
1614748389689 0.26417399185736407 455
1614748477529 0.2640282433419146 456
1614748565501 0.26393665513175146 457
1614748653352 0.2638444111225338 458
1614748741295 0.2637155078249835 459
1614748829101 0.26360899295908713 460
1614748916896 0.26352536864149806 461
1614749004678 0.26342962100916295 462
1614749092512 0.26331194226581506 463
1614749180470 0.2632034027838605 464
1614749268225 0.263090593574337 465
1614749355930 0.2630092462257369 466
1614749443674 0.2629722657297256 467
1614749531534 0.2628541419552365 468
1614749619592 0.2627816238715036 469
1614749707439 0.2627604550029446 470
1614749795587 0.262645460442219 471
1614749883744 0.2625953918275581 472
1614749971542 0.2625106030676972 473
1614750059513 0.2624316491713915 474
1614750147383 0.26236254623802174 475
1614750235099 0.2623072951363101 476
1614750322868 0.26226487453785824 477
1614750410657 0.2621747955078564 478
1614750498623 0.2620785051334239 479
1614750586588 0.262048066618795 480
1614750674490 0.2619993640696135 481
1614750762126 0.2619058070506186 482
1614750850174 0.26180401687198007 483
1614750937967 0.2617426392793275 484
1614751025551 0.26162777230679773 485
1614751113281 0.26155275006384787 486
1614751201431 0.2614653747644759 487
1614751289526 0.26141891781564386 488
1614751377686 0.26133750162782526 489
1614751465975 0.2612105359991596 490
1614751553743 0.26108623451919455 491
1614751641357 0.26096580289701354 492
1614751729228 0.26087191815928695 493
1614751817382 0.26080785284302005 494
1614751905274 0.26070524021959485 495
1614751993127 0.26065487393738485 496
1614752081100 0.26058211236619805 497
1614752168976 0.2604638115719988 498
1614752256743 0.26037254495411466 499
