1614708343080 0.5211274639253368 0
1614708430675 0.5778052642447037 1
1614708518797 0.6015617574353181 2
1614708606571 0.6268600177166724 3
1614708694314 0.6329138364007987 4
1614708774487 0.6355405502705022 5
1614708865024 0.6376412912666425 6
1614708953710 0.6417663431711881 7
1614709042180 0.6447474430420047 8
1614709130595 0.6518062710087797 9
1614709220181 0.6574952341863833 10
1614709308685 0.6607066841145823 11
1614709397935 0.6670590989634188 12
1614709486658 0.6694944733108226 13
1614709575396 0.6728569217070448 14
1614709663929 0.6783491015184039 15
1614709752870 0.6806808496949027 16
1614709841126 0.6828987220177343 17
1614709929076 0.686292349504708 18
1614710017100 0.6892167813600105 19
1614710105310 0.6898912677461759 20
1614710193249 0.6915650128028699 21
1614710281195 0.6934092905172428 22
1614710369155 0.6942132888387929 23
1614710457407 0.6964401739044597 24
1614710545472 0.698411697034381 25
1614710633522 0.700579277068811 26
1614710721384 0.7019939874793727 27
1614710809306 0.7042239364019461 28
1614710897346 0.7052239084287009 29
1614710985396 0.7058210391291363 30
1614711073627 0.7076997943009556 31
1614711161488 0.7088590093954641 32
1614711249584 0.7096388825853772 33
1614711337517 0.7100912407450812 34
1614711425646 0.71152981277474 35
1614711513631 0.7126333224279126 36
1614711601628 0.7133936243398571 37
1614711689668 0.714467485490093 38
1614711777784 0.7156648555283807 39
1614711865843 0.7171131355957575 40
1614711953766 0.7190918116580995 41
1614712042094 0.7190378752281437 42
1614712130301 0.7199404655690033 43
1614712218183 0.7200521700304493 44
1614712306349 0.7216957889871914 45
1614712394292 0.7220679165728341 46
1614712482368 0.7220498889835288 47
1614712570738 0.7230603489308484 48
1614712658906 0.7233655398173316 49
1614712747184 0.7236135357341427 50
1614712835155 0.7246956848458457 51
1614712923366 0.7250576931653036 52
1614713011259 0.7259940850983905 53
1614713099563 0.7265409076649845 54
1614713187429 0.7273294749404319 55
1614713275514 0.7265699122413056 56
1614713363386 0.7271321359428183 57
1614713451529 0.7283925421681692 58
1614713539688 0.7287767117514183 59
1614713627816 0.7295498022786873 60
1614713715980 0.7299978091219126 61
1614713804131 0.7310263120269737 62
1614713892169 0.7321572379094575 63
1614713980676 0.7328397299559236 64
1614714068774 0.7333235151462656 65
1614714156871 0.7343263476693271 66
1614714245172 0.7347864946939886 67
1614714333262 0.7352463520299996 68
1614714421147 0.735713237943837 69
1614714509284 0.7359847376712266 70
1614714597494 0.7365636233203001 71
1614714685831 0.7369045992729104 72
1614714773914 0.7373839305889693 73
1614714861728 0.7371891398279459 74
1614714949501 0.7373771363490146 75
1614715037387 0.737868933199042 76
1614715125250 0.7382150909510636 77
1614715213319 0.7388667209350799 78
1614715301205 0.7390603183412436 79
1614715388982 0.7392252320235744 80
1614715476933 0.7396394989173257 81
1614715564998 0.7399391066244834 82
1614715652992 0.7409626209561454 83
1614715740927 0.7412755900903718 84
1614715829196 0.7420502963320027 85
1614715917173 0.7426812928791408 86
1614716005004 0.7429049185704399 87
1614716092894 0.7431123714521887 88
1614716180780 0.7438635028260693 89
1614716268943 0.7442592666013741 90
1614716356861 0.7445013911498115 91
1614716444860 0.7448862001683592 92
1614716532910 0.7454468026382399 93
1614716620817 0.7458873926052096 94
1614716708619 0.74619735390245 95
1614716796545 0.7464648761660035 96
1614716884576 0.7469270054589752 97
1614716972458 0.7474280627965769 98
1614717060436 0.7476173628778517 99
1614717148304 0.7475801575421971 100
1614717236413 0.7479117937307794 101
1614717324386 0.7482693361667601 102
1614717412430 0.7485441878125367 103
1614717500335 0.7488865858197031 104
1614717588256 0.7493896188237121 105
1614717676243 0.7496090902474505 106
1614717764206 0.7495764324226463 107
1614717852111 0.7498768692130863 108
1614717940069 0.7502624360977467 109
1614718028479 0.7503907870013116 110
1614718116492 0.7508525945612304 111
1614718204609 0.7514214072333695 112
1614718292593 0.7513063737925849 113
1614718380372 0.7515957669356457 114
1614718468168 0.7517676189661131 115
1614718556228 0.7521838384235663 116
1614718644096 0.75232932568565 117
1614718732119 0.7524923875989566 118
1614718820241 0.7529895100458772 119
1614718908494 0.7534466138711639 120
1614718996346 0.7536698494832097 121
1614719084196 0.7538365210130122 122
1614719172384 0.7543620709484503 123
1614719261649 0.7546008335992138 124
1614719349563 0.7546961096736878 125
1614719437620 0.7550810181743287 126
1614719525554 0.7553680202643729 127
1614719613410 0.7559867067621641 128
1614719701412 0.7562633959207314 129
1614719789316 0.7565865248671632 130
1614719877433 0.7567126833125375 131
1614719965454 0.7572708287769115 132
1614720053601 0.7575059461360318 133
1614720141588 0.7577433046785174 134
1614720229524 0.7578215854949552 135
1614720317395 0.7581796622444916 136
1614720405259 0.758582957626327 137
1614720493403 0.7590726950434731 138
1614720581381 0.7595961693053278 139
1614720669364 0.7597014925091348 140
1614720757529 0.7600124787396662 141
1614720845310 0.7601380266794872 142
1614720933481 0.7605304001274118 143
1614721021768 0.7608378611659978 144
1614721109548 0.761148448698862 145
1614721197736 0.7613343489857725 146
1614721285615 0.761612688217916 147
1614721373364 0.7616308995659812 148
1614721461741 0.7618447600436438 149
1614721549748 0.7620854495976699 150
1614721638022 0.7624156681439455 151
1614721729137 0.762533057790294 152
1614721817648 0.7627759204686668 153
1614721905670 0.7629551292823394 154
1614721993826 0.7633769195079575 155
1614722081716 0.7635136936876091 156
1614722169797 0.7637480309310178 157
1614722257843 0.7640408177938877 158
1614722345996 0.7641817562513951 159
1614722434156 0.7645531663986028 160
1614722522247 0.7646388378898545 161
1614722609981 0.7648148839260265 162
1614722698049 0.7650633642692366 163
1614722786530 0.7651384717549407 164
1614722874421 0.7653905221678458 165
1614722962361 0.7656480378170178 166
1614723050473 0.7660604618494814 167
1614723138594 0.7663553627689816 168
1614723227136 0.7664902703506086 169
1614723315836 0.7667026904111491 170
1614723403921 0.7668550362256121 171
1614723491962 0.7670005908291266 172
1614723579635 0.7672687017500481 173
1614723667357 0.7674449575366108 174
1614723755217 0.7676629985673806 175
1614723843380 0.7678104589736369 176
1614723931600 0.7679480471217354 177
1614724019607 0.7681069675977896 178
1614724107637 0.7683246887059136 179
1614724195785 0.7685364431275256 180
1614724284020 0.7687085281129894 181
1614724371871 0.768825772769887 182
1614724459803 0.7691338327399876 183
1614724547686 0.7694499268566056 184
1614724635901 0.7696963230071379 185
1614724723996 0.7698619442128297 186
1614724811921 0.7701261070524108 187
1614724900007 0.770279164127094 188
1614724988009 0.7703482752942254 189
1614725076102 0.7705430394713761 190
1614725163970 0.7706302211280133 191
1614725251787 0.7709000280373332 192
1614725339780 0.7711296445698467 193
1614725427653 0.7713152798039253 194
1614725515701 0.7715422636948764 195
1614725603485 0.7716821570729788 196
1614725691841 0.7718199059810145 197
1614725779716 0.7719628036611057 198
1614725867427 0.7721467523229015 199
1614725955821 0.7724688968953584 200
1614726043648 0.7724716661648483 201
1614726131549 0.772671795650681 202
1614726219722 0.7728460415434972 203
1614726307520 0.7727996051913689 204
1614726395345 0.7729282172746853 205
1614726483210 0.7730846931291487 206
1614726571201 0.7732518278835095 207
1614726658961 0.7733809558126196 208
1614726747019 0.773550503078227 209
1614726834776 0.7737056124698627 210
1614726922623 0.7738752333317468 211
1614727010786 0.7739240837947492 212
1614727098640 0.7739929225554906 213
1614727186757 0.7742379833554749 214
1614727274883 0.7743311953395219 215
1614727363032 0.7745075534325868 216
1614727451320 0.7748322249963362 217
1614727539255 0.7750753391151292 218
1614727627119 0.7753043184871454 219
1614727715221 0.7755030406538784 220
1614727803101 0.7757199701473062 221
1614727891140 0.775879913010946 222
1614727979305 0.7760298524613093 223
1614728067257 0.77619259653863 224
1614728155119 0.7764274063759133 225
1614728243381 0.7766379079235797 226
1614728331230 0.7768420907475662 227
1614728419028 0.777064662193988 228
1614728507041 0.7772876593470355 229
1614728594975 0.7774745912907742 230
1614728682894 0.7776062950492327 231
1614728770802 0.7775739455990173 232
1614728858785 0.7778077264511292 233
1614728946668 0.7781142634224233 234
1614729034730 0.7783307129243998 235
1614729122729 0.7785186343508873 236
1614729210610 0.7785512601960388 237
1614729298450 0.778765183241139 238
1614729386619 0.77892030063734 239
1614729474638 0.7790293373286492 240
1614729562510 0.7790482764731862 241
1614729650459 0.7791689344689079 242
1614729738544 0.7793591031775444 243
1614729826671 0.7794475592904841 244
1614729914526 0.7795178400003172 245
1614730002226 0.779604686938568 246
1614730090012 0.7797611078881331 247
1614730177956 0.7798976002589024 248
1614730265915 0.7800504589154056 249
1614730354016 0.780261472931459 250
1614730441914 0.7804339743681151 251
1614730529914 0.7806349696358744 252
1614730618119 0.7806626898333617 253
1614730706105 0.7809239947576114 254
1614730793990 0.7809794100217794 255
1614730881943 0.781199399465339 256
1614730969865 0.7814403070440543 257
1614731058064 0.7816690362359412 258
1614731146323 0.7818603792817622 259
1614731234420 0.781946123574256 260
1614731322884 0.7820547592671914 261
1614731410804 0.782210830262236 262
1614731498637 0.7823661703672483 263
1614731586777 0.782571168002943 264
1614731674704 0.7826926804116658 265
1614731762782 0.7828945248949457 266
1614731850617 0.7830005681597251 267
1614731938630 0.7832104507802973 268
1614732026724 0.7834408668407794 269
1614732114888 0.7836168488093166 270
1614732202701 0.7837656651936524 271
1614732290691 0.7837641252636117 272
1614732378684 0.783889290984962 273
1614732466707 0.7840226635705236 274
1614732554745 0.7841452754369125 275
1614732642723 0.7842486864948068 276
1614732730614 0.784300814882057 277
1614732818562 0.7845012731831597 278
1614732906620 0.7846426857616895 279
1614732994738 0.7847449209213408 280
1614733082683 0.7848537504320806 281
1614733170785 0.7850063368276583 282
1614733258769 0.7851202959042453 283
1614733346723 0.7853015078015765 284
1614733434748 0.7854604272900264 285
1614733522725 0.7855637891283722 286
1614733611131 0.7857586416961301 287
1614733698988 0.7859356653203805 288
1614733787118 0.7859903842407489 289
1614733875141 0.7861922341676028 290
1614733963030 0.7863119520495879 291
1614734050898 0.7864383928276477 292
1614734138872 0.7865806843252692 293
1614734226930 0.7867228699095896 294
1614734314879 0.7869325832504644 295
1614734403003 0.7870400733436252 296
1614734491181 0.7870841511057786 297
1614734579565 0.7872802812986642 298
1614734667711 0.7874772266783631 299
1614734755600 0.7876057723835197 300
1614734843481 0.7878261366315293 301
1614734931578 0.7880247221173239 302
1614735019707 0.788174388057632 303
1614735107515 0.7884236539940345 304
1614735195290 0.7886029204883274 305
1614735283222 0.7888279373003547 306
1614735370982 0.7890276398729925 307
1614735459041 0.7891474691121306 308
1614735547060 0.7892564605782997 309
1614735635530 0.7894626565122553 310
1614735723426 0.7896507099823352 311
1614735811382 0.7898333930615888 312
1614735899460 0.7900435541164887 313
1614735987614 0.7901223102991529 314
1614736075965 0.79017147659558 315
1614736163959 0.7903463074434921 316
1614736251790 0.7903834888555138 317
1614736339894 0.7904095578352293 318
1614736427906 0.7904069981680155 319
1614736515780 0.7905353897966725 320
1614736603817 0.7905784194957254 321
1614736691626 0.7907102541807792 322
1614736779451 0.7908431283472218 323
1614736867385 0.7909602277916693 324
1614736955581 0.7910660635433762 325
1614737043317 0.7910748990223688 326
1614737131304 0.7912014606647502 327
1614737219413 0.7914064467213437 328
1614737307316 0.7915851052783737 329
1614737395327 0.7917122747523727 330
1614737483299 0.79185864823289 331
1614737571557 0.7920170673437078 332
1614737659338 0.7921775626875934 333
1614737747477 0.7922936598105081 334
1614737835393 0.7924533804258758 335
1614737923645 0.7925616722889404 336
1614738011613 0.792758080458773 337
1614738099402 0.7928872122862255 338
1614738187403 0.7928769059631602 339
1614738275372 0.7929597878742043 340
1614738363385 0.7930839391228319 341
1614738451078 0.793245572877725 342
1614738538888 0.7934066023241708 343
1614738626710 0.7935131251808083 344
1614738714755 0.7937046780499977 345
1614738802825 0.7938487350405476 346
1614738890746 0.7939801567054632 347
1614738978589 0.7940648178707796 348
1614739066421 0.7942453583083878 349
1614739154270 0.7942518694471791 350
1614739242262 0.7943505443399204 351
1614739330311 0.7944509741927979 352
1614739418290 0.7945001483408054 353
1614739506564 0.7945977241279077 354
1614739594272 0.7947213631288577 355
1614739681988 0.7948105081041671 356
1614739769966 0.7949380453380338 357
1614739858201 0.7950520058918343 358
1614739946176 0.795148915193304 359
1614740034143 0.7952673594950004 360
1614740122126 0.7953848622871302 361
1614740210074 0.7955375387812458 362
1614740298107 0.7956450770115051 363
1614740386295 0.7957777243899097 364
1614740474262 0.7958853533668119 365
1614740562172 0.795971673601977 366
1614740650273 0.7961538336297876 367
1614740738418 0.7962309302898075 368
1614740826472 0.7963037269972997 369
1614740914619 0.7963949175364371 370
1614741002438 0.7964381537438255 371
1614741090369 0.7965184061481397 372
1614741178232 0.7966437571647889 373
1614741266095 0.796746546265693 374
1614741353992 0.7968660323199969 375
1614741442165 0.7969465236341083 376
1614741530310 0.7970417324271658 377
1614741617936 0.797138498278943 378
1614741705986 0.7972114962232026 379
1614741793947 0.7972982249982861 380
1614741881922 0.7974616261617804 381
1614741969833 0.7975477126828109 382
1614742058052 0.7976546124379587 383
1614742146001 0.7977392167124242 384
1614742234014 0.7979138608332377 385
1614742322034 0.7980110876523664 386
1614742409993 0.7979964698854903 387
1614742497985 0.7980512148302371 388
1614742585807 0.798132677532229 389
1614742673971 0.7982155597251277 390
1614742761648 0.7983290188393852 391
1614742849832 0.798384923293824 392
1614742937834 0.7985187250584302 393
1614743025781 0.7985791126447743 394
1614743113846 0.7987078586246411 395
1614743201779 0.7987979689268563 396
1614743289809 0.7989507974901972 397
1614743377500 0.7991160445743791 398
1614743465211 0.7991802888577892 399
1614743553213 0.7992899579722885 400
1614743641348 0.7994065903929557 401
1614743729374 0.7995224169150564 402
1614743817166 0.7997096769942766 403
1614743905242 0.7998632892558211 404
1614743993143 0.79990843540664 405
1614744081329 0.8000213060488045 406
1614744169133 0.8000477680218164 407
1614744257089 0.8000959071617101 408
1614744345348 0.8002183491182804 409
1614744433278 0.8002568985772938 410
1614744521324 0.8002951522639511 411
1614744609109 0.8004212229997533 412
1614744697071 0.8005726712362744 413
1614744784797 0.800689433672289 414
1614744872897 0.8007446005242149 415
1614744960925 0.8008480723196476 416
1614745048702 0.8009253190222532 417
1614745136661 0.8010027930248979 418
1614745224432 0.8011497100797581 419
1614745312671 0.8012578005460425 420
1614745400835 0.8013612966741133 421
1614745488913 0.8015425209991547 422
1614745576896 0.8016036727125994 423
1614745664679 0.8016945397599456 424
1614745752401 0.8018297939113208 425
1614745840498 0.801906322177813 426
1614745928262 0.8020328791301494 427
1614746016455 0.8021973793915704 428
1614746104444 0.8023190544486031 429
1614746192450 0.8024194785099155 430
1614746280243 0.802508742148718 431
1614746368339 0.8026264817159124 432
1614746456132 0.8027260141959214 433
1614746543995 0.8028109954354506 434
1614746632018 0.8028021099060461 435
1614746719746 0.802866710514975 436
1614746807572 0.8028625050216306 437
1614746895487 0.8029677378395049 438
1614746983390 0.8030527585073043 439
1614747071349 0.803180411797637 440
1614747159123 0.8033061299659883 441
1614747247089 0.8034228715102086 442
1614747334885 0.803528005075756 443
1614747423036 0.8036191563105245 444
1614747510751 0.8036712833827888 445
1614747598390 0.8037993132956341 446
1614747686306 0.8039054078646027 447
1614747774335 0.803975821269583 448
1614747862335 0.8040665678987247 449
1614747950263 0.8042056696289895 450
1614748038126 0.8042574200070884 451
1614748125821 0.8043085587605936 452
1614748213850 0.8044417432840546 453
1614748301741 0.8045199107749315 454
1614748389692 0.8046715837658573 455
1614748477531 0.8048327611201256 456
1614748565503 0.8049328083479628 457
1614748653354 0.8050428166927158 458
1614748741297 0.8051790248764532 459
1614748829104 0.8052982126667765 460
1614748916898 0.8053942623098093 461
1614749004680 0.8054971150844603 462
1614749092514 0.8056261590445063 463
1614749180472 0.8057427089702719 464
1614749268227 0.8058574161160542 465
1614749355932 0.8059476480080301 466
1614749443676 0.8059917419865501 467
1614749531537 0.8061180585465014 468
1614749619594 0.8061978608839788 469
1614749707440 0.8062379766485968 470
1614749795589 0.8063664161799341 471
1614749883746 0.806433961345829 472
1614749971544 0.8065328601960726 473
1614750059515 0.8066280200586212 474
1614750147385 0.8067127990969241 475
1614750235101 0.8067713264264905 476
1614750322870 0.806829601698483 477
1614750410659 0.8069324843458708 478
1614750498625 0.8070463940037381 479
1614750586590 0.8070803485358417 480
1614750674492 0.8071472485469161 481
1614750762128 0.8072446922541898 482
1614750850176 0.8073609954061156 483
1614750937969 0.8074290443688092 484
1614751025553 0.8075512287369586 485
1614751113283 0.8076314414646003 486
1614751201433 0.8077341247291486 487
1614751289528 0.8077832771881749 488
1614751377689 0.807883738520982 489
1614751465977 0.8080145377043213 490
1614751553745 0.808151663888401 491
1614751641359 0.8082787604787381 492
1614751729230 0.8083693291867845 493
1614751817384 0.8084456511977753 494
1614751905276 0.8085565180050743 495
1614751993130 0.8086204205206743 496
1614752081102 0.8087030213230998 497
1614752168978 0.8088322608179397 498
1614752256745 0.8089298361279736 499
