1614708343074 0.5307860316589792 0
1614708430670 0.4148934529499805 1
1614708518792 0.4052764317615235 2
1614708606565 0.34285735552932356 3
1614708694308 0.39016661816771997 4
1614708774481 0.401009765790498 5
1614708865009 0.4003555715242599 6
1614708953695 0.38343409274486784 7
1614709042165 0.3723770909486933 8
1614709130589 0.3520702097485674 9
1614709220175 0.349490612903808 10
1614709308680 0.3553013263389151 11
1614709397929 0.31384889607099775 12
1614709486653 0.34796806947982056 13
1614709575391 0.33623345148690204 14
1614709663924 0.30346494033298593 15
1614709752865 0.3426737959714646 16
1614709841110 0.34434083119985903 17
1614709929070 0.3203456459685843 18
1614710017094 0.3206017954235381 19
1614710105304 0.37002808695777933 20
1614710193243 0.333188320173228 21
1614710281190 0.3108291706030673 22
1614710369149 0.34808578936660545 23
1614710457402 0.3046979303372667 24
1614710545466 0.31947844451729285 25
1614710633516 0.3108338099369343 26
1614710721379 0.31832896521750914 27
1614710809299 0.2963290591030679 28
1614710897340 0.3260014455052132 29
1614710985390 0.3431342120500321 30
1614711073621 0.29577310946076474 31
1614711161483 0.31774746927809205 32
1614711249578 0.32751956407694105 33
1614711337511 0.3407519397107845 34
1614711425640 0.29885608354147447 35
1614711513626 0.3118998742801078 36
1614711601622 0.32310938486393465 37
1614711689662 0.3085066908376014 38
1614711777778 0.3006241565689127 39
1614711865837 0.2831047114698177 40
1614711953760 0.2664910019870768 41
1614712042089 0.348191222294848 42
1614712130295 0.30305043330534975 43
1614712218177 0.3357422599133025 44
1614712306343 0.2741736291729389 45
1614712394287 0.32294072290050224 46
1614712482362 0.3518933209967106 47
1614712570733 0.2983171411175677 48
1614712658900 0.3265615742098778 49
1614712747178 0.3272193399991127 50
1614712835149 0.28964771076719814 51
1614712923360 0.32016496653569504 52
1614713011253 0.2848654812637796 53
1614713099558 0.309482845061637 54
1614713187423 0.2927936370226931 55
1614713275508 0.38149286410275923 56
1614713363381 0.3100519416497109 57
1614713451523 0.2615505498933031 58
1614713539682 0.3143089624478462 59
1614713627810 0.29620898380241495 60
1614713715974 0.30885996003734306 61
1614713804126 0.2648479309963419 62
1614713892163 0.2616574432146042 63
1614713980670 0.29510383014666275 64
1614714068769 0.30315883314989983 65
1614714156865 0.2692658163290075 66
1614714245166 0.2933139313567192 67
1614714333256 0.29366379928715686 68
1614714421141 0.2953468487459294 69
1614714509278 0.3100776378303132 70
1614714597488 0.29196026152435767 71
1614714685826 0.30577837945298947 72
1614714773909 0.298420564608371 73
1614714861722 0.334846594232194 74
1614714949495 0.3113180699342109 75
1614715037381 0.2854942666723373 76
1614715125244 0.3027045976449835 77
1614715213314 0.2726890046862846 78
1614715301200 0.3074704552901552 79
1614715388977 0.303760281347848 80
1614715476927 0.2848162204027176 81
1614715564992 0.30078749461693965 82
1614715652986 0.2377254344681476 83
1614715740921 0.29288192814651953 84
1614715829190 0.25656148743756274 85
1614715917167 0.2679874985776049 86
1614716004998 0.29663192449097936 87
1614716092889 0.3005852874447691 88
1614716180775 0.25357861975406076 89
1614716268937 0.2862337218954208 90
1614716356856 0.29524639232995664 91
1614716444855 0.2908204827219882 92
1614716532904 0.27112881228961844 93
1614716620812 0.2787315915239618 94
1614716708613 0.2832995443902117 95
1614716796539 0.28759337272098723 96
1614716884570 0.27719377789725647 97
1614716972451 0.26690318332390583 98
1614717060430 0.2975253515896645 99
1614717148298 0.31844054439917524 100
1614717236407 0.2820877530314821 101
1614717324380 0.2833656059142123 102
1614717412424 0.2877773474505607 103
1614717500330 0.2862917299758881 104
1614717588250 0.26771042757528896 105
1614717676237 0.29556427943579694 106
1614717764201 0.3218582960519385 107
1614717852105 0.28843458940057043 108
1614717940063 0.2761852254575871 109
1614718028473 0.29844282543722617 110
1614718116487 0.2588535167593905 111
1614718204603 0.2553086513851551 112
1614718292587 0.32642385252612705 113
1614718380367 0.27389498348248764 114
1614718468162 0.28770782196141303 115
1614718556222 0.2623057315482738 116
1614718644090 0.2901422110326747 117
1614718732113 0.29686838420147593 118
1614718820234 0.25514304978733365 119
1614718908488 0.2616349846283172 120
1614718996340 0.27622599440052154 121
1614719084190 0.2870255924285726 122
1614719172378 0.24579745879832735 123
1614719261643 0.28280503318664874 124
1614719349557 0.30262147991898214 125
1614719437614 0.26625953939683894 126
1614719525547 0.27558401385520365 127
1614719613404 0.23280207289660232 128
1614719701406 0.27299739182629484 129
1614719789310 0.2640038574154073 130
1614719877427 0.2867673454766578 131
1614719965448 0.2356661302136614 132
1614720053595 0.28174631234179154 133
1614720141582 0.2868818206355927 134
1614720229518 0.2918620287103856 135
1614720317389 0.2571898537905926 136
1614720405253 0.25484938650055133 137
1614720493396 0.23978372671185655 138
1614720581375 0.23253703085666008 139
1614720669358 0.2923340292528589 140
1614720757523 0.26325805683402304 141
1614720845304 0.2882360976110113 142
1614720933474 0.24685340897834046 143
1614721021762 0.2670960420782262 144
1614721109542 0.25585589526181524 145
1614721197730 0.28213279860767915 146
1614721285609 0.2688165288022224 147
1614721373358 0.30991780639011807 148
1614721461735 0.2771618284602114 149
1614721549742 0.277410357952752 150
1614721638005 0.2596281644828776 151
1614721729131 0.2898724127481592 152
1614721817642 0.274401927327222 153
1614721905664 0.27342500379110907 154
1614721993820 0.24248700049963404 155
1614722081711 0.2833281070628065 156
1614722169791 0.2686280259426604 157
1614722257837 0.2579701658576093 158
1614722345990 0.28774635850432073 159
1614722434149 0.25129793124630095 160
1614722522241 0.28917665240612433 161
1614722609975 0.27229267208183067 162
1614722698043 0.2625235342123407 163
1614722786524 0.2955340246887917 164
1614722874415 0.26197717069311344 165
1614722962354 0.2621885222640443 166
1614723050466 0.23726236003827542 167
1614723138588 0.25070243400145087 168
1614723227130 0.28017258049642785 169
1614723315830 0.27377901162872925 170
1614723403914 0.27847853762672303 171
1614723491956 0.2854264011566943 172
1614723579629 0.2548174262839429 173
1614723667351 0.26949769290203746 174
1614723755211 0.26051910720924115 175
1614723843374 0.2809027123482937 176
1614723931594 0.27727807979000374 177
1614724019601 0.274478997955931 178
1614724107630 0.25694148163212105 179
1614724195779 0.2681471707021936 180
1614724284014 0.2755002411122018 181
1614724371866 0.2734722902483128 182
1614724459798 0.24085621535778046 183
1614724547681 0.24317773368130338 184
1614724635896 0.25830246270337004 185
1614724723990 0.2697816855729894 186
1614724811915 0.25008618031093416 187
1614724900001 0.2665174894351908 188
1614724988002 0.28438611304823386 189
1614725076095 0.2596321483241751 190
1614725163964 0.27696455317608853 191
1614725251780 0.24709461922658252 192
1614725339774 0.25505158416134244 193
1614725427647 0.2604117324536151 194
1614725515695 0.2542798328114317 195
1614725603479 0.2666089542685671 196
1614725691835 0.27095547064821773 197
1614725779710 0.2722601481574647 198
1614725867421 0.26023249621403977 199
1614725955814 0.23161533245063842 200
1614726043641 0.30308107334248563 201
1614726131543 0.25549688832239903 202
1614726219716 0.2574297398962873 203
1614726307513 0.3023532891368612 204
1614726395338 0.27009215935113584 205
1614726483204 0.26502878638975164 206
1614726571195 0.26459212442661856 207
1614726658954 0.26233139103080366 208
1614726747012 0.2602751802732336 209
1614726834770 0.2602880678753904 210
1614726922617 0.26264142617583275 211
1614727010780 0.28981943856528464 212
1614727098634 0.277990830388475 213
1614727186751 0.2463443689840905 214
1614727274877 0.27970856681783146 215
1614727363026 0.259699183496389 216
1614727451313 0.22530356263543697 217
1614727539250 0.23897195551940736 218
1614727627113 0.23965035703905085 219
1614727715214 0.2539490008766347 220
1614727803095 0.24631960753430712 221
1614727891133 0.2624272699368761 222
1614727979297 0.26430291198986644 223
1614728067250 0.2628922666958038 224
1614728155112 0.24386570396575522 225
1614728243375 0.24599352383867223 226
1614728331223 0.24354160030154473 227
1614728419022 0.24144127211989241 228
1614728507034 0.2419496811926365 229
1614728594968 0.24751857557195298 230
1614728682887 0.25759548789009135 231
1614728770795 0.2985527659667299 232
1614728858778 0.24045707832308524 233
1614728946661 0.2200441186890957 234
1614729034724 0.2411319063381946 235
1614729122722 0.24654694353329373 236
1614729210603 0.2807675433602739 237
1614729298444 0.24031849260976973 238
1614729386612 0.2548420162118496 239
1614729474632 0.2620048995347733 240
1614729562503 0.28200788296600604 241
1614729650453 0.2605268382962714 242
1614729738538 0.25095519035103475 243
1614729826665 0.27044530125691535 244
1614729914520 0.27585804232574523 245
1614730002219 0.2614469124757229 246
1614730090006 0.2484643631317514 247
1614730177949 0.2571895926239643 248
1614730265909 0.25255767898039616 249
1614730354010 0.2366481145170141 250
1614730441907 0.2457357883611892 251
1614730529906 0.2426085891400246 252
1614730618112 0.28500984609127045 253
1614730706097 0.22184760012525193 254
1614730793983 0.2727086210345968 255
1614730881936 0.23007762281501548 256
1614730969858 0.22557711426882035 257
1614731058057 0.22613190407765674 258
1614731146317 0.2382235955843266 259
1614731234413 0.2692259579421358 260
1614731322877 0.2612804521588569 261
1614731410798 0.24524603387776842 262
1614731498631 0.2468701905392586 263
1614731586771 0.22975443565147988 264
1614731674696 0.2570990045019921 265
1614731762775 0.23338788747787476 266
1614731850611 0.25739948435666715 267
1614731938624 0.2313751793129647 268
1614732026717 0.22428774936719142 269
1614732114881 0.24131392513183839 270
1614732202695 0.2435457652553599 271
1614732290685 0.2944264217735605 272
1614732378677 0.25035060926320707 273
1614732466701 0.2521216003818715 274
1614732554739 0.250807587691444 275
1614732642716 0.25968794762454134 276
1614732730607 0.27873407003093276 277
1614732818556 0.23284804305814683 278
1614732906613 0.24604045385692982 279
1614732994731 0.25635314320630215 280
1614733082677 0.25292047176589355 281
1614733170778 0.2463568409389638 282
1614733258763 0.2552614655107894 283
1614733346715 0.23629856434591273 284
1614733434740 0.23323492254031467 285
1614733522719 0.25308760731144153 286
1614733611125 0.23271825489528636 287
1614733698980 0.23335859948333273 288
1614733787112 0.27424023601603 289
1614733875133 0.2258147325445997 290
1614733963023 0.2504128023506479 291
1614734050890 0.2449733725887664 292
1614734138865 0.24401297158700355 293
1614734226924 0.24311179580523612 294
1614734314872 0.22377670984318915 295
1614734402996 0.25631102340969636 296
1614734491175 0.2712040255044369 297
1614734579559 0.22898399227477134 298
1614734667705 0.2308209387862936 299
1614734755592 0.24986874557873037 300
1614734843474 0.22014663630026451 301
1614734931572 0.22376126574074967 302
1614735019700 0.243436474987167 303
1614735107508 0.20548610080112803 304
1614735195284 0.22780439289326362 305
1614735283214 0.22099221077688197 306
1614735370975 0.22028738886434981 307
1614735459034 0.24844162499016903 308
1614735547052 0.24403650369098845 309
1614735635524 0.22065245169908443 310
1614735723419 0.2274572548872613 311
1614735811375 0.22590809965387304 312
1614735899454 0.21919867570729965 313
1614735987607 0.2537422880054788 314
1614736075958 0.2713002522099525 315
1614736163952 0.22947336820528863 316
1614736251783 0.27112083374819856 317
1614736339887 0.2816965581571802 318
1614736427900 0.2747091976727577 319
1614736515773 0.2356380427929949 320
1614736603810 0.26795214485931906 321
1614736691619 0.23387512437840727 322
1614736779444 0.23602115743337793 323
1614736867377 0.24018939933244218 324
1614736955574 0.24470047470419964 325
1614737043309 0.2755172648962508 326
1614737131297 0.23908715496989005 327
1614737219406 0.21578873281783245 328
1614737307308 0.22167306377532633 329
1614737395320 0.2374307764495941 330
1614737483292 0.2235946109954347 331
1614737571550 0.22917103529610533 332
1614737659332 0.22749735359498796 333
1614737747470 0.24445901287997024 334
1614737835386 0.224850410159598 335
1614737923638 0.24337525015815775 336
1614738011608 0.21223569819901852 337
1614738099395 0.23448620197620798 338
1614738187396 0.2799284168855941 339
1614738275365 0.2518098022233933 340
1614738363377 0.23862197765327514 341
1614738451071 0.2219211721515402 342
1614738538880 0.2260366327902104 343
1614738626702 0.24199159895168973 344
1614738714748 0.2110427568884606 345
1614738802819 0.22442192837912986 346
1614738890740 0.2333962620889887 347
1614738978582 0.2470374638412861 348
1614739066414 0.21487459540367126 349
1614739154264 0.2732002120068733 350
1614739242255 0.24221163805811963 351
1614739330304 0.24147043551536315 352
1614739418284 0.2568051838018793 353
1614739506557 0.24257093905768495 354
1614739594265 0.23267299959317167 355
1614739681981 0.24477369092563364 356
1614739769959 0.23608794047477397 357
1614739858194 0.2351492186810108 358
1614739946169 0.24402635425646255 359
1614740034137 0.23185701271955003 360
1614740122119 0.23397632450499434 361
1614740210067 0.22238975898065466 362
1614740298100 0.24074205661073644 363
1614740386289 0.2316627301909822 364
1614740474255 0.2336246982375358 365
1614740562164 0.24620670286264826 366
1614740650267 0.21033195572647642 367
1614740738410 0.24797802434322683 368
1614740826465 0.2444669558329785 369
1614740914612 0.2445634311025447 370
1614741002431 0.2567913785101251 371
1614741090362 0.24961182720800665 372
1614741178224 0.22416409715376 373
1614741266087 0.24223145422466258 374
1614741353985 0.23112594930732505 375
1614741442159 0.2427025671969069 376
1614741530303 0.244964525737661 377
1614741617929 0.23346881782437892 378
1614741705978 0.2468730129618594 379
1614741793940 0.24453178729782712 380
1614741881914 0.21308129304584036 381
1614741969827 0.24152774443017674 382
1614742058045 0.23534414600184622 383
1614742145994 0.2414328910885973 384
1614742234007 0.2060938246072607 385
1614742322027 0.23292336018478615 386
1614742409985 0.2807903675798406 387
1614742497978 0.25588891861286567 388
1614742585800 0.24219226171361638 389
1614742673965 0.24090089728223515 390
1614742761642 0.2311294764438842 391
1614742849825 0.25214331161151543 392
1614742937827 0.22337743211933908 393
1614743025774 0.24885349903017917 394
1614743113839 0.22783182149237774 395
1614743201772 0.23576753435933845 396
1614743289802 0.21198742733673848 397
1614743377494 0.21012407287638238 398
1614743465205 0.24545452355387362 399
1614743553206 0.2374737857979663 400
1614743641340 0.22677321961902558 401
1614743729367 0.2251805161383558 402
1614743817159 0.19698762965012104 403
1614743905235 0.21173328359393365 404
1614743993135 0.2593383942037187 405
1614744081322 0.22669859056143052 406
1614744169126 0.25515334577636517 407
1614744257082 0.24954756381029777 408
1614744345341 0.22464920786467005 409
1614744433270 0.25601565330586534 410
1614744521317 0.25881707264070813 411
1614744609102 0.22435073403918998 412
1614744697063 0.21202823495928277 413
1614744784789 0.22233296336328728 414
1614744872891 0.2537451070198353 415
1614744960919 0.23291040616149597 416
1614745048696 0.22776805054634175 417
1614745136654 0.23346618911687364 418
1614745224425 0.2097282831339126 419
1614745312664 0.22639665673387813 420
1614745400829 0.22433685083338556 421
1614745488906 0.19702673822324326 422
1614745576888 0.24414640942469557 423
1614745664672 0.23207692897066157 424
1614745752394 0.21396447607177368 425
1614745840491 0.23825727910437483 426
1614745928256 0.21404166004442154 427
1614746016449 0.19900616068155208 428
1614746104436 0.21952991044901787 429
1614746192443 0.225208820656259 430
1614746280236 0.23121713838995772 431
1614746368332 0.2167557568309155 432
1614746456126 0.23073223883167227 433
1614746543988 0.23152586231206326 434
1614746632010 0.27615866825935687 435
1614746719739 0.24033959614152603 436
1614746807565 0.27527802271094726 437
1614746895481 0.2219676043283432 438
1614746983383 0.23632864344944346 439
1614747071342 0.2106294482153781 440
1614747159115 0.2123076619302973 441
1614747247081 0.220990333943925 442
1614747334878 0.2215329167690683 443
1614747423029 0.2342181495053971 444
1614747510744 0.24914690043697965 445
1614747598382 0.20771027736841363 446
1614747686299 0.22047375412063397 447
1614747774328 0.23847344414667881 448
1614747862328 0.22952599030859927 449
1614747950256 0.210689625841506 450
1614748038119 0.2492458202895966 451
1614748125815 0.24611700064641365 452
1614748213844 0.21167887105269634 453
1614748301734 0.22879489011904028 454
1614748389685 0.2015171914183079 455
1614748477525 0.19756692029694292 456
1614748565496 0.2220808430872065 457
1614748653347 0.22159665490084507 458
1614748741291 0.20454889424937836 459
1614748829097 0.21461215464675681 460
1614748916891 0.2249745582329466 461
1614749004673 0.21919421487032098 462
1614749092507 0.20882668409575808 463
1614749180465 0.2128410831569357 464
1614749268221 0.2106343111459245 465
1614749355925 0.22510138177808295 466
1614749443669 0.24570237409244192 467
1614749531529 0.20757221549432328 468
1614749619587 0.22877064260079505 469
1614749707434 0.2528110867802133 470
1614749795582 0.20848302234043467 471
1614749883740 0.23896300570761903 472
1614749971537 0.222405519653508 473
1614750059508 0.22500750232250133 474
1614750147377 0.22953865288736972 475
1614750235094 0.23600777072158266 476
1614750322862 0.24203024907632076 477
1614750410652 0.21911701916697177 478
1614750498618 0.2159554157802399 479
1614750586584 0.24743757959693036 480
1614750674485 0.23857343791330116 481
1614750762121 0.21681132389509933 482
1614750850168 0.2126393605895499 483
1614750937962 0.23203588443550657 484
1614751025546 0.20591729062985867 485
1614751113276 0.22509193999019075 486
1614751201425 0.21891360397034504 487
1614751289521 0.2387479267855908 488
1614751377682 0.22152498578454585 489
1614751465969 0.1989973779529967 490
1614751553739 0.20005420785635075 491
1614751641352 0.2017134447839666 492
1614751729223 0.2145867424600936 493
1614751817377 0.2291595866071417 494
1614751905269 0.20991199162412197 495
1614751993124 0.23567319796123404 496
1614752081095 0.2244196114863487 497
1614752168972 0.20155001606078857 498
1614752256738 0.21483050262991418 499
