1614708343076 0.5211274639253368 0
1614708430672 0.6344830645640706 1
1614708518794 0.6490747438165472 2
1614708606567 0.7027547985607353 3
1614708694310 0.6571291111373039 4
1614708774483 0.6486741196190196 5
1614708865016 0.6502457372434847 6
1614708953701 0.6706417065030068 7
1614709042172 0.6685962420085381 8
1614709130591 0.7153357227097555 9
1614709220177 0.7143848659624192 10
1614709308682 0.6960326333247712 11
1614709397931 0.7432880771494556 12
1614709486655 0.7011543398270726 13
1614709575393 0.7199311992541576 14
1614709663926 0.760731798688789 15
1614709752867 0.7179888205188844 16
1614709841117 0.7206025515058703 17
1614709929072 0.7473776442702333 18
1614710017096 0.7447809866107591 19
1614710105306 0.7033809954694833 20
1614710193245 0.7267136589934429 21
1614710281192 0.7339834002334447 22
1614710369151 0.7127052502344466 23
1614710457404 0.7498854154804617 24
1614710545468 0.7476997752824137 25
1614710633518 0.7569363579639922 26
1614710721381 0.7401911685645411 27
1614710809302 0.7666625062340042 28
1614710897342 0.7342230972045889 29
1614710985392 0.7237349601421991 30
1614711073623 0.7659412046273549 31
1614711161485 0.7459538924197356 32
1614711249580 0.7353746978525113 33
1614711337514 0.7254714181750185 34
1614711425642 0.761879833812794 35
1614711513628 0.7523596699421222 36
1614711601625 0.7415247950818041 37
1614711689665 0.7552742091990593 38
1614711777781 0.7623622870216002 39
1614711865839 0.7750443382908336 40
1614711953762 0.8002175302141242 41
1614712042090 0.716772545169998 42
1614712130297 0.7587518502259627 43
1614712218180 0.7249671663340768 44
1614712306345 0.7956586420405857 45
1614712394289 0.739185785512398 46
1614712482364 0.7212025922861822 47
1614712570735 0.7715624264021824 48
1614712658902 0.738319893255011 49
1614712747180 0.7360133315746983 50
1614712835151 0.779885289542701 51
1614712923362 0.7438821257771148 52
1614713011256 0.7756228575520006 53
1614713099560 0.7560693262610585 54
1614713187426 0.7707006750900424 55
1614713275510 0.6840344010902348 56
1614713363383 0.759178886929041 57
1614713451525 0.8014961032385237 58
1614713539684 0.7514427171631174 59
1614713627812 0.7759352339148198 60
1614713715976 0.7573262265586591 61
1614713804128 0.7947934921407565 62
1614713892166 0.8034055685059408 63
1614713980672 0.7765192209297548 64
1614714068771 0.7647695525184922 65
1614714156867 0.8005132941913832 66
1614714245168 0.7656163453463126 67
1614714333258 0.7665166508787397 68
1614714421143 0.7679283659986293 69
1614714509281 0.754989718588499 70
1614714597490 0.7776645044045102 71
1614714685828 0.7614548678608591 72
1614714773911 0.772375116661272 73
1614714861724 0.7227746235122058 74
1614714949497 0.7514768754291673 75
1614715037383 0.7752454938011223 76
1614715125246 0.7648692378567324 77
1614715213316 0.7896938596883517 78
1614715301201 0.7543545134281844 79
1614715388979 0.7524183266100356 80
1614715476929 0.7731951173111817 81
1614715564994 0.7645069386114131 82
1614715652988 0.8259143104840969 83
1614715740923 0.7675649973653808 84
1614715829192 0.807900326870633 85
1614715917169 0.7969469959330228 86
1614716005000 0.7623603537134575 87
1614716092891 0.7613682250460881 88
1614716180777 0.8107141951014373 89
1614716268939 0.7798780063788097 90
1614716356858 0.76653472505761 91
1614716444857 0.7802886298747473 92
1614716532907 0.7975828323371547 93
1614716620814 0.7873028495003668 94
1614716708615 0.7756436771402756 95
1614716796541 0.7721470134671439 96
1614716884572 0.7917535468772218 97
1614716972454 0.7965316818815402 98
1614717060432 0.7663580709240503 99
1614717148300 0.7438596239767372 100
1614717236409 0.7814070487775925 101
1614717324382 0.7847386646367933 102
1614717412426 0.7768539073275339 103
1614717500332 0.7844959785650064 104
1614717588252 0.8022080842446495 105
1614717676239 0.7728730611637254 106
1614717764203 0.7460820451685852 107
1614717852107 0.7823240425806124 108
1614717940065 0.792289226525719 109
1614718028475 0.7645093863934613 110
1614718116489 0.8021132337122128 111
1614718204606 0.8151284265129463 112
1614718292589 0.7383075949839419 113
1614718380368 0.7845865852445707 114
1614718468164 0.771530602469869 115
1614718556224 0.8004652954881418 116
1614718644093 0.7693513353494392 117
1614718732115 0.7717336933691423 118
1614718820236 0.8121470812294218 119
1614718908490 0.8082990729055561 120
1614718996343 0.7806813585407594 121
1614719084193 0.7741704476489262 122
1614719172380 0.8190047130073336 123
1614719261646 0.7842074022938808 124
1614719349559 0.766605618982934 125
1614719437616 0.803579489255081 126
1614719525550 0.7918172856999768 127
1614719613406 0.8351785784794225 128
1614719701409 0.7919562973759391 129
1614719789313 0.7985932879032844 130
1614719877429 0.7732394396565682 131
1614719965450 0.830946030074291 132
1614720053597 0.7887765548990241 133
1614720141584 0.7895493493715842 134
1614720229521 0.7683894957140596 135
1614720317391 0.806878100181448 136
1614720405255 0.8138344249377648 137
1614720493399 0.826656458609634 138
1614720581377 0.8323590917031417 139
1614720669360 0.7744467410421145 140
1614720757525 0.8038615372445849 141
1614720845306 0.7779658341340805 142
1614720933477 0.8166398031806404 143
1614721021764 0.8051122507223716 144
1614721109544 0.806183640964181 145
1614721197732 0.7884757908746984 146
1614721285611 0.8025285553430086 147
1614721373360 0.7643261790796313 148
1614721461737 0.7937099712153712 149
1614721549744 0.7981888827015745 150
1614721638014 0.8122786686315642 151
1614721729134 0.7803762840352707 152
1614721817644 0.7999339102597166 153
1614721905666 0.7905532865879241 154
1614721993822 0.8287544044787469 155
1614722081713 0.7848504657132758 156
1614722169794 0.8005389781461821 157
1614722257839 0.8103011421273264 158
1614722345992 0.7865909709950649 159
1614722434152 0.8239787899518526 160
1614722522243 0.7784319479813736 161
1614722609978 0.7933343417858809 162
1614722698045 0.805565660212482 163
1614722786527 0.7774560994104199 164
1614722874417 0.8069788402971927 165
1614722962357 0.8083956355795913 166
1614723050468 0.8349352752708871 167
1614723138590 0.8158987172450243 168
1614723227132 0.7892896516455544 169
1614723315832 0.8028141007030462 170
1614723403917 0.7929061704987868 171
1614723491958 0.7920359826336304 172
1614723579631 0.8136518910694658 173
1614723667353 0.7981134643985166 174
1614723755213 0.80582017895211 175
1614723843377 0.7937634904747424 176
1614723931596 0.7923011493351725 177
1614724019603 0.7963948123354424 178
1614724107633 0.807296767060099 179
1614724195781 0.8066522390176745 180
1614724284016 0.7998559104819452 181
1614724371868 0.790164300325242 182
1614724459800 0.8255088072684076 183
1614724547682 0.8276112443143195 184
1614724635897 0.815279610855605 185
1614724723992 0.8006674884715014 186
1614724811917 0.8195245580540763 187
1614724900003 0.7990538941675358 188
1614724988005 0.7834102858820658 189
1614725076098 0.807548233130005 190
1614725163966 0.7872819175456904 191
1614725251783 0.8227029546267457 192
1614725339776 0.815445635344956 193
1614725427649 0.8073285152152013 194
1614725515697 0.8158041224303235 195
1614725603481 0.7991012591810431 196
1614725691837 0.7989564408640285 197
1614725779712 0.8002565443191839 198
1614725867423 0.8087525360202521 199
1614725955817 0.8368978113867342 200
1614726043644 0.773028289332338 201
1614726131545 0.8130979517888691 202
1614726219718 0.8082179577851837 203
1614726307516 0.7633265893572151 204
1614726395341 0.7992936943545205 205
1614726483206 0.8053187191486358 206
1614726571197 0.8078487220361991 207
1614726658956 0.800239565067513 208
1614726747015 0.8089858815901809 209
1614726834772 0.8062785847133465 210
1614726922619 0.8096652351892911 211
1614727010782 0.7842803819512483 212
1614727098637 0.7886555785934131 213
1614727186754 0.8266809945521147 214
1614727274879 0.7943717719096205 215
1614727363028 0.8126009015345966 216
1614727451315 0.8452859543299732 217
1614727539251 0.8280742170119827 218
1614727627115 0.8254508009587211 219
1614727715216 0.8192219173351487 220
1614727803097 0.823661388194823 221
1614727891135 0.8113872287390025 222
1614727979300 0.8094663498923182 223
1614728067252 0.8126472698584679 224
1614728155114 0.8292596197646597 225
1614728243378 0.8242112576961518 226
1614728331225 0.8231915917924859 227
1614728419025 0.827810951978167 228
1614728507037 0.8283540073949236 229
1614728594971 0.8204689383506775 230
1614728682889 0.8080298632531512 231
1614728770797 0.7700688731490394 232
1614728858781 0.8322786649932032 233
1614728946664 0.849843914705244 234
1614729034726 0.829196345888906 235
1614729122725 0.8228680910019393 236
1614729210605 0.7862835854969241 237
1614729298446 0.8296788679749778 238
1614729386615 0.8159933583293524 239
1614729474634 0.8051981432428793 240
1614729562506 0.7836126103065908 241
1614729650455 0.8083681694335407 242
1614729738540 0.8255700993762222 243
1614729826667 0.8010308508477781 244
1614729914522 0.7967366139094035 245
1614730002221 0.800969033748254 246
1614730090008 0.8183970824307338 247
1614730177952 0.8137477082096868 248
1614730265911 0.8181122643846934 249
1614730354012 0.8330149769448163 250
1614730441910 0.8237318349688241 251
1614730529909 0.8312857771112073 252
1614730618115 0.7876758997976456 253
1614730706100 0.8472954455170442 254
1614730793986 0.7951103023846041 255
1614730881939 0.8375166970165981 256
1614730969860 0.8433535547738664 257
1614731058060 0.8406811677427455 258
1614731146319 0.831418228149414 259
1614731234416 0.8042396396226452 260
1614731322879 0.8104086751233438 261
1614731410800 0.8231014309639342 262
1614731498633 0.8232206179854575 263
1614731586773 0.8366905438263764 264
1614731674700 0.8148934687231923 265
1614731762778 0.836585157447391 266
1614731850613 0.8113141198558474 267
1614731938626 0.839458993093653 268
1614732026720 0.8454227871104573 269
1614732114884 0.8311319803143595 270
1614732202697 0.824094905348664 271
1614732290687 0.7833452642925324 272
1614732378680 0.8180595329135991 273
1614732466703 0.8205667520144387 274
1614732554741 0.817863538693846 275
1614732642718 0.8127901384736308 276
1614732730610 0.7987403781503759 277
1614732818558 0.840228680889685 278
1614732906616 0.8240967951714993 279
1614732994733 0.8133707656237307 280
1614733082679 0.8154348429499401 281
1614733170781 0.8280357003805565 282
1614733258765 0.8173707145783636 283
1614733346718 0.8367656866436476 284
1614733434743 0.8307524814982624 285
1614733522721 0.8151252748952671 286
1614733611127 0.8416813286426275 287
1614733698984 0.836918469104502 288
1614733787114 0.8018041522272171 289
1614733875136 0.8447287129552177 290
1614733963026 0.8211498557072546 291
1614734050893 0.8233591000210833 292
1614734138867 0.828272093128372 293
1614734226926 0.8285254316998052 294
1614734314875 0.8487980188085482 295
1614734402998 0.8188571409192137 296
1614734491177 0.8001752464653371 297
1614734579561 0.8457270787785882 298
1614734667707 0.8463638952082914 299
1614734755595 0.8261694839305204 300
1614734843476 0.8541557752824092 301
1614734931574 0.8479975388272778 302
1614735019703 0.8335231679709668 303
1614735107511 0.8642004986604055 304
1614735195286 0.8432792012476259 305
1614735283217 0.8576830817807105 306
1614735370978 0.8503363296728242 307
1614735459037 0.826054874766659 308
1614735547055 0.8229348236245329 309
1614735635526 0.8533833960385021 310
1614735723422 0.8481353391771731 311
1614735811378 0.846830513788743 312
1614735899456 0.8558239643001458 313
1614735987609 0.814851751655675 314
1614736075961 0.8056588599701291 315
1614736163955 0.8455928553837341 316
1614736251786 0.8021699964663842 317
1614736339890 0.7986994933847699 318
1614736427902 0.7895904643268421 319
1614736515776 0.831620710966892 320
1614736603813 0.8043909528917008 321
1614736691622 0.8331610227681019 322
1614736779447 0.833761484108188 323
1614736867380 0.8289004477926276 324
1614736955576 0.8254626828481207 325
1614737043312 0.7939552651739425 326
1614737131300 0.8325871177234645 327
1614737219408 0.8586418732840527 328
1614737307311 0.8503637705412176 329
1614737395323 0.8336782011720869 330
1614737483294 0.8403082702841077 331
1614737571553 0.8446122121352416 332
1614737659334 0.8456225122014681 333
1614737747472 0.8310700988639956 334
1614737835388 0.8459597865740458 335
1614737923641 0.8289477382786572 336
1614738011610 0.8589476336923878 337
1614738099397 0.8365337699651718 338
1614738187398 0.7893830624440413 339
1614738275368 0.8211396376291911 340
1614738363380 0.8354195149048514 341
1614738451074 0.8485243170511689 342
1614738538884 0.84863970245511 343
1614738626705 0.8301569878641102 344
1614738714751 0.8597904179203376 345
1614738802821 0.8436924537708019 346
1614738890742 0.839583474431145 347
1614738978585 0.8235269034009302 348
1614739066416 0.8572539710336261 349
1614739154266 0.7965307680241177 350
1614739242258 0.8289854316921025 351
1614739330307 0.8298022824057033 352
1614739418286 0.8118586225874638 353
1614739506559 0.829139552762111 354
1614739594267 0.838613208466106 355
1614739681983 0.8265461193143644 356
1614739769962 0.8404688378284265 357
1614739858196 0.8358498841524125 358
1614739946172 0.8299393544208954 359
1614740034139 0.8379073081056724 360
1614740122121 0.8378033702460568 361
1614740210070 0.8508064296510485 362
1614740298103 0.8346814545956287 363
1614740386291 0.8440613701291706 364
1614740474257 0.8351699299361001 365
1614740562167 0.8275648796723949 366
1614740650269 0.8630065638362692 367
1614740738414 0.8246025011771255 368
1614740826468 0.8231657120618927 369
1614740914614 0.8301354170173079 370
1614741002434 0.8124787866849494 371
1614741090364 0.8263723005530546 372
1614741178227 0.8433996863748835 373
1614741266090 0.8351896700038705 374
1614741353988 0.8416733026839374 375
1614741442161 0.827211257740018 376
1614741530306 0.83293544740983 377
1614741617932 0.8337159902507136 378
1614741705981 0.8248777170976003 379
1614741793943 0.8302551595299699 380
1614741881918 0.859717469453142 381
1614741969829 0.830432763716413 382
1614742058047 0.838597218659553 383
1614742145997 0.8302272581072017 384
1614742234009 0.8651518473464451 385
1614742322030 0.8355406398360414 386
1614742409988 0.7923393941044317 387
1614742497980 0.8192922533919994 388
1614742585803 0.8298216686071305 389
1614742673967 0.8305396149555843 390
1614742761644 0.8426915325140685 391
1614742849828 0.8202994694338284 392
1614742937830 0.8511028185486793 393
1614743025777 0.8223718216643064 394
1614743113841 0.8495625206719963 395
1614743201775 0.8344816486040751 396
1614743289805 0.859623737136523 397
1614743377496 0.8648843840788026 398
1614743465207 0.8248137579384175 399
1614743553209 0.8431576037720004 400
1614743641343 0.846176191080465 401
1614743729370 0.8460846787995913 402
1614743817161 0.8751754889200474 403
1614743905238 0.8619226429197523 404
1614743993138 0.8181926264883356 405
1614744081324 0.8458467867675719 406
1614744169128 0.8108177910376664 407
1614744257085 0.8197366762383098 408
1614744345343 0.8502971093555022 409
1614744433273 0.8160621767727814 410
1614744521320 0.8160174174801164 411
1614744609104 0.8523623661502547 412
1614744697066 0.8631207929195269 413
1614744784792 0.8490290821822926 414
1614744872893 0.8236388440734597 415
1614744960921 0.8438923392196834 416
1614745048698 0.8331371940087614 417
1614745136657 0.8333869261303167 418
1614745224428 0.8627079560662086 419
1614745312667 0.8466557963854737 420
1614745400831 0.8449331665919586 421
1614745488908 0.8780191861666166 422
1614745576891 0.8274708474996719 423
1614745664674 0.840222167834807 424
1614745752397 0.8593128082457553 425
1614745840493 0.8345073637035157 426
1614745928258 0.8560726977777721 427
1614746016451 0.872603491279814 428
1614746104439 0.8545176539156172 429
1614746192446 0.8456018248742277 430
1614746280238 0.840981370472646 431
1614746368334 0.8534899747438645 432
1614746456129 0.8458235780398051 433
1614746543991 0.8396928533911705 434
1614746632013 0.7989369046149982 435
1614746719742 0.8310325760080406 436
1614746807568 0.8010247044300701 437
1614746895483 0.8490597120685022 438
1614746983386 0.8403768316712431 439
1614747071345 0.8593478595440307 440
1614747159118 0.8587478422088904 441
1614747247084 0.8550226340556274 442
1614747334881 0.8501021746132109 443
1614747423032 0.8440903045477406 444
1614747510747 0.8268678305404527 445
1614747598385 0.8609006544246393 446
1614747686302 0.8513296801935543 447
1614747774331 0.8355210267007351 448
1614747862330 0.8448118043833235 449
1614747950258 0.8668014482482449 450
1614748038121 0.8275968405296621 451
1614748125817 0.8274232753449016 452
1614748213846 0.8647743324118276 453
1614748301737 0.8400079516329985 454
1614748389687 0.8736827946371503 455
1614748477527 0.8783296346664429 456
1614748565498 0.8506543914695363 457
1614748653350 0.855426638589605 458
1614748741293 0.8676985812119462 459
1614748829099 0.860124596215498 460
1614748916893 0.849673147747914 461
1614749004675 0.8530150969732511 462
1614749092510 0.8653735125457848 463
1614749180468 0.8598218745255208 464
1614749268223 0.8591962389048489 465
1614749355928 0.847995709668804 466
1614749443672 0.8265836299554016 467
1614749531532 0.8652342086037 468
1614749619590 0.8436251571608915 469
1614749707436 0.8250923860190518 470
1614749795585 0.8668614354398515 471
1614749883742 0.8383152796481939 472
1614749971540 0.8533120163612895 473
1614750059510 0.8517337949066371 474
1614750147380 0.8469828422907945 475
1614750235097 0.8346303353001449 476
1614750322865 0.8346269064388432 477
1614750410655 0.8561103897972626 478
1614750498620 0.8616091201222071 479
1614750586586 0.8233785239455087 480
1614750674488 0.8393261538737494 481
1614750762124 0.8542125591601448 482
1614750850171 0.863535417786257 483
1614750937965 0.8403647423125384 484
1614751025548 0.8668106472894047 485
1614751113279 0.8466148270984714 486
1614751201428 0.8577408745641941 487
1614751289524 0.8317696771929773 488
1614751377684 0.8570093302637019 489
1614751465972 0.8721061375406053 490
1614751553741 0.8754806202714858 491
1614751641355 0.8708102829246358 492
1614751729225 0.8530197022536277 493
1614751817380 0.8461487246272357 494
1614751905272 0.863435587618086 495
1614751993125 0.8403160682582593 496
1614752081098 0.8497556201285786 497
1614752168974 0.8731935292482376 498
1614752256740 0.8576199158348821 499
