1616457160424 0.05571420690412584 0
1616457160426 0.05571420690412584 0
1616457284438 0.0544349069763136 1
1616457284440 0.0544349069763136 1
1616457408252 0.03628993798420906 2
1616457408254 0.03628993798420906 2
1616457532178 0.0272174534881568 3
1616457532180 0.0272174534881568 3
1616457656398 0.021773962790525438 4
1616457656400 0.021773962790525438 4
1616457780664 0.022532860313821665 5
1616457780666 0.022532860313821665 5
1616457906719 0.0639014739961534 6
1616457906721 0.0639014739961534 6
1616458032581 0.12829213359962408 7
1616458032583 0.12829213359962408 7
1616458158222 0.18804492498379907 8
1616458158225 0.18804492498379907 8
1616458284166 0.23499177310239902 9
1616458284168 0.23499177310239902 9
1616458410003 0.2800573232889995 10
1616458410005 0.2800573232889995 10
1616458535805 0.3197362492077355 11
1616458535807 0.3197362492077355 11
1616458661266 0.35350994844212624 12
1616458661268 0.35350994844212624 12
1616458786917 0.38327950703810015 13
1616458786919 0.38327950703810015 13
1616458912408 0.4090493546451437 14
1616458912410 0.4090493546451437 14
1616459037795 0.43324418444560847 15
1616459037798 0.43324418444560847 15
1616459162980 0.4559264500634792 16
1616459162982 0.4559264500634792 16
1616459288668 0.475910633704111 17
1616459288670 0.475910633704111 17
1616459413937 0.49282376730443617 18
1616459413940 0.49282376730443617 18
1616459539459 0.5089190051184522 19
1616459539462 0.5089190051184522 19
1616459664898 0.5234527909472471 20
1616459664901 0.5234527909472471 20
1616459789894 0.537241560705297 21
1616459789897 0.537241560705297 21
1616459915114 0.549203848091683 22
1616459915116 0.549203848091683 22
1616460040510 0.559843689770645 23
1616460040512 0.559843689770645 23
1616460165649 0.569685167178197 24
1616460165651 0.569685167178197 24
1616460291158 0.5791751428191769 25
1616460291160 0.5791751428191769 25
1616460416199 0.5883205355754932 26
1616460416201 0.5883205355754932 26
1616460541630 0.597504806176317 27
1616460541632 0.597504806176317 27
1616460666825 0.6061083353566667 28
1616460666827 0.6061083353566667 28
1616460792034 0.6141775809500571 29
1616460792037 0.6141775809500571 29
1616460917393 0.6215087283939633 30
1616460917395 0.6215087283939633 30
1616461043014 0.628895515004581 31
1616461043016 0.628895515004581 31
1616461168556 0.6355787827697589 32
1616461168558 0.6355787827697589 32
1616461293998 0.6420823035253524 33
1616461294000 0.6420823035253524 33
1616461419166 0.6483587781647887 34
1616461419168 0.6483587781647887 34
1616461544622 0.6542995345474943 35
1616461544624 0.6542995345474943 35
1616461670053 0.6589100933508977 36
1616461670055 0.6589100933508977 36
1616461795228 0.6640899899627397 37
1616461795230 0.6640899899627397 37
1616461920593 0.6685539368138166 38
1616461920596 0.6685539368138166 38
1616462045863 0.672711852537519 39
1616462045865 0.672711852537519 39
1616462171087 0.6773034302940675 40
1616462171089 0.6773034302940675 40
1616462296241 0.6817812060458427 41
1616462296244 0.6817812060458427 41
1616462421501 0.6859842150911741 42
1616462421504 0.6859842150911741 42
1616462546696 0.6900440291040886 43
1616462546698 0.6900440291040886 43
1616462671813 0.6939121869208642 44
1616462671815 0.6939121869208642 44
1616462796717 0.6976269043301856 45
1616462796719 0.6976269043301856 45
1616462921717 0.7012763613974539 46
1616462921719 0.7012763613974539 46
1616463047127 0.704761380063749 47
1616463047129 0.704761380063749 47
1616463172416 0.7080820283300933 48
1616463172419 0.7080820283300933 48
1616463297398 0.7113796262965013 49
1616463297400 0.7113796262965013 49
1616463422498 0.7145136235467945 50
1616463422500 0.7145136235467945 50
1616463547353 0.7175674178482481 51
1616463547355 0.7175674178482481 51
1616463672160 0.7205566837410489 52
1616463672163 0.7205566837410489 52
1616463796954 0.7230246772722867 53
1616463796957 0.7230246772722867 53
1616463921911 0.7252571702132109 54
1616463921913 0.7252571702132109 54
1616464047245 0.7277985055459953 55
1616464047247 0.7277985055459953 55
1616464172304 0.7302144782150125 56
1616464172306 0.7302144782150125 56
1616464297447 0.7326063580252445 57
1616464297449 0.7326063580252445 57
1616464422851 0.7349899948794932 58
1616464422853 0.7349899948794932 58
1616464547639 0.7373307637354131 59
1616464547641 0.7373307637354131 59
1616464672727 0.7396704633051703 60
1616464672730 0.7396704633051703 60
1616464797719 0.7419077812046827 61
1616464797721 0.7419077812046827 61
1616464922922 0.7441683257439952 62
1616464922924 0.7441683257439952 62
1616465048016 0.7460227378635698 63
1616465048018 0.7460227378635698 63
1616465173144 0.747973880524094 64
1616465173147 0.747973880524094 64
1616465298307 0.749411868351722 65
1616465298310 0.749411868351722 65
1616465423452 0.7509155793983536 66
1616465423455 0.7509155793983536 66
1616465548402 0.7526914172983318 67
1616465548404 0.7526914172983318 67
1616465673395 0.7544535588893807 68
1616465673397 0.7544535588893807 68
1616465798688 0.7561259301486051 69
1616465798691 0.7561259301486051 69
1616465924018 0.757869431570844 70
1616465924020 0.757869431570844 70
1616466049028 0.7594813932641857 71
1616466049031 0.7594813932641857 71
1616466174072 0.7610474110628219 72
1616466174074 0.7610474110628219 72
1616466298966 0.7626461039203836 73
1616466298968 0.7626461039203836 73
1616466423988 0.7642235458160606 74
1616466423991 0.7642235458160606 74
1616466548801 0.7657197213596395 75
1616466548803 0.7657197213596395 75
1616466673777 0.7671766440885399 76
1616466673779 0.7671766440885399 76
1616466798634 0.768470659104049 77
1616466798636 0.768470659104049 77
1616466923680 0.7699620212356542 78
1616466923683 0.7699620212356542 78
1616467048535 0.7712113433278994 79
1616467048538 0.7712113433278994 79
1616467173676 0.7725459648565096 80
1616467173678 0.7725459648565096 80
1616467298712 0.7739015393940468 81
1616467298715 0.7739015393940468 81
1616467423762 0.7752576131583978 82
1616467423764 0.7752576131583978 82
1616467548862 0.7765911683418748 83
1616467548864 0.7765911683418748 83
1616467673916 0.7778825810325287 84
1616467673919 0.7778825810325287 84
1616467798743 0.7791646064766713 85
1616467798746 0.7791646064766713 85
1616467923586 0.7804000499179534 86
1616467923588 0.7804000499179534 86
1616468048719 0.7816200849862469 87
1616468048722 0.7816200849862469 87
1616468173761 0.7828066834777165 88
1616468173763 0.7828066834777165 88
1616468298740 0.7839809264581936 89
1616468298742 0.7839809264581936 89
1616468423839 0.7851407423724553 90
1616468423841 0.7851407423724553 90
1616468548886 0.7862808548325202 91
1616468548888 0.7862808548325202 91
1616468673716 0.7874194775589984 92
1616468673718 0.7874194775589984 92
1616468798634 0.7885164702685757 93
1616468798636 0.7885164702685757 93
1616468923657 0.7895692830881754 94
1616468923659 0.7895692830881754 94
1616469049015 0.7905765405305583 95
1616469049017 0.7905765405305583 95
1616469173965 0.7915120966418118 96
1616469173968 0.7915120966418118 96
1616469298982 0.7925243029832122 97
1616469298984 0.7925243029832122 97
1616469423870 0.7935383651895758 98
1616469423872 0.7935383651895758 98
1616469548766 0.7944869515735146 99
1616469548769 0.7944869515735146 99
1616469674155 0.7954506925054524 100
1616469674158 0.7954506925054524 100
1616469799008 0.7964136998674033 101
1616469799010 0.7964136998674033 101
1616469923879 0.797380771195473 102
1616469923881 0.797380771195473 102
1616470048567 0.7983191369669387 103
1616470048569 0.7983191369669387 103
1616470173619 0.7992273632628921 104
1616470173621 0.7992273632628921 104
1616470298521 0.8001126465239405 105
1616470298524 0.8001126465239405 105
1616470423349 0.8010213285036609 106
1616470423351 0.8010213285036609 106
1616470548311 0.8018913454815224 107
1616470548313 0.8018913454815224 107
1616470673615 0.8027466994273605 108
1616470673617 0.8027466994273605 108
1616470798509 0.8036088196556602 109
1616470798512 0.8036088196556602 109
1616470923473 0.8044570472375818 110
1616470923476 0.8044570472375818 110
1616471048270 0.8052737837179821 111
1616471048273 0.8052737837179821 111
1616471173121 0.8060832958674261 112
1616471173123 0.8060832958674261 112
1616471297977 0.8068537920672582 113
1616471297979 0.8068537920672582 113
1616471422827 0.8075215306611535 114
1616471422829 0.8075215306611535 114
1616471547779 0.808148876577975 115
1616471547781 0.808148876577975 115
1616471672572 0.8088886509516003 116
1616471672575 0.8088886509516003 116
1616471797756 0.8096240391934801 117
1616471797758 0.8096240391934801 117
1616471922980 0.8103586807573443 118
1616471922983 0.8103586807573443 118
1616472048027 0.8108383810536854 119
1616472048029 0.8108383810536854 119
1616472173220 0.8113331024820936 120
1616472173222 0.8113331024820936 120
1616472298203 0.8119849214030329 121
1616472298205 0.8119849214030329 121
1616472423210 0.8126441328612652 122
1616472423212 0.8126441328612652 122
1616472547895 0.8132999193622124 123
1616472547898 0.8132999193622124 123
1616472673230 0.8138954707897254 124
1616472673232 0.8138954707897254 124
1616472798354 0.8145100142786171 125
1616472798357 0.8145100142786171 125
1616472923361 0.8151531918686931 126
1616472923364 0.8151531918686931 126
1616473048393 0.8157843084995512 127
1616473048395 0.8157843084995512 127
1616473173364 0.8164343505042976 128
1616473173367 0.8164343505042976 128
1616473298270 0.8170760883222173 129
1616473298272 0.8170760883222173 129
1616473423263 0.8177144587976116 130
1616473423267 0.8177144587976116 130
1616473547938 0.8183343726264494 131
1616473547940 0.8183343726264494 131
1616473672946 0.818937317818154 132
1616473672948 0.818937317818154 132
1616473797975 0.8195665751578408 133
1616473797978 0.8195665751578408 133
1616473922983 0.8201695602319236 134
1616473922987 0.8201695602319236 134
1616474047987 0.8207103459983491 135
1616474047990 0.8207103459983491 135
1616474172848 0.8212587504596186 136
1616474172851 0.8212587504596186 136
1616474297518 0.8218273662065881 137
1616474297521 0.8218273662065881 137
1616474422220 0.8224097271337535 138
1616474422222 0.8224097271337535 138
1616474547239 0.8229843172966154 139
1616474547242 0.8229843172966154 139
1616474672153 0.8235358915721205 140
1616474672156 0.8235358915721205 140
1616474796893 0.8240897995836626 141
1616474796895 0.8240897995836626 141
1616474921786 0.8246466261111903 142
1616474921789 0.8246466261111903 142
1616475046568 0.8251803904407014 143
1616475046570 0.8251803904407014 143
1616475171393 0.8257287943534426 144
1616475171395 0.8257287943534426 144
1616475296130 0.8262650036683956 145
1616475296133 0.8262650036683956 145
1616475420943 0.8267956335123573 146
1616475420945 0.8267956335123573 146
1616475546390 0.8273279445573222 147
1616475546392 0.8273279445573222 147
1616475671577 0.827847096273179 148
1616475671580 0.827847096273179 148
1616475796491 0.8283768114272827 149
1616475796493 0.8283768114272827 149
1616475921394 0.8288247137804734 150
1616475921397 0.8288247137804734 150
1616476046247 0.8292950968943934 151
1616476046250 0.8292950968943934 151
1616476171294 0.8297889292775421 152
1616476171297 0.8297889292775421 152
1616476296462 0.83027547553464 153
1616476296465 0.83027547553464 153
1616476421385 0.8307645667315827 154
1616476421388 0.8307645667315827 154
1616476546441 0.8312258760663428 155
1616476546443 0.8312258760663428 155
1616476671502 0.8317002974175574 156
1616476671505 0.8317002974175574 156
1616476796314 0.8321630629052559 157
1616476796316 0.8321630629052559 157
1616476921212 0.8326348830305719 158
1616476921215 0.8326348830305719 158
1616477046426 0.8331043035113577 159
1616477046428 0.8331043035113577 159
1616477171370 0.8335676054775475 160
1616477171373 0.8335676054775475 160
1616477296153 0.8340314098934117 161
1616477296155 0.8340314098934117 161
1616477420963 0.834483650575564 162
1616477420965 0.834483650575564 162
1616477546146 0.8349313016938963 163
1616477546149 0.8349313016938963 163
1616477670982 0.835361829356313 164
1616477670984 0.835361829356313 164
1616477795820 0.8357872352461122 165
1616477795823 0.8357872352461122 165
1616477920834 0.8362172238560651 166
1616477920837 0.8362172238560651 166
1616478045792 0.836653409004384 167
1616478045794 0.836653409004384 167
1616478170562 0.8370926233504596 168
1616478170565 0.8370926233504596 168
1616478295465 0.8375264668536117 169
1616478295467 0.8375264668536117 169
1616478420358 0.8379286018213664 170
1616478420360 0.8379286018213664 170
1616478545623 0.8383327547136955 171
1616478545626 0.8383327547136955 171
1616478670813 0.838722289966042 172
1616478670816 0.838722289966042 172
1616478795925 0.8391258935686287 173
1616478795927 0.8391258935686287 173
1616478920863 0.839522154499208 174
1616478920866 0.839522154499208 174
1616479045635 0.8399078773340594 175
1616479045638 0.8399078773340594 175
1616479170860 0.8402920208722361 176
1616479170863 0.8402920208722361 176
1616479295882 0.84069674863505 177
1616479295885 0.84069674863505 177
1616479420809 0.8410864215851755 178
1616479420811 0.8410864215851755 178
1616479545712 0.8414887189437653 179
1616479545715 0.8414887189437653 179
1616479670723 0.8418696952427923 180
1616479670726 0.8418696952427923 180
1616479795688 0.8422605937191018 181
1616479795690 0.8422605937191018 181
1616479920815 0.8426422717268339 182
1616479920818 0.8426422717268339 182
1616480045906 0.8430113069239811 183
1616480045909 0.8430113069239811 183
1616480170997 0.8433765579535254 184
1616480170999 0.8433765579535254 184
1616480295843 0.8437361714458176 185
1616480295846 0.8437361714458176 185
1616480420826 0.8441015301211136 186
1616480420829 0.8441015301211136 186
1616480545782 0.8444731796063902 187
1616480545784 0.8444731796063902 187
1616480670626 0.8448421740544526 188
1616480670630 0.8448421740544526 188
1616480795628 0.8452047636529825 189
1616480795630 0.8452047636529825 189
1616480920568 0.8455547906634021 190
1616480920570 0.8455547906634021 190
1616481045445 0.8459147253591123 191
1616481045448 0.8459147253591123 191
1616481170008 0.8462706277194475 192
1616481170012 0.8462706277194475 192
1616481294654 0.8466329237073683 193
1616481294656 0.8466329237073683 193
1616481419870 0.8469766102259422 194
1616481419873 0.8469766102259422 194
1616481544719 0.8473190025810727 195
1616481544722 0.8473190025810727 195
1616481669451 0.8476526926599529 196
1616481669453 0.8476526926599529 196
1616481794393 0.8479722626406906 197
1616481794396 0.8479722626406906 197
1616481919268 0.8483015125332105 198
1616481919271 0.8483015125332105 198
1616482044107 0.848633278515953 199
1616482044110 0.848633278515953 199
1616482169264 0.8489513942578971 200
1616482169267 0.8489513942578971 200
1616482294087 0.8492697504254001 201
1616482294090 0.8492697504254001 201
1616482418801 0.8496031242404607 202
1616482418804 0.8496031242404607 202
1616482543570 0.8499319717799821 203
1616482543572 0.8499319717799821 203
1616482668340 0.850247858421772 204
1616482668343 0.850247858421772 204
1616482793359 0.8505654150469375 205
1616482793362 0.8505654150469375 205
1616482918253 0.8508829410852052 206
1616482918256 0.8508829410852052 206
1616483043221 0.8512049757279996 207
1616483043224 0.8512049757279996 207
1616483168168 0.8515188643799751 208
1616483168171 0.8515188643799751 208
1616483293049 0.8517985660454173 209
1616483293051 0.8517985660454173 209
1616483418471 0.8520961336707091 210
1616483418474 0.8520961336707091 210
1616483547348 0.8524079146543827 211
1616483547351 0.8524079146543827 211
1616483672868 0.8527132481981572 212
1616483672870 0.8527132481981572 212
1616483797587 0.8530139691937053 213
1616483797589 0.8530139691937053 213
1616483922514 0.8533290315819154 214
1616483922516 0.8533290315819154 214
1616484047087 0.8536087533306875 215
1616484047090 0.8536087533306875 215
1616484172109 0.8538888543657667 216
1616484172111 0.8538888543657667 216
1616484297464 0.8541799987630223 217
1616484297466 0.8541799987630223 217
1616484424343 0.8544600411071591 218
1616484424346 0.8544600411071591 218
1616484549077 0.8546649228698326 219
1616484549080 0.8546649228698326 219
1616484674009 0.8549486100354208 220
1616484674012 0.8549486100354208 220
1616484798986 0.85522409294884 221
1616484798989 0.85522409294884 221
1616484924100 0.8555100040740884 222
1616484924102 0.8555100040740884 222
1616485048965 0.8557658843949912 223
1616485048968 0.8557658843949912 223
1616485173548 0.8560492246641774 224
1616485173551 0.8560492246641774 224
1616485298475 0.8563305180501318 225
1616485298477 0.8563305180501318 225
1616485423145 0.8565542088877659 226
1616485423147 0.8565542088877659 226
1616485548307 0.8567740569769041 227
1616485548309 0.8567740569769041 227
1616485673024 0.857038753282474 228
1616485673027 0.857038753282474 228
1616485797756 0.8573043866298152 229
1616485797758 0.8573043866298152 229
1616485922565 0.8575664310048203 230
1616485922567 0.8575664310048203 230
1616486047278 0.8578243287087258 231
1616486047280 0.8578243287087258 231
1616486172287 0.8580176485983637 232
1616486172289 0.8580176485983637 232
1616486297332 0.8582488946117792 233
1616486297334 0.8582488946117792 233
1616486422414 0.8584950226323823 234
1616486422416 0.8584950226323823 234
1616486547190 0.8587620323050073 235
1616486547193 0.8587620323050073 235
1616486672216 0.8590210862099653 236
1616486672218 0.8590210862099653 236
1616486796920 0.8592958460208168 237
1616486796922 0.8592958460208168 237
1616486921900 0.8595562579031583 238
1616486921903 0.8595562579031583 238
1616487046769 0.8598014822229494 239
1616487046772 0.8598014822229494 239
1616487171732 0.8600575056509248 240
1616487171734 0.8600575056509248 240
1616487296772 0.8603203299045526 241
1616487296775 0.8603203299045526 241
1616487421750 0.860565431191599 242
1616487421752 0.860565431191599 242
1616487546714 0.8608028475152045 243
1616487546717 0.8608028475152045 243
1616487671581 0.8610505544823317 244
1616487671584 0.8610505544823317 244
1616487796750 0.8612928046159819 245
1616487796753 0.8612928046159819 245
1616487922004 0.8615475812385455 246
1616487922006 0.8615475812385455 246
1616488046944 0.8617948593179069 247
1616488046947 0.8617948593179069 247
1616488171665 0.8620473251101731 248
1616488171668 0.8620473251101731 248
1616488296325 0.8622994816379105 249
1616488296327 0.8622994816379105 249
