1616457160422 0.9255545637074937 0
1616457284436 0.8300626674231062 1
1616457408250 0.8003061555378825 2
1616457532176 0.786361795315083 3
1616457656396 0.7768818906647093 4
1616457780662 0.7700655146482142 5
1616457906717 0.7438871500996651 6
1616458032579 0.6972202046655435 7
1616458158220 0.6483772893746693 8
1616458284164 0.6122243546345766 9
1616458410001 0.5730955629993223 10
1616458535803 0.5368682825970893 11
1616458661264 0.507496267456543 12
1616458786915 0.4798065914282728 13
1616458912406 0.456865533803266 14
1616459037793 0.4341554292551975 15
1616459162978 0.41211704672949484 16
1616459288665 0.3933166994759483 17
1616459413935 0.37782213955174837 18
1616459539457 0.3624467537183552 19
1616459664896 0.34871451176038687 20
1616459789892 0.3361073175708203 21
1616459915112 0.3252944936243529 22
1616460040507 0.31516549974541236 23
1616460165647 0.3060374939172192 24
1616460291155 0.2973503176055836 25
1616460416197 0.2886260536046503 26
1616460541628 0.2797681649759027 27
1616460666823 0.27123066195869655 28
1616460792032 0.2635019130740605 29
1616460917391 0.2561139564541876 30
1616461043011 0.24893596926035283 31
1616461168554 0.2425401436259849 32
1616461293996 0.23605945535605594 33
1616461419164 0.23004608092359677 34
1616461544620 0.22413506835751923 35
1616461670050 0.21992955942300288 36
1616461795226 0.2147939623461792 37
1616461920591 0.21098416289075828 38
1616462045861 0.2069008189223786 39
1616462171084 0.20235054643624611 40
1616462296239 0.19800009436456237 41
1616462421499 0.19392332779902563 42
1616462546694 0.1899624673750547 43
1616462671811 0.18621099348186604 44
1616462796714 0.18259330995546294 45
1616462921714 0.1790051968357597 46
1616463047124 0.17561690497099824 47
1616463172414 0.17236075158539516 48
1616463297396 0.16916022143782455 49
1616463422496 0.1661398072342762 50
1616463547351 0.1631676554824676 51
1616463672158 0.16030584126471617 52
1616463796952 0.15811347617225402 53
1616463921908 0.15594081287371356 54
1616464047242 0.15341327454764572 55
1616464172302 0.1511173861455166 56
1616464297445 0.14876114282830843 57
1616464422849 0.14649500712292898 58
1616464547637 0.14429390647164583 59
1616464672725 0.14193318967642815 60
1616464797717 0.139704287762312 61
1616464922920 0.13748436791294535 62
1616465048013 0.13571628611448144 63
1616465173142 0.1338136646622234 64
1616465298305 0.13256944704327678 65
1616465423450 0.1311387988165253 66
1616465548400 0.12935690427704882 67
1616465673393 0.1276260460725481 68
1616465798685 0.12593355622244462 69
1616465924016 0.12423984458011926 70
1616466049026 0.12266489172774867 71
1616466174070 0.12112687350717935 72
1616466298963 0.11954638485107497 73
1616466423986 0.11794682713846366 74
1616466548798 0.1164331844797168 75
1616466673775 0.11501937215099368 76
1616466798632 0.11375971021566621 77
1616466923678 0.11225326196284284 78
1616467048533 0.1110528954616847 79
1616467173673 0.109742819616096 80
1616467298710 0.10838295427862929 81
1616467423760 0.10701198661086331 82
1616467548859 0.10567159194352056 83
1616467673914 0.10435360690091594 84
1616467798741 0.10307391800049956 85
1616467923583 0.10182137440026398 86
1616468048717 0.10062759793458086 87
1616468173758 0.099404214546503 88
1616468298738 0.09818995211859087 89
1616468423837 0.09704728915230022 90
1616468548883 0.09591884046571571 91
1616468673714 0.09481987457303108 92
1616468798632 0.09366818678267251 93
1616468923655 0.09264141919961136 94
1616469049013 0.09160725089968248 95
1616469173963 0.09069360733374604 96
1616469298980 0.08968471524682134 97
1616469423868 0.08865974786337694 98
1616469548764 0.0877129384792073 99
1616469674153 0.0867269876889205 100
1616469799006 0.08574475118448252 101
1616469923877 0.08478218185577056 102
1616470048565 0.08390654405558395 103
1616470173617 0.08298894619718272 104
1616470298519 0.08210265811866235 105
1616470423347 0.08119672984566315 106
1616470548308 0.0803241348994927 107
1616470673613 0.07947440885324429 108
1616470798507 0.07861938591996062 109
1616470923471 0.07777929305101988 110
1616471048268 0.07697657331924089 111
1616471173118 0.07618454247386926 112
1616471297975 0.07541613287465197 113
1616471422824 0.07477206949999247 114
1616471547776 0.07414689303685995 115
1616471672570 0.07337184389739834 116
1616471797753 0.07261401197607396 117
1616471922977 0.07185143670481817 118
1616472048024 0.07143310176783263 119
1616472173217 0.07092709289884996 120
1616472298200 0.07029125014470093 121
1616472423207 0.06962098634294821 122
1616472547893 0.06896300999960346 123
1616472673228 0.06837025557981527 124
1616472798352 0.06778103684281823 125
1616472923359 0.06712118755154778 126
1616473048390 0.06650158672957641 127
1616473173362 0.06583045070839462 128
1616473298268 0.0652049146522501 129
1616473423261 0.06455867830043743 130
1616473547936 0.06397195419054634 131
1616473672943 0.06334452083075981 132
1616473797972 0.06271095766288708 133
1616473922981 0.06210826736874144 134
1616474047985 0.06160607865052263 135
1616474172845 0.061060155529397524 136
1616474297516 0.0605062710998894 137
1616474422218 0.05992174844549632 138
1616474547237 0.059352655029547105 139
1616474672151 0.0588078162157454 140
1616474796890 0.05825256977600382 141
1616474921783 0.057670375216253976 142
1616475046566 0.057123452564398686 143
1616475171390 0.056594289070567856 144
1616475296128 0.05604624153361595 145
1616475420940 0.055493767392944385 146
1616475546387 0.054965809787864015 147
1616475671575 0.054471023586224486 148
1616475796489 0.0539506507153682 149
1616475921392 0.05350222126685098 150
1616476046245 0.05304051853843085 151
1616476171291 0.052573687625791676 152
1616476296460 0.0520963104142987 153
1616476421383 0.05163766177794295 154
1616476546438 0.05116870504841042 155
1616476671500 0.05071468574519596 156
1616476796311 0.050274260525476004 157
1616476921210 0.04983714145665445 158
1616477046423 0.049381558352863335 159
1616477171368 0.04893412264301489 160
1616477296150 0.048486580384299725 161
1616477420961 0.048013426057363154 162
1616477546144 0.0475720070916521 163
1616477670979 0.04716187379221464 164
1616477795818 0.04676032144866615 165
1616477920832 0.04632157795245112 166
1616478045789 0.045877743186146035 167
1616478170560 0.04546295408577842 168
1616478295463 0.045035261737861085 169
1616478420355 0.044642080146486976 170
1616478545621 0.04425134626009813 171
1616478670811 0.043859811909423445 172
1616478795922 0.04344271762660064 173
1616478920861 0.043055110558482435 174
1616479045632 0.04265714139910411 175
1616479170858 0.04227490477467227 176
1616479295880 0.041886995809240414 177
1616479420806 0.04152378825528145 178
1616479545710 0.04112344500432603 179
1616479670721 0.040733787518743875 180
1616479795685 0.04034225928164042 181
1616479920812 0.03994508391178413 182
1616480045904 0.039562897018896113 183
1616480170995 0.03919625859686169 184
1616480295841 0.0388398679834966 185
1616480420824 0.03849348079191495 186
1616480545779 0.03812664240386188 187
1616480670624 0.037767059174951816 188
1616480795626 0.037419116147872016 189
1616480920565 0.03707339472851261 190
1616481045443 0.03670782292460283 191
1616481170006 0.03637580097517547 192
1616481294651 0.0360200949824029 193
1616481419868 0.03567871422650654 194
1616481544716 0.03533650014019329 195
1616481669448 0.03500955045263065 196
1616481794391 0.03469116209895889 197
1616481919266 0.03436290986501781 198
1616482044105 0.03403715267539655 199
1616482169262 0.03373029501344665 200
1616482294085 0.0334072933842869 201
1616482418798 0.03307802668390872 202
1616482543568 0.03276029931920242 203
1616482668338 0.03245619399454703 204
1616482793357 0.03214316819918559 205
1616482918251 0.031836258432438154 206
1616483043219 0.03149035152014717 207
1616483168166 0.03117590284269483 208
1616483293046 0.03089928411894683 209
1616483418469 0.030607995916177837 210
1616483547345 0.030295824262379686 211
1616483672865 0.02997915304803905 212
1616483797584 0.029664378944353986 213
1616483922511 0.029337418583424 214
1616484047085 0.029066443645763725 215
1616484172106 0.02879903397507066 216
1616484297461 0.028496955545946688 217
1616484424340 0.02824004219835343 218
1616484549075 0.028093235210265133 219
1616484674006 0.027819732393715414 220
1616484798984 0.027545840127844504 221
1616484924097 0.027266255442602902 222
1616485048963 0.02701045410156652 223
1616485173546 0.026753765405827207 224
1616485298472 0.026462856749771616 225
1616485423142 0.02634647349319034 226
1616485548305 0.026120132506630672 227
1616485673022 0.02585684407044147 228
1616485797752 0.02558701338244739 229
1616485922562 0.02531846358557561 230
1616486047276 0.025088680791583152 231
1616486172284 0.02489359624246385 232
1616486297330 0.024661753926365854 233
1616486422411 0.02441792007807206 234
1616486547188 0.024164985776437217 235
1616486672213 0.02389553124296597 236
1616486796918 0.023634817771032098 237
1616486921897 0.02338058174470301 238
1616487046767 0.023144402736401597 239
1616487171729 0.02289107111634963 240
1616487296769 0.022634489566588156 241
1616487421747 0.022395061769919577 242
1616487546712 0.022174117783699085 243
1616487671579 0.02192820805588777 244
1616487796748 0.021672544240515894 245
1616487922002 0.02141299403277139 246
1616488046942 0.02117220512516193 247
1616488171663 0.02091862050010907 248
1616488296322 0.02066826223336316 249
