1616457160419 inf 0
1616457284434 inf 1
1616457408248 inf 2
1616457532174 inf 3
1616457656393 inf 4
1616457780660 inf 5
1616457906715 inf 6
1616458032577 23.425648033692624 7
1616458158218 21.674734390505787 8
1616458284162 21.447656482806543 9
1616458409998 20.500506580384545 10
1616458535801 18.72723792483738 11
1616458661262 18.470631309215584 12
1616458786914 18.018816910300735 13
1616458912404 17.701924612844 14
1616459037791 17.114742507673533 15
1616459162976 15.813000537381809 16
1616459288663 15.036836392604501 17
1616459413933 16.390947530161448 18
1616459539455 16.638514367576057 19
1616459664894 15.71650961890015 20
1616459789890 14.877222075004411 21
1616459915109 15.876599432848508 22
1616460040505 16.61587422865222 23
1616460165644 15.177665087943575 24
1616460291153 15.848245949854896 25
1616460416195 15.402721020884165 26
1616460541625 14.390149603111292 27
1616460666820 15.934891976890478 28
1616460792030 14.399737452738034 29
1616460917388 14.222479117290627 30
1616461043009 13.179151724871536 31
1616461168552 14.266035759031592 32
1616461293994 13.643836498658047 33
1616461419162 13.731178685983632 34
1616461544617 12.439211568890025 35
1616461670048 15.294665035945835 36
1616461795224 13.476132166146455 37
1616461920588 13.891442400706298 38
1616462045859 14.087285300189611 39
1616462171081 13.877811582992413 40
1616462296237 12.579161659463841 41
1616462421497 13.772801360226062 42
1616462546691 13.460835360647339 43
1616462671809 13.159653547344313 44
1616462796712 13.364333916263067 45
1616462921712 12.15842507538318 46
1616463047122 12.584256861646784 47
1616463172412 12.605769523823465 48
1616463297394 12.448033454703255 49
1616463422494 12.7990591081384 50
1616463547349 11.973600426449966 51
1616463672156 11.97383815417894 52
1616463796950 13.711065151039685 53
1616463921906 14.510319852570593 54
1616464047240 13.060037785684592 55
1616464172300 12.449750413106813 56
1616464297443 12.246383522248923 57
1616464422846 13.449748439299315 58
1616464547634 12.538583510469206 59
1616464672723 12.668912353422204 60
1616464797715 11.718817594417654 61
1616464922918 11.09151052414291 62
1616465048011 13.41851227204025 63
1616465173140 11.592667684237005 64
1616465298303 14.404705615742264 65
1616465423448 14.47770053964262 66
1616465548398 13.017225052874911 67
1616465673390 12.181090804918632 68
1616465798683 12.474351546106966 69
1616465924013 11.717734476517741 70
1616466049024 11.974073130925344 71
1616466174067 12.68308252576491 72
1616466298961 11.74787946071223 73
1616466423984 11.20867881659425 74
1616466548796 11.901038026489996 75
1616466673772 12.235448330600128 76
1616466798630 12.05051679189773 77
1616466923676 11.782374061251796 78
1616467048531 13.067077153116507 79
1616467173671 12.681403206242582 80
1616467298708 11.152093316722718 81
1616467423758 12.236480894311722 82
1616467548857 10.618689698452716 83
1616467673912 10.847399549568904 84
1616467798738 11.893685861513186 85
1616467923581 11.178870918208212 86
1616468048715 11.578387631802077 87
1616468173756 11.476543622243595 88
1616468298735 10.898552652613576 89
1616468423834 10.62709507974691 90
1616468548881 10.177365545663381 91
1616468673712 10.507894316017095 92
1616468798629 10.046306967455708 93
1616468923652 11.255551082245066 94
1616469049010 11.757705383443403 95
1616469173961 11.61270802365615 96
1616469298978 10.757058077558336 97
1616469423865 10.437956271284337 98
1616469548762 11.48786949319592 99
1616469674151 10.746848989567725 100
1616469799004 10.21228410563157 101
1616469923874 10.261217348446369 102
1616470048563 10.42565645645731 103
1616470173614 10.482501095474625 104
1616470298517 9.612086375319633 105
1616470423345 9.403045861451044 106
1616470548306 10.385347396720269 107
1616470673611 10.140434829635263 108
1616470798505 10.196466585450846 109
1616470923469 9.575305429712042 110
1616471048266 9.97512620743476 111
1616471173116 10.181797146516566 112
1616471297972 10.1247374463 113
1616471422822 11.224578673315852 114
1616471547774 11.507673243445415 115
1616471672568 9.992235483598698 116
1616471797751 9.442855573525007 117
1616471922975 9.523239529920106 118
1616472048022 13.149980341956402 119
1616472173214 11.940283416896664 120
1616472298198 11.072060445590063 121
1616472423205 10.560764697591658 122
1616472547890 10.342264932013931 123
1616472673226 10.898027079387784 124
1616472798348 10.275139957924798 125
1616472923357 10.01084982182217 126
1616473048388 9.908236887378369 127
1616473173359 9.560767854470871 128
1616473298266 9.393389892932378 129
1616473423259 9.406331902073513 130
1616473547934 9.018005525996907 131
1616473672940 10.81302696998679 132
1616473797970 8.812579456600423 133
1616473922978 9.461924005395849 134
1616474047982 10.885478974904498 135
1616474172843 9.839898217204702 136
1616474297513 10.135852990205462 137
1616474422215 8.851742662394999 138
1616474547235 10.487338991993996 139
1616474672149 9.844419336743748 140
1616474796888 9.172025948128105 141
1616474921781 9.084840871972746 142
1616475046563 9.240597931439233 143
1616475171388 8.778068611065185 144
1616475296126 9.358351287745135 145
1616475420938 8.915076988177212 146
1616475546385 9.357995583369092 147
1616475671572 9.924985510088268 148
1616475796486 9.009241624825384 149
1616475921390 9.932842934772474 150
1616476046243 9.847319587125103 151
1616476171289 9.183253465655968 152
1616476296458 8.95064862833045 153
1616476421381 8.589868656741452 154
1616476546436 9.970005927091746 155
1616476671497 8.826941843708981 156
1616476796309 9.320500401530271 157
1616476921208 8.616108624282733 158
1616477046421 8.722996937366382 159
1616477171365 9.27273894404984 160
1616477296148 8.78213227025132 161
1616477420957 8.85615811721064 162
1616477546141 8.38112776788125 163
1616477670977 9.206173370466322 164
1616477795816 8.793214109325548 165
1616477920829 8.77021770529441 166
1616478045787 8.199677521544956 167
1616478170557 7.912772673586838 168
1616478295461 8.119776381322568 169
1616478420353 8.667926650244365 170
1616478545618 8.785957385918852 171
1616478670808 9.07527383383725 172
1616478795920 10.305401729705961 173
1616478920859 9.333114396575322 174
1616479045630 9.296872258554814 175
1616479170855 9.13921024452609 176
1616479295877 7.963284124495288 177
1616479420803 7.997900026000047 178
1616479545707 8.682249084884138 179
1616479670719 8.493171381297753 180
1616479795683 8.103766669599942 181
1616479920809 8.948793989617787 182
1616480045901 9.062669589476636 183
1616480170993 8.937047131709422 184
1616480295838 9.186108103890327 185
1616480420821 9.047784075062001 186
1616480545776 8.373367605344137 187
1616480670621 8.606112854369984 188
1616480795623 7.722160033520486 189
1616480920563 8.32257820935946 190
1616481045441 7.819592599864038 191
1616481170004 8.466365833861756 192
1616481294649 7.9709896142669585 193
1616481419866 8.20788331316482 194
1616481544714 8.427864302066624 195
1616481669446 8.697201138882294 196
1616481794389 8.707429266685084 197
1616481919264 8.643506744785064 198
1616482044102 7.910880604993355 199
1616482169260 8.481825230124338 200
1616482294082 7.55485104251879 201
1616482418796 7.8765965637165065 202
1616482543566 8.1686273446206 203
1616482668335 7.793588306193222 204
1616482793354 7.740947279240713 205
1616482918248 7.785534861492776 206
1616483043216 7.594787639202616 207
1616483168164 8.012776496436885 208
1616483293044 9.600127026758605 209
1616483418466 8.444326174140873 210
1616483547338 7.696867203837109 211
1616483672858 7.9432126258971705 212
1616483797578 8.415714187432565 213
1616483922509 7.3935783782944275 214
1616484047081 7.730332512264558 215
1616484172103 8.811539375488081 216
1616484297459 8.403223367514434 217
1616484424338 8.79829352907245 218
1616484549072 9.447882152303501 219
1616484674004 7.833919255851416 220
1616484798981 7.885748750826728 221
1616484924095 7.932233586063706 222
1616485048960 7.723997517592813 223
1616485173543 7.489907200740978 224
1616485298470 7.803514216370862 225
1616485423140 8.481198408831347 226
1616485548302 8.651568437190068 227
1616485673019 7.8465817948884595 228
1616485797750 8.113197284400792 229
1616485922559 7.716633374361764 230
1616486047273 9.249411732856615 231
1616486172282 10.261161129386927 232
1616486297327 8.588276915066142 233
1616486422408 8.430650025478416 234
1616486547185 7.754138960639139 235
1616486672211 8.213850949811908 236
1616486796915 7.979422458298058 237
1616486921895 8.519036282297183 238
1616487046765 8.794817327485971 239
1616487171726 7.58809232687801 240
1616487296767 7.18441081044241 241
1616487421744 8.412622466504978 242
1616487546709 8.076571289044532 243
1616487671576 7.67992399693223 244
1616487796745 8.444413773863436 245
1616487921999 7.788967615392035 246
1616488046939 7.3148426643681335 247
1616488171660 7.040753401477736 248
1616488296319 7.662493300050305 249
