1616457160415 0.9255545637074937 0
1616457284430 0.7345707711387188 1
1616457408243 0.7407931317674353 2
1616457532170 0.7445287146466844 3
1616457656389 0.7389622720632147 4
1616457780656 0.7359836345657389 5
1616457906710 0.5868169628083706 6
1616458032573 0.370551586626692 7
1616458158213 0.2576339670476761 8
1616458284158 0.286847941973742 9
1616458409994 0.18180764664677865 10
1616458535797 0.13836819817252616 11
1616458661257 0.15503208576998811 12
1616458786910 0.11984080306075989 13
1616458912398 0.1356907270531705 14
1616459037787 0.0935038610341701 15
1616459162971 0.05950292631825234 16
1616459288659 0.07371079616565654 17
1616459413928 0.09892006091614987 18
1616459539450 0.07031442288388597 19
1616459664889 0.07406967260102008 20
1616459789886 0.07135623958992197 21
1616459915105 0.087412366802071 22
1616460040500 0.08219864052977968 23
1616460165640 0.08696535404058213 24
1616460291148 0.08017090981469509 25
1616460416190 0.06179518958038472 26
1616460541620 0.04060517199971574 27
1616460666815 0.032180577476925036 28
1616460792026 0.039368195419615885 29
1616460917383 0.0344752578579999 30
1616461043005 0.026418366251473733 31
1616461168547 0.03787372332621128 32
1616461293988 0.022196742448400943 33
1616461419157 0.025591350219985272 34
1616461544612 0.0172496285448049 35
1616461670043 0.06853123778041373 36
1616461795218 0.0247768705037046 37
1616461920584 0.06621178358476212 38
1616462045853 0.04765040415557141 39
1616462171077 0.020339646990946 40
1616462296232 0.019631559425529015 41
1616462421493 0.02269913204648393 42
1616462546686 0.019645469144303748 43
1616462671804 0.021146142181563885 44
1616462796707 0.01979755126732461 45
1616462921707 0.013951993329410857 46
1616463047117 0.016367187327209938 47
1616463172407 0.016065389076445964 48
1616463297388 0.012334244206864783 49
1616463422488 0.015119097056858082 50
1616463547344 0.011587916140226608 51
1616463672151 0.011491501941642862 52
1616463796945 0.04191812627176021 53
1616463921901 0.03861699475252882 54
1616464047235 0.014398666613913596 55
1616464172295 0.022547635626285634 56
1616464297437 0.014455273747444153 57
1616464422841 0.015059136210920964 58
1616464547629 0.01442896804593979 59
1616464672718 0.0002901819633676651 60
1616464797709 0.0037412710012273585 61
1616464922913 -0.00015066274778640016 62
1616465048006 0.024327132811254645 63
1616465173135 0.012045891717710394 64
1616465298298 0.05169530181174583 65
1616465423443 0.036716015850926965 66
1616465548393 0.009969970132125186 67
1616465673385 0.009927688166499138 68
1616465798678 0.009151756565304512 69
1616465924008 0.005680029617345079 70
1616466049019 0.010843239209436356 71
1616466174063 0.010389561626188298 72
1616466298956 0.004170712955454563 73
1616466423979 -0.000420443594772765 74
1616466548792 0.0029099850737034005 75
1616466673767 0.00756963516803498 76
1616466798625 0.016765741195450438 77
1616466923671 -0.005249701757380303 78
1616467048526 0.016223941870192264 79
1616467173666 0.004936751969000126 80
1616467298702 -0.0017661380561742378 81
1616467423753 -0.005407362145946381 82
1616467548852 -0.005581165445928878 83
1616467673908 -0.006357136677871359 84
1616467798734 -0.005699638534892112 85
1616467923576 -0.005897375219996939 86
1616468048711 -0.0032309545798504605 87
1616468173751 -0.008253523604349887 88
1616468298731 -0.009879403965587312 89
1616468423829 -0.005792377813857921 90
1616468548876 -0.0067699900134763815 91
1616468673707 -0.0062849875539541245 92
1616468798624 -0.013438777720674555 93
1616468923647 -0.0038747336081367857 94
1616469049005 -0.006638737593559508 95
1616469173956 0.002983825003847163 96
1616469298973 -0.008177817184874352 97
1616469423860 -0.011787055714174788 98
1616469548757 -0.0060211905535865334 99
1616469674146 -0.011868091339760639 100
1616469798998 -0.013461135763754236 101
1616469923869 -0.013399889672848773 102
1616470048558 -0.0062841493636369705 103
1616470173610 -0.012441231076546173 104
1616470298512 -0.010957590125976725 105
1616470423340 -0.014831667092252285 106
1616470548301 -0.01304352434074625 107
1616470673606 -0.01229600414158182 108
1616470798500 -0.01457811380795976 109
1616470923465 -0.01463092253246206 110
1616471048261 -0.012125316908226368 111
1616471173111 -0.0125229122077531 112
1616471297967 -0.011414151836900002 113
1616471422817 0.0013488447888100402 114
1616471547769 0.002251599776618024 115
1616471672563 -0.01653385628014803 116
1616471797746 -0.01605232281887785 117
1616471922969 -0.01813244530336654 118
1616472048017 0.021651244266553127 119
1616472173210 0.010206028620930428 120
1616472298193 -0.006645723107330343 121
1616472423200 -0.012151197470883106 122
1616472547885 -0.011968080231800992 123
1616472673221 -0.005131292473921117 124
1616472798343 -0.005871305281811572 125
1616472923352 -0.01601982314852958 126
1616473048383 -0.012187717660785989 127
1616473173353 -0.020074960002873805 128
1616473298260 -0.015489236590393047 129
1616473423253 -0.019452047435210108 130
1616473547928 -0.01288890420518657 131
1616473672936 -0.019476682661061593 132
1616473797964 -0.02155294366418681 133
1616473922973 -0.018652232046774093 134
1616474047977 -0.006189398309017749 135
1616474172838 -0.01318538894361638 136
1616474297509 -0.015375895742723283 137
1616474422210 -0.02074237786074902 138
1616474547230 -0.019751329787392566 139
1616474672143 -0.01746961771649249 140
1616474796883 -0.02003717822755905 141
1616474921775 -0.025001252268223053 142
1616475046558 -0.021086486650908245 143
1616475171383 -0.019605254041070632 144
1616475296120 -0.023420651324410388 145
1616475420933 -0.02516745714510375 146
1616475546380 -0.02264395815894959 147
1616475671567 -0.01875733425642582 148
1616475796481 -0.023584907042219282 149
1616475921384 -0.013762196010731637 150
1616476046237 -0.016676593453009078 151
1616476171283 -0.018384611095361252 152
1616476296452 -0.020942402944127296 153
1616476421376 -0.018994228220841985 154
1616476546430 -0.021519588029130975 155
1616476671493 -0.020112325556259206 156
1616476796304 -0.018872498970558035 157
1616476921202 -0.01922767141715009 158
1616477046415 -0.023056155149923995 159
1616477171360 -0.022655590932737005 160
1616477296142 -0.023567723268841174 161
1616477420953 -0.028637574906361863 162
1616477546136 -0.024379284319249874 163
1616477670972 -0.020099987315529203 164
1616477795810 -0.01949581523683477 165
1616477920824 -0.026509842419243874 166
1616478045782 -0.028242662786803346 167
1616478170552 -0.024221614775981042 168
1616478295455 -0.027244745060167413 169
1616478420347 -0.022198790387111776 170
1616478545613 -0.022564148312394925 171
1616478670803 -0.023484096406622135 172
1616478795914 -0.02871459330174517 173
1616478920853 -0.024388519294084386 174
1616479045625 -0.026987461492102197 175
1616479170850 -0.02499874112533128 176
1616479295872 -0.0267728910721997 177
1616479420798 -0.023127156349414205 178
1616479545702 -0.030537996916694843 179
1616479670713 -0.029404559886043378 180
1616479795677 -0.03052435163408518 181
1616479920805 -0.03234083340206045 182
1616480045897 -0.030377304379610306 183
1616480170988 -0.028265211057472737 184
1616480295833 -0.027092395489044647 185
1616480420816 -0.025934536842272638 186
1616480545772 -0.03047213616206291 187
1616480670616 -0.029834587860139126 188
1616480795618 -0.02834211597020956 189
1616480920557 -0.02861367494977535 190
1616481045435 -0.03311639162216415 191
1616481169998 -0.02737241331487894 192
1616481294643 -0.032631161622703075 193
1616481419860 -0.03054915241738583 194
1616481544708 -0.03139524669089216 195
1616481669440 -0.029072588309645653 196
1616481794383 -0.028031343574378084 197
1616481919258 -0.03063103245531625 198
1616482044097 -0.030788528059232743 199
1616482169254 -0.02764123737653519 200
1616482294077 -0.03151603407682257 201
1616482418790 -0.03343384679248358 202
1616482543560 -0.03173835571617522 203
1616482668330 -0.029581292235153787 204
1616482793347 -0.03202711984990759 205
1616482918241 -0.03138715351753412 206
1616483043209 -0.040112379324087434 207
1616483168157 -0.03422942206739111 208
1616483293036 -0.02691402914438476 209
1616483418461 -0.03056252666531091 210
1616483547328 -0.03557239468902983 211
1616483672844 -0.037155144392175876 212
1616483797561 -0.03738250514056454 213
1616483922504 -0.04063209865559289 214
1616484047076 -0.029193167951195798 215
1616484172098 -0.028961454894631467 216
1616484297441 -0.03705406357395522 217
1616484424332 -0.027767067576976532 218
1616484549065 -0.004057495181072265 219
1616484673996 -0.032350887247222536 220
1616484798973 -0.03298435062962644 221
1616484924087 -0.03480154468103292 222
1616485048953 -0.030033244949547535 223
1616485173537 -0.0307445024397779 224
1616485298462 -0.038991590862737055 225
1616485423132 4.385750582243534e-05 226
1616485548295 -0.025259271442414598 227
1616485673010 -0.03417291938069653 228
1616485797742 -0.036204214168197295 229
1616485922551 -0.036447989694932674 230
1616486047266 -0.027991144620674722 231
1616486172274 -0.020366019153214517 232
1616486297319 -0.02935750572446813 233
1616486422400 -0.032639200422675055 234
1616486547177 -0.03527457510775074 235
1616486672203 -0.03969573865624818 236
1616486796908 -0.03815427507729607 237
1616486921887 -0.03712759252162056 238
1616487046757 -0.03330238024763604 239
1616487171718 -0.037908517696121906 240
1616487296758 -0.039201663925926736 241
1616487421737 -0.035546465023876504 242
1616487546700 -0.031515270867880356 243
1616487671569 -0.03807376553007263 244
1616487796737 -0.04096509052559416 245
1616487921993 -0.04243635707237619 246
1616488046931 -0.03830265505437521 247
1616488171652 -0.04197036651299989 248
1616488296311 -0.04167094618636877 249
