1616457160417 0.05571420690412584 0
1616457284432 0.053155607048501356 1
1616457408246 0.0 2
1616457532172 0.0 3
1616457656391 0.0 4
1616457780658 0.026327347930302804 5
1616457906713 0.31211315609014373 6
1616458032575 0.5790267508239189 7
1616458158215 0.666067256057199 8
1616458284160 0.6575134061697989 9
1616458409996 0.7307128251550046 10
1616458535799 0.7562044343138312 11
1616458661260 0.7587943392548155 12
1616458786912 0.7702837687857608 13
1616458912402 0.769827221143753 14
1616459037789 0.7961666314525807 15
1616459162974 0.8188426999494116 16
1616459288661 0.8156417555948521 17
1616459413931 0.7972601721102887 18
1616459539453 0.8147285235847564 19
1616459664892 0.8141285075231436 20
1616459789888 0.8268057256243488 21
1616459915107 0.8123741705921737 22
1616460040503 0.8045600483867716 23
1616460165642 0.8058806249594435 24
1616460291151 0.8164245338436771 25
1616460416193 0.8261007472397165 26
1616460541623 0.8454801123985585 27
1616460666817 0.8470071524064592 28
1616460792028 0.8481857031583786 29
1616460917386 0.8414431517111495 30
1616461043007 0.8578858999337288 31
1616461168550 0.8494433512554523 32
1616461293991 0.8566984884599422 33
1616461419159 0.8617589159056227 34
1616461544615 0.8622260079421895 35
1616461670046 0.824890210273418 36
1616461795221 0.8557461646008999 37
1616461920587 0.8381839171547364 38
1616462045856 0.8348705657619111 39
1616462171079 0.8609665405560047 40
1616462296235 0.865370011868629 41
1616462421495 0.8625105949950979 42
1616462546689 0.8646160316594104 43
1616462671807 0.8641111308589895 44
1616462796710 0.8647891877496496 45
1616462921710 0.8691513864917958 46
1616463047120 0.8685572573796232 47
1616463172410 0.8674731451146146 48
1616463297392 0.8729619266504937 49
1616463422491 0.8712134860614513 50
1616463547346 0.8733109272223838 51
1616463672154 0.8759985101666856 52
1616463796948 0.8538283344278944 53
1616463921904 0.8458117890231153 54
1616464047238 0.8675719488491404 55
1616464172297 0.8655089476799711 56
1616464297440 0.868943507208469 57
1616464422843 0.87324093242592 58
1616464547632 0.8754361262346836 59
1616464672721 0.8800524374906052 60
1616464797711 0.8783841730749353 61
1616464922915 0.8843220871813754 62
1616465048009 0.8628507013967697 63
1616465173138 0.8728470107976426 64
1616465298301 0.8428810771475447 65
1616465423446 0.8501605084760392 66
1616465548395 0.8716725565968676 67
1616465673388 0.874279187080708 68
1616465798681 0.8715195470350854 69
1616465924011 0.8799145311275696 70
1616466049021 0.8739306734914475 71
1616466174065 0.8738006925646294 72
1616466298959 0.8793506825223882 73
1616466423982 0.8809542460961545 74
1616466548794 0.877932887128059 75
1616466673770 0.8779027714849786 76
1616466798628 0.8681098152982428 77
1616466923674 0.8862882675008571 78
1616467048529 0.8699077886152775 79
1616467173669 0.8793156871453245 80
1616467298705 0.8837030769345608 81
1616467423756 0.8864556618351885 82
1616467548855 0.8872762485704524 83
1616467673910 0.8863612470474649 84
1616467798736 0.8881367692287933 85
1616467923579 0.8866481858682125 86
1616468048713 0.8877631359277888 87
1616468173754 0.8872273507270407 88
1616468298733 0.8884885517206598 89
1616468423831 0.8895241746560056 90
1616468548879 0.8900310886984176 91
1616468673710 0.8921727683949978 92
1616468798627 0.8905367922592671 93
1616468923650 0.8885336881305309 94
1616469049008 0.8862659975569299 95
1616469173959 0.8813254833221436 96
1616469298975 0.8907083180990625 97
1616469423863 0.892916461413211 98
1616469548760 0.8883970035834515 99
1616469674148 0.8918247856992356 100
1616469799001 0.8936774434244379 101
1616469923872 0.896022046658587 102
1616470048561 0.8949708114279077 103
1616470173612 0.8936828980420498 104
1616470298515 0.8930673889340238 105
1616470423343 0.8973416183540162 106
1616470548304 0.8949831621126926 107
1616470673609 0.8951249255778941 108
1616470798503 0.8975799245403168 109
1616470923467 0.8977620812489632 110
1616471048264 0.8959315330424207 111
1616471173114 0.8967486566051523 112
1616471297970 0.893919862648274 113
1616471422820 0.8836437303652155 114
1616471547772 0.8802936570124423 115
1616471672566 0.8947024782921406 116
1616471797749 0.8956644634934182 117
1616471922972 0.8970463852933113 118
1616472048020 0.8679227163182929 119
1616472173212 0.8706996738910675 120
1616472298195 0.8908550108366824 121
1616472423202 0.8930679307656085 122
1616472547888 0.8939616589787158 123
1616472673223 0.8877438478013302 124
1616472798346 0.8913279503900954 125
1616472923354 0.8961935682182617 126
1616473048385 0.895936120618531 127
1616473173355 0.8996397271118266 128
1616473298263 0.8998602668338633 129
1616473423256 0.9007026205988641 130
1616473547931 0.8995430842041969 131
1616473672938 0.8985260831231766 132
1616473797968 0.9032578013361768 133
1616473922976 0.9009695601590136 134
1616474047980 0.8937164244658136 135
1616474172841 0.8958417571922566 136
1616474297511 0.899727723541412 137
1616474422213 0.9027755350825635 138
1616474547232 0.9028523499344258 139
1616474672146 0.9007562901428405 140
1616474796885 0.9021908292110931 141
1616474921779 0.9037159930201287 142
1616475046561 0.9015086895607888 143
1616475171385 0.9046989577881833 144
1616475296123 0.9040153543365762 145
1616475420936 0.9042675907307482 146
1616475546383 0.9055776681671751 147
1616475671570 0.9046815502199721 148
1616475796484 0.9073043693887427 149
1616475921387 0.896010066759079 150
1616476046240 0.9003229470963173 151
1616476171286 0.9048514515161514 152
1616476296455 0.9047170528706084 153
1616476421379 0.9060846110607715 154
1616476546433 0.9027288229541576 155
1616476671495 0.9057100282070485 156
1616476796306 0.904817244473924 157
1616476921205 0.9071824628304928 158
1616477046418 0.9077421599563132 159
1616477171363 0.9076959200678988 160
1616477296145 0.9087039208475579 161
1616477420955 0.9077466410842348 162
1616477546139 0.9078984339820578 163
1616477670975 0.9059683659926374 164
1616477795814 0.9059792070629749 165
1616477920827 0.9075953331082425 166
1616478045785 0.9094963287736507 167
1616478170555 0.9108806334911509 168
1616478295458 0.9108460188863126 169
1616478420349 0.9062915463396843 170
1616478545616 0.9074428993019652 171
1616478670806 0.9057223533696317 172
1616478795918 0.908949316816127 173
1616478920856 0.9084715564200219 174
1616479045628 0.907409373433032 175
1616479170853 0.9079012835913516 176
1616479295875 0.9123335626531155 177
1616479420801 0.9104482067075181 178
1616479545705 0.9134999461313511 179
1616479670716 0.9104454290676625 180
1616479795680 0.9130132179310981 181
1616479920807 0.9121076691340892 182
1616480045899 0.9105447480019103 183
1616480170991 0.9105827473896615 184
1616480295836 0.9102646675198636 185
1616480420819 0.9120582437261622 186
1616480545774 0.9139716333531319 187
1616480670619 0.9142131302902039 188
1616480795621 0.9137341977751001 189
1616480920560 0.9120599226431644 190
1616481045439 0.9146622522397244 191
1616481170001 0.9146038809038223 192
1616481294647 0.916556049376092 193
1616481419864 0.9136517948292672 194
1616481544712 0.9140855118315271 195
1616481669444 0.9130559481204824 196
1616481794386 0.9109275488460318 197
1616481919261 0.9134929912521484 198
1616482044100 0.9146547090817005 199
1616482169257 0.9125745426467124 200
1616482294080 0.913259340093491 201
1616482418793 0.9169446348826936 202
1616482543564 0.9166880223028203 203
1616482668333 0.9146887333469188 204
1616482793352 0.9156645232058586 205
1616482918245 0.9162933049683876 206
1616483043214 0.9178661467864159 207
1616483168162 0.9168077039908855 208
1616483293042 0.910256214122823 209
1616483418464 0.9145853349820097 210
1616483547336 0.9181937022095031 211
1616483672852 0.9174439594783681 212
1616483797570 0.9170675412454503 213
1616483922507 0.9207523826588976 214
1616484047079 0.9137489293166932 215
1616484172101 0.9143906779428745 216
1616484297452 0.9173583329675046 217
1616484424335 0.9155092721289777 218
1616484549070 0.8995340288953578 219
1616484674001 0.9173597864648129 220
1616484798979 0.9161058168144937 221
1616484924092 0.9189822738792034 222
1616485048958 0.9128271959563519 223
1616485173541 0.9195174449618827 224
1616485298467 0.9196215298898677 225
1616485423137 0.9071083381930565 226
1616485548300 0.9066795732112641 227
1616485673016 0.9173895109524118 228
1616485797748 0.9181344231709521 229
1616485922556 0.9178366372559933 230
1616486047271 0.9173986983109028 231
1616486172279 0.9028678629943665 232
1616486297325 0.9121292157376066 233
1616486422406 0.9160889794534826 234
1616486547182 0.921509305371883 235
1616486672209 0.9201578077800731 236
1616486796913 0.9244139211926055 237
1616486921892 0.9215342859004406 238
1616487046762 0.9184100946530382 239
1616487171723 0.9215031283649993 240
1616487296764 0.9236609750288598 241
1616487421742 0.9198799426568315 242
1616487546706 0.9184950141513601 243
1616487671574 0.9214910544613575 244
1616487796742 0.9206440873602604 245
1616487921997 0.9242226303891933 246
1616488046936 0.9228725449201909 247
1616488171657 0.9246588415922002 248
1616488296317 0.9250864570445203 249
