1616254359087 0.5783028475781704 0
1616254485374 0.41505571193200475 1
1616254611305 0.34430197891878317 2
1616254737000 0.3122080958428535 3
1616254862594 0.28164081261196033 4
1616254988205 0.2596610100371829 5
1616255113322 0.2423882425782528 6
1616255238933 0.23045095941547222 7
1616255364040 0.21819528886260148 8
1616255489563 0.20672160541599097 9
1616255614933 0.19849324231063026 10
1616255740387 0.1900212489669574 11
1616255865552 0.1829584394101474 12
1616255991056 0.17669306655547445 13
1616256116514 0.1704873320824922 14
1616256242050 0.1644283802189091 15
1616256367483 0.15999877528848125 16
1616256492942 0.15548054696925984 17
1616256618510 0.15017515430299924 18
1616256744016 0.14669097426763555 19
1616256869611 0.14239035390709973 20
1616256994813 0.13849119990847902 21
1616257120034 0.13485479535092146 22
1616257245358 0.13182855373684393 23
1616257370675 0.12967193633952037 24
1616257495989 0.12692149332838829 25
1616257621148 0.12408570228680274 26
1616257746387 0.1217608088146227 27
1616257871703 0.12121505173700789 28
1616257996974 0.12010230336417543 29
1616258122227 0.11994525628239837 30
1616258247281 0.11922933276187866 31
1616258372468 0.11892999822741013 32
1616258497684 0.11748597191038246 33
1616258622739 0.11571291837399672 34
1616258748168 0.11413994255248923 35
1616258873435 0.11243697872697073 36
1616258998910 0.11065958746190599 37
1616259124224 0.10889654263723955 38
1616259249812 0.10721700187237496 39
1616259375116 0.10564035539320543 40
1616259500506 0.10420158207926071 41
1616259625733 0.10278449377772213 42
1616259751004 0.10135422661680749 43
1616259876087 0.10018734594115691 44
1616260001267 0.09902802604327285 45
1616260126753 0.09785885388270228 46
1616260252085 0.09668457345353398 47
1616260377097 0.09549930657749842 48
1616260502346 0.09442274720903406 49
1616260627704 0.09339068055581837 50
1616260752682 0.09235453007151348 51
1616260878174 0.09193484854388312 52
1616261003149 0.09114866496274397 53
1616261128193 0.09015746652445893 54
1616261254469 0.08971906805589316 55
1616261380565 0.08879046836126066 56
1616261505860 0.08794449266901762 57
1616261631133 0.08749461968439795 58
1616261756363 0.08664279560366947 59
1616261881929 0.0857962521009425 60
1616262007123 0.08500132841609707 61
1616262132257 0.08455058876223727 62
1616262257602 0.08418369606574451 63
1616262382820 0.08346848608910695 64
1616262507874 0.08282271356470186 65
1616262633341 0.0821305904268305 66
1616262758390 0.08136296845962047 67
1616262883486 0.08065687784407605 68
1616263008787 0.08001152574308329 69
1616263133973 0.07933349210873875 70
1616263259105 0.07867405777406299 71
1616263384580 0.07796074917088815 72
1616263509788 0.0774046066243902 73
1616263634779 0.07679467515055592 74
1616263759642 0.07619301379790731 75
1616263884600 0.07557255547708834 76
1616264009932 0.07494622045509065 77
1616264134852 0.07432150183440682 78
1616264259941 0.07369451484657782 79
1616264385480 0.07316319879715893 80
1616264510712 0.07267006853504514 81
1616264635853 0.07210905002623458 82
1616264761107 0.07185144935028763 83
1616264886294 0.07164949485973846 84
1616265011483 0.07145416909296068 85
1616265136700 0.07100307209930598 86
1616265262002 0.07051756266482906 87
1616265387031 0.07002896498470156 88
1616265512060 0.0694787864894749 89
1616265647275 0.06895618060064147 90
1616265772597 0.06850095963274418 91
1616265897750 0.06803874280606272 92
1616266023253 0.06755333428172879 93
1616266148484 0.06706711468260737 94
1616266273483 0.06659023963197311 95
1616266398616 0.06635868427104451 96
1616266524048 0.06618204001091416 97
1616266649111 0.06586659475624586 98
1616266774165 0.06549425820641694 99
1616266899537 0.06506373627181551 100
1616267024984 0.06475616117584229 101
1616267150334 0.06431466720127178 102
1616267275551 0.06396254062509306 103
1616267400835 0.06382462660562181 104
1616267525888 0.06352160272641993 105
1616267650888 0.06325190950301358 106
1616267775951 0.06301424993345933 107
1616267901067 0.06291704288248073 108
1616268026158 0.06254374158840689 109
1616268151249 0.062179258476335084 110
1616268276320 0.06219317803426861 111
1616268401223 0.061946876432639304 112
1616268526287 0.061623294478662625 113
1616268651719 0.0612630869652197 114
1616268776870 0.06098540288909327 115
1616268902272 0.06065494564175062 116
1616269027275 0.06029890393206879 117
1616269152269 0.059938990410591135 118
1616269277518 0.0595850864235404 119
1616269402567 0.05916743016360757 120
1616269527813 0.05883949076825699 121
1616269652978 0.05848324831521667 122
1616269778145 0.05813932087938455 123
1616269903068 0.05782359824852738 124
1616270027861 0.05746857113148593 125
1616270153045 0.05711207435303923 126
1616270278116 0.05678680280927551 127
1616270403360 0.05647503699475699 128
1616270528270 0.056153920639775756 129
1616270653636 0.05582389038991539 130
1616270778577 0.055541388800507 131
1616270903812 0.0552269964255577 132
1616271029129 0.054919741896657485 133
1616271153928 0.05461690562833729 134
1616271279031 0.05434764426397402 135
1616271404182 0.05403270660566186 136
1616271529093 0.05372432099538673 137
1616271654356 0.05342697189143159 138
1616271779547 0.053113164724414075 139
1616271904692 0.052873042938544675 140
1616272029631 0.052521661792066535 141
1616272154671 0.052256849449609545 142
1616272279801 0.05195610827808188 143
1616272404876 0.051658118382828744 144
1616272529801 0.051381206988590146 145
1616272655012 0.05109921086782834 146
1616272779879 0.05085081762988749 147
1616272904990 0.050610205441725 148
1616273030223 0.0503415345851041 149
1616273155216 0.05004427857656064 150
1616273280449 0.04976792779684894 151
1616273405463 0.049488778620830856 152
1616273530835 0.049186813060768615 153
1616273655816 0.048937488350871465 154
1616273780897 0.04865910255198252 155
1616273906055 0.048380062632921 156
1616274030999 0.04815114961627044 157
1616274156061 0.048144652304063444 158
1616274281051 0.047940061362509764 159
1616274406365 0.048360328725289885 160
1616274531593 0.04837060789375836 161
1616274656744 0.04827845160994175 162
1616274781766 0.048157630168089 163
1616274906971 0.047978654083135897 164
1616275032105 0.04780226507539514 165
1616275157205 0.04761019366564208 166
1616275282300 0.04742157204949936 167
1616275407550 0.04720875066234283 168
1616275532824 0.04701027370049837 169
1616275657910 0.04677752153796144 170
1616275783129 0.04657525968952641 171
1616275908047 0.04633449086874295 172
1616276032897 0.04612322597039916 173
1616276157970 0.04586727145968687 174
1616276283108 0.0456617230120947 175
1616276408162 0.04544985196362292 176
1616276533157 0.04523219189793849 177
1616276658178 0.045010633195769104 178
1616276783165 0.04479319223105888 179
1616276908400 0.044576443558263436 180
1616277033604 0.04437628509039099 181
1616277158500 0.04417795762519317 182
1616277283471 0.04396548452265869 183
1616277408349 0.043747761938238934 184
1616277533299 0.04352423164578466 185
1616277658623 0.04328426911683924 186
1616277783596 0.04305629888155246 187
1616277908972 0.04284065717741717 188
1616278034171 0.042590686510247146 189
1616278159403 0.042373618186956 190
1616278284347 0.04216373843431525 191
1616278409750 0.04194606271570459 192
1616278534677 0.041761160371500274 193
1616278659719 0.041546674660192066 194
1616278784572 0.04134836435207591 195
1616278909563 0.0411303272984422 196
1616279034484 0.04091078923597238 197
1616279159407 0.04069136368716387 198
1616279284470 0.040478276533688934 199
1616279409888 0.0402744190895172 200
1616279535117 0.04009843795702145 201
1616279660147 0.0398931253693444 202
1616279785641 0.039690613731684386 203
1616279910835 0.03948766106394561 204
1616280035730 0.039285152846786846 205
1616280160828 0.03908207925039037 206
1616280285800 0.038905549251132224 207
1616280410796 0.038754731747211314 208
1616280535898 0.0385708676619038 209
1616280661077 0.03839054235233823 210
1616280786249 0.03821002952257243 211
1616280911572 0.038025231754433134 212
1616281036999 0.037821676053842346 213
1616281162271 0.037656141599877097 214
1616281287590 0.03747664708315729 215
1616281412786 0.0373067146019959 216
1616281537684 0.03711006875033012 217
1616281662797 0.0369229098000367 218
1616281787802 0.03675005664676067 219
1616281913291 0.03655553321110478 220
1616282038214 0.03638924276084921 221
1616282163182 0.0362194760863117 222
1616282288054 0.03603469930524798 223
1616282413046 0.035831937933644496 224
1616282538314 0.03567105052511169 225
1616282663556 0.0355083719516561 226
1616282788685 0.0353580006716697 227
1616282913884 0.035176788282985705 228
1616283038740 0.034992849858603486 229
1616283163819 0.03481419987252903 230
1616283289188 0.034642858499584546 231
1616283414155 0.034479888604326075 232
1616283539382 0.03430566820337186 233
1616283664527 0.03413339262763303 234
1616283789633 0.0339434929444796 235
1616283914933 0.03390282528333292 236
1616284039834 0.03381667003247352 237
1616284164835 0.033687339868550055 238
1616284289908 0.03354673254409314 239
1616284414973 0.033385599668603 240
1616284540124 0.033213292736152644 241
1616284665061 0.033039322644817855 242
1616284790154 0.032868198154592895 243
1616284915459 0.0327255191129385 244
1616285040480 0.03256953200523521 245
1616285165408 0.0324254720302125 246
1616285290624 0.0322625414306469 247
1616285415728 0.03211715376698669 248
1616285540698 0.031960555072636024 249
