1616254359089 0.5021156485507047 0
1616254359091 0.5021156485507047 0
1616254485376 0.5855018451662506 1
1616254485378 0.5855018451662506 1
1616254611307 0.6297992080246124 2
1616254611310 0.6297992080246124 2
1616254737002 0.6462934661345145 3
1616254737004 0.6462934661345145 3
1616254862596 0.6677558739543298 4
1616254862598 0.6677558739543298 4
1616254988207 0.6845442233353288 5
1616254988209 0.6845442233353288 5
1616255113324 0.6964513172197727 6
1616255113326 0.6964513172197727 6
1616255238935 0.7076612671961366 7
1616255238937 0.7076612671961366 7
1616255364042 0.7171642102941886 8
1616255364044 0.7171642102941886 8
1616255489565 0.7266864654522927 9
1616255489567 0.7266864654522927 9
1616255614935 0.7327796532341975 10
1616255614938 0.7327796532341975 10
1616255740389 0.7398583664294648 11
1616255740391 0.7398583664294648 11
1616255865554 0.7454826234789578 12
1616255865556 0.7454826234789578 12
1616255991059 0.7505007253722011 13
1616255991061 0.7505007253722011 13
1616256116516 0.7556332827163945 14
1616256116519 0.7556332827163945 14
1616256242051 0.7606415072292544 15
1616256242055 0.7606415072292544 15
1616256367485 0.7646480978686888 16
1616256367487 0.7646480978686888 16
1616256492945 0.7683982171915295 17
1616256492947 0.7683982171915295 17
1616256618513 0.7728390300481659 18
1616256618515 0.7728390300481659 18
1616256744018 0.7757729444847001 19
1616256744020 0.7757729444847001 19
1616256869613 0.7792706573463183 20
1616256869616 0.7792706573463183 20
1616256994815 0.7827058164813575 21
1616256994817 0.7827058164813575 21
1616257120037 0.7858253837655296 22
1616257120039 0.7858253837655296 22
1616257245360 0.7881814956377728 23
1616257245362 0.7881814956377728 23
1616257370677 0.7899684833906444 24
1616257370680 0.7899684833906444 24
1616257495991 0.7924580116754747 25
1616257495993 0.7924580116754747 25
1616257621150 0.7949457637921655 26
1616257621153 0.7949457637921655 26
1616257746389 0.7968413176063153 27
1616257746391 0.7968413176063153 27
1616257871705 0.7973627673961058 28
1616257871707 0.7973627673961058 28
1616257996976 0.7984209366483791 29
1616257996978 0.7984209366483791 29
1616258122230 0.7987453794346113 30
1616258122232 0.7987453794346113 30
1616258247283 0.7993872429011593 31
1616258247286 0.7993872429011593 31
1616258372470 0.7995253364540723 32
1616258372472 0.7995253364540723 32
1616258497686 0.8009130688235168 33
1616258497688 0.8009130688235168 33
1616258622742 0.8024352534018121 34
1616258622744 0.8024352534018121 34
1616258748170 0.803800988123147 35
1616258748172 0.803800988123147 35
1616258873437 0.8052933724523365 36
1616258873439 0.8052933724523365 36
1616258998913 0.8068567923865839 37
1616258998915 0.8068567923865839 37
1616259124226 0.8084069460189562 38
1616259124228 0.8084069460189562 38
1616259249814 0.8098545741010618 39
1616259249816 0.8098545741010618 39
1616259375118 0.8112250836897793 40
1616259375121 0.8112250836897793 40
1616259500508 0.8124946504791837 41
1616259500511 0.8124946504791837 41
1616259625735 0.8136706206870297 42
1616259625737 0.8136706206870297 42
1616259751006 0.8149091147345853 43
1616259751008 0.8149091147345853 43
1616259876090 0.8159191307973428 44
1616259876092 0.8159191307973428 44
1616260001269 0.816999808873799 45
1616260001271 0.816999808873799 45
1616260126755 0.8180193438207056 46
1616260126757 0.8180193438207056 46
1616260252087 0.8190979587196686 47
1616260252089 0.8190979587196686 47
1616260377099 0.8201185193006769 48
1616260377101 0.8201185193006769 48
1616260502348 0.8210866119568465 49
1616260502350 0.8210866119568465 49
1616260627706 0.8220135945052931 50
1616260627708 0.8220135945052931 50
1616260752685 0.8229439977933084 51
1616260752687 0.8229439977933084 51
1616260878176 0.8235864381187478 52
1616260878179 0.8235864381187478 52
1616261003151 0.8242707930539155 53
1616261003154 0.8242707930539155 53
1616261128195 0.8251155527836871 54
1616261128197 0.8251155527836871 54
1616261254471 0.8255558068378687 55
1616261254474 0.8255558068378687 55
1616261380568 0.8263025872739018 56
1616261380570 0.8263025872739018 56
1616261505862 0.8270975268955071 57
1616261505864 0.8270975268955071 57
1616261631136 0.827522322637491 58
1616261631138 0.827522322637491 58
1616261756365 0.8282279722206403 59
1616261756368 0.8282279722206403 59
1616261881931 0.8289847906728397 60
1616261881934 0.8289847906728397 60
1616262007126 0.8296976368093307 61
1616262007128 0.8296976368093307 61
1616262132259 0.8300673363578811 62
1616262132261 0.8300673363578811 62
1616262257604 0.8304559303560406 63
1616262257606 0.8304559303560406 63
1616262382822 0.8310542345484865 64
1616262382824 0.8310542345484865 64
1616262507876 0.8316490866247541 65
1616262507878 0.8316490866247541 65
1616262633344 0.8322841830742186 66
1616262633346 0.8322841830742186 66
1616262758392 0.8329382449135663 67
1616262758394 0.8329382449135663 67
1616262883488 0.8335709377520302 68
1616262883490 0.8335709377520302 68
1616263008789 0.8341921377982642 69
1616263008792 0.8341921377982642 69
1616263133975 0.8347818382465141 70
1616263133977 0.8347818382465141 70
1616263259107 0.8353763417544564 71
1616263259110 0.8353763417544564 71
1616263384582 0.8359880406757039 72
1616263384584 0.8359880406757039 72
1616263509790 0.8365344461941641 73
1616263509792 0.8365344461941641 73
1616263634781 0.8370845751389419 74
1616263634783 0.8370845751389419 74
1616263759644 0.8376622650738001 75
1616263759647 0.8376622650738001 75
1616263884602 0.8382511851753847 76
1616263884605 0.8382511851753847 76
1616264009934 0.8388072534240316 77
1616264009937 0.8388072534240316 77
1616264134854 0.8393682572471022 78
1616264134856 0.8393682572471022 78
1616264259943 0.8398787934649221 79
1616264259946 0.8398787934649221 79
1616264385482 0.8403445636450987 80
1616264385484 0.8403445636450987 80
1616264510714 0.8407871539828788 81
1616264510716 0.8407871539828788 81
1616264635855 0.8412777548055753 82
1616264635857 0.8412777548055753 82
1616264761109 0.841444588023134 83
1616264761111 0.841444588023134 83
1616264886296 0.8416420555134169 84
1616264886299 0.8416420555134169 84
1616265011485 0.8417990514960486 85
1616265011488 0.8417990514960486 85
1616265136702 0.8422187389660446 86
1616265136704 0.8422187389660446 86
1616265262005 0.8426456459353723 87
1616265262007 0.8426456459353723 87
1616265387033 0.8430591388433281 88
1616265387036 0.8430591388433281 88
1616265512062 0.8435161483443543 89
1616265512065 0.8435161483443543 89
1616265647278 0.8439736204136774 90
1616265647280 0.8439736204136774 90
1616265772600 0.8443748451397883 91
1616265772602 0.8443748451397883 91
1616265897752 0.8447927799102971 92
1616265897754 0.8447927799102971 92
1616266023256 0.845220564043109 93
1616266023258 0.845220564043109 93
1616266148486 0.8456509930383344 94
1616266148489 0.8456509930383344 94
1616266273485 0.8460629186405436 95
1616266273487 0.8460629186405436 95
1616266398619 0.846288470707266 96
1616266398621 0.846288470707266 96
1616266524050 0.8464260679695019 97
1616266524052 0.8464260679695019 97
1616266649113 0.8466874246815852 98
1616266649115 0.8466874246815852 98
1616266774168 0.8470320129816861 99
1616266774170 0.8470320129816861 99
1616266899539 0.8473918916330578 100
1616266899541 0.8473918916330578 100
1616267024986 0.8476671676130731 101
1616267024988 0.8476671676130731 101
1616267150336 0.8480360675486054 102
1616267150339 0.8480360675486054 102
1616267275553 0.8483690937240854 103
1616267275556 0.8483690937240854 103
1616267400838 0.8485208457464408 104
1616267400840 0.8485208457464408 104
1616267525890 0.8487814103020883 105
1616267525892 0.8487814103020883 105
1616267650890 0.8490868709912426 106
1616267650892 0.8490868709912426 106
1616267775953 0.8492698134354525 107
1616267775956 0.8492698134354525 107
1616267901069 0.8494031186687209 108
1616267901071 0.8494031186687209 108
1616268026160 0.8497399830519022 109
1616268026162 0.8497399830519022 109
1616268151251 0.8500833611145499 110
1616268151254 0.8500833611145499 110
1616268276322 0.8501349385662769 111
1616268276325 0.8501349385662769 111
1616268401225 0.850357889634079 112
1616268401228 0.850357889634079 112
1616268526289 0.850649394377423 113
1616268526292 0.850649394377423 113
1616268651721 0.8509786163199365 114
1616268651724 0.8509786163199365 114
1616268776873 0.8512499148980548 115
1616268776875 0.8512499148980548 115
1616268902274 0.8515352076617505 116
1616268902276 0.8515352076617505 116
1616269027277 0.8518693858952295 117
1616269027280 0.8518693858952295 117
1616269152272 0.8521918538082515 118
1616269152274 0.8521918538082515 118
1616269277521 0.8524867758011426 119
1616269277523 0.8524867758011426 119
1616269402570 0.8528203786073753 120
1616269402572 0.8528203786073753 120
1616269527815 0.8531173597691769 121
1616269527817 0.8531173597691769 121
1616269652981 0.8534243516838451 122
1616269652983 0.8534243516838451 122
1616269778147 0.8537279729712097 123
1616269778150 0.8537279729712097 123
1616269903070 0.8540264034349128 124
1616269903072 0.8540264034349128 124
1616270027863 0.8543379132092592 125
1616270027866 0.8543379132092592 125
1616270153047 0.8546504699660388 126
1616270153050 0.8546504699660388 126
1616270278118 0.854927246120904 127
1616270278121 0.854927246120904 127
1616270403362 0.8552203979538462 128
1616270403365 0.8552203979538462 128
1616270528273 0.8555268425612004 129
1616270528275 0.8555268425612004 129
1616270653638 0.8558120789534157 130
1616270653640 0.8558120789534157 130
1616270778580 0.856081708192246 131
1616270778582 0.856081708192246 131
1616270903815 0.8563696722285831 132
1616270903817 0.8563696722285831 132
1616271029132 0.856636240227962 133
1616271029135 0.856636240227962 133
1616271153931 0.8569147161207554 134
1616271153933 0.8569147161207554 134
1616271279034 0.8571704974754013 135
1616271279036 0.8571704974754013 135
1616271404184 0.8574572383148762 136
1616271404186 0.8574572383148762 136
1616271529096 0.8577393125635172 137
1616271529098 0.8577393125635172 137
1616271654358 0.8580110323854059 138
1616271654360 0.8580110323854059 138
1616271779549 0.8582927743025527 139
1616271779552 0.8582927743025527 139
1616271904694 0.8585147495155881 140
1616271904697 0.8585147495155881 140
1616272029634 0.8587972309954364 141
1616272029636 0.8587972309954364 141
1616272154673 0.8590503479411774 142
1616272154676 0.8590503479411774 142
1616272279803 0.8593226309622882 143
1616272279806 0.8593226309622882 143
1616272404878 0.8595803964406336 144
1616272404880 0.8595803964406336 144
1616272529804 0.8598352856142993 145
1616272529806 0.8598352856142993 145
1616272655014 0.8600973849682262 146
1616272655017 0.8600973849682262 146
1616272779882 0.8603380667106141 147
1616272779884 0.8603380667106141 147
1616272904992 0.8605611629410054 148
1616272904995 0.8605611629410054 148
1616273030226 0.8607938291894859 149
1616273030228 0.8607938291894859 149
1616273155218 0.8610707965377951 150
1616273155221 0.8610707965377951 150
1616273280452 0.8613208424726944 151
1616273280454 0.8613208424726944 151
1616273405465 0.8615901604774925 152
1616273405468 0.8615901604774925 152
1616273530838 0.8618614251059546 153
1616273530841 0.8618614251059546 153
1616273655819 0.8620965211173627 154
1616273655821 0.8620965211173627 154
1616273780900 0.8623540774375359 155
1616273780902 0.8623540774375359 155
1616273906058 0.8626077464764329 156
1616273906060 0.8626077464764329 156
1616274031002 0.8627983646058901 157
1616274031004 0.8627983646058901 157
1616274156064 0.8628133544907897 158
1616274156066 0.8628133544907897 158
1616274281054 0.8629743750753456 159
1616274281057 0.8629743750753456 159
1616274406366 0.8625872889275343 160
1616274406369 0.8625872889275343 160
1616274531595 0.8625724424394406 161
1616274531598 0.8625724424394406 161
1616274656746 0.8626538168758486 162
1616274656749 0.8626538168758486 162
1616274781768 0.8627634245258946 163
1616274781771 0.8627634245258946 163
1616274906974 0.8629142213582933 164
1616274906976 0.8629142213582933 164
1616275032108 0.8630619664921116 165
1616275032110 0.8630619664921116 165
1616275157207 0.8632364196350355 166
1616275157210 0.8632364196350355 166
1616275282302 0.8633985425160107 167
1616275282304 0.8633985425160107 167
1616275407553 0.8635894747502225 168
1616275407555 0.8635894747502225 168
1616275532827 0.8637817935401657 169
1616275532829 0.8637817935401657 169
1616275657912 0.8639783284932863 170
1616275657915 0.8639783284932863 170
1616275783131 0.8641821375663626 171
1616275783134 0.8641821375663626 171
1616275908049 0.8643944238036311 172
1616275908051 0.8643944238036311 172
1616276032899 0.8646087164817201 173
1616276032902 0.8646087164817201 173
1616276157972 0.8648390756032402 174
1616276157975 0.8648390756032402 174
1616276283111 0.8650343264431871 175
1616276283113 0.8650343264431871 175
1616276408164 0.8652347302443292 176
1616276408166 0.8652347302443292 176
1616276533160 0.8654548755246816 177
1616276533162 0.8654548755246816 177
1616276658180 0.865652351555383 178
1616276658183 0.865652351555383 178
1616276783167 0.8658711132891932 179
1616276783169 0.8658711132891932 179
1616276908403 0.8660810546977241 180
1616276908405 0.8660810546977241 180
1616277033607 0.8662766721344732 181
1616277033609 0.8662766721344732 181
1616277158502 0.8664645326905746 182
1616277158505 0.8664645326905746 182
1616277283473 0.8666499143714838 183
1616277283476 0.8666499143714838 183
1616277408351 0.866854961841666 184
1616277408354 0.866854961841666 184
1616277533301 0.8670689411359438 185
1616277533303 0.8670689411359438 185
1616277658625 0.8672736457801693 186
1616277658628 0.8672736457801693 186
1616277783598 0.8674585445177698 187
1616277783600 0.8674585445177698 187
1616277908974 0.8676651598570009 188
1616277908976 0.8676651598570009 188
1616278034174 0.867877360917788 189
1616278034176 0.867877360917788 189
1616278159405 0.8680825612002765 190
1616278159407 0.8680825612002765 190
1616278284349 0.8682832157133983 191
1616278284352 0.8682832157133983 191
1616278409753 0.8684881647910089 192
1616278409755 0.8684881647910089 192
1616278534679 0.8686591822828401 193
1616278534681 0.8686591822828401 193
1616278659721 0.8688470828972502 194
1616278659724 0.8688470828972502 194
1616278784574 0.8690404358260024 195
1616278784577 0.8690404358260024 195
1616278909565 0.8692250633815596 196
1616278909568 0.8692250633815596 196
1616279034486 0.869412943297803 197
1616279034489 0.869412943297803 197
1616279159409 0.8696207200045413 198
1616279159411 0.8696207200045413 198
1616279284472 0.8698062878741246 199
1616279284475 0.8698062878741246 199
1616279409890 0.8700019723183914 200
1616279409893 0.8700019723183914 200
1616279535120 0.870179033475173 201
1616279535122 0.870179033475173 201
1616279660150 0.8703577306453409 202
1616279660152 0.8703577306453409 202
1616279785644 0.8705408867075901 203
1616279785646 0.8705408867075901 203
1616279910837 0.8707276337638583 204
1616279910839 0.8707276337638583 204
1616280035732 0.8709208338832827 205
1616280035735 0.8709208338832827 205
1616280160831 0.8711028580791075 206
1616280160833 0.8711028580791075 206
1616280285802 0.8712735131842065 207
1616280285805 0.8712735131842065 207
1616280410798 0.8714210068345218 208
1616280410801 0.8714210068345218 208
1616280535900 0.8716035509171713 209
1616280535903 0.8716035509171713 209
1616280661079 0.871760310592691 210
1616280661081 0.871760310592691 210
1616280786252 0.8719282090184169 211
1616280786254 0.8719282090184169 211
1616280911574 0.8721039709430075 212
1616280911577 0.8721039709430075 212
1616281037001 0.8722841581417796 213
1616281037003 0.8722841581417796 213
1616281162273 0.8724427938930548 214
1616281162275 0.8724427938930548 214
1616281287592 0.8726111071605848 215
1616281287595 0.8726111071605848 215
1616281412788 0.8727831078447942 216
1616281412790 0.8727831078447942 216
1616281537686 0.8729618753265971 217
1616281537689 0.8729618753265971 217
1616281662800 0.8731399238364689 218
1616281662802 0.8731399238364689 218
1616281787804 0.8733033921646269 219
1616281787807 0.8733033921646269 219
1616281913293 0.8734752378341705 220
1616281913296 0.8734752378341705 220
1616282038217 0.8736449265634009 221
1616282038219 0.8736449265634009 221
1616282163185 0.8738113344253381 222
1616282163187 0.8738113344253381 222
1616282288056 0.8739855989095088 223
1616282288058 0.8739855989095088 223
1616282413049 0.8741581480706287 224
1616282413051 0.8741581480706287 224
1616282538317 0.8743080489476622 225
1616282538320 0.8743080489476622 225
1616282663559 0.8744548368106779 226
1616282663562 0.8744548368106779 226
1616282788688 0.8745985656609886 227
1616282788690 0.8745985656609886 227
1616282913886 0.8747613118235756 228
1616282913889 0.8747613118235756 228
1616283038743 0.8749295168401313 229
1616283038745 0.8749295168401313 229
1616283163821 0.875088457863004 230
1616283163824 0.875088457863004 230
1616283289190 0.8752516511666737 231
1616283289193 0.8752516511666737 231
1616283414158 0.8754041919873673 232
1616283414160 0.8754041919873673 232
1616283539384 0.8755603110363472 233
1616283539387 0.8755603110363472 233
1616283664529 0.8757198580251189 234
1616283664531 0.8757198580251189 234
1616283789635 0.875888938233795 235
1616283789637 0.875888938233795 235
1616283914936 0.8759329898998024 236
1616283914939 0.8759329898998024 236
1616284039837 0.8760241259545787 237
1616284039839 0.8760241259545787 237
1616284164837 0.8761512706322322 238
1616284164840 0.8761512706322322 238
1616284289910 0.8762888175763254 239
1616284289912 0.8762888175763254 239
1616284414975 0.8764377109841519 240
1616284414978 0.8764377109841519 240
1616284540126 0.8765930472296813 241
1616284540128 0.8765930472296813 241
1616284665063 0.8767504270084486 242
1616284665066 0.8767504270084486 242
1616284790156 0.8768944004207164 243
1616284790159 0.8768944004207164 243
1616284915461 0.8770350073211576 244
1616284915464 0.8770350073211576 244
1616285040482 0.8771744849307185 245
1616285040485 0.8771744849307185 245
1616285165410 0.8773088069390159 246
1616285165413 0.8773088069390159 246
1616285290626 0.8774608892585145 247
1616285290629 0.8774608892585145 247
1616285415731 0.8775884906308566 248
1616285415733 0.8775884906308566 248
1616285540701 0.8777289556915719 249
1616285540703 0.8777289556915719 249
