1616254359082 0.5021156485507047 0
1616254485370 0.6688880417817966 1
1616254611301 0.7183939337413362 2
1616254736996 0.6957762404642207 3
1616254862590 0.7536055052335909 4
1616254988201 0.7684859702403241 5
1616255113318 0.7678938805264361 6
1616255238928 0.7861309170306838 7
1616255364035 0.793187755078605 8
1616255489558 0.8123867618752286 9
1616255614929 0.7937115310532464 10
1616255740382 0.8177242115774053 11
1616255865547 0.8129737080728754 12
1616255991052 0.8157360499843638 13
1616256116510 0.8274890855351027 14
1616256242046 0.8357648749221512 15
1616256367478 0.8287535480996395 16
1616256492938 0.8321502456798199 17
1616256618506 0.8527736614676232 18
1616256744012 0.8315173187788497 19
1616256869607 0.8492249145786813 20
1616256994808 0.8548441583171804 21
1616257120030 0.8544558640173141 22
1616257245353 0.8423720686993701 23
1616257370671 0.8328561894595623 24
1616257495984 0.8546962187962329 25
1616257621143 0.8596273188261275 26
1616257746383 0.8480212705883574 27
1616257871699 0.8119633615102391 28
1616257996970 0.8291078449643039 29
1616258122223 0.8084786630215797 30
1616258247277 0.8192850103641444 31
1616258372463 0.8039443301472892 32
1616258497679 0.8467082370151865 33
1616258622735 0.8541895290638538 34
1616258748164 0.8516017033698711 35
1616258873431 0.8590192083031574 36
1616258998906 0.8647033299537416 37
1616259124219 0.8673127840491052 38
1616259249807 0.8663120693031777 39
1616259375111 0.866045467238477 40
1616259500501 0.8645468888447639 41
1616259625729 0.8630613694165615 42
1616259750999 0.868164358779471 43
1616259876083 0.8603598375586753 44
1616260001263 0.8656303223143232 45
1616260126748 0.8649179513784165 46
1616260252080 0.8697928589709262 47
1616260377093 0.8691054271890762 48
1616260502342 0.8685231521091563 49
1616260627699 0.8683627219276225 50
1616260752678 0.8703945654820888 51
1616260878170 0.856993335041594 52
1616261003145 0.8605416046178087 53
1616261128188 0.8707325781913514 54
1616261254465 0.8497697798178551 55
1616261380561 0.8681222916917598 56
1616261505856 0.8724090853270065 57
1616261631129 0.8521604756725595 58
1616261756358 0.8698612976264446 59
1616261881925 0.8743938978048081 60
1616262007119 0.8731812511352782 61
1616262132253 0.8529887083680072 62
1616262257597 0.8549373522400856 63
1616262382815 0.8693457028650223 64
1616262507869 0.8703144715821489 65
1616262633337 0.8742005487388753 66
1616262758385 0.87676038814986 67
1616262883481 0.8765940507675739 68
1616263008782 0.8770549409884087 69
1616263133968 0.876060869624006 70
1616263259101 0.8775860908183646 71
1616263384575 0.8800303630055265 72
1616263509783 0.8764220490417582 73
1616263634773 0.8777941170525043 74
1616263759637 0.8809890101881738 75
1616263884596 0.8830091128958032 76
1616264009927 0.8816245085698493 77
1616264134847 0.8831265554466146 78
1616264259936 0.8802111546726937 79
1616264385475 0.8776061780592228 80
1616264510708 0.876636971343071 81
1616264635847 0.8815070222666923 82
1616264761102 0.8552917450805135 83
1616264886290 0.85822932469718 84
1616265011479 0.8551437100197407 85
1616265136696 0.8783118613856904 86
1616265261997 0.8797865522668716 87
1616265387027 0.8794465147434397 88
1616265512055 0.8841899939356966 89
1616265647268 0.885146106652757 90
1616265772593 0.8808862952158806 91
1616265897746 0.8832427787970989 92
1616266023241 0.8850044883946155 93
1616266148480 0.886111318589525 94
1616266273479 0.8851958508504197 95
1616266398612 0.8679414691126093 96
1616266524043 0.8597730024063841 97
1616266649106 0.8723003824657583 98
1616266774161 0.8811462546916718 99
1616266899532 0.8833797567702354 100
1616267024979 0.8754700415946067 101
1616267150329 0.8856638609728915 102
1616267275547 0.8826707897985235 103
1616267400831 0.8643030560714133 104
1616267525883 0.8761406886450788 105
1616267650883 0.8814657040415926 106
1616267775946 0.868844654965908 107
1616267901063 0.8638000838617061 108
1616268026153 0.8864582008186807 109
1616268151245 0.8878549480057777 110
1616268276316 0.855860035707976 111
1616268401219 0.8753284092279191 112
1616268526283 0.8835894303753021 113
1616268651714 0.8885099177664899 114
1616268776866 0.8824492513816408 115
1616268902267 0.8846291682504593 116
1616269027270 0.8909682392122897 117
1616269152265 0.8902430675448255 118
1616269277514 0.8875824929551875 119
1616269402563 0.8928527153552847 120
1616269527808 0.8890520803471829 121
1616269652974 0.890877365273364 122
1616269778141 0.8910733913170531 123
1616269903063 0.8910317809340802 124
1616270027856 0.8932766350025826 125
1616270153040 0.8940326213202578 126
1616270278112 0.8900778177887836 127
1616270403355 0.8927438325704412 128
1616270528266 0.8950581969098842 129
1616270653632 0.8928928099414135 130
1616270778573 0.8914031384790198 131
1616270903808 0.8943809250250776 132
1616271029125 0.8920897841453552 133
1616271153923 0.8942304857550784 134
1616271279026 0.8917009803525945 135
1616271404177 0.8964539924834637 136
1616271529088 0.8963834846273382 137
1616271654350 0.8955083678060389 138
1616271779542 0.8974549007859636 139
1616271904688 0.8895912793405513 140
1616272029627 0.8986271196540366 141
1616272154667 0.8949929542363958 142
1616272279797 0.8982591029811413 143
1616272404871 0.8966986253223521 144
1616272529797 0.8967942157958416 145
1616272655006 0.8983638906415473 146
1616272779875 0.8957182828416216 147
1616272904985 0.8935794050389148 148
1616273030219 0.8954611002130711 149
1616273155211 0.9026158987841708 150
1616273280445 0.899077778642482 151
1616273405459 0.9025264972067893 152
1616273530831 0.9033649132606831 153
1616273655812 0.8983013068741941 154
1616273780893 0.9022753070643608 155
1616273906051 0.9021801165443786 156
1616274030994 0.8927254109306538 157
1616274156057 0.8651817563049337 158
1616274281047 0.8885766480197298 159
1616274406360 0.8006535052777605 160
1616274531589 0.8601821578563528 161
1616274656739 0.8758364755739557 162
1616274781762 0.8806294714833828 163
1616274906967 0.8876449018716812 164
1616275032101 0.887439913572149 165
1616275157200 0.8921956413603843 166
1616275282295 0.8904730636388698 167
1616275407546 0.8956660900978332 168
1616275532820 0.8962836690405582 169
1616275657906 0.8973892705237612 170
1616275783125 0.899033489062431 171
1616275908042 0.9009076566138166 172
1616276032892 0.9016813497911108 173
1616276157965 0.9049215627477524 174
1616276283104 0.8992032234339004 175
1616276408158 0.900505799245327 176
1616276533153 0.904420590147059 177
1616276658173 0.900803085020248 178
1616276783160 0.905029463641187 179
1616276908396 0.9038705082332834 180
1616277033600 0.9016834281860514 181
1616277158495 0.900655153901019 182
1616277283467 0.9005747619778552 183
1616277408344 0.904583696355211 184
1616277533294 0.9066551105773195 185
1616277658619 0.9053487096061098 186
1616277783592 0.9020346084490736 187
1616277908968 0.9065088436324545 188
1616278034168 0.9079833614065292 189
1616278159399 0.9070706148730948 190
1616278284343 0.9066082277196519 191
1616278409746 0.9078383876922282 192
1616278534672 0.9016655582062741 193
1616278659714 0.9052998020927957 194
1616278784567 0.9067442569326847 195
1616278909557 0.9054120642707703 196
1616279034479 0.906425286797767 197
1616279159401 0.9107605079387097 198
1616279284466 0.9067342939211968 199
1616279409884 0.9091388611717427 200
1616279535113 0.9057683259882825 201
1616279660143 0.9064545590192714 202
1616279785637 0.9077215673441582 203
1616279910830 0.9088240332425909 204
1616280035726 0.9105268583652821 205
1616280160824 0.9085998424190156 206
1616280285796 0.9065991199397027 207
1616280410792 0.9020996861001278 208
1616280535894 0.9097552641909173 209
1616280661072 0.9046798424517855 210
1616280786245 0.9073547768466016 211
1616280911567 0.9093654989562137 212
1616281036995 0.910664031480221 213
1616281162266 0.9063908446659433 214
1616281287585 0.9087984596795224 215
1616281412781 0.9099352556340238 216
1616281537679 0.9117544188778451 217
1616281662793 0.9119544989885168 218
1616281787797 0.9091029560312311 219
1616281913287 0.9112812851337676 220
1616282038209 0.9111461357233372 221
1616282163178 0.9107538797753922 222
1616282288049 0.9128465788795593 223
1616282413041 0.9128091601615257 224
1616282538310 0.9080357462801831 225
1616282663552 0.9076288938522339 226
1616282788680 0.9072250146815117 227
1616282913879 0.9118674368934429 228
1616283038735 0.9134484656313633 229
1616283163814 0.9116448931237484 230
1616283289184 0.9129493043143698 231
1616283414150 0.910793662388274 232
1616283539377 0.9119360494486829 233
1616283664522 0.9130538533976738 234
1616283789628 0.9156227872726765 235
1616283914929 0.8863291830775586 236
1616284039829 0.8976233709365764 237
1616284164830 0.9064117039137698 238
1616284289903 0.9091625372146038 239
1616284414968 0.912172128862523 240
1616284540119 0.9140290824022699 241
1616284665056 0.9148363334701416 242
1616284790149 0.9118799396017765 243
1616284915455 0.911343091028802 244
1616285040475 0.9113464992731175 245
1616285165403 0.9103520209801957 246
1616285290619 0.9150252221746648 247
1616285415723 0.9092336309717056 248
1616285540693 0.9127047558097129 249
