1616254359080 0.5783028475781704 0
1616254485367 0.2518085762858391 1
1616254611299 0.2027945128923401 2
1616254736994 0.2159264466150644 3
1616254862587 0.15937167968838772 4
1616254988198 0.14976199716329575 5
1616255113316 0.13875163782467234 6
1616255238926 0.1468899772760082 7
1616255364033 0.12014992443963568 8
1616255489556 0.10345845439649642 9
1616255614926 0.116209611257023 10
1616255740380 0.09682932218655627 11
1616255865545 0.09820472472842703 12
1616255991050 0.09524321944472637 13
1616256116508 0.0836070494607408 14
1616256242044 0.07354410226516267 15
1616256367475 0.08912509640163564 16
1616256492936 0.07867066554249601 17
1616256618503 0.05467808631030803 18
1616256744010 0.08049155359572553 19
1616256869604 0.05637794669638289 20
1616256994806 0.0566089659374445 21
1616257120027 0.05485389508465503 22
1616257245351 0.062224996613061176 23
1616257370668 0.07791311880375476 24
1616257495982 0.058160418050086246 25
1616257621141 0.0503551352055783 26
1616257746380 0.05898868506576153 27
1616257871696 0.10593385356379316 28
1616257996967 0.08783260055203387 29
1616258122220 0.11523384382908648 30
1616258247274 0.09703570362576779 31
1616258372461 0.10935129312441703 32
1616258497677 0.06983310344846959 33
1616258622733 0.055429098136881565 34
1616258748161 0.059085788799727215 35
1616258873428 0.05113028100830443 36
1616258998904 0.04489611065451135 37
1616259124217 0.041900839299914686 38
1616259249804 0.041714912042655844 39
1616259375109 0.04257449622642487 40
1616259500499 0.045211876207526695 41
1616259625726 0.04326678511310131 42
1616259750997 0.03985273869747811 43
1616259876080 0.048844596212531656 44
1616260001260 0.046858630638490335 45
1616260126746 0.044076934496456006 46
1616260252078 0.041493393282624004 47
1616260377090 0.03860649652779102 48
1616260502340 0.04167133815428044 49
1616260627697 0.04178734789503381 50
1616260752676 0.03951085537196474 51
1616260878167 0.07011140910710426 52
1616261003142 0.04948093516236924 53
1616261128185 0.036632750857066604 54
1616261254462 0.06560715228477691 55
1616261380557 0.036788885461840226 56
1616261505853 0.03972387821116346 57
1616261631126 0.06140198657645824 58
1616261756356 0.036385174840688705 59
1616261881921 0.03500364193732434 60
1616262007114 0.036510983640526205 61
1616262132248 0.05660473022292903 62
1616262257593 0.06106945618670037 63
1616262382811 0.03769504758430288 64
1616262507865 0.04084749947837059 65
1616262633332 0.0364504633273216 66
1616262758381 0.02993229665654771 67
1616262883476 0.032642715987055856 68
1616263008778 0.0354822307745827 69
1616263133964 0.03187113770462097 70
1616263259097 0.03185422001208397 71
1616263384571 0.026602529742299243 72
1616263509779 0.03680620073003972 73
1616263634769 0.031659746086819374 74
1616263759634 0.031068412349262137 75
1616263884592 0.02841772309484634 76
1616264009923 0.02671842376126888 77
1616264134843 0.025593449421068455 78
1616264259932 0.02416254280808758 79
1616264385471 0.030657914843648038 80
1616264510704 0.03272651730382696 81
1616264635844 0.026105532303769538 82
1616264761099 0.05047059324669077 83
1616264886285 0.05468531765360782 84
1616265011475 0.054851478916850493 85
1616265136691 0.0322087306450022 86
1616265261994 0.028278241865336895 87
1616265387023 0.02703236913348132 88
1616265512050 0.020512900414301993 89
1616265647260 0.021921650605632902 90
1616265772589 0.02707585155409067 91
1616265897742 0.02551479475136767 92
1616266023233 0.02241034151867349 93
1616266148476 0.021362472365194177 94
1616266273474 0.02128710982171779 95
1616266398608 0.044129369621898264 96
1616266524039 0.049047546778270536 97
1616266649102 0.034952959798751994 98
1616266774157 0.028632939773354123 99
1616266899528 0.022011542811672738 100
1616267024975 0.03369107648254709 101
1616267150326 0.019282281795080673 102
1616267275544 0.02769350327868411 103
1616267400827 0.04948156858061222 104
1616267525879 0.031704095410222705 105
1616267650880 0.03466442782194056 106
1616267775943 0.03758467599115473 107
1616267901058 0.052418681376792016 108
1616268026149 0.02185390053435843 109
1616268151240 0.02208611614843632 110
1616268276312 0.06373824896489053 111
1616268401214 0.034361097050157 112
1616268526278 0.02505853367929763 113
1616268651710 0.02019943043272546 114
1616268776861 0.029051734134554863 115
1616268902262 0.022321904950002407 116
1616269027265 0.01864202389929523 117
1616269152261 0.01746919487622824 118
1616269277510 0.017470511964502486 119
1616269402559 0.009048678971668507 120
1616269527803 0.01915882393083674 121
1616269652970 0.01502166904429806 122
1616269778136 0.015836246272033835 123
1616269903059 0.01867399202223788 124
1616270027852 0.01309018150130485 125
1616270153036 0.012193480268754858 126
1616270278107 0.015477316751283533 127
1616270403351 0.016569012736386442 128
1616270528262 0.01472991084719592 129
1616270653627 0.012919957908068566 130
1616270778569 0.018533680588006973 131
1616270903804 0.013727202932251261 132
1616271029120 0.0140548895529293 133
1616271153919 0.014036845673430474 134
1616271279022 0.01799736007493227 135
1616271404173 0.011201185075209496 136
1616271529085 0.011475492387692979 137
1616271654347 0.012392795545623657 138
1616271779538 0.009493968508979107 139
1616271904683 0.019255992916828776 140
1616272029622 0.002976920138648216 141
1616272154662 0.014653496820717416 142
1616272279792 0.008950120749625754 143
1616272404867 0.008747573466377055 144
1616272529792 0.011229054823993369 145
1616272655003 0.009927777236604944 146
1616272779871 0.014337011652582504 147
1616272904980 0.014999601593677034 148
1616273030214 0.010309576948589467 149
1616273155206 0.005455877295041338 150
1616273280441 0.008038960060382143 151
1616273405454 0.007058103866082557 152
1616273530827 0.002986082371245039 153
1616273655807 0.010541483026711231 154
1616273780889 0.005509303724195095 155
1616273906047 0.004849835259324693 156
1616274030990 0.012211806002132435 157
1616274156052 0.047118076975358296 158
1616274281043 0.015410101655474368 159
1616274406355 0.11560310677010963 160
1616274531584 0.05002555401718363 161
1616274656734 0.033349133631650436 162
1616274781758 0.02846373514609134 163
1616274906962 0.01862657615082695 164
1616275032096 0.018698078798169784 165
1616275157195 0.015726339646634904 166
1616275282291 0.015921762153664802 167
1616275407541 0.01145475762004548 168
1616275532816 0.013467667148785388 169
1616275657901 0.0072096539066827045 170
1616275783120 0.01198848360713492 171
1616275908038 0.004922253693988982 172
1616276032888 0.009574398556922345 173
1616276157961 0.0013311865957493477 174
1616276283099 0.009690744683463523 175
1616276408153 0.00816054743258877 176
1616276533148 0.006706360271794999 177
1616276658170 0.005573184209618162 178
1616276783156 0.0058712595479285465 179
1616276908391 0.005561682455083157 180
1616277033595 0.008147602405478346 181
1616277158491 0.008082358959190388 182
1616277283463 0.005082906758848657 183
1616277408340 0.0036868064050027665 184
1616277533290 0.0021711275417436943 185
1616277658614 -0.0013487612670089336 186
1616277783588 0.00042586488292572345 187
1616277908963 0.0023000167999812898 188
1616278034163 -0.004653769584887839 189
1616278159395 0.0011306367616387124 190
1616278284339 0.0020767056799315393 191
1616278409741 0.0001523247424592363 192
1616278534667 0.00607500794006789 193
1616278659710 -6.355333359951668e-05 194
1616278784563 0.00267785426942592 195
1616278909554 -0.0016049352137649314 196
1616279034475 -0.002338209070582339 197
1616279159398 -0.00275489497692027 198
1616279284461 -0.0019260670078244614 199
1616279409880 -0.0004970697448291677 200
1616279535108 0.004726230325375466 201
1616279660139 -0.0015800173414197373 202
1616279785633 -0.001419248713299315 203
1616279910827 -0.0019146831547643276 204
1616280035721 -0.002229031670759333 205
1616280160819 -0.002751081607284698 206
1616280285791 0.002363839404697114 207
1616280410788 0.007384690931661332 208
1616280535890 0.00014327383263314025 209
1616280661068 0.0005222273435681425 210
1616280786241 0.00012182244198753479 211
1616280911563 -0.0011518950910961374 212
1616281036990 -0.005535688171995447 213
1616281162262 0.0022317684513140233 214
1616281287580 -0.0011146740116020465 215
1616281412777 0.0006012986711365112 216
1616281537675 -0.005562081061145092 217
1616281662788 -0.0038777413639299414 218
1616281787793 -0.0011047839206901001 219
1616281913282 -0.006239622633190865 220
1616282038205 -0.00036094674563154263 221
1616282163173 -0.0014687256610139887 222
1616282288044 -0.005170522871962253 223
1616282413037 -0.009586609305536493 224
1616282538305 -0.00052861639476837 225
1616282663547 -0.0012569856493079917 226
1616282788675 0.001223720114757406 227
1616282913875 -0.006139636336964496 228
1616283038730 -0.007129049324925909 229
1616283163810 -0.006275296924596137 230
1616283289179 -0.004936998650590156 231
1616283414147 -0.0033291270956397057 232
1616283539373 -0.006287685218960681 233
1616283664517 -0.006179092095253315 234
1616283789624 -0.010682932596574438 235
1616283914925 0.024305257252714735 236
1616284039825 0.01339787557879661 237
1616284164826 0.002906760854765456 238
1616284289898 -5.841800110771301e-05 239
1616284414963 -0.005286290449030856 240
1616284540115 -0.008312677984383511 241
1616284665052 -0.00906143945820154 242
1616284790144 -0.008715052970070788 243
1616284915450 -0.0020881670507344793 244
1616285040470 -0.005647309382069618 245
1616285165398 -0.0030132818253750496 246
1616285290615 -0.00798131666205665 247
1616285415719 -0.003938986820743439 248
1616285540689 -0.007032519820681277 249
