1616254359085 inf 0
1616254485372 21.09028074093113 1
1616254611303 19.988371884770107 2
1616254736998 inf 3
1616254862592 18.756259509494868 4
1616254988203 18.58711674127953 5
1616255113320 17.923672623111113 6
1616255238931 17.41402821969642 7
1616255364038 17.315629754169475 8
1616255489561 17.974292975391553 9
1616255614931 16.095291803935133 10
1616255740385 15.669465445865399 11
1616255865550 15.18475018378201 12
1616255991054 15.002226268568151 13
1616256116512 14.677928450745684 14
1616256242048 14.461050251377445 15
1616256367480 15.466255828060774 16
1616256492940 14.746265591654115 17
1616256618508 13.900161511589326 18
1616256744014 15.048791417027543 19
1616256869609 13.61517478675693 20
1616256994810 13.012589429368813 21
1616257120032 13.453648303095994 22
1616257245356 14.773222361540073 23
1616257370673 15.40579607301116 24
1616257495986 13.330196573858755 25
1616257621146 13.858666170095884 26
1616257746385 13.617962067174295 27
1616257871701 15.368614131907098 28
1616257996972 14.729401937764537 29
1616258122225 15.61085695144584 30
1616258247279 16.027348584380082 31
1616258372465 15.294991077597182 32
1616258497681 13.441562351931264 33
1616258622737 12.575945217117436 34
1616258748166 13.060923858720846 35
1616258873433 12.973393423757543 36
1616258998908 12.70418188580058 37
1616259124222 12.710465242845894 38
1616259249809 13.470403832323962 39
1616259375114 12.054506448844785 40
1616259500504 12.579161683498869 41
1616259625731 12.233690901235345 42
1616259751001 12.717783237341068 43
1616259876085 13.152756377713908 44
1616260001265 13.044689448263966 45
1616260126750 12.32934698581552 46
1616260252083 11.630316604301516 47
1616260377095 11.202974832358706 48
1616260502344 12.1715709197963 49
1616260627702 12.193681112615295 50
1616260752680 12.440566713668673 51
1616260878172 13.386150636416172 52
1616261003147 12.965048628384801 53
1616261128190 12.213341724664902 54
1616261254467 14.441888517645861 55
1616261380563 12.43192010756822 56
1616261505858 11.963093066811384 57
1616261631131 12.889752287169193 58
1616261756361 12.18741927412435 59
1616261881927 11.924898413035255 60
1616262007121 11.585603252790092 61
1616262132255 13.580290517590416 62
1616262257600 14.310494043340862 63
1616262382818 12.179864168440028 64
1616262507872 12.467911622005838 65
1616262633339 11.236097828264452 66
1616262758388 11.025274505148344 67
1616262883483 11.463628892445872 68
1616263008785 11.702378784908586 69
1616263133970 11.93662836644087 70
1616263259103 11.488165867392222 71
1616263384577 11.132977736240123 72
1616263509786 12.288321658263042 73
1616263634777 10.716724240917419 74
1616263759640 10.852840355420424 75
1616263884598 11.755401208222507 76
1616264009930 10.978285457699785 77
1616264134850 10.708602682321517 78
1616264259939 10.981361947988464 79
1616264385477 11.997865250176128 80
1616264510710 10.903763689109768 81
1616264635850 11.119996663363276 82
1616264761105 12.166327816255583 83
1616264886292 12.759896606280213 84
1616265011481 13.000057182611304 85
1616265136698 11.384848669016884 86
1616265262000 11.008414468840066 87
1616265387029 11.367622832530282 88
1616265512058 10.85407463809218 89
1616265647273 10.717600885928178 90
1616265772595 10.357665733235287 91
1616265897748 10.66424309489421 92
1616266023248 10.48015294754768 93
1616266148482 10.30455322321007 94
1616266273481 10.690194102315802 95
1616266398614 11.719841562899433 96
1616266524046 12.423669958571281 97
1616266649109 11.602074566948088 98
1616266774163 11.114774799498898 99
1616266899535 11.230353666349366 100
1616267024981 12.60852241688424 101
1616267150332 10.815330053081494 102
1616267275549 10.455837240919973 103
1616267400833 12.827086178448967 104
1616267525885 10.956689997587166 105
1616267650886 11.246033013011445 106
1616267775949 10.916289321988266 107
1616267901065 11.869504725421702 108
1616268026155 10.425579786714737 109
1616268151247 9.280362425985778 110
1616268276318 12.85863589414474 111
1616268401221 11.636203176411252 112
1616268526285 10.325382471043923 113
1616268651717 9.840146517974725 114
1616268776868 10.689325758835869 115
1616268902269 10.613158683124945 116
1616269027272 10.149975084000793 117
1616269152267 9.905210163411274 118
1616269277516 10.562791041990755 119
1616269402565 9.768338180318663 120
1616269527810 10.04094149255127 121
1616269652976 9.523200563345167 122
1616269778143 10.49055317503009 123
1616269903065 10.421905791489626 124
1616270027859 9.870216367173603 125
1616270153042 10.677604735790364 126
1616270278114 10.54187526798987 127
1616270403357 9.61000662871516 128
1616270528268 9.778449933300307 129
1616270653634 10.476246255422657 130
1616270778575 9.794162204139232 131
1616270903810 9.172843712577595 132
1616271029127 10.338480201856362 133
1616271153926 9.593239650776072 134
1616271279029 9.574887020141093 135
1616271404180 8.88657198484049 136
1616271529091 10.000846971506313 137
1616271654353 9.385067023258161 138
1616271779545 10.320048667461169 139
1616271904690 10.28431516990716 140
1616272029629 8.98844545241577 141
1616272154669 9.369371384885996 142
1616272279799 9.498135196405679 143
1616272404873 9.359937527869093 144
1616272529799 9.46217235371905 145
1616272655010 10.402046484367355 146
1616272779877 9.19765910729949 147
1616272904988 9.062615043627945 148
1616273030221 9.977020236758444 149
1616273155213 8.460350806371792 150
1616273280447 8.753807932396757 151
1616273405461 8.74185936224794 152
1616273530833 8.79499257421474 153
1616273655814 8.943350670149647 154
1616273780895 8.917748190470462 155
1616273906053 9.820733143209097 156
1616274030997 10.121887945240703 157
1616274156059 11.229117942546276 158
1616274281049 10.193871552193652 159
1616274406362 15.907024267994556 160
1616274531591 12.130102952768981 161
1616274656741 11.084868813543435 162
1616274781764 11.038234107157747 163
1616274906969 9.81385427427276 164
1616275032103 10.107594594855634 165
1616275157202 9.352505788123443 166
1616275282298 10.5774968074507 167
1616275407548 9.620871790392068 168
1616275532822 9.560175837357976 169
1616275657908 8.87548947616679 170
1616275783127 9.635514829238454 171
1616275908044 9.212464390818283 172
1616276032895 8.427222212963576 173
1616276157968 8.943852456822876 174
1616276283106 9.828587757644465 175
1616276408160 8.773295265780865 176
1616276533155 8.869759495239396 177
1616276658176 9.642519538993652 178
1616276783162 8.465706356695721 179
1616276908398 9.317816838140173 180
1616277033602 8.863616899464875 181
1616277158497 8.847256030291206 182
1616277283469 9.056819527261247 183
1616277408347 8.351451447102551 184
1616277533296 8.055160993448252 185
1616277658621 9.723722906125372 186
1616277783594 9.19818640917162 187
1616277908970 9.446536254698362 188
1616278034170 8.895462332185874 189
1616278159401 8.705223350554633 190
1616278284345 8.364086873585174 191
1616278409748 8.013214702780315 192
1616278534674 8.785174831567833 193
1616278659717 7.8670164964395015 194
1616278784570 8.589047096121284 195
1616278909560 8.920572045481062 196
1616279034481 8.890934789678516 197
1616279159404 8.275724721704583 198
1616279284468 8.212543929823294 199
1616279409886 8.516074450598948 200
1616279535115 9.617003777987737 201
1616279660145 7.914942276767376 202
1616279785639 8.536275727498301 203
1616279910833 8.39971250715993 204
1616280035728 8.160347500841516 205
1616280160826 7.754249987621486 206
1616280285798 8.589609224758016 207
1616280410794 8.81221755867215 208
1616280535896 8.523878126731105 209
1616280661074 8.803178721238565 210
1616280786247 8.612335998156048 211
1616280911569 8.426130226505535 212
1616281036997 7.766268526739121 213
1616281162268 8.953588223054222 214
1616281287587 8.127391824866672 215
1616281412783 9.180025341276087 216
1616281537682 7.782972197643171 217
1616281662795 7.539499965145845 218
1616281787800 8.867433043045832 219
1616281913289 8.079424669987011 220
1616282038212 8.35113947210454 221
1616282163180 8.655124302352778 222
1616282288051 8.129102171947554 223
1616282413044 8.425154251962018 224
1616282538312 8.534623788630933 225
1616282663554 9.204068206978633 226
1616282788683 9.827218379561216 227
1616282913882 8.65422788164997 228
1616283038738 7.629747831707163 229
1616283163816 7.92596092771102 230
1616283289186 8.48514818093799 231
1616283414153 8.149099633408476 232
1616283539380 9.546954940959841 233
1616283664524 8.396722866621408 234
1616283789631 7.688010965543078 235
1616283914931 10.327619566302598 236
1616284039831 9.621139273931682 237
1616284164832 8.411571258813067 238
1616284289905 9.775866291577243 239
1616284414970 8.278187882028751 240
1616284540121 8.177436319927018 241
1616284665059 7.9785646062309405 242
1616284790151 8.344918851928002 243
1616284915457 8.735098456647954 244
1616285040477 8.073577949451675 245
1616285165405 8.253811501991066 246
1616285290621 7.9096909297662 247
1616285415726 9.20226384017458 248
1616285540695 8.47622571073607 249
