1616426197155 1.1769408479015877 0
1616426321758 0.9611370121227933 1
1616426445631 0.8876255827803984 2
1616426570575 0.8526709056756597 3
1616426695091 0.822663010308083 4
1616426819485 0.8091038758239001 5
1616426944254 0.7995354742445844 6
1616427071362 0.7921975419876423 7
1616427198636 0.7867120340572181 8
1616427325852 0.7824758726548641 9
1616427451394 0.7787793087601892 10
1616427575467 0.7756961520946195 11
1616427700577 0.772763468947036 12
1616427824266 0.7711825638239507 13
1616427947706 0.7690856648463729 14
1616428071536 0.7673064255294331 15
1616428195060 0.7655493074349676 16
1616428318560 0.7641551524189347 17
1616428442330 0.7626354489788363 18
1616428566247 0.7614881931150214 19
1616428690023 0.7604487881653215 20
1616428813626 0.7593641342807785 21
1616428937080 0.7583044006745095 22
1616429060751 0.7574987419293072 23
1616429184527 0.7567522241587337 24
1616429308108 0.7561037113033421 25
1616429431866 0.7556626370119431 26
1616429555472 0.7550316755192804 27
1616429679113 0.7545912951580849 28
1616429803035 0.7542187640535918 29
1616429929807 0.753812341204881 30
1616430053709 0.7534441461667738 31
1616430177389 0.7530910630213841 32
1616430301350 0.752669953434578 33
1616430425180 0.7522546997186264 34
1616430548937 0.7519351712848563 35
1616430672654 0.7515514648084057 36
1616430796527 0.7511853380973506 37
1616430920621 0.750837512814277 38
1616431044647 0.7504958935557531 39
1616431168811 0.7501527382168182 40
1616431292925 0.7498285447180335 41
1616431416671 0.7495473946367737 42
1616431540653 0.7492506434452838 43
1616431664481 0.7491189079222672 44
1616431788372 0.7489274568187213 45
1616431912181 0.7486584154984274 46
1616432035928 0.7483941041170921 47
1616432159673 0.7482364474691834 48
1616432283481 0.7479451672257266 49
1616432407308 0.7475193573762642 50
1616432531252 0.7472838148681997 51
1616432654924 0.7471370392118966 52
1616432778663 0.7469884380933057 53
1616432902498 0.7469523828945035 54
1616433026235 0.7468610404280095 55
1616433149965 0.7467008345148914 56
1616433273635 0.7465134067672718 57
1616433397494 0.7464037573793246 58
1616433521319 0.7463224752891998 59
1616433645088 0.74628836693022 60
1616433768730 0.7461602819205235 61
1616433892564 0.7461659556071693 62
1616434016338 0.7460349181696698 63
1616434139959 0.7460115109303583 64
1616434263532 0.7459587400225502 65
1616434387291 0.7457863008334323 66
1616434511097 0.74572108181028 67
1616434634835 0.7456586892236139 68
1616434758692 0.7455403143828767 69
1616434882580 0.7454911064103156 70
1616435006311 0.7454666144414931 71
1616435130325 0.745369791185429 72
1616435254336 0.7452934350242149 73
1616435378075 0.7452105087084132 74
1616435501741 0.7452129256251415 75
1616435625830 0.745149939535863 76
1616435749878 0.7450627566961016 77
1616435873814 0.745028772541625 78
1616435997678 0.7449468892463983 79
1616436121928 0.7448614720663191 80
1616436245557 0.7448468057870807 81
1616436369339 0.7447781057326929 82
1616436493064 0.7447360860940598 83
1616436616865 0.7446369225860989 84
1616436741015 0.7445753477495363 85
1616436864733 0.7445187757981093 86
1616436988637 0.7444830663840883 87
1616437112214 0.7444579831662721 88
1616437235957 0.7444267648437349 89
1616437359950 0.744357217684204 90
1616437483534 0.744251753614525 91
1616437607165 0.7441924699409367 92
1616437730931 0.7441356882972385 93
1616437854701 0.7441070683726009 94
1616437978339 0.7440619618526222 95
1616438102027 0.7440131683965664 96
1616438225755 0.7439438231609672 97
1616438349579 0.7439234899835336 98
1616438473608 0.7438397841853033 99
1616438597434 0.7437761423209607 100
1616438721059 0.7436822071192811 101
1616438844711 0.7436731320795654 102
1616438968375 0.7437049094861934 103
1616439092171 0.7437300712625068 104
1616439215710 0.7436858032037821 105
1616439339372 0.7435869704743083 106
1616439463021 0.743572304687273 107
1616439586636 0.7434984910320591 108
1616439710292 0.743463100887821 109
1616439834133 0.7434836591777618 110
1616439957774 0.74347589488246 111
1616440081471 0.7434872184078523 112
1616440205405 0.7434721969154268 113
1616440329084 0.7434536962515775 114
1616440452663 0.7434465411943896 115
1616440576525 0.7434283451131963 116
1616440700197 0.7433879540482888 117
1616440824103 0.7433305538001185 118
1616440948038 0.7432897715835922 119
1616441072040 0.7432206954308551 120
1616441195879 0.7431501958676447 121
1616441319644 0.7431369713718478 122
1616441443367 0.7431406954005518 123
1616441567044 0.7431601580279943 124
1616441690574 0.7431865792994526 125
1616441814264 0.7431254420229134 126
1616441938247 0.7431172483694803 127
1616442061826 0.7431070371275198 128
1616442185534 0.7431114729780421 129
1616442309332 0.7430765681478217 130
1616442433135 0.7430905219549372 131
1616442557072 0.7430423898346771 132
1616442680707 0.7429874120827292 133
1616442804367 0.7429240787517757 134
1616442927881 0.7429031927642116 135
1616443051493 0.7428771043082062 136
1616443175111 0.7428077088828045 137
1616443298939 0.742785464176792 138
1616443422645 0.7427397130900789 139
1616443546551 0.7426836027226806 140
1616443670122 0.7426975985259439 141
1616443793785 0.7427042537684638 142
1616443917497 0.7427124036431987 143
1616444041166 0.7427170047166155 144
1616444164815 0.7427263216131011 145
1616444288469 0.7426675838751396 146
1616444412515 0.7426159362993655 147
1616444536456 0.7426054831910748 148
1616444660096 0.7426062430071497 149
1616444783776 0.7426347712366388 150
1616444907574 0.7425890899089161 151
1616445031239 0.7425919891443996 152
1616445154985 0.7425867084822432 153
1616445278793 0.7425800792959844 154
1616445402596 0.742574139088149 155
1616445526645 0.7425307211194656 156
1616445650487 0.7425164217006449 157
1616445773972 0.7424906628383594 158
1616445897659 0.7424702630834064 159
1616446021614 0.7424257823911139 160
1616446145448 0.7424124764674354 161
1616446269095 0.7423997760371434 162
1616446392700 0.742439882529172 163
1616446516537 0.7424225640366114 164
1616446640293 0.7424381244445396 165
1616446764049 0.7424325886665298 166
1616446888063 0.7424209066463796 167
1616447011676 0.7424094775218174 168
1616447135406 0.7423727652139602 169
1616447259267 0.742354026227667 170
1616447383060 0.7423243661499128 171
1616447506744 0.7422941490327901 172
1616447630448 0.7423075635626635 173
1616447754097 0.7422703366529619 174
1616447877730 0.7422651490917148 175
1616448001344 0.7422504412993919 176
1616448125210 0.7422405749135491 177
1616448249104 0.742239934146851 178
1616448372787 0.7422171652722166 179
1616448496566 0.7422061354986889 180
1616448620120 0.7422085478030861 181
1616448743581 0.7422068677379179 182
1616448867204 0.7421653949871841 183
1616448990905 0.7421439046709619 184
1616449114515 0.7421370832847396 185
1616449238281 0.742127504339193 186
1616449361951 0.7420883773661219 187
1616449485513 0.7420568336063474 188
1616449609237 0.7420341271419011 189
1616449732961 0.7420184831301491 190
1616449856402 0.7420302349760314 191
1616449980209 0.7419928287907169 192
1616450103915 0.7419617088279934 193
1616450227663 0.7419635004039291 194
1616450351487 0.7419575368221231 195
1616450475025 0.7419821329125966 196
1616450598705 0.741994391072381 197
1616450722295 0.7419741626338606 198
1616450845783 0.7419719443850699 199
1616450969569 0.7419530802777149 200
1616451093110 0.7419529254135272 201
1616451216978 0.7419490593947928 202
1616451340945 0.7419524086180037 203
1616451464826 0.7419232380022088 204
1616451590646 0.7419028650939259 205
1616451714574 0.7418975569472458 206
1616451838356 0.7418876960675453 207
1616451962095 0.7418459420438751 208
1616452085756 0.7418086688071042 209
1616452209609 0.7417942479446653 210
1616452333246 0.741809940316301 211
1616452456930 0.7418178203874344 212
1616452580708 0.741774489275325 213
1616452704440 0.7417413385403391 214
1616452828141 0.7417097730537143 215
1616452952022 0.7417219098347269 216
1616453075705 0.7416844495715589 217
1616453199433 0.7416980928675982 218
1616453323276 0.7416877457940491 219
1616453447093 0.7416923703774463 220
1616453571077 0.7416888683140339 221
1616453694766 0.7416928068873951 222
1616453818393 0.7416960892301498 223
1616453942154 0.7417287867387703 224
1616454065784 0.741731698715099 225
1616454189393 0.7417270258098372 226
1616454312988 0.7417156946354838 227
1616454436690 0.7416833721839907 228
1616454560644 0.7416786677425491 229
1616454684791 0.7416618931529011 230
1616454808376 0.7416305876161391 231
1616454932192 0.7416152004827794 232
1616455055912 0.7416005215700228 233
1616455179629 0.7415767202837646 234
1616455303445 0.7415475943849553 235
1616455427197 0.7415117644738743 236
1616455550794 0.7415206162680271 237
1616455674552 0.7415003160486175 238
1616455798100 0.7415066866019202 239
1616455921958 0.7414947519555903 240
1616456045684 0.7414837147230235 241
1616456169495 0.7414654766552486 242
1616456293193 0.7414413180473818 243
1616456416899 0.7414117119996075 244
1616456540601 0.7414074397531998 245
1616456664547 0.7414084719355202 246
1616456788229 0.7414152161394012 247
1616456912008 0.7414021292545551 248
1616457035700 0.7414228314731988 249
