1616426197157 0.11050802835590265 0
1616426197159 0.11050802835590265 0
1616426321760 0.055254014177951324 1
1616426321762 0.055254014177951324 1
1616426445634 0.03683600945196755 2
1616426445636 0.03683600945196755 2
1616426570578 0.027627007088975662 3
1616426570580 0.027627007088975662 3
1616426695093 0.04677203181187345 4
1616426695095 0.04677203181187345 4
1616426819487 0.03976946227086942 5
1616426819489 0.03976946227086942 5
1616426944256 0.03408811051788808 6
1616426944258 0.03408811051788808 6
1616427071365 0.02982709670315207 7
1616427071367 0.02982709670315207 7
1616427198638 0.02651297484724628 8
1616427198640 0.02651297484724628 8
1616427325854 0.023861677362521656 9
1616427325856 0.023861677362521656 9
1616427451396 0.02169243396592878 10
1616427451398 0.02169243396592878 10
1616427575469 0.01988473113543471 11
1616427575472 0.01988473113543471 11
1616427700580 0.018355136432708967 12
1616427700582 0.018355136432708967 12
1616427824268 0.017294607142516905 13
1616427824271 0.017294607142516905 13
1616427947707 0.016141633333015777 14
1616427947710 0.016141633333015777 14
1616428071538 0.015132781249702291 15
1616428071541 0.015132781249702291 15
1616428195063 0.014242617646778628 16
1616428195065 0.014242617646778628 16
1616428318562 0.013451361110846482 17
1616428318564 0.013451361110846482 17
1616428442332 0.012743394736591404 18
1616428442335 0.012743394736591404 18
1616428566249 0.012142671861139652 19
1616428566251 0.012142671861139652 19
1616428690025 0.011564449391561574 20
1616428690027 0.011564449391561574 20
1616428813628 0.011038792601036048 21
1616428813630 0.011038792601036048 21
1616428937082 0.010558845096643175 22
1616428937085 0.010558845096643175 22
1616429060753 0.010118893217616377 23
1616429060755 0.010118893217616377 23
1616429184529 0.009714137488911721 24
1616429184531 0.009714137488911721 24
1616429308110 0.00934051681626127 25
1616429308112 0.00934051681626127 25
1616429431868 0.008994571748992335 26
1616429431870 0.008994571748992335 26
1616429555474 0.00867333704367118 27
1616429555476 0.00867333704367118 27
1616429679116 0.00837425645595838 28
1616429679118 0.00837425645595838 28
1616429803037 0.008095114574093102 29
1616429803039 0.008095114574093102 29
1616429929809 0.00783398184589655 30
1616429929811 0.00783398184589655 30
1616430053712 0.0075891699132122825 31
1616430053714 0.0075891699132122825 31
1616430177392 0.007359195067357365 32
1616430177394 0.007359195067357365 32
1616430301352 0.00714274815361156 33
1616430301354 0.00714274815361156 33
1616430425183 0.006938669634936944 34
1616430425185 0.006938669634936944 34
1616430548939 0.006745928811744251 35
1616430548943 0.006745928811744251 35
1616430672656 0.006563606411426839 36
1616430672659 0.006563606411426839 36
1616430796529 0.006390879926915606 37
1616430796531 0.006390879926915606 37
1616430920623 0.0062270112108408476 38
1616430920625 0.0062270112108408476 38
1616431044649 0.006071335930569826 39
1616431044652 0.006071335930569826 39
1616431168813 0.005923254566409586 40
1616431168815 0.005923254566409586 40
1616431292927 0.005782224695780787 41
1616431292930 0.005782224695780787 41
1616431416673 0.005647754354018443 42
1616431416676 0.005647754354018443 42
1616431540655 0.005519396300518024 43
1616431540657 0.005519396300518024 43
1616431664484 0.005396743049395401 44
1616431664486 0.005396743049395401 44
1616431788375 0.0052794225483215875 45
1616431788377 0.0052794225483215875 45
1616431912183 0.005167094408995597 46
1616431912185 0.005167094408995597 46
1616432035930 0.005059446608808188 47
1616432035932 0.005059446608808188 47
1616432159675 0.004956192596383531 48
1616432159677 0.004956192596383531 48
1616432283483 0.004857068744455861 49
1616432283485 0.004857068744455861 49
1616432407311 0.004761832102407707 50
1616432407313 0.004761832102407707 50
1616432531254 0.004670258408130635 51
1616432531257 0.004670258408130635 51
1616432654926 0.004582140324958359 52
1616432654928 0.004582140324958359 52
1616432778665 0.0044972858744961675 53
1616432778668 0.0044972858744961675 53
1616432902500 0.004415517040414419 54
1616432902502 0.004415517040414419 54
1616433026238 0.00433666852183559 55
1616433026240 0.00433666852183559 55
1616433149967 0.004260586617943737 56
1616433149969 0.004260586617943737 56
1616433273637 0.00418712822797919 57
1616433273640 0.00418712822797919 57
1616433397496 0.0041161599529286955 58
1616433397499 0.0041161599529286955 58
1616433521321 0.004047557287046551 59
1616433521323 0.004047557287046551 59
1616433645090 0.003981203888898247 60
1616433645093 0.003981203888898247 60
1616433768732 0.003916990922948275 61
1616433768734 0.003916990922948275 61
1616433892566 0.0038548164638538577 62
1616433892568 0.0038548164638538577 62
1616434016340 0.0037945849566061412 63
1616434016343 0.0037945849566061412 63
1616434139961 0.003736206726504508 64
1616434139964 0.003736206726504508 64
1616434263535 0.0036795975336786826 65
1616434263537 0.0036795975336786826 65
1616434387293 0.0036246781675043738 66
1616434387296 0.0036246781675043738 66
1616434511099 0.00357137407680578 67
1616434511101 0.00357137407680578 67
1616434634837 0.003519615032214392 68
1616434634839 0.003519615032214392 68
1616434758694 0.003469334817468472 69
1616434758697 0.003469334817468472 69
1616434882582 0.003420470946799902 70
1616434882585 0.003420470946799902 70
1616435006313 0.0033729644058721254 71
1616435006315 0.0033729644058721254 71
1616435130327 0.0033267594140108637 72
1616435130329 0.0033267594140108637 72
1616435254339 0.0032818032057134196 73
1616435254341 0.0032818032057134196 73
1616435378078 0.0032380458296372406 74
1616435378080 0.0032380458296372406 74
1616435501744 0.003195439963457803 75
1616435501746 0.003195439963457803 75
1616435625833 0.0031539407431531562 76
1616435625835 0.0031539407431531562 76
1616435749881 0.0031135056054204238 77
1616435749883 0.0031135056054204238 77
1616435873817 0.0030740941420606713 78
1616435873819 0.0030740941420606713 78
1616435997680 0.003035667965284913 79
1616435997683 0.003035667965284913 79
1616436121931 0.002998190582997445 80
1616436121933 0.002998190582997445 80
1616436245559 0.002961627283204793 81
1616436245562 0.002961627283204793 81
1616436369342 0.002925945026780639 82
1616436369344 0.002925945026780639 82
1616436493067 0.0028911123478903935 83
1616436493069 0.0028911123478903935 83
1616436616867 0.002857099261444624 84
1616436616869 0.002857099261444624 84
1616436741017 0.0028238771770092213 85
1616436741020 0.0028238771770092213 85
1616436864736 0.0027914188186527935 86
1616436864738 0.0027914188186527935 86
1616436988639 0.002759698150259012 87
1616436988641 0.002759698150259012 87
1616437112217 0.0027286903058740793 88
1616437112219 0.0027286903058740793 88
1616437235959 0.0026983715246977004 89
1616437235961 0.0026983715246977004 89
1616437359953 0.0026687190903603632 90
1616437359955 0.0026687190903603632 90
1616437483536 0.0026397112741607938 91
1616437483538 0.0026397112741607938 91
1616437607167 0.0026113272819655166 92
1616437607170 0.0026113272819655166 92
1616437730933 0.0025835472044977983 93
1616437730936 0.0025835472044977983 93
1616437854703 0.0025563519707662427 94
1616437854705 0.0025563519707662427 94
1616437978341 0.002529723304404094 95
1616437978344 0.002529723304404094 95
1616438102029 0.0025036436827092067 96
1616438102032 0.0025036436827092067 96
1616438225757 0.0024780962981917655 97
1616438225760 0.0024780962981917655 97
1616438349581 0.0024530650224524548 98
1616438349583 0.0024530650224524548 98
1616438473610 0.0024285343722279303 99
1616438473612 0.0024285343722279303 99
1616438597437 0.0024044894774533964 100
1616438597439 0.0024044894774533964 100
1616438721061 0.0023809160512038535 101
1616438721064 0.0023809160512038535 101
1616438844714 0.0023578003613863403 102
1616438844716 0.0023578003613863403 102
1616438968377 0.0023351292040653176 103
1616438968379 0.0023351292040653176 103
1616439092173 0.0023128898783123146 104
1616439092175 0.0023128898783123146 104
1616439215712 0.0022910701624791795 105
1616439215715 0.0022910701624791795 105
1616439339375 0.002269658291801804 106
1616439339377 0.002269658291801804 106
1616439463024 0.0022486429372480837 107
1616439463026 0.0022486429372480837 107
1616439586638 0.0022280131855302115 108
1616439586641 0.0022280131855302115 108
1616439710295 0.0022077585202072095 109
1616439710297 0.0022077585202072095 109
1616439834135 0.0021878688038089464 110
1616439834138 0.0021878688038089464 110
1616439957776 0.002168334260917795 111
1616439957779 0.002168334260917795 111
1616440081473 0.002149145462148611 112
1616440081476 0.002149145462148611 112
1616440205407 0.0021302933089718686 113
1616440205410 0.0021302933089718686 113
1616440329086 0.002111769019328635 114
1616440329089 0.002111769019328635 114
1616440452665 0.002093564113989595 115
1616440452668 0.002093564113989595 115
1616440576528 0.0020756704036136156 116
1616440576530 0.0020756704036136156 116
1616440700200 0.0020580799764643477 117
1616440700202 0.0020580799764643477 117
1616440824106 0.00204078518674616 118
1616440824108 0.00204078518674616 118
1616440948040 0.0020237786435232754 119
1616440948043 0.0020237786435232754 119
1616441072043 0.0020070532001883724 120
1616441072045 0.0020070532001883724 120
1616441195881 0.0019906019444491233 121
1616441195884 0.0019906019444491233 121
1616441319647 0.0019744181888031957 122
1616441319649 0.0019744181888031957 122
1616441443369 0.0019584954614741373 123
1616441443372 0.0019584954614741373 123
1616441567046 0.0019428274977823443 124
1616441567049 0.0019428274977823443 124
1616441690577 0.0019274082319269289 125
1616441690580 0.0019274082319269289 125
1616441814266 0.0019122317891558506 126
1616441814269 0.0019122317891558506 126
1616441938249 0.0018972924783030706 127
1616441938251 0.0018972924783030706 127
1616442061828 0.0018825847846728142 128
1616442061830 0.0018825847846728142 128
1616442185537 0.001868103363252254 129
1616442185539 0.001868103363252254 129
1616442309335 0.0018538430322350614 130
1616442309337 0.0018538430322350614 130
1616442433137 0.0018397987668393413 131
1616442433139 0.0018397987668393413 131
1616442557075 0.001825965693404459 132
1616442557077 0.001825965693404459 132
1616442680710 0.0018123390837521869 133
1616442680713 0.0018123390837521869 133
1616442804370 0.0017989143497984669 134
1616442804373 0.0017989143497984669 134
1616442927884 0.00178568703840289 135
1616442927886 0.00178568703840289 135
1616443051496 0.0017726528264437448 136
1616443051498 0.0017726528264437448 136
1616443175113 0.001759807516107196 137
1616443175116 0.001759807516107196 137
1616443298942 0.001747147030379806 138
1616443298944 0.001747147030379806 138
1616443422647 0.001734667408734236 139
1616443422650 0.001734667408734236 139
1616443546554 0.0017223648029985321 140
1616443546556 0.0017223648029985321 140
1616443670124 0.001710235473399951 141
1616443670127 0.001710235473399951 141
1616443793788 0.0016982757847747766 142
1616443793791 0.0016982757847747766 142
1616443917500 0.0016864822029360627 143
1616443917502 0.0016864822029360627 143
1616444041168 0.0016748512911916762 144
1616444041170 0.0016748512911916762 144
1616444164817 0.0016633797070054318 145
1616444164819 0.0016633797070054318 145
1616444288472 0.0016520641987945105 146
1616444288474 0.0016520641987945105 146
1616444412517 0.0016409016028567098 147
1616444412520 0.0016409016028567098 147
1616444536459 0.0016298888404214298 148
1616444536461 0.0016298888404214298 148
1616444660099 0.0016190229148186203 149
1616444660101 0.0016190229148186203 149
1616444783778 0.0016083009087602188 150
1616444783780 0.0016083009087602188 150
1616444907577 0.0015977199817289016 151
1616444907580 0.0015977199817289016 151
1616445031241 0.0015872773674692356 152
1616445031244 0.0015872773674692356 152
1616445154988 0.0015769703715765781 153
1616445154990 0.0015769703715765781 153
1616445278795 0.00156679636917931 154
1616445278797 0.00156679636917931 154
1616445402599 0.0015567528027102119 155
1616445402602 0.0015567528027102119 155
1616445526648 0.001546837179763013 156
1616445526650 0.001546837179763013 156
1616445650490 0.0015370470710303356 157
1616445650492 0.0015370470710303356 157
1616445773974 0.001527380108319453 158
1616445773977 0.001527380108319453 158
1616445897662 0.0015178339826424565 159
1616445897664 0.0015178339826424565 159
1616446021616 0.0015084064423775965 160
1616446021619 0.0015084064423775965 160
1616446145451 0.0014990952914987225 161
1616446145453 0.0014990952914987225 161
1616446269097 0.0014898983878698958 162
1616446269100 0.0014898983878698958 162
1616446392702 0.0014808136416023965 163
1616446392705 0.0014808136416023965 163
1616446516539 0.001471839013471473 164
1616446516541 0.001471839013471473 164
1616446640295 0.0014629725133903195 165
1616446640299 0.0014629725133903195 165
1616446764051 0.0014542121989388804 166
1616446764054 0.0014542121989388804 166
1616446888066 0.0014455561739451968 167
1616446888068 0.0014455561739451968 167
1616447011678 0.0014370025871171185 168
1616447011681 0.0014370025871171185 168
1616447135409 0.001428549630722312 169
1616447135411 0.001428549630722312 169
1616447259269 0.001420195539314579 170
1616447259272 0.001420195539314579 170
1616447383063 0.0014119385885046107 171
1616447383065 0.0014119385885046107 171
1616447506746 0.00140377709377337 172
1616447506749 0.00140377709377337 172
1616447630450 0.0013957094093263967 173
1616447630453 0.0013957094093263967 173
1616447754099 0.0013877339269873887 174
1616447754102 0.0013877339269873887 174
1616447877733 0.001379849075129506 175
1616447877735 0.001379849075129506 175
1616448001346 0.0013720533176428986 176
1616448001348 0.0013720533176428986 176
1616448125212 0.0013643451529370396 177
1616448125215 0.0013643451529370396 177
1616448249107 0.0013567231129764975 178
1616448249109 0.0013567231129764975 178
1616448372789 0.0013491857623488502 179
1616448372792 0.0013491857623488502 179
1616448496568 0.0013417316973634975 180
1616448496571 0.0013417316973634975 180
1616448620123 0.0013343595451801816 181
1616448620125 0.0013343595451801816 181
1616448743583 0.0013270679629660822 182
1616448743586 0.0013270679629660822 182
1616448867206 0.0013198556370803969 183
1616448867209 0.0013198556370803969 183
1616448990908 0.0013127212822853678 184
1616448990910 0.0013127212822853678 184
1616449114518 0.0013056636409827583 185
1616449114520 0.0013056636409827583 185
1616449238284 0.001298681482474829 186
1616449238286 0.001298681482474829 186
1616449361953 0.0012917736022488992 187
1616449361956 0.0012917736022488992 187
1616449485516 0.0012849388212846193 188
1616449485518 0.0012849388212846193 188
1616449609239 0.0012781759853831213 189
1616449609242 0.0012781759853831213 189
1616449732963 0.0012714839645172412 190
1616449732966 0.0012714839645172412 190
1616449856405 0.001264861652202047 191
1616449856408 0.001264861652202047 191
1616449980211 0.001258307964884938 192
1616449980214 0.001258307964884938 192
1616450103917 0.0012518218413546034 193
1616450103919 0.0012518218413546034 193
1616450227666 0.0012454022421681695 194
1616450227668 0.0012454022421681695 194
1616450351490 0.0012390481490958827 195
1616450351492 0.0012390481490958827 195
1616450475027 0.0012327585645827057 196
1616450475030 0.0012327585645827057 196
1616450598708 0.0012265325112262274 197
1616450598711 0.0012265325112262274 197
1616450722298 0.0012203690312703169 198
1616450722300 0.0012203690312703169 198
1616450845787 0.0012142671861139652 199
1616450845789 0.0012142671861139652 199
1616450969571 0.0012082260558347912 200
1616450969574 0.0012082260558347912 200
1616451093112 0.0012022447387266982 201
1616451093115 0.0012022447387266982 201
1616451216981 0.0011963223508511972 202
1616451216983 0.0011963223508511972 202
1616451340947 0.0011904580256019268 203
1616451340950 0.0011904580256019268 203
1616451464829 0.0011846509132819173 204
1616451464831 0.0011846509132819173 204
1616451590649 0.0011789001806931701 205
1616451590652 0.0011789001806931701 205
1616451714576 0.0011732050107381305 206
1616451714579 0.0011732050107381305 206
1616451838358 0.0011675646020326588 207
1616451838361 0.0011675646020326588 207
1616451962097 0.0011619781685301101 208
1616451962100 0.0011619781685301101 208
1616452085759 0.0011564449391561573 209
1616452085761 0.0011564449391561573 209
1616452209611 0.0011509641574539954 210
1616452209613 0.0011509641574539954 210
1616452333249 0.0011455350812395898 211
1616452333251 0.0011455350812395898 211
1616452456932 0.001140156982266634 212
1616452456934 0.001140156982266634 212
1616452580711 0.001134829145900902 213
1616452580713 0.001134829145900902 213
1616452704442 0.0011295508708036885 214
1616452704444 0.0011295508708036885 214
1616452828143 0.0011243214686240419 215
1616452828146 0.0011243214686240419 215
1616452952025 0.0011191402636995071 216
1616452952027 0.0011191402636995071 216
1616453075707 0.0011140065927651057 217
1616453075710 0.0011140065927651057 217
1616453199435 0.0011089198046702877 218
1616453199437 0.0011089198046702877 218
1616453323279 0.0011038792601036048 219
1616453323281 0.0011038792601036048 219
1616453447096 0.0010988843313248554 220
1616453447098 0.0010988843313248554 220
1616453571080 0.0010939344019044732 221
1616453571083 0.0010939344019044732 221
1616453694768 0.001089028866469924 222
1616453694770 0.001089028866469924 222
1616453818396 0.0010841671304588974 223
1616453818399 0.0010841671304588974 223
1616453942157 0.0010793486098790801 224
1616453942159 0.0010793486098790801 224
1616454065787 0.0010745727310743055 225
1616454065789 0.0010745727310743055 225
1616454189397 0.0010698389304968855 226
1616454189399 0.0010698389304968855 226
1616454312990 0.0010651466544859343 227
1616454312993 0.0010651466544859343 227
1616454436692 0.001060495359051498 228
1616454436695 0.001060495359051498 228
1616454560646 0.0010558845096643175 229
1616454560649 0.0010558845096643175 229
1616454684794 0.0010513135810510522 230
1616454684796 0.0010513135810510522 230
1616454808378 0.0010467820569947976 231
1616454808381 0.0010467820569947976 231
1616454932195 0.0010422894301407427 232
1616454932197 0.0010422894301407427 232
1616455055915 0.0010378352018068078 233
1616455055917 0.0010378352018068078 233
1616455179632 0.0010334188817991193 234
1616455179634 0.0010334188817991193 234
1616455303448 0.0010290399882321739 235
1616455303450 0.0010290399882321739 235
1616455427200 0.0010246980473535572 236
1616455427203 0.0010246980473535572 236
1616455550797 0.00102039259337308 237
1616455550799 0.00102039259337308 237
1616455674554 0.0010161231682962052 238
1616455674557 0.0010161231682962052 238
1616455798103 0.0010118893217616377 239
1616455798105 0.0010118893217616377 239
1616455921961 0.0010076906108829587 240
1616455921963 0.0010076906108829587 240
1616456045686 0.0010035266000941862 241
1616456045689 0.0010035266000941862 241
1616456169498 0.0009993968609991483 242
1616456169500 0.0009993968609991483 242
1616456293196 0.0009953009722245617 243
1616456293198 0.0009953009722245617 243
1616456416902 0.0009912385192767062 244
1616456416904 0.0009912385192767062 244
1616456540604 0.0009872090944015978 245
1616456540607 0.0009872090944015978 245
1616456664550 0.0009832122964485547 246
1616456664553 0.0009832122964485547 246
1616456788231 0.0009792477307370687 247
1616456788234 0.0009792477307370687 247
1616456912010 0.0009753150089268797 248
1616456912013 0.0009753150089268797 248
1616457035702 0.0009714137488911721 249
1616457035705 0.0009714137488911721 249
