1616426197147 1.1769408479015877 0
1616426321751 0.745333176343999 1
1616426445624 0.7406027240956083 2
1616426570569 0.747806874361444 3
1616426695084 0.7026314288377762 4
1616426819478 0.7413082034029859 5
1616426944246 0.7421250647686898 6
1616427071349 0.7408320161890476 7
1616427198621 0.7428279706138246 8
1616427325838 0.7443504200336781 9
1616427451381 0.7418136698134402 10
1616427575452 0.7417814287733524 11
1616427700563 0.7375712711760338 12
1616427824260 0.7506307972238419 13
1616427947699 0.7397290791602845 14
1616428071530 0.7406178357753348 15
1616428195054 0.7374354179235215 16
1616428318553 0.7404545171463743 17
1616428442324 0.7352807870570649 18
1616428566240 0.7396903317025367 19
1616428690016 0.7396606891713244 20
1616428813619 0.7365864027053752 21
1616428937074 0.7349902613365904 22
1616429060745 0.7389685907896529 23
1616429184521 0.738835797664967 24
1616429308102 0.7398908899185506 25
1616429431860 0.7441947054355702 26
1616429555465 0.7379957152173874 27
1616429679107 0.7422606450446109 28
1616429802956 0.7434153620232927 29
1616429929800 0.7416196557435584 30
1616430053699 0.7420300999854473 31
1616430177380 0.7417924023689108 32
1616430301340 0.738773337069978 33
1616430425172 0.7381360733762701 34
1616430548928 0.740751676102902 35
1616430672646 0.7377380316561841 36
1616430796519 0.7376386497883086 37
1616430920613 0.7376201520574853 38
1616431044639 0.7371727424733182 39
1616431168803 0.7364265246594206 40
1616431292917 0.7365366112678609 41
1616431416661 0.7377390912238587 42
1616431540643 0.736490342211216 43
1616431664472 0.7433225449095381 44
1616431788362 0.740312157159156 45
1616431912171 0.7362825147649075 46
1616432035918 0.7359714691943311 47
1616432159664 0.7406689283695627 48
1616432283472 0.7336724352963427 49
1616432407298 0.7262288649031456 50
1616432531242 0.7352711469569104 51
1616432654914 0.7395047050841311 52
1616432778653 0.7391125788079932 53
1616432902489 0.7450054021591835 54
1616433026226 0.7418372047708389 55
1616433149955 0.7377293033802763 56
1616433273625 0.7358300251529571 57
1616433397485 0.7400440928783822 58
1616433521309 0.7415268319718381 59
1616433645078 0.7442418653914269 60
1616433768720 0.7383470963290397 61
1616433892554 0.746517724179207 62
1616434016328 0.7377795596072014 63
1616434139949 0.7445134476144263 64
1616434263523 0.7425286310150269 65
1616434387281 0.73440531435165 66
1616434511088 0.7413514072590686 67
1616434634826 0.7414159933303265 68
1616434758682 0.737372450372006 69
1616434882570 0.7420465483310374 70
1616435006301 0.7437276846550881 71
1616435130315 0.7383985167488138 72
1616435254327 0.7397194352555783 73
1616435378066 0.7390739613390983 74
1616435501732 0.745394194379766 75
1616435625820 0.7403629967506896 76
1616435749870 0.738349678034478 77
1616435873805 0.7423780084924495 78
1616435997669 0.738478108923486 79
1616436121919 0.7380280976599836 80
1616436245547 0.7436588371687747 81
1616436369330 0.7391447012728833 82
1616436493055 0.7412484560875182 83
1616436616856 0.7363071879173847 84
1616436741005 0.7393414866417012 85
1616436864723 0.7396535879754006 86
1616436988627 0.7413763473642633 87
1616437112205 0.7422506599984271 88
1616437235948 0.7416483341379368 89
1616437359941 0.7380979733264192 90
1616437483524 0.7346545232737318 91
1616437607156 0.7387383719708057 92
1616437730922 0.7388549954333203 93
1616437854691 0.7414167954566631 94
1616437978330 0.7397768424546465 95
1616438102019 0.7393289966152069 96
1616438225745 0.7372173353078517 97
1616438349569 0.7419308385950454 98
1616438473599 0.735552910160511 99
1616438597425 0.7374119558866988 100
1616438721049 0.7341947517496474 101
1616438844702 0.7427474780285612 102
1616438968365 0.746977982368875 103
1616439092161 0.7463468959990968 104
1616439215700 0.7390376570376944 105
1616439339363 0.7331107011500825 106
1616439463012 0.7420030654744899 107
1616439586627 0.7355266162689696 108
1616439710283 0.73960557516585 109
1616439834124 0.7457450710712595 110
1616439957765 0.7426140581039672 111
1616440081462 0.7447554532517778 112
1616440205395 0.7417747682713448 113
1616440329074 0.7413446205727597 114
1616440452655 0.7426237096177771 115
1616440576516 0.7413175996947796 116
1616440700187 0.7386621994541046 117
1616440824094 0.7365573245160123 118
1616440948028 0.7384366878169648 119
1616441072031 0.7349315571024063 120
1616441195869 0.7346197487191951 121
1616441319634 0.7415235828846058 122
1616441443357 0.7435987509311514 123
1616441567034 0.7455735238308602 124
1616441690565 0.7464892382317401 125
1616441814254 0.7354221451789775 126
1616441938237 0.7420766543834767 127
1616442061816 0.7417999981565678 128
1616442185525 0.7436836976954277 129
1616442309322 0.738538940219169 130
1616442433125 0.7449184706870545 131
1616442557063 0.7366889499603434 132
1616442680698 0.735675371073662 133
1616442804358 0.7344374124039995 134
1616442927871 0.7400835844430518 135
1616443051484 0.7393290742914728 136
1616443175103 0.7333005356027725 137
1616443298929 0.7397156947470725 138
1616443422635 0.7363803120369606 139
1616443546542 0.7348281512869165 140
1616443670112 0.7446710067860624 141
1616443793775 0.7436492982062888 142
1616443917487 0.7438778357302889 143
1616444041156 0.7433795592886336 144
1616444164805 0.7440772716035234 145
1616444288461 0.7340918741327651 146
1616444412504 0.735023742660563 147
1616444536447 0.741058423164043 148
1616444660088 0.7427194556023212 149
1616444783767 0.7469140056599962 150
1616444907564 0.7356912094227811 151
1616445031229 0.7430326729378802 152
1616445154975 0.7417787671723264 153
1616445278783 0.7415591846121118 154
1616445402587 0.7416534068736624 155
1616445526636 0.7357575180048638 156
1616445650478 0.7402714129458082 157
1616445773962 0.7384207625972464 158
1616445897650 0.739226702045887 159
1616446021605 0.7353088716243176 160
1616446145438 0.7402702227551886 161
1616446269085 0.7403423063298489 162
1616446392690 0.7489772407298393 163
1616446516527 0.7395823312566635 164
1616446640284 0.7450055917526813 165
1616446764039 0.7415136495169173 166
1616446888054 0.7404700092812802 167
1616447011666 0.7404893845953839 168
1616447135397 0.736168385186094 169
1616447259258 0.7391683985578253 170
1616447383049 0.7372524928539357 171
1616447506733 0.7370968048876905 172
1616447630439 0.7446282772307701 173
1616447754088 0.7357928543648822 174
1616447877721 0.7413573258734764 175
1616448001334 0.7396618698505645 176
1616448125200 0.7404942246193581 177
1616448249095 0.7421258776745898 178
1616448372778 0.7381415367126465 179
1616448496556 0.7402207762637036 180
1616448620110 0.7426451748989998 181
1616448743571 0.7419010958773025 182
1616448867193 0.7345758816029163 183
1616448990895 0.7381896864860615 184
1616449114505 0.7408751268336113 185
1616449238271 0.7403458204675228 186
1616449361942 0.7347716334018302 187
1616449485503 0.7361266067687501 188
1616449609227 0.7377426053615327 189
1616449732950 0.7390461208972525 190
1616449856393 0.7442748375395511 191
1616449980199 0.734810841210345 192
1616450103906 0.73595555602236 193
1616450227653 0.7423110661354471 194
1616450351478 0.7407946383699457 195
1616450475014 0.7468029666454234 196
1616450598695 0.7444092485498874 197
1616450722286 0.7379689318068484 198
1616450845774 0.7415305128756989 199
1616450969560 0.7381802588067157 200
1616451093101 0.7419217977117984 201
1616451216968 0.7411681236104762 202
1616451340935 0.7426323009298202 203
1616451464806 0.735972432380027 204
1616451590636 0.7377264188959244 205
1616451714564 0.7408040787311311 206
1616451838347 0.7398464939695724 207
1616451962086 0.7331611051204356 208
1616452085747 0.7340185623219673 209
1616452209601 0.7387658668325302 210
1616452333238 0.7451210307314041 211
1616452456919 0.7434883954677176 212
1616452580699 0.732544962396013 213
1616452704430 0.7346470812533764 214
1616452828132 0.7349231934293787 215
1616452952012 0.744343454533435 216
1616453075695 0.733555572464111 217
1616453199423 0.7446723314041787 218
1616453323267 0.7394217366867877 219
1616453447083 0.7427097787248328 220
1616453571067 0.7409149122999069 221
1616453694756 0.7425671701735639 222
1616453818383 0.7424280516644741 223
1616453942145 0.7490530286697631 224
1616454065775 0.7423868933890728 225
1616454189384 0.7406709492206573 226
1616454312977 0.7391435180572753 227
1616454436680 0.734313853243564 228
1616454560634 0.7406013506524106 229
1616454684781 0.7378037375338534 230
1616454808366 0.7343990086240971 231
1616454932184 0.7380453855433362 232
1616455055902 0.7381803348977515 233
1616455179619 0.736007219299357 234
1616455303436 0.7347030081647508 235
1616455427187 0.733055905458775 236
1616455550785 0.7436184914822274 237
1616455674541 0.7366688638291461 238
1616455798090 0.7430292488412654 239
1616455921948 0.7386304368364051 240
1616456045674 0.7388237416744232 241
1616456169485 0.7370518642537137 242
1616456293183 0.7355707763357365 243
1616456416891 0.7341878363426696 244
1616456540591 0.7403607393832917 245
1616456664537 0.7416623887863565 246
1616456788218 0.7430810344980118 247
1616456911998 0.7381565818127166 248
1616457035690 0.7465776839154832 249
