1616426197152 inf 0
1616426321756 inf 1
1616426445629 inf 2
1616426570573 inf 3
1616426695088 inf 4
1616426819483 inf 5
1616426944251 inf 6
1616427071359 inf 7
1616427198632 inf 8
1616427325848 inf 9
1616427451390 inf 10
1616427575463 inf 11
1616427700574 inf 12
1616427824264 inf 13
1616427947704 inf 14
1616428071534 inf 15
1616428195059 inf 16
1616428318558 inf 17
1616428442328 inf 18
1616428566245 inf 19
1616428690021 inf 20
1616428813624 inf 21
1616428937078 inf 22
1616429060749 inf 23
1616429184525 inf 24
1616429308106 inf 25
1616429431864 inf 26
1616429555469 inf 27
1616429679111 inf 28
1616429803032 inf 29
1616429929805 inf 30
1616430053707 inf 31
1616430177387 inf 32
1616430301347 inf 33
1616430425178 inf 34
1616430548935 inf 35
1616430672653 inf 36
1616430796525 inf 37
1616430920619 inf 38
1616431044645 inf 39
1616431168809 inf 40
1616431292923 inf 41
1616431416669 inf 42
1616431540650 inf 43
1616431664479 inf 44
1616431788370 inf 45
1616431912179 inf 46
1616432035925 inf 47
1616432159671 inf 48
1616432283479 inf 49
1616432407306 inf 50
1616432531250 inf 51
1616432654922 inf 52
1616432778661 inf 53
1616432902495 inf 54
1616433026233 inf 55
1616433149963 inf 56
1616433273633 inf 57
1616433397492 inf 58
1616433521316 inf 59
1616433645086 inf 60
1616433768727 inf 61
1616433892561 inf 62
1616434016336 inf 63
1616434139957 inf 64
1616434263530 inf 65
1616434387289 inf 66
1616434511095 inf 67
1616434634833 inf 68
1616434758690 inf 69
1616434882578 inf 70
1616435006308 inf 71
1616435130322 inf 72
1616435254334 inf 73
1616435378073 inf 74
1616435501739 inf 75
1616435625828 inf 76
1616435749876 inf 77
1616435873812 inf 78
1616435997676 inf 79
1616436121926 inf 80
1616436245555 inf 81
1616436369337 inf 82
1616436493062 inf 83
1616436616863 inf 84
1616436741013 inf 85
1616436864731 inf 86
1616436988635 inf 87
1616437112212 inf 88
1616437235955 inf 89
1616437359947 inf 90
1616437483531 inf 91
1616437607163 inf 92
1616437730929 inf 93
1616437854698 inf 94
1616437978337 inf 95
1616438102025 inf 96
1616438225752 inf 97
1616438349576 inf 98
1616438473606 inf 99
1616438597432 inf 100
1616438721057 inf 101
1616438844709 inf 102
1616438968372 inf 103
1616439092168 inf 104
1616439215708 inf 105
1616439339370 inf 106
1616439463019 inf 107
1616439586634 inf 108
1616439710290 inf 109
1616439834131 inf 110
1616439957772 inf 111
1616440081468 inf 112
1616440205403 inf 113
1616440329082 inf 114
1616440452661 inf 115
1616440576523 inf 116
1616440700195 inf 117
1616440824101 inf 118
1616440948036 inf 119
1616441072038 inf 120
1616441195876 inf 121
1616441319642 inf 122
1616441443365 inf 123
1616441567042 inf 124
1616441690572 inf 125
1616441814262 inf 126
1616441938245 inf 127
1616442061823 inf 128
1616442185532 inf 129
1616442309330 inf 130
1616442433132 inf 131
1616442557070 inf 132
1616442680705 inf 133
1616442804365 inf 134
1616442927879 inf 135
1616443051491 inf 136
1616443175109 inf 137
1616443298936 inf 138
1616443422643 inf 139
1616443546549 inf 140
1616443670120 inf 141
1616443793783 inf 142
1616443917495 inf 143
1616444041163 inf 144
1616444164813 inf 145
1616444288467 inf 146
1616444412512 inf 147
1616444536454 inf 148
1616444660094 inf 149
1616444783773 inf 150
1616444907572 inf 151
1616445031236 inf 152
1616445154982 inf 153
1616445278791 inf 154
1616445402594 inf 155
1616445526643 inf 156
1616445650485 inf 157
1616445773970 inf 158
1616445897657 inf 159
1616446021611 inf 160
1616446145446 inf 161
1616446269092 inf 162
1616446392698 inf 163
1616446516535 inf 164
1616446640291 inf 165
1616446764047 inf 166
1616446888061 inf 167
1616447011673 inf 168
1616447135404 inf 169
1616447259264 inf 170
1616447383057 inf 171
1616447506741 inf 172
1616447630446 inf 173
1616447754095 inf 174
1616447877728 inf 175
1616448001341 inf 176
1616448125208 inf 177
1616448249101 inf 178
1616448372785 inf 179
1616448496564 inf 180
1616448620118 inf 181
1616448743579 inf 182
1616448867201 inf 183
1616448990902 inf 184
1616449114512 inf 185
1616449238279 inf 186
1616449361949 inf 187
1616449485510 inf 188
1616449609235 inf 189
1616449732959 inf 190
1616449856400 inf 191
1616449980207 inf 192
1616450103912 inf 193
1616450227661 inf 194
1616450351485 inf 195
1616450475022 inf 196
1616450598703 inf 197
1616450722293 inf 198
1616450845781 inf 199
1616450969567 inf 200
1616451093108 inf 201
1616451216976 inf 202
1616451340942 inf 203
1616451464824 inf 204
1616451590643 inf 205
1616451714571 inf 206
1616451838354 inf 207
1616451962092 inf 208
1616452085754 inf 209
1616452209607 inf 210
1616452333244 inf 211
1616452456927 inf 212
1616452580706 inf 213
1616452704437 inf 214
1616452828138 inf 215
1616452952020 inf 216
1616453075702 inf 217
1616453199430 inf 218
1616453323274 inf 219
1616453447091 inf 220
1616453571074 inf 221
1616453694763 inf 222
1616453818391 inf 223
1616453942152 inf 224
1616454065782 inf 225
1616454189391 inf 226
1616454312986 inf 227
1616454436687 inf 228
1616454560641 inf 229
1616454684789 inf 230
1616454808374 inf 231
1616454932190 inf 232
1616455055910 inf 233
1616455179627 inf 234
1616455303443 inf 235
1616455427194 inf 236
1616455550791 inf 237
1616455674549 inf 238
1616455798098 inf 239
1616455921956 inf 240
1616456045681 inf 241
1616456169493 inf 242
1616456293191 inf 243
1616456416897 inf 244
1616456540598 inf 245
1616456664545 inf 246
1616456788226 inf 247
1616456912005 inf 248
1616457035697 inf 249
