1616426197150 0.11050802835590265 0
1616426321753 0.0 1
1616426445626 0.0 2
1616426570571 0.0 3
1616426695086 0.12335213070346458 4
1616426819480 0.004756614565849304 5
1616426944249 0.0 6
1616427071354 0.0 7
1616427198629 0.0 8
1616427325843 0.0 9
1616427451386 0.0 10
1616427575459 0.0 11
1616427700569 0.0 12
1616427824262 0.0035077263700201157 13
1616427947702 0.0 14
1616428071532 0.0 15
1616428195056 0.0 16
1616428318556 0.0 17
1616428442326 0.0 18
1616428566242 0.0007289372275563631 19
1616428690019 0.0 20
1616428813622 0.0 21
1616428937076 0.0 22
1616429060747 0.0 23
1616429184523 0.0 24
1616429308104 0.0 25
1616429431862 0.0 26
1616429555467 0.0 27
1616429679109 0.0 28
1616429803027 0.0 29
1616429929803 0.0 30
1616430053705 0.0 31
1616430177385 0.0 32
1616430301344 0.0 33
1616430425176 0.0 34
1616430548933 0.0 35
1616430672650 0.0 36
1616430796523 0.0 37
1616430920616 0.0 38
1616431044643 0.0 39
1616431168807 0.0 40
1616431292921 0.0 41
1616431416667 0.0 42
1616431540648 0.0 43
1616431664477 0.0 44
1616431788367 0.0 45
1616431912177 0.0 46
1616432035922 0.0 47
1616432159669 0.0 48
1616432283477 0.0 49
1616432407303 0.0 50
1616432531247 0.0 51
1616432654919 0.0 52
1616432778659 0.0 53
1616432902493 0.0 54
1616433026231 0.0 55
1616433149960 0.0 56
1616433273630 0.0 57
1616433397490 0.0 58
1616433521314 0.0 59
1616433645083 0.0 60
1616433768725 0.0 61
1616433892559 0.0 62
1616434016333 0.0 63
1616434139954 0.0 64
1616434263527 0.0 65
1616434387286 0.0 66
1616434511093 0.0 67
1616434634830 0.0 68
1616434758687 0.0 69
1616434882575 0.0 70
1616435006306 0.0 71
1616435130320 0.0 72
1616435254331 0.0 73
1616435378070 0.0 74
1616435501737 0.0 75
1616435625826 0.0 76
1616435749874 0.0 77
1616435873810 0.0 78
1616435997674 0.0 79
1616436121924 0.0 80
1616436245552 0.0 81
1616436369335 0.0 82
1616436493060 0.0 83
1616436616860 0.0 84
1616436741010 0.0 85
1616436864729 0.0 86
1616436988632 0.0 87
1616437112210 0.0 88
1616437235953 0.0 89
1616437359945 0.0 90
1616437483528 0.0 91
1616437607161 0.0 92
1616437730926 0.0 93
1616437854695 0.0 94
1616437978334 0.0 95
1616438102022 0.0 96
1616438225750 0.0 97
1616438349574 0.0 98
1616438473603 0.0 99
1616438597430 0.0 100
1616438721054 0.0 101
1616438844707 0.0 102
1616438968370 0.0 103
1616439092166 0.0 104
1616439215706 0.0 105
1616439339368 0.0 106
1616439463017 0.0 107
1616439586631 0.0 108
1616439710288 0.0 109
1616439834129 0.0 110
1616439957770 0.0 111
1616440081466 0.0 112
1616440205400 0.0 113
1616440329079 0.0 114
1616440452659 0.0 115
1616440576521 0.0 116
1616440700193 0.0 117
1616440824099 0.0 118
1616440948034 0.0 119
1616441072036 0.0 120
1616441195873 0.0 121
1616441319640 0.0 122
1616441443362 0.0 123
1616441567039 0.0 124
1616441690570 0.0 125
1616441814260 0.0 126
1616441938243 0.0 127
1616442061821 0.0 128
1616442185530 0.0 129
1616442309327 0.0 130
1616442433130 0.0 131
1616442557068 0.0 132
1616442680703 0.0 133
1616442804363 0.0 134
1616442927877 0.0 135
1616443051489 0.0 136
1616443175107 0.0 137
1616443298934 0.0 138
1616443422641 0.0 139
1616443546547 0.0 140
1616443670117 0.0 141
1616443793781 0.0 142
1616443917493 0.0 143
1616444041161 0.0 144
1616444164810 0.0 145
1616444288465 0.0 146
1616444412510 0.0 147
1616444536451 0.0 148
1616444660092 0.0 149
1616444783771 0.0 150
1616444907570 0.0 151
1616445031234 0.0 152
1616445154980 0.0 153
1616445278788 0.0 154
1616445402592 0.0 155
1616445526641 0.0 156
1616445650482 0.0 157
1616445773968 0.0 158
1616445897655 0.0 159
1616446021609 0.0 160
1616446145444 0.0 161
1616446269090 0.0 162
1616446392696 0.0 163
1616446516532 0.0 164
1616446640289 0.0 165
1616446764044 0.0 166
1616446888059 0.0 167
1616447011671 0.0 168
1616447135402 0.0 169
1616447259262 0.0 170
1616447383055 0.0 171
1616447506739 0.0 172
1616447630443 0.0 173
1616447754093 0.0 174
1616447877726 0.0 175
1616448001339 0.0 176
1616448125205 0.0 177
1616448249099 0.0 178
1616448372783 0.0 179
1616448496562 0.0 180
1616448620116 0.0 181
1616448743576 0.0 182
1616448867198 0.0 183
1616448990900 0.0 184
1616449114510 0.0 185
1616449238276 0.0 186
1616449361946 0.0 187
1616449485508 0.0 188
1616449609232 0.0 189
1616449732956 0.0 190
1616449856398 0.0 191
1616449980205 0.0 192
1616450103910 0.0 193
1616450227659 0.0 194
1616450351483 0.0 195
1616450475020 0.0 196
1616450598701 0.0 197
1616450722290 0.0 198
1616450845779 0.0 199
1616450969565 0.0 200
1616451093106 0.0 201
1616451216973 0.0 202
1616451340940 0.0 203
1616451464818 0.0 204
1616451590641 0.0 205
1616451714569 0.0 206
1616451838352 0.0 207
1616451962090 0.0 208
1616452085751 0.0 209
1616452209605 0.0 210
1616452333242 0.0 211
1616452456925 0.0 212
1616452580704 0.0 213
1616452704435 0.0 214
1616452828136 0.0 215
1616452952017 0.0 216
1616453075700 0.0 217
1616453199428 0.0 218
1616453323272 0.0 219
1616453447089 0.0 220
1616453571072 0.0 221
1616453694761 0.0 222
1616453818388 0.0 223
1616453942150 0.0 224
1616454065780 0.0 225
1616454189389 0.0 226
1616454312983 0.0 227
1616454436685 0.0 228
1616454560639 0.0 229
1616454684786 0.0 230
1616454808372 0.0 231
1616454932188 0.0 232
1616455055907 0.0 233
1616455179624 0.0 234
1616455303441 0.0 235
1616455427192 0.0 236
1616455550790 0.0 237
1616455674547 0.0 238
1616455798095 0.0 239
1616455921953 0.0 240
1616456045678 0.0 241
1616456169490 0.0 242
1616456293189 0.0 243
1616456416895 0.0 244
1616456540596 0.0 245
1616456664542 0.0 246
1616456788224 0.0 247
1616456912003 0.0 248
1616457035695 0.0 249
