1616086730643 0.6005861566927125 0
1616086730645 0.6005861566927125 0
1616086837837 0.6468244873239917 1
1616086837839 0.6468244873239917 1
1616086944789 0.6800265222216514 2
1616086944791 0.6800265222216514 2
1616087051921 0.6989012493194171 3
1616087051923 0.6989012493194171 3
1616087158478 0.71443661858106 4
1616087158480 0.71443661858106 4
1616087265305 0.7278757550409877 5
1616087265307 0.7278757550409877 5
1616087372209 0.7394254592988704 6
1616087372212 0.7394254592988704 6
1616087478729 0.7490504856771023 7
1616087478731 0.7490504856771023 7
1616087585245 0.7568432022842546 8
1616087585247 0.7568432022842546 8
1616087691465 0.7650983701819527 9
1616087691467 0.7650983701819527 9
1616087798092 0.7724744785940773 10
1616087798094 0.7724744785940773 10
1616087904494 0.7772781943185563 11
1616087904497 0.7772781943185563 11
1616088011587 0.7799354787028683 12
1616088011589 0.7799354787028683 12
1616088118092 0.7832536131176876 13
1616088118094 0.7832536131176876 13
1616088224374 0.7866997882488708 14
1616088224376 0.7866997882488708 14
1616088331678 0.7904351522487211 15
1616088331680 0.7904351522487211 15
1616088438878 0.7934354169740121 16
1616088438881 0.7934354169740121 16
1616088545754 0.7966184094858013 17
1616088545756 0.7966184094858013 17
1616088652296 0.7999180768003167 18
1616088652298 0.7999180768003167 18
1616088759002 0.8024930739008849 19
1616088759005 0.8024930739008849 19
1616088865618 0.8048622424002241 20
1616088865620 0.8048622424002241 20
1616088971729 0.8071814232229709 21
1616088971731 0.8071814232229709 21
1616089078327 0.8095225310908458 22
1616089078329 0.8095225310908458 22
1616089184645 0.8114113430177934 23
1616089184647 0.8114113430177934 23
1616089291360 0.813289194678048 24
1616089291362 0.813289194678048 24
1616089398031 0.8150890425462951 25
1616089398033 0.8150890425462951 25
1616089504384 0.8165998971591641 26
1616089504386 0.8165998971591641 26
1616089610962 0.8170809259302677 27
1616089610965 0.8170809259302677 27
1616089717490 0.8182336516040077 28
1616089717492 0.8182336516040077 28
1616089823715 0.8196040285230348 29
1616089823717 0.8196040285230348 29
1616089930311 0.8210899737220538 30
1616089930313 0.8210899737220538 30
1616090036702 0.8225611254183315 31
1616090036704 0.8225611254183315 31
1616090143298 0.8238657665039585 32
1616090143300 0.8238657665039585 32
1616090249972 0.825101343538602 33
1616090249974 0.825101343538602 33
1616090356373 0.8264880453145197 34
1616090356375 0.8264880453145197 34
1616090462904 0.8278543405101009 35
1616090462906 0.8278543405101009 35
1616090569326 0.8290664786164389 36
1616090569328 0.8290664786164389 36
1616090675645 0.8302004759040041 37
1616090675647 0.8302004759040041 37
1616090781824 0.8301971867195787 38
1616090781827 0.8301971867195787 38
1616090888559 0.8306779629114394 39
1616090888561 0.8306779629114394 39
1616090995571 0.8314753864065093 40
1616090995573 0.8314753864065093 40
1616091102290 0.8324419607971859 41
1616091102292 0.8324419607971859 41
1616091208817 0.8333610704868394 42
1616091208819 0.8333610704868394 42
1616091314983 0.8339303135202626 43
1616091314985 0.8339303135202626 43
1616091421953 0.8344367744945539 44
1616091421955 0.8344367744945539 44
1616091528195 0.8352285738853883 45
1616091528198 0.8352285738853883 45
1616091634489 0.8360314738594552 46
1616091634491 0.8360314738594552 46
1616091741193 0.8368715781938695 47
1616091741196 0.8368715781938695 47
1616091847823 0.8376688639869689 48
1616091847825 0.8376688639869689 48
1616091954213 0.83841582876497 49
1616091954215 0.83841582876497 49
1616092060766 0.8391912433120798 50
1616092060768 0.8391912433120798 50
1616092167190 0.8397654099526678 51
1616092167192 0.8397654099526678 51
1616092273410 0.8403720657406388 52
1616092273413 0.8403720657406388 52
1616092379755 0.8409373849941679 53
1616092379757 0.8409373849941679 53
1616092486008 0.8415254919130927 54
1616092486010 0.8415254919130927 54
1616092592214 0.8421657266667947 55
1616092592216 0.8421657266667947 55
1616092698752 0.8427375737687149 56
1616092698755 0.8427375737687149 56
1616092805114 0.843395871789583 57
1616092805116 0.843395871789583 57
1616092911369 0.8439771277729552 58
1616092911371 0.8439771277729552 58
1616093017984 0.8445284207070426 59
1616093017986 0.8445284207070426 59
1616093124474 0.8451605068246812 60
1616093124476 0.8451605068246812 60
1616093230763 0.8458111388419897 61
1616093230765 0.8458111388419897 61
1616093337135 0.8464209064936857 62
1616093337138 0.8464209064936857 62
1616093443559 0.8470147681145707 63
1616093443561 0.8470147681145707 63
1616093550204 0.8475682390670518 64
1616093550207 0.8475682390670518 64
1616093656521 0.8481340587900191 65
1616093656523 0.8481340587900191 65
1616093762895 0.8487238851760032 66
1616093762897 0.8487238851760032 66
1616093869094 0.8492774323763086 67
1616093869097 0.8492774323763086 67
1616093975367 0.8498198132798842 68
1616093975369 0.8498198132798842 68
1616094081417 0.8503979490076002 69
1616094081420 0.8503979490076002 69
1616094188046 0.8508872676432242 70
1616094188049 0.8508872676432242 70
1616094294391 0.8514105558227754 71
1616094294393 0.8514105558227754 71
1616094400565 0.8519137593271486 72
1616094400568 0.8519137593271486 72
1616094506801 0.8523040513547626 73
1616094506803 0.8523040513547626 73
1616094613690 0.8527760269349903 74
1616094613692 0.8527760269349903 74
1616094719857 0.8532334798420017 75
1616094719860 0.8532334798420017 75
1616094826164 0.8536986367803471 76
1616094826166 0.8536986367803471 76
1616094932304 0.8541935560261714 77
1616094932306 0.8541935560261714 77
1616095038555 0.8546538657698892 78
1616095038557 0.8546538657698892 78
1616095147150 0.8549344657523102 79
1616095147153 0.8549344657523102 79
1616095254626 0.8551676325102334 80
1616095254628 0.8551676325102334 80
1616095360386 0.8555755130016619 81
1616095360388 0.8555755130016619 81
1616095467034 0.8559993557658326 82
1616095467037 0.8559993557658326 82
1616095573389 0.856441981987419 83
1616095573391 0.856441981987419 83
1616095679884 0.8568714774174427 84
1616095679886 0.8568714774174427 84
1616095786393 0.857280017307889 85
1616095786395 0.857280017307889 85
1616095892889 0.8577105400124809 86
1616095892891 0.8577105400124809 86
1616095999473 0.8581156945283069 87
1616095999475 0.8581156945283069 87
1616096105890 0.8585422750859526 88
1616096105893 0.8585422750859526 88
1616096212082 0.8589434696304485 89
1616096212084 0.8589434696304485 89
1616096318155 0.8593407723199822 90
1616096318157 0.8593407723199822 90
1616096424404 0.8597406164290354 91
1616096424406 0.8597406164290354 91
1616096530656 0.8601323175460596 92
1616096530658 0.8601323175460596 92
1616096636849 0.8601132773050609 93
1616096636852 0.8601132773050609 93
1616096743484 0.8602182539498303 94
1616096743486 0.8602182539498303 94
1616096849761 0.8605206889580153 95
1616096849763 0.8605206889580153 95
1616096955917 0.8608136535065797 96
1616096955919 0.8608136535065797 96
1616097062161 0.8609009798025228 97
1616097062163 0.8609009798025228 97
1616097168510 0.8609423014489134 98
1616097168513 0.8609423014489134 98
1616097275190 0.8612290489689743 99
1616097275193 0.8612290489689743 99
1616097381426 0.8615467678958855 100
1616097381428 0.8615467678958855 100
1616097487706 0.8618708282568938 101
1616097487709 0.8618708282568938 101
1616097593710 0.8622055614050543 102
1616097593712 0.8622055614050543 102
1616097699764 0.8625428799172153 103
1616097699766 0.8625428799172153 103
1616097805737 0.8628966356591108 104
1616097805740 0.8628966356591108 104
1616097911910 0.8632243851093266 105
1616097911913 0.8632243851093266 105
1616098018312 0.8635755311323896 106
1616098018314 0.8635755311323896 106
1616098124660 0.8638945724096162 107
1616098124662 0.8638945724096162 107
1616098230695 0.8642141919574429 108
1616098230697 0.8642141919574429 108
1616098336640 0.8645416178141848 109
1616098336642 0.8645416178141848 109
1616098443088 0.8648747178837365 110
1616098443090 0.8648747178837365 110
1616098549071 0.8650915438730991 111
1616098549073 0.8650915438730991 111
1616098655339 0.8653347859653164 112
1616098655341 0.8653347859653164 112
1616098761659 0.8656568983032015 113
1616098761661 0.8656568983032015 113
1616098867822 0.8659760511608883 114
1616098867824 0.8659760511608883 114
1616098974040 0.8662925766942127 115
1616098974042 0.8662925766942127 115
1616099080153 0.866587937324074 116
1616099080155 0.866587937324074 116
1616099186314 0.8668931641145464 117
1616099186316 0.8668931641145464 117
1616099292582 0.8672065149481569 118
1616099292585 0.8672065149481569 118
1616099398880 0.8674237390022613 119
1616099398882 0.8674237390022613 119
1616099505275 0.8677026866345057 120
1616099505277 0.8677026866345057 120
1616099611582 0.8680065245835425 121
1616099611584 0.8680065245835425 121
1616099717701 0.868317322170649 122
1616099717703 0.868317322170649 122
1616099823790 0.868613094682863 123
1616099823792 0.868613094682863 123
1616099929812 0.8689060870906997 124
1616099929815 0.8689060870906997 124
1616100036253 0.8692056734620872 125
1616100036256 0.8692056734620872 125
1616100142403 0.8694820072678273 126
1616100142405 0.8694820072678273 126
1616100248982 0.8696926224964923 127
1616100248984 0.8696926224964923 127
1616100355148 0.8699731372485043 128
1616100355150 0.8699731372485043 128
1616100461621 0.8702522718634387 129
1616100461624 0.8702522718634387 129
1616100567878 0.8705213287062232 130
1616100567881 0.8705213287062232 130
1616100674251 0.8707982015839453 131
1616100674253 0.8707982015839453 131
1616100780379 0.871086309707924 132
1616100780381 0.871086309707924 132
1616100886581 0.87135339690559 133
1616100886583 0.87135339690559 133
1616100992755 0.8716271536546792 134
1616100992758 0.8716271536546792 134
1616101099025 0.8719185948599679 135
1616101099027 0.8719185948599679 135
1616101205265 0.8721786565640761 136
1616101205267 0.8721786565640761 136
1616101311358 0.8724255770578757 137
1616101311360 0.8724255770578757 137
1616101417863 0.8727030877180808 138
1616101417865 0.8727030877180808 138
1616101524083 0.8729009023465073 139
1616101524085 0.8729009023465073 139
1616101630465 0.8731017882979609 140
1616101630467 0.8731017882979609 140
1616101736602 0.8733423121839152 141
1616101736605 0.8733423121839152 141
1616101842936 0.8735371254373075 142
1616101842939 0.8735371254373075 142
1616101949296 0.8737321207544965 143
1616101949298 0.8737321207544965 143
1616102055643 0.8739662150831395 144
1616102055645 0.8739662150831395 144
1616102161824 0.8742183640735031 145
1616102161827 0.8742183640735031 145
1616102268212 0.8744660590017665 146
1616102268215 0.8744660590017665 146
1616102374599 0.8747039874070058 147
1616102374601 0.8747039874070058 147
1616102481260 0.8749623665207186 148
1616102481262 0.8749623665207186 148
1616102587373 0.8752063822764465 149
1616102587375 0.8752063822764465 149
1616102693636 0.8754366871880082 150
1616102693639 0.8754366871880082 150
1616102799680 0.8756785926888896 151
1616102799683 0.8756785926888896 151
1616102905792 0.87592331172381 152
1616102905794 0.87592331172381 152
1616103011794 0.8761757973383872 153
1616103011796 0.8761757973383872 153
1616103117898 0.8763924822914096 154
1616103117900 0.8763924822914096 154
1616103224017 0.8765981660090322 155
1616103224020 0.8765981660090322 155
1616103330064 0.8768143971999485 156
1616103330067 0.8768143971999485 156
1616103436769 0.8770195221792243 157
1616103436771 0.8770195221792243 157
1616103543166 0.8772464192234202 158
1616103543168 0.8772464192234202 158
1616103649519 0.8774772664425272 159
1616103649521 0.8774772664425272 159
1616103755734 0.8777095953896319 160
1616103755736 0.8777095953896319 160
1616103862209 0.8779536171234757 161
1616103862211 0.8779536171234757 161
1616103968133 0.8781640305960481 162
1616103968135 0.8781640305960481 162
1616104074527 0.87837124708868 163
1616104074529 0.87837124708868 163
1616104180604 0.8785759663778284 164
1616104180607 0.8785759663778284 164
1616104286650 0.8787661295083559 165
1616104286653 0.8787661295083559 165
1616104392945 0.8789767874591988 166
1616104392947 0.8789767874591988 166
1616104499216 0.8791908843087736 167
1616104499218 0.8791908843087736 167
1616104605367 0.8794011851433189 168
1616104605369 0.8794011851433189 168
1616104711768 0.879610083670036 169
1616104711770 0.879610083670036 169
1616104818274 0.8798329558458339 170
1616104818277 0.8798329558458339 170
1616104924865 0.8800409674814824 171
1616104924867 0.8800409674814824 171
1616105031240 0.8802426773319872 172
1616105031242 0.8802426773319872 172
1616105137761 0.8804455249990754 173
1616105137764 0.8804455249990754 173
1616105244169 0.8806466840474115 174
1616105244171 0.8806466840474115 174
1616105350665 0.8808331474859524 175
1616105350667 0.8808331474859524 175
1616105456654 0.8810286412321849 176
1616105456657 0.8810286412321849 176
1616105563041 0.8812271632135894 177
1616105563043 0.8812271632135894 177
1616105669490 0.8814217649695356 178
1616105669492 0.8814217649695356 178
1616105775616 0.8816178246920188 179
1616105775618 0.8816178246920188 179
1616105882117 0.881803124895238 180
1616105882119 0.881803124895238 180
1616105988643 0.8820027110745626 181
1616105988645 0.8820027110745626 181
1616106094916 0.8822044655544652 182
1616106094919 0.8822044655544652 182
1616106201295 0.8824099027493983 183
1616106201298 0.8824099027493983 183
1616106307294 0.8825756098619749 184
1616106307296 0.8825756098619749 184
1616106413448 0.882725626907041 185
1616106413451 0.882725626907041 185
1616106519936 0.8828803424292377 186
1616106519939 0.8828803424292377 186
1616106626322 0.8830526693273502 187
1616106626324 0.8830526693273502 187
1616106732617 0.8832396725406436 188
1616106732620 0.8832396725406436 188
1616106838765 0.8834418526408857 189
1616106838767 0.8834418526408857 189
1616106945165 0.8836195091877641 190
1616106945168 0.8836195091877641 190
1616107051499 0.8837822360432442 191
1616107051501 0.8837822360432442 191
1616107157574 0.883961587465692 192
1616107157577 0.883961587465692 192
1616107263823 0.8841260525720205 193
1616107263825 0.8841260525720205 193
1616107370212 0.8842971254082109 194
1616107370215 0.8842971254082109 194
1616107476203 0.8844469313366499 195
1616107476205 0.8844469313366499 195
1616107582459 0.8846139176015316 196
1616107582462 0.8846139176015316 196
1616107688803 0.8847960931120357 197
1616107688806 0.8847960931120357 197
1616107794954 0.884972697060545 198
1616107794957 0.884972697060545 198
1616107901071 0.8851473872006878 199
1616107901073 0.8851473872006878 199
1616108007606 0.885205557897356 200
1616108007609 0.885205557897356 200
1616108113696 0.8853677727206697 201
1616108113698 0.8853677727206697 201
1616108219897 0.8854190190048882 202
1616108219899 0.8854190190048882 202
1616108326209 0.885555148729451 203
1616108326212 0.885555148729451 203
1616108432384 0.8857160279423867 204
1616108432386 0.8857160279423867 204
1616108538771 0.8858807516460111 205
1616108538773 0.8858807516460111 205
1616108645230 0.8860229820055919 206
1616108645233 0.8860229820055919 206
1616108751544 0.8861775173291776 207
1616108751546 0.8861775173291776 207
1616108857708 0.8863555726766912 208
1616108857711 0.8863555726766912 208
1616108964207 0.8865082801340405 209
1616108964209 0.8865082801340405 209
1616109071092 0.88669925025239 210
1616109071095 0.88669925025239 210
1616109177753 0.8868845084910906 211
1616109177756 0.8868845084910906 211
1616109284157 0.8870590763339943 212
1616109284159 0.8870590763339943 212
1616109390503 0.8872214054166007 213
1616109390506 0.8872214054166007 213
1616109497055 0.8874024986323069 214
1616109497057 0.8874024986323069 214
1616109603752 0.8875929546893625 215
1616109603754 0.8875929546893625 215
1616109710042 0.8877464972110604 216
1616109710044 0.8877464972110604 216
1616109816696 0.8879240824177045 217
1616109816699 0.8879240824177045 217
1616109923029 0.8881044871210252 218
1616109923031 0.8881044871210252 218
1616110029514 0.8882729451049547 219
1616110029517 0.8882729451049547 219
1616110135898 0.8884422112459542 220
1616110135901 0.8884422112459542 220
1616110242517 0.8885607436096785 221
1616110242520 0.8885607436096785 221
1616110348881 0.8887299958529136 222
1616110348884 0.8887299958529136 222
1616110455625 0.8888825204629509 223
1616110455627 0.8888825204629509 223
1616110561791 0.8890552595720547 224
1616110561794 0.8890552595720547 224
1616110668030 0.8892286779699428 225
1616110668032 0.8892286779699428 225
1616110773968 0.8894180742485932 226
1616110773970 0.8894180742485932 226
1616110880287 0.8895869709612767 227
1616110880289 0.8895869709612767 227
1616110986436 0.8897660268136367 228
1616110986438 0.8897660268136367 228
1616111092617 0.8899253921273129 229
1616111092619 0.8899253921273129 229
1616111199298 0.8900810830609718 230
1616111199300 0.8900810830609718 230
1616111305651 0.8902415325052878 231
1616111305654 0.8902415325052878 231
1616111412230 0.8904122213678072 232
1616111412232 0.8904122213678072 232
1616111518640 0.8905514825910205 233
1616111518642 0.8905514825910205 233
1616111625285 0.8907015949774787 234
1616111625287 0.8907015949774787 234
1616111732071 0.8908586976592516 235
1616111732073 0.8908586976592516 235
1616111838559 0.8909755639515075 236
1616111838562 0.8909755639515075 236
1616111944912 0.8911073923005796 237
1616111944915 0.8911073923005796 237
1616112051405 0.8912487594236407 238
1616112051408 0.8912487594236407 238
1616112157509 0.8914000052610295 239
1616112157511 0.8914000052610295 239
1616112263555 0.8915186305481847 240
1616112263559 0.8915186305481847 240
1616112369596 0.8916703149169382 241
1616112369598 0.8916703149169382 241
1616112475863 0.8918368589721685 242
1616112475866 0.8918368589721685 242
1616112582253 0.8919819930368467 243
1616112582256 0.8919819930368467 243
1616112689039 0.8921090358247078 244
1616112689041 0.8921090358247078 244
1616112795533 0.8922548822650124 245
1616112795536 0.8922548822650124 245
1616112901909 0.8924117806718627 246
1616112901912 0.8924117806718627 246
1616113008600 0.8925532630534705 247
1616113008602 0.8925532630534705 247
1616113114744 0.8926458120491928 248
1616113114747 0.8926458120491928 248
1616113221225 0.8927246506400792 249
1616113221228 0.8927246506400792 249
