1616086730641 0.3664162539421244 0
1616086837835 0.31608770914534307 1
1616086944787 0.2830783898103322 2
1616087051918 0.2649495581046064 3
1616087158476 0.25021792142949206 4
1616087265303 0.2378855641429306 5
1616087372207 0.22766507088594526 6
1616087478727 0.21911646822031508 7
1616087585243 0.21231085519982285 8
1616087691463 0.20489835174793894 9
1616087798090 0.19824030476566443 10
1616087904492 0.19396434438989518 11
1616088011585 0.19147337970679013 12
1616088118090 0.18838610375543494 13
1616088224372 0.1852136660129466 14
1616088331676 0.18201336767920787 15
1616088438876 0.1792904146024969 16
1616088545751 0.17643312866806138 17
1616088652294 0.17353647346592696 18
1616088759000 0.1712506960364098 19
1616088865615 0.16912940316649555 20
1616088971727 0.16706004940564212 21
1616089078325 0.16495428914609161 22
1616089184643 0.16320839402734807 23
1616089291358 0.1615704536184351 24
1616089398029 0.15998048819418623 25
1616089504382 0.1586214100356361 26
1616089610960 0.158222591170424 27
1616089717488 0.1571929944584847 28
1616089823713 0.15599485627302884 29
1616089930309 0.15469097403851614 30
1616090036700 0.15340246488042966 31
1616090143296 0.15225527578211845 32
1616090249970 0.1511729425833431 33
1616090356371 0.1499356969692787 34
1616090462902 0.148745140373425 35
1616090569324 0.14766994576264963 36
1616090675643 0.14667565917047648 37
1616090781822 0.14661106670481613 38
1616090888557 0.1461934823146526 39
1616090995569 0.14549104628874715 40
1616091102288 0.14463509930243004 41
1616091208815 0.14382342798824302 42
1616091314981 0.14331350974176563 43
1616091421951 0.14284204997069447 44
1616091528194 0.14214079006196834 45
1616091634487 0.141411716647146 46
1616091741191 0.14067332222000928 47
1616091847821 0.1399605447605181 48
1616091954211 0.13929357351140775 49
1616092060764 0.13858568064113136 50
1616092167188 0.1380697240757279 51
1616092273408 0.13754928620500004 52
1616092379753 0.137064137052043 53
1616092486006 0.13653268283755451 54
1616092592212 0.13597312665864328 55
1616092698750 0.13548177645339055 56
1616092805112 0.134900853934309 57
1616092911366 0.1343735023242147 58
1616093017982 0.13387009636730166 59
1616093124472 0.1333074578329957 60
1616093230761 0.13275157993144174 61
1616093337133 0.13221179204025768 62
1616093443556 0.13170867914611353 63
1616093550202 0.13121758493581104 64
1616093656519 0.13071950235380653 65
1616093762893 0.13020372672776032 66
1616093869092 0.12971303266040674 67
1616093975365 0.1292449710749933 68
1616094081416 0.12873253834102655 69
1616094188044 0.12829891825136683 70
1616094294389 0.127842309371729 71
1616094400563 0.1273993293230056 72
1616094506799 0.12705266821000546 73
1616094613688 0.1266314460284321 74
1616094719855 0.1262279491525348 75
1616094826162 0.12582368757158857 76
1616094932301 0.12539450267397895 77
1616095038552 0.12499642561556289 78
1616095147148 0.12475919987451523 79
1616095254624 0.12455565156916605 80
1616095360384 0.12420827693189435 81
1616095467032 0.12383823217840814 82
1616095573387 0.12344810764447776 83
1616095679882 0.12307392778026595 84
1616095786390 0.12270486080546239 85
1616095892887 0.12232830041805845 86
1616095999471 0.12197687845799633 87
1616096105888 0.12159622911058372 88
1616096212080 0.12123366360405095 89
1616096318153 0.12089448531069208 90
1616096424402 0.12054522649129158 91
1616096530654 0.1202095868562403 92
1616096636847 0.12023953362226811 93
1616096743482 0.12014670784502787 94
1616096849759 0.1198776465120679 95
1616096955915 0.1196267670721149 96
1616097062159 0.11955001472106873 97
1616097168508 0.11950506942133327 98
1616097275188 0.11925855627719394 99
1616097381423 0.11898176140701845 100
1616097487704 0.11868771969103348 101
1616097593707 0.11839891584469647 102
1616097699762 0.11810937388487612 103
1616097805735 0.11779639017980513 104
1616097911908 0.11752041993084705 105
1616098018310 0.1172118792893707 106
1616098124658 0.11693513116280428 107
1616098230693 0.11665643729806156 108
1616098336638 0.11636564076177387 109
1616098443085 0.11606893019930303 110
1616098549068 0.1158917011143951 111
1616098655336 0.11567519603195758 112
1616098761657 0.11538988681104745 113
1616098867820 0.11510575788645255 114
1616098974038 0.11483741516653265 115
1616099080150 0.11458715739022993 116
1616099186312 0.11431313205874444 117
1616099292580 0.11404161323870994 118
1616099398877 0.11384694875343472 119
1616099505273 0.11359721383416256 120
1616099611579 0.11333221282366888 121
1616099717698 0.11305874127290835 122
1616099823788 0.11280547899584617 123
1616099929810 0.1125606767826892 124
1616100036251 0.11230697991356017 125
1616100142400 0.11206603381757181 126
1616100248980 0.11187705597741172 127
1616100355146 0.11163046539724414 128
1616100461619 0.11139069868772977 129
1616100567876 0.11115482921954271 130
1616100674248 0.11091559337539722 131
1616100780377 0.11066519314909798 132
1616100886579 0.11043301457997616 133
1616100992753 0.11019804384221799 134
1616101099023 0.1099429286839219 135
1616101205263 0.10971746590126745 136
1616101311355 0.10951262285155793 137
1616101417861 0.10926525705115785 138
1616101524080 0.10908952525683813 139
1616101630463 0.10892166745272341 140
1616101736600 0.10871993732248769 141
1616101842934 0.10855244424899692 142
1616101949294 0.10837591595366493 143
1616102055640 0.10817790210290772 144
1616102161822 0.10795516587839431 145
1616102268210 0.10774109808369266 146
1616102374597 0.10753537848583236 147
1616102481258 0.10731099305298608 148
1616102587371 0.10709575516112309 149
1616102693634 0.10689734010876478 150
1616102799678 0.10668979673609892 151
1616102905790 0.10647601377415307 152
1616103011791 0.1062614811277087 153
1616103117895 0.1060754969869482 154
1616103224015 0.10589929149001923 155
1616103330062 0.10571033740725395 156
1616103436766 0.10553515152872786 157
1616103543164 0.10533725558140192 158
1616103649517 0.10513437596803657 159
1616103755732 0.10493137399838694 160
1616103862206 0.10471340546559128 161
1616103968131 0.10453604879274711 162
1616104074524 0.10435240583897384 163
1616104180602 0.10417970617612207 164
1616104286648 0.10401888275736271 165
1616104392943 0.10383340650674634 166
1616104499214 0.10364689144637092 167
1616104605364 0.10346439188874137 168
1616104711765 0.10328594602840273 169
1616104818272 0.10309172975968058 170
1616104924862 0.10291058555031586 171
1616105031237 0.10273909562922195 172
1616105137759 0.10256718181476358 173
1616105244166 0.10239206040159193 174
1616105350662 0.10223157435468257 175
1616105456652 0.10206018111527812 176
1616105563038 0.10189316921361811 177
1616105669488 0.10172612858657455 178
1616105775613 0.10155362982840128 179
1616105882114 0.10139333216342752 180
1616105988640 0.10122172912133759 181
1616106094914 0.10104725042369093 182
1616106201293 0.1008706314938969 183
1616106307292 0.1007288169216466 184
1616106413446 0.10059273197268552 185
1616106519934 0.10045859906328655 186
1616106626320 0.10030883620124217 187
1616106732615 0.1001521303962913 188
1616106838762 0.09998126741819933 189
1616106945163 0.09982856567644052 190
1616107051497 0.09968503382955256 191
1616107157572 0.09952854040754293 192
1616107263821 0.09939005643122818 193
1616107370210 0.09923965994998275 194
1616107476201 0.099113032098858 195
1616107582457 0.09896575733785927 196
1616107688801 0.09880113194328526 197
1616107794952 0.09864552531422854 198
1616107901068 0.09849317390233919 199
1616108007604 0.09843682678108993 200
1616108113694 0.09829718648935341 201
1616108219894 0.0982554543100805 202
1616108326207 0.09813439326332077 203
1616108432382 0.09799337126643293 204
1616108538768 0.09785056052634458 205
1616108645229 0.09772666248501806 206
1616108751542 0.09759288263825765 207
1616108857706 0.09744202169565719 208
1616108964205 0.09730963747733276 209
1616109071090 0.09714272261579474 210
1616109177751 0.0969841568459713 211
1616109284155 0.09683266735472251 212
1616109390501 0.09668687074860949 213
1616109497053 0.09652769076594153 214
1616109603750 0.0963602505941341 215
1616109710039 0.09622909053714507 216
1616109816694 0.0960748238202164 217
1616109923027 0.09591625453802033 218
1616110029511 0.09576896467395636 219
1616110135896 0.09561921302216618 220
1616110242515 0.09551747308361003 221
1616110348879 0.09537151907420938 222
1616110455622 0.09524561452331155 223
1616110561789 0.09510022007545402 224
1616110668027 0.09495382327702151 225
1616110773966 0.09478995531911939 226
1616110880284 0.0946440878461528 227
1616110986434 0.0944921272977028 228
1616111092614 0.09435589781356676 229
1616111199296 0.09422299773409586 230
1616111305649 0.0940857088809624 231
1616111412227 0.09394201834161973 232
1616111518637 0.09381916667574385 233
1616111625282 0.09368863059093967 234
1616111732068 0.09355167127283225 235
1616111838557 0.09344938454663096 236
1616111944910 0.09333374409210529 237
1616112051403 0.09321678885579016 238
1616112157506 0.09308937436617014 239
1616112263553 0.09298452935962254 240
1616112369593 0.09285228489173494 241
1616112475861 0.09271422733349138 242
1616112582251 0.09258643982663654 243
1616112689036 0.09247724913639763 244
1616112795531 0.09234850168424051 245
1616112901907 0.09221260743924063 246
1616113008597 0.09208989170985268 247
1616113114742 0.09201146431135482 248
1616113221223 0.09194673297253066 249
