1616086730616 0.3664162539421244 0
1616086837828 0.2657591643485617 1
1616086944780 0.2170597511403104 2
1616087051912 0.21056306298742902 3
1616087158470 0.19129137472903474 4
1616087265296 0.17622377771012326 5
1616087372201 0.1663421113440331 6
1616087478720 0.159276249560904 7
1616087585236 0.1578659510358851 8
1616087691456 0.13818582068098353 9
1616087798083 0.13165983494291914 10
1616087904486 0.1469287802564337 11
1616088011578 0.1615818035095296 12
1616088118084 0.1482515163878177 13
1616088224366 0.1407995376181095 14
1616088331669 0.13400889267312718 15
1616088438870 0.1357231653751211 16
1616088545743 0.12785926778265772 17
1616088652285 0.1213966798275075 18
1616088758992 0.12782092487558405 19
1616088865606 0.12670354576821022 20
1616088971719 0.12360362042772009 21
1616089078316 0.11862756343598062 22
1616089184635 0.12305280629624711 23
1616089291349 0.1222598838045242 24
1616089398020 0.12023135258796368 25
1616089504373 0.123285377913333 26
1616089610952 0.14745448180969725 27
1616089717479 0.12836428652418422 28
1616089823705 0.12124884889480915 29
1616089930301 0.11557450700313487 30
1616090036692 0.113458680979749 31
1616090143287 0.11554522463615904 32
1616090249961 0.11545594702375696 33
1616090356363 0.10786934609108782 34
1616090462893 0.10707565951854625 35
1616090569315 0.10896293977473645 36
1616090675635 0.10988705526006982 37
1616090781814 0.1441565530097231 38
1616090888549 0.12990769109827408 39
1616090995560 0.11739360525252972 40
1616091102279 0.10954127286342864 41
1616091208806 0.10973323279238761 42
1616091314973 0.12138702514323782 43
1616091421943 0.12209782004356384 44
1616091528185 0.11058409416929205 45
1616091634479 0.10787433956531768 46
1616091741183 0.10596878414458417 47
1616091847813 0.10574722670494242 48
1616091954203 0.10661198230499917 49
1616092060755 0.10319103712731219 50
1616092167180 0.11175593924015126 51
1616092273399 0.11048651692715097 52
1616092379745 0.11135123194532191 53
1616092485997 0.10783415525517565 54
1616092592203 0.10519753681852463 55
1616092698741 0.10796616495923793 56
1616092805103 0.10178827034666184 57
1616092911359 0.10378710893874472 58
1616093017974 0.10416914490943259 59
1616093124463 0.0995491457746384 60
1616093230753 0.09884302793665135 61
1616093337125 0.09874494278684576 62
1616093443548 0.10001256681503133 63
1616093550194 0.09978755547645245 64
1616093656510 0.09834413452351347 65
1616093762884 0.0961625354087099 66
1616093869084 0.09683653014771482 67
1616093975356 0.09741678326687914 68
1616094081408 0.09337467969732081 69
1616094188035 0.09794551197518693 70
1616094294380 0.09542307891744248 71
1616094400555 0.09550476581492323 72
1616094506791 0.10174640696099464 73
1616094613679 0.09546100459200271 74
1616094719846 0.0959656834602356 75
1616094826153 0.09509980741967546 76
1616094932293 0.09234726555803989 77
1616095038545 0.09394641505910996 78
1616095147133 0.10601836633174977 79
1616095254616 0.10827178714123178 80
1616095360377 0.09607093131288569 81
1616095467025 0.09349456239253917 82
1616095573380 0.09106777132825648 83
1616095679875 0.09164281918647442 84
1616095786384 0.09133416794716044 85
1616095892880 0.08994410710131868 86
1616095999464 0.09140316793259154 87
1616096105881 0.08809908653827424 88
1616096212074 0.0889653335226343 89
1616096318145 0.09036843890839434 90
1616096424395 0.08876267392584618 91
1616096530647 0.0893307404315218 92
1616096636841 0.123024582862854 93
1616096743475 0.11142108478444687 94
1616096849752 0.09431681988087107 95
1616096955908 0.09554234083662642 96
1616097062152 0.1121050366695891 97
1616097168501 0.11510043004725842 98
1616097275181 0.09485375500739888 99
1616097381417 0.09130227438946988 100
1616097487698 0.08898950637655055 101
1616097593700 0.08894092351832289 102
1616097699755 0.08828655202338036 103
1616097805729 0.08524608485242154 104
1616097911900 0.08854354379024912 105
1616098018303 0.0845065712928772 106
1616098124652 0.08732308162019607 107
1616098230686 0.08655749990585003 108
1616098336631 0.08466881830641564 109
1616098443079 0.0834307683275101 110
1616098549061 0.09621927268961643 111
1616098655330 0.09142662679895441 112
1616098761649 0.08314994484820265 113
1616098867812 0.08271506048263387 114
1616098974031 0.08397800237574476 115
1616099080143 0.08555725533911522 116
1616099186304 0.08225216827494033 117
1616099292573 0.0820023924746412 118
1616099398871 0.09068187500568146 119
1616099505265 0.0836290235215045 120
1616099611572 0.081267090553933 121
1616099717691 0.07969521208012358 122
1616099823780 0.08165421891719737 123
1616099929803 0.08220520235122518 124
1616100036244 0.08059487127243205 125
1616100142394 0.08170682572303935 126
1616100248973 0.08787687027708013 127
1616100355139 0.08006687113579283 128
1616100461612 0.08046079316037766 129
1616100567869 0.08049179835522428 130
1616100674242 0.0795756977923373 131
1616100780370 0.07761236327759763 132
1616100886572 0.07955326488677492 133
1616100992746 0.07871196498262122 134
1616101099016 0.07550238231395154 135
1616101205255 0.07905452746026059 136
1616101311348 0.08144912504135295 137
1616101417853 0.07512877659594759 138
1616101524073 0.08466280584639692 139
1616101630456 0.08542157487666353 140
1616101736592 0.08027598895925156 141
1616101842927 0.08476842781330676 142
1616101949286 0.08313236972118945 143
1616102055633 0.07966390759386915 144
1616102161814 0.07565841332395026 145
1616102268203 0.07648720005725293 146
1616102374590 0.07729459760036875 147
1616102481251 0.07410194899173493 148
1616102587364 0.07502530927353716 149
1616102693627 0.07713508225501851 150
1616102799671 0.07535074746355097 151
1616102905783 0.07398100355838208 152
1616103011784 0.07343798622171929 153
1616103117888 0.07743393930983036 154
1616103224007 0.07858743946603004 155
1616103330056 0.07623350049587006 156
1616103436760 0.07803096860013109 157
1616103543156 0.07406969590389982 158
1616103649510 0.07287651744294674 159
1616103755724 0.07245105885444804 160
1616103862199 0.06962047168549071 161
1616103968124 0.07580426779199154 162
1616104074517 0.07441860437393188 163
1616104180595 0.07585696146843281 164
1616104286641 0.07748301866206717 165
1616104392936 0.07304434890442706 166
1616104499207 0.07249887636367311 167
1616104605357 0.07280446620697671 168
1616104711759 0.07312859563117331 169
1616104818265 0.07007496407691469 170
1616104924855 0.07193492574894682 171
1616105031230 0.07324282920106928 172
1616105137752 0.07282609191346676 173
1616105244159 0.07192093450972374 174
1616105350656 0.07414651614554385 175
1616105456645 0.07189497098009637 176
1616105563031 0.07233206261979773 177
1616105669480 0.07199289697281858 178
1616105775606 0.07067635211538761 179
1616105882107 0.07253975246814971 180
1616105988633 0.07016157850306085 181
1616106094907 0.06929212745199813 182
1616106201285 0.06854936734158942 183
1616106307284 0.07463493562759237 184
1616106413439 0.07541701641488582 185
1616106519927 0.07550987791507802 186
1616106626313 0.07230318099894423 187
1616106732608 0.07069143906552741 188
1616106838756 0.06768816455881646 189
1616106945156 0.07081523474226607 190
1616107051490 0.07227045107395091 191
1616107157565 0.06948180338169666 192
1616107263814 0.07266264900248101 193
1616107370203 0.07006274258836787 194
1616107476193 0.07442060112953186 195
1616107582450 0.07009990418210943 196
1616107688793 0.06636992921220496 197
1616107794945 0.06783541276099835 198
1616107901061 0.06817524293635754 199
1616108007597 0.08716740253123831 200
1616108113686 0.07022948785031095 201
1616108219888 0.08982555409695239 202
1616108326200 0.07355900077109641 203
1616108432375 0.069224883901312 204
1616108538761 0.06857435880823338 205
1616108645221 0.07220366597175598 206
1616108751535 0.06990045435885166 207
1616108857699 0.06606294563476076 208
1616108964197 0.06964133584752996 209
1616109071083 0.06209060169280844 210
1616109177744 0.06352677941322327 211
1616109284148 0.06471689520998204 212
1616109390494 0.06563219364653243 213
1616109497046 0.06246317447500026 214
1616109603743 0.06036061365553673 215
1616109710032 0.06789851822751633 216
1616109816687 0.06259894624669501 217
1616109923020 0.06134815101927899 218
1616110029504 0.06351248444394862 219
1616110135889 0.06267384962832674 220
1616110242508 0.07303294666269992 221
1616110348871 0.06296972898726767 222
1616110455615 0.06716889967309668 223
1616110561782 0.06253186375536818 224
1616110668020 0.062014543629707174 225
1616110773958 0.05775579683324124 226
1616110880277 0.061532171482735494 227
1616110986425 0.059845122251104804 228
1616111092606 0.06315934594641341 229
1616111199288 0.06365597945578555 230
1616111305641 0.062371983807137675 231
1616111412220 0.060605813214119446 232
1616111518630 0.06519472852666328 233
1616111625275 0.06314318674675962 234
1616111732061 0.06136623151758884 235
1616111838550 0.06930971716312652 236
1616111944903 0.06592695636952177 237
1616112051396 0.06538144261279005 238
1616112157498 0.06263731134698745 239
1616112263546 0.0678217277881947 240
1616112369586 0.060981368130825934 241
1616112475854 0.059304298238551365 242
1616112582243 0.061534075660908474 243
1616112689029 0.06583472071809972 244
1616112795524 0.06080537590574711 245
1616112901899 0.058782623169269965 246
1616113008590 0.061779106551028314 247
1616113114734 0.07256146948388283 248
1616113221215 0.07582862960531357 249
