1616086730639 29.060413111853933 0
1616086837833 21.18671091316344 1
1616086944785 20.16271694846244 2
1616087051917 18.665126452592787 3
1616087158474 16.331477387744695 4
1616087265301 16.525187831676607 5
1616087372206 15.59134894663272 6
1616087478724 16.522600183115408 7
1616087585241 15.994257747047605 8
1616087691461 13.74031345551079 9
1616087798088 14.655479930962384 10
1616087904491 16.399880081285584 11
1616088011583 19.045717654697654 12
1616088118088 14.966318071088134 13
1616088224370 15.48971254923846 14
1616088331674 13.697316041334215 15
1616088438874 16.32634591574482 16
1616088545750 14.017600321210665 17
1616088652292 13.64601472608691 18
1616088758998 14.317044628515463 19
1616088865613 14.021434049436682 20
1616088971724 13.854472056443958 21
1616089078323 15.477085554412078 22
1616089184640 14.113013043880809 23
1616089291356 13.161025199064985 24
1616089398027 14.00142149963435 25
1616089504379 13.71960610524904 26
1616089610958 18.340881380475864 27
1616089717486 14.421259288713374 28
1616089823711 13.423461034545015 29
1616089930307 12.90790480995957 30
1616090036698 12.439265629225881 31
1616090143294 14.703868037983959 32
1616090249968 13.224459145849103 33
1616090356369 11.8375796565133 34
1616090462900 12.583650796630215 35
1616090569322 12.072776101876046 36
1616090675640 12.644008483359812 37
1616090781820 14.978896419609413 38
1616090888555 14.901798948670143 39
1616090995567 13.465609711584552 40
1616091102286 13.6584514371092 41
1616091208813 12.544963525997527 42
1616091314979 12.522495640100828 43
1616091421949 15.45077633799263 44
1616091528192 14.927039081085042 45
1616091634485 13.36690102450202 46
1616091741189 11.706849238786987 47
1616091847819 12.264957642223555 48
1616091954209 12.959638481582129 49
1616092060762 11.754424577971202 50
1616092167186 12.997886277942644 51
1616092273406 13.067452056137265 52
1616092379751 12.51796047883866 53
1616092486003 13.400584658846695 54
1616092592210 11.020052639156729 55
1616092698748 12.605340965080526 56
1616092805110 11.155757038262097 57
1616092911364 12.196520856930979 58
1616093017980 11.312078713997765 59
1616093124470 12.033606509141858 60
1616093230759 11.456882396772917 61
1616093337131 10.624799439647058 62
1616093443554 10.786103999709097 63
1616093550200 11.920671813598897 64
1616093656517 9.817791549959908 65
1616093762891 10.43226365130441 66
1616093869090 9.966304996267406 67
1616093975363 11.761969593644796 68
1616094081414 10.223008451015719 69
1616094188042 11.786457565534572 70
1616094294387 10.731793846005782 71
1616094400561 10.728255905833079 72
1616094506797 10.501274263775302 73
1616094613685 12.7166370621898 74
1616094719853 12.11879435955551 75
1616094826160 11.657661228049799 76
1616094932299 11.046384892249428 77
1616095038550 9.30766429588005 78
1616095147145 11.732388109544866 79
1616095254622 12.999463765285851 80
1616095360382 9.450953680016168 81
1616095467030 9.920978016268402 82
1616095573385 11.129173202118842 83
1616095679880 10.0405795792777 84
1616095786388 9.978878544255712 85
1616095892885 11.04287623162978 86
1616095999469 10.955932260083822 87
1616096105886 9.51947930270094 88
1616096212078 9.91854677294585 89
1616096318151 9.766521337185587 90
1616096424400 13.160569225634024 91
1616096530652 9.899910295802394 92
1616096636845 12.947571891810815 93
1616096743480 12.646500175475843 94
1616096849757 11.273696875850822 95
1616096955913 10.365033672025408 96
1616097062157 12.76327594939749 97
1616097168505 13.773940457333056 98
1616097275186 11.790564926505072 99
1616097381421 10.807666120196119 100
1616097487702 10.935427609554049 101
1616097593705 11.440117101645166 102
1616097699759 10.830939738522654 103
1616097805733 10.156642854789096 104
1616097911906 10.994983261621229 105
1616098018308 9.16837092400995 106
1616098124656 8.94528228952126 107
1616098230691 8.780524556024977 108
1616098336636 9.847458529394299 109
1616098443083 10.487995552472121 110
1616098549066 11.579555925435049 111
1616098655334 10.030270283081355 112
1616098761655 9.835984947966987 113
1616098867817 8.90242915865132 114
1616098974036 8.994793821887097 115
1616099080148 9.354422174553829 116
1616099186309 9.78065824817008 117
1616099292578 9.594550220531874 118
1616099398875 11.28732217993754 119
1616099505270 9.336015875200339 120
1616099611577 10.94695593148277 121
1616099717696 8.486040663086245 122
1616099823785 9.005439603020335 123
1616099929808 9.523326030730049 124
1616100036249 9.577209109614834 125
1616100142398 9.664093644952468 126
1616100248978 11.24032982626134 127
1616100355144 10.977856299585751 128
1616100461617 8.856795863015895 129
1616100567873 9.441563003150597 130
1616100674246 9.797317483139098 131
1616100780374 10.831378486121501 132
1616100886577 8.904297955024157 133
1616100992751 9.880391010973723 134
1616101099020 9.798016101223979 135
1616101205260 10.357737318529441 136
1616101311353 9.714545031276378 137
1616101417859 9.189441457944461 138
1616101524078 10.026667291031199 139
1616101630461 10.53497703208201 140
1616101736598 9.388294482344211 141
1616101842931 10.601469800589252 142
1616101949291 9.810909938381695 143
1616102055638 9.311803275729224 144
1616102161819 9.822808537761007 145
1616102268208 10.03512180803401 146
1616102374595 9.665740954820253 147
1616102481255 8.950797766426026 148
1616102587369 9.459914641780927 149
1616102693632 8.162490988597003 150
1616102799676 8.500712092343848 151
1616102905787 8.943439494570942 152
1616103011789 10.32723511320841 153
1616103117893 9.610435071264352 154
1616103224012 9.400064985088434 155
1616103330060 8.87015842248562 156
1616103436764 10.162017309878859 157
1616103543161 10.359701687891173 158
1616103649514 9.646344918904402 159
1616103755729 9.36605143802826 160
1616103862204 9.031236410699085 161
1616103968129 8.311703302709274 162
1616104074522 8.79467294071744 163
1616104180600 9.634122589013792 164
1616104286646 9.460688700509042 165
1616104392941 8.713560366695983 166
1616104499211 9.57351160938885 167
1616104605362 8.097096442829386 168
1616104711763 10.576565143505043 169
1616104818270 9.638202582224737 170
1616104924860 11.62209085422171 171
1616105031235 9.771009894295991 172
1616105137757 8.475573737036605 173
1616105244164 8.463576843721881 174
1616105350660 9.255273048744664 175
1616105456650 9.204811724457924 176
1616105563036 8.693701406252918 177
1616105669485 8.603907810794457 178
1616105775611 9.31789636946206 179
1616105882112 10.385687373831079 180
1616105988638 10.028316529849556 181
1616106094912 8.358792820418214 182
1616106201291 8.01805767847169 183
1616106307290 9.107190027644016 184
1616106413444 10.628129647582329 185
1616106519932 9.026309008301565 186
1616106626318 8.197054058647534 187
1616106732613 8.922550175913383 188
1616106838760 9.374336016235596 189
1616106945160 8.20701997150277 190
1616107051495 8.659222304422277 191
1616107157569 8.218538294874364 192
1616107263818 8.957399836573611 193
1616107370208 9.776062070278766 194
1616107476198 8.298932177127886 195
1616107582455 8.667191541784764 196
1616107688799 7.267954179543377 197
1616107794950 7.7592188045522 198
1616107901066 8.572516040485734 199
1616108007602 11.453370787452153 200
1616108113691 9.827756442867116 201
1616108219892 11.285059399974838 202
1616108326205 9.962664461584373 203
1616108432380 9.158075251651642 204
1616108538766 9.768181883214613 205
1616108645226 10.928853740756917 206
1616108751539 7.997890345492113 207
1616108857704 10.335375350826066 208
1616108964202 9.470049094298787 209
1616109071088 9.388485081874734 210
1616109177750 10.128207031267143 211
1616109284152 10.172251577601761 212
1616109390499 8.306972528466781 213
1616109497050 8.393935524459538 214
1616109603748 8.209217221025105 215
1616109710037 9.265717663156911 216
1616109816692 9.625332599804075 217
1616109923025 8.759729627719896 218
1616110029510 8.68653610654827 219
1616110135894 9.758474744434247 220
1616110242513 10.229693675109587 221
1616110348877 7.7041399789773894 222
1616110455619 8.773934537889708 223
1616110561787 9.804980153689712 224
1616110668025 8.17650476306468 225
1616110773963 7.9695324311990525 226
1616110880282 7.532183458729077 227
1616110986431 8.249573987331962 228
1616111092612 9.112523423326772 229
1616111199293 8.489894617605298 230
1616111305646 7.910004134678385 231
1616111412225 9.145586398337915 232
1616111518635 9.834378156520785 233
1616111625280 7.91892743336304 234
1616111732066 8.698453542580573 235
1616111838555 9.921713068503957 236
1616111944908 7.379830767810658 237
1616112051401 9.686999866909954 238
1616112157504 8.250344541388925 239
1616112263551 7.832951373689274 240
1616112369591 10.13339261259476 241
1616112475859 8.150743096710457 242
1616112582249 8.858102940306056 243
1616112689034 9.480686481580847 244
1616112795528 8.549218761534176 245
1616112901905 9.550055170677222 246
1616113008595 9.397342023049536 247
1616113114740 8.92142932869935 248
1616113221221 11.24310361226657 249
