1616086730636 0.6005861566927125 0
1616086837831 0.6930628179552707 1
1616086944783 0.7464305920169708 2
1616087051915 0.7555254306127144 3
1616087158472 0.7765780956276316 4
1616087265299 0.795071437340626 5
1616087372204 0.808723684846166 6
1616087478722 0.8164256703247257 7
1616087585238 0.8191849351414737 8
1616087691459 0.8393948812612352 9
1616087798086 0.8462355627153227 10
1616087904489 0.8301190672878255 11
1616088011581 0.811822891314613 12
1616088118086 0.826389360510338 13
1616088224368 0.8349462400854347 14
1616088331672 0.8464656122464765 15
1616088438872 0.8414396525786675 16
1616088545747 0.850729282186218 17
1616088652290 0.8593120884615928 18
1616088758996 0.8514180188116796 19
1616088865611 0.8522456123870104 20
1616088971722 0.855884220500655 21
1616089078321 0.8610269041840938 22
1616089184638 0.854854017337586 23
1616089291354 0.8583576345241609 24
1616089398024 0.8600852392524718 25
1616089504377 0.8558821170937587 26
1616089610956 0.8300687027500665 27
1616089717483 0.8505099704687266 28
1616089823708 0.8593449591748179 29
1616089930305 0.8656683296926241 30
1616090036696 0.8681668280029392 31
1616090143292 0.8656142812440212 32
1616090249965 0.865875385681841 33
1616090356367 0.8736359056957225 34
1616090462898 0.8756746723554394 35
1616090569320 0.8727034504446102 36
1616090675638 0.8721583755439187 37
1616090781818 0.8300721977114123 38
1616090888552 0.8494282343940056 39
1616090995564 0.8633723262093089 40
1616091102283 0.872071510814923 41
1616091208811 0.8719636774522826 42
1616091314977 0.8584077639574621 43
1616091421947 0.8567210573633697 44
1616091528189 0.8708595464729327 45
1616091634483 0.8729648726665356 46
1616091741187 0.8763564819113371 47
1616091847817 0.8759385820557463 48
1616091954206 0.8750171028870217 49
1616092060760 0.8779619706675728 50
1616092167183 0.8690479086226526 51
1616092273404 0.8719181667151366 52
1616092379749 0.8708993054312119 53
1616092486001 0.8732832655350261 54
1616092592208 0.8773786381204077 55
1616092698746 0.874761011476252 56
1616092805107 0.8809188589790559 57
1616092911362 0.8776899748085503 58
1616093017978 0.8770547038181982 59
1616093124468 0.8830856738830025 60
1616093230756 0.8854996918978051 61
1616093337129 0.8842265008988374 62
1616093443552 0.8844280502303167 63
1616093550198 0.8829903800258453 64
1616093656515 0.8849123407828998 65
1616093762888 0.8876524266509458 66
1616093869088 0.8863650947967743 67
1616093975361 0.8867017147230342 68
1616094081412 0.8902893142200056 69
1616094188040 0.8851395721368968 70
1616094294384 0.8885640165709118 71
1616094400559 0.8881444116420252 72
1616094506795 0.8807953693705829 73
1616094613683 0.8877022198718437 74
1616094719851 0.8875424478678627 75
1616094826158 0.8890505640945853 76
1616094932297 0.8923023379546531 77
1616095038548 0.8905580257798763 78
1616095147141 0.8771018643635622 79
1616095254620 0.8738209731440912 80
1616095360380 0.8886138328073665 81
1616095467028 0.8907544624278362 82
1616095573382 0.8931799583790943 83
1616095679878 0.8929490935394263 84
1616095786386 0.8920059079958245 85
1616095892883 0.8947354926073805 86
1616095999467 0.893364137405173 87
1616096105884 0.8960813641587787 88
1616096212076 0.8946497840905919 89
1616096318148 0.8950980143780087 90
1616096424398 0.8961264303528723 91
1616096530649 0.8961688203122863 92
1616096636843 0.8583425348921818 93
1616096743478 0.8700860585581432 94
1616096849755 0.8892520147355947 95
1616096955911 0.8889382501687617 96
1616097062155 0.8693716305090075 97
1616097168503 0.8649918227951895 98
1616097275184 0.8896170534550193 99
1616097381419 0.8933186605869932 100
1616097487700 0.8946009247187288 101
1616097593703 0.8963483425174305 102
1616097699757 0.8972866866697974 103
1616097805731 0.8996872328162352 104
1616097911904 0.8976380773819983 105
1616098018305 0.9007970095770632 106
1616098124654 0.8980319890728656 107
1616098230689 0.8987331031227207 108
1616098336634 0.9002310361990586 109
1616098443082 0.9015157255344093 110
1616098549064 0.8891592286923464 111
1616098655332 0.8925779002936597 112
1616098761652 0.9020555924842174 113
1616098867815 0.9023594769371792 114
1616098974033 0.9026930130265177 115
1616099080146 0.9008497703879913 116
1616099186306 0.9026046985998115 117
1616099292576 0.9041819133141891 118
1616099398873 0.8932734014406959 119
1616099505268 0.9011764025038227 120
1616099611575 0.9047709164170034 121
1616099717694 0.9062346277976449 122
1616099823783 0.9049931136851616 123
1616099929805 0.9052371456624663 124
1616100036247 0.906653969885504 125
1616100142396 0.9043000667910785 126
1616100248975 0.896440756536941 127
1616100355141 0.9058790255060538 128
1616100461614 0.9062606371899552 129
1616100567871 0.9054987182682182 130
1616100674244 0.9070685485655323 131
1616100780372 0.9091165820731127 132
1616100886574 0.9068759941951708 133
1616100992749 0.9083105580326407 134
1616101099018 0.9112631575739447 135
1616101205258 0.9075470483227772 136
1616101311351 0.9062536847084126 137
1616101417856 0.9109995588263933 138
1616101524076 0.9003971356977808 139
1616101630458 0.9012258215014763 140
1616101736596 0.907256180103472 141
1616101842929 0.901200607419014 142
1616101949289 0.9016164511125139 143
1616102055635 0.9076757984077359 144
1616102161817 0.910779967676214 145
1616102268206 0.9106295185282509 146
1616102374592 0.9096794629771698 147
1616102481253 0.9132024753501916 148
1616102587367 0.9115647298799074 149
1616102693630 0.9099824239222452 150
1616102799673 0.9122063233219879 151
1616102905785 0.9131206050317021 152
1616103011787 0.9148060963687269 153
1616103117891 0.9097619650568417 154
1616103224010 0.9084791422405458 155
1616103330058 0.910546462982893 156
1616103436762 0.9092241439254994 157
1616103543159 0.9130961522063676 158
1616103649512 0.9141819742805464 159
1616103755727 0.9148822269263737 160
1616103862202 0.9172411162723252 161
1616103968126 0.9122510131527769 162
1616104074520 0.9121475353876644 163
1616104180598 0.9121499297981883 164
1616104286644 0.9101430460453984 165
1616104392939 0.9139460072991379 166
1616104499209 0.9149450581877473 167
1616104605360 0.9147317253469311 168
1616104711761 0.9149139346852107 169
1616104818268 0.9177212257314711 170
1616104924858 0.9156109571773955 171
1616105031233 0.9149367716188166 172
1616105137755 0.9155381714053293 173
1616105244162 0.9156483584579002 174
1616105350658 0.9134642492306042 175
1616105456648 0.9154355405691139 176
1616105563034 0.9163655539221586 177
1616105669483 0.9160608775279624 178
1616105775609 0.9167125150165025 179
1616105882110 0.9151571614747035 180
1616105988636 0.9181278095323038 181
1616106094910 0.9189237808967208 182
1616106201289 0.9200049094221694 183
1616106307287 0.9130657185760743 184
1616106413442 0.9104787802442591 185
1616106519929 0.9116574295578485 186
1616106626316 0.9152777992743761 187
1616106732611 0.918396276639814 188
1616106838758 0.9216538915866391 189
1616106945158 0.9173742530946719 190
1616107051492 0.91486306543997 191
1616107157567 0.9183970605756374 192
1616107263816 0.9158678180934425 193
1616107370206 0.9174852556291413 194
1616107476196 0.913659087382257 195
1616107582452 0.9173432255183605 196
1616107688796 0.9206846686813267 197
1616107794947 0.919940278865397 198
1616107901063 0.9199107250891021 199
1616108007600 0.8968396972310035 200
1616108113689 0.9179729522067182 201
1616108219890 0.8957707684170059 202
1616108326202 0.9131894828157222 203
1616108432377 0.9185353873812772 204
1616108538763 0.9196491108890227 205
1616108645223 0.9153224360792244 206
1616108751537 0.9181663293114051 207
1616108857702 0.9233910849595324 208
1616108964200 0.9184241387200482 209
1616109071085 0.9268029751057955 210
1616109177747 0.9259739968569037 211
1616109284150 0.9240674590295617 212
1616109390496 0.9217975000117687 213
1616109497048 0.9261564467934534 214
1616109603746 0.9285410069563287 215
1616109710034 0.9209116818977797 216
1616109816690 0.9264600722594781 217
1616109923023 0.9274327124449167 218
1616110029507 0.9251652435855345 219
1616110135892 0.9256807622658287 220
1616110242511 0.9147563959927635 221
1616110348874 0.926303993851105 222
1616110455617 0.9228955085012824 223
1616110561785 0.927748820011286 224
1616110668023 0.9282478174947678 225
1616110773961 0.9322216332236186 226
1616110880280 0.9279265247404258 227
1616110986429 0.9305907611517196 228
1616111092610 0.926420048959157 229
1616111199291 0.9258899978025162 230
1616111305644 0.9273053541422841 231
1616111412223 0.9300120374722842 232
1616111518633 0.9229993475997385 233
1616111625277 0.9258278934086891 234
1616111732063 0.9277778278758868 235
1616111838552 0.918556008923878 236
1616111944905 0.9223507110306874 237
1616112051398 0.9248941347121875 238
1616112157501 0.9275477603969581 239
1616112263549 0.9199886994654353 240
1616112369589 0.9282262477865244 241
1616112475856 0.9321405203378899 242
1616112582246 0.9272495707536631 243
1616112689031 0.9231074760628349 244
1616112795526 0.9279872601396068 245
1616112901902 0.9310087887570262 246
1616113008592 0.9274994113106043 247
1616113114737 0.9155979629883424 248
1616113221218 0.9123554597707823 249
