1612213204416 0.256671039026175 0
1612213273327 0.23632340822646866 1
1612213342353 0.20403186598820472 2
1612213411462 0.18827997214758574 3
1612213481695 0.19039881941097886 4
1612213550658 0.1536975805439166 5
1612213621822 0.17901915489737666 6
1612213690696 0.11969946569471217 7
1612213759946 0.17335226731513864 8
1612213829386 0.19113759051507978 9
1612213898565 0.12672892969046065 10
1612213967694 0.1232704466848231 11
1612214036288 0.1427111768010837 12
1612214107057 0.09678404455754294 13
1612214176404 0.17113223360545599 14
1612214245281 0.15031871777861866 15
1612214314551 0.10797028043376866 16
1612214383549 0.16982035939373188 17
1612214452511 0.14019971996990602 18
1612214521599 0.15825321158366418 19
1612214591019 0.10293078689432855 20
1612214660876 0.12707017250915073 21
1612214729862 0.14001631291944588 22
1612214798758 0.10994073615145328 23
1612214867666 0.10303034177467005 24
1612214936860 0.1066030922220714 25
1612215005743 0.11485447189701137 26
1612215074916 0.1338879359302236 27
1612215144440 0.13739263210723648 28
1612215214170 0.08888666042641027 29
1612215282981 0.14097817086461764 30
1612215351660 0.10305106817786373 31
1612215420579 0.10825135102912561 32
1612215489351 0.09786783136538606 33
1612215558321 0.15142142950598872 34
1612215627317 0.1580010412344292 35
1612215696167 0.1391059498288738 36
1612215765386 0.10082308392026532 37
1612215834550 0.1372852476675119 38
1612215903312 0.13376386041071878 39
1612215972364 0.1638151905429897 40
1612216041567 0.11025561503509977 41
1612216111537 0.09302441575633946 42
1612216180710 0.1325914406064731 43
1612216249791 0.11266681863300836 44
1612216318812 0.1591673591243687 45
1612216387884 0.17285930042836203 46
1612216456726 0.12643610541500264 47
1612216525488 0.1044044992816982 48
1612216594522 0.11941242218017578 49
1612216664256 0.08533196217978178 50
1612216733784 0.10106605024480109 51
1612216802961 0.10614625197737965 52
1612216872172 0.15610152838835076 53
1612216941623 0.12894129219339856 54
1612217011495 0.14405753096537804 55
1612217080709 0.08286040042763326 56
1612217150303 0.11414043405162755 57
1612217220050 0.07647421288846144 58
1612217289501 0.13887051148201102 59
1612217358552 0.10684708516989182 60
1612217427765 0.12430298506323971 61
1612217497562 0.1477799264352713 62
1612217567054 0.11798029159432027 63
1612217636129 0.1845898414725688 64
1612217705377 0.1467287736152535 65
1612217774445 0.190365083182036 66
1612217844234 0.12334838465078553 67
1612217913610 0.13162590674499966 68
1612217982484 0.1294072555072272 69
1612218051619 0.131517782140134 70
1612218120879 0.09902942892330796 71
1612218190215 0.11806610537998712 72
1612218259471 0.08646081543680448 73
1612218328415 0.10726132321713576 74
1612218397730 0.11414385909464822 75
1612218466861 0.11102877535037141 76
1612218536189 0.1675839441925732 77
1612218605623 0.11969617142606137 78
1612218676656 0.1087765666975904 79
1612218745748 0.15244330221147678 80
1612218814989 0.09232857067193558 81
1612218883886 0.10060051572856618 82
1612218952990 0.13769250218547993 83
1612219022443 0.13188769924106883 84
1612219091853 0.128051025653953 85
1612219160874 0.1320342403739246 86
1612219229771 0.1447977219054948 87
1612219301625 0.15051663989451394 88
1612219370521 0.12735419575847798 89
1612219439186 0.14706172694021197 90
1612219508401 0.09057242212010853 91
1612219577579 0.12912365215927807 92
1612219646708 0.11159158642612287 93
1612219715882 0.1487491682394227 94
1612219786132 0.10938135367720875 95
1612219855410 0.1391261896090721 96
1612219924345 0.13012067328638105 97
1612219993103 0.09981025599721652 98
1612220062374 0.14030024275850894 99
1612220132205 0.10884968825240633 100
1612220201492 0.14939722908076955 101
1612220270665 0.05916509699465623 102
1612220339752 0.16344367212324 103
1612220408790 0.1274977459836362 104
1612220477656 0.1008374433019268 105
1612220546859 0.06997733240696921 106
1612220616288 0.07575687988480526 107
1612220686605 0.08716712958777129 108
1612220755433 0.0922808958523309 109
1612220824254 0.12308506378486975 110
1612220893535 0.12141263662879147 111
1612220964313 0.09368643564964409 112
1612221033276 0.1455303083604841 113
1612221102495 0.2093962270822098 114
1612221171684 0.14194973013294276 115
1612221242201 0.1399777905264897 116
1612221311064 0.10302455745526214 117
1612221380285 0.07315932103057406 118
1612221449223 0.074003342372268 119
1612221520139 0.08247129507918856 120
1612221589400 0.11951479627125298 121
1612221658277 0.10246002318254158 122
1612221727268 0.06508148161332998 123
1612221796054 0.07993041401478782 124
1612221865177 0.09704844542403719 125
1612221933936 0.09770548610544916 126
1612222002673 0.12822659513843593 127
1612222072039 0.1294514438999233 128
1612222141345 0.1308034258102303 129
1612222210188 0.1030076893407907 130
1612222279126 0.11047160269609138 131
1612222347809 0.1466694696625667 132
1612222417192 0.0954399571489932 133
1612222486414 0.07748477138690095 134
1612222555278 0.10517082018638725 135
1612222624243 0.16196214530005384 136
1612222693147 0.166943399763819 137
1612222762099 0.07120315263520426 138
1612222831158 0.15122755961631662 139
1612222900194 0.12819381525267415 140
1612222969211 0.07905074375778881 141
1612223038354 0.15648537874221802 142
1612223107156 0.11948163117935408 143
1612223177835 0.1217318017091324 144
1612223246690 0.12699536512147136 145
1612223315862 0.11415404526155386 146
1612223385586 0.11798097927178909 147
1612223454992 0.1175642769728134 148
1612223524395 0.12534196341215675 149
1612223593069 0.13469303010114983 150
1612223661729 0.09081411094807867 151
1612223730936 0.07281899096360847 152
1612223800097 0.12235369966990912 153
1612223868834 0.10601931365568247 154
1612223938377 0.12045079202794318 155
1612224007638 0.12375296229746804 156
1612224076881 0.04960344175794231 157
1612224145969 0.08618228826949846 158
1612224214909 0.07753607586248597 159
1612224284024 0.08456206588602777 160
1612224353166 0.08727324809601057 161
1612224422256 0.10155717917342684 162
1612224491018 0.11818605750354368 163
1612224560114 0.12533409204056015 164
1612224630785 0.15521804699257238 165
1612224699665 0.09751486778259277 166
1612224768641 0.07098427548337338 167
1612224839343 0.15433482269742596 168
1612224908711 0.09287920994545097 169
1612224977780 0.12245875774924435 170
1612225046953 0.05535033923476489 171
1612225116458 0.07090256641160196 172
1612225185126 0.11688538540655108 173
1612225253995 0.08812550644376385 174
1612225323215 0.12292575658257328 175
1612225392022 0.1429907021237843 176
1612225461015 0.1301306726327583 177
1612225529678 0.07529955479636122 178
1612225598566 0.09838210113012968 179
1612225667560 0.16054968424697422 180
1612225738117 0.09543174505233765 181
1612225807109 0.06326942390470362 182
1612225875752 0.05870324284283083 183
1612225945124 0.07490336894989014 184
1612226013687 0.08241304977616268 185
1612226082893 0.10470985654574722 186
1612226151781 0.09119101602639725 187
1612226221126 0.14436011972712048 188
1612226290112 0.1350976335468577 189
1612226359190 0.1275147555479363 190
1612226428901 0.07600289494244021 191
1612226497990 0.13017600596840703 192
1612226567457 0.11573533068841962 193
1612226636575 0.0758082012632 194
1612226705481 0.088142391461045 195
1612226774409 0.10200666847513683 196
1612226843587 0.10140305312711802 197
1612226912563 0.10430977148796196 198
1612226981572 0.08753398372166192 199
1612227050726 0.14361593794466845 200
1612227121548 0.06806280096965049 201
1612227190463 0.0704299558454485 202
1612227259788 0.11799845588741018 203
1612227329171 0.08298090055807313 204
1612227398691 0.09676745578424255 205
1612227467640 0.12026975137084278 206
1612227536606 0.058849970796215 207
1612227605669 0.14327633825700675 208
1612227676478 0.12472469326275498 209
1612227745613 0.1127774617565212 210
1612227814863 0.08997174519211498 211
1612227884014 0.06877729252203187 212
1612227952925 0.09831261278978035 213
1612228021674 0.09145321330027793 214
1612228090917 0.10865496877414077 215
1612228159986 0.11455685878867533 216
1612228229068 0.07807463674402948 217
1612228298217 0.11865711301120359 218
1612228367197 0.10835012571135563 219
1612228436510 0.08678335929984476 220
1612228505582 0.12039767806209735 221
1612228574875 0.12395614741453484 222
1612228644384 0.1051339320282438 223
1612228713674 0.11773299459201186 224
1612228782567 0.07202398332197275 225
1612228851663 0.1081273217699421 226
1612228920631 0.1329200757083608 227
1612228989592 0.09370205028733211 228
1612229058064 0.1316171590961627 229
1612229127152 0.11081944828602805 230
1612229196278 0.10617292905921366 231
1612229265663 0.07172332237015909 232
1612229334083 0.07292444670378272 233
1612229403271 0.12130619073981669 234
1612229472141 0.1032771654983065 235
1612229540948 0.08488094006011736 236
1612229610504 0.0767926351347966 237
1612229679842 0.12461402256097366 238
1612229749190 0.09918380940138403 239
1612229818681 0.13587487900435036 240
1612229887201 0.09913644239084045 241
1612229956066 0.09998895072225314 242
1612230025180 0.0878099701297817 243
1612230094101 0.10843049768191665 244
1612230163363 0.06200964771099945 245
1612230232022 0.10314926371645572 246
1612230301205 0.0974804332007223 247
1612230370263 0.11197883780322858 248
1612230438844 0.20981590249645177 249
1612230507944 0.07649962225956704 250
1612230577699 0.08263035407706873 251
1612230646416 0.07511901232733656 252
1612230715614 0.09744697720257205 253
1612230784413 0.09773376539571961 254
1612230853234 0.08237774336515967 255
1612230922555 0.08129464868289321 256
1612230991434 0.08134711856272683 257
1612231060271 0.07438984379839542 258
1612231129437 0.0981481128664159 259
1612231198511 0.08676492989952884 260
1612231267198 0.05115507164997841 261
1612231336146 0.060487410915431694 262
1612231405658 0.07649666604711049 263
1612231474552 0.11158178012762497 264
1612231545085 0.09173449384632396 265
1612231614385 0.1429637964092084 266
1612231683883 0.07806208774225036 267
1612231753106 0.10982272251328426 268
1612231821689 0.09772179998568635 269
1612231890726 0.13109392639416367 270
1612231959801 0.04063867899908948 271
1612232029087 0.07197040408404905 272
1612232098116 0.08486987227824197 273
1612232166985 0.10782764473957802 274
1612232236170 0.13692659228595336 275
1612232304693 0.07355294298769822 276
1612232374189 0.07944753276768016 277
1612232443593 0.12745392500464595 278
1612232513260 0.09242682581517234 279
1612232582659 0.11687772042715727 280
1612232651581 0.07896389267337856 281
1612232720951 0.15201954254463537 282
1612232790083 0.12728880946315937 283
1612232859014 0.09541639996998345 284
1612232928371 0.1124002052776849 285
1612232997758 0.09791458275780748 286
1612233066424 0.12820908560681699 287
1612233135347 0.12047906064275485 288
1612233204458 0.12174008052740524 289
1612233273754 0.09705183577181688 290
1612233342472 0.10416980554808432 291
1612233412084 0.07069128662792605 292
1612233480811 0.08267652543623057 293
1612233551215 0.08333770641640051 294
1612233620202 0.08819253409086768 295
1612233689212 0.0861108632230047 296
1612233758172 0.09606320377606065 297
1612233827208 0.08789821703042557 298
1612233896081 0.09322420607751875 299
1612233964914 0.08717150385700055 300
1612234033720 0.09941983578810051 301
1612234102607 0.09600997415941152 302
1612234172032 0.13780632837494808 303
1612234241038 0.1434919638420219 304
1612234309910 0.08610478088037292 305
1612234378962 0.13367351044469805 306
1612234447957 0.14066552226223164 307
1612234516679 0.0790158287802739 308
1612234585858 0.10602971777987125 309
1612234654878 0.09847023949694278 310
1612234723924 0.13220794877009606 311
1612234795671 0.13045743152276792 312
1612234864197 0.10076039762639288 313
1612234933323 0.04308390439446293 314
1612235001892 0.1234066895584562 315
1612235071076 0.07511259370775365 316
1612235139961 0.11479000813925444 317
1612235211467 0.08436766311303893 318
1612235280354 0.08619539684324122 319
1612235351055 0.042351279685746375 320
1612235420150 0.03757495399731309 321
1612235488933 0.07348350001804864 322
1612235557823 0.10707900061536191 323
1612235626886 0.12568905015489948 324
1612235696263 0.11726621371596607 325
1612235766365 0.08873664976945564 326
1612235835227 0.1020116645898392 327
1612235904176 0.11010501366942677 328
1612235973060 0.10883386989138019 329
1612236041818 0.13784590319021425 330
1612236111050 0.07128883831536592 331
1612236179905 0.12157806442744697 332
1612236248894 0.07797556048008933 333
1612236317692 0.10352958316233621 334
1612236387257 0.09601379864251436 335
1612236456501 0.09670429888056285 336
1612236525179 0.07342851072994631 337
1612236595000 0.14263563191712791 338
1612236663778 0.13281969436958654 339
1612236732927 0.08945774320346206 340
1612236802195 0.09010027771565451 341
1612236871243 0.09475175480344403 342
1612236941827 0.09952211113118414 343
1612237010923 0.10933872123262775 344
1612237079896 0.08717656491407708 345
1612237149366 0.11764974914379973 346
1612237218651 0.08221004792113802 347
1612237287505 0.10496647055469342 348
1612237357223 0.12595353197695605 349
1612237425992 0.0901039385083896 350
1612237495153 0.1156518370357912 351
1612237564104 0.08418311912622024 352
1612237635498 0.09554573671141667 353
1612237704155 0.12204884326280054 354
1612237773380 0.06415660167807963 355
1612237842115 0.06461633586171847 356
1612237911082 0.07533096822340098 357
1612237979798 0.06369314353857468 358
1612238049188 0.0766823451910446 359
1612238118526 0.10162152550113734 360
1612238189263 0.09146381669969701 361
1612238258574 0.06053225673846344 362
1612238327920 0.06783654173808311 363
1612238397424 0.08456548114321125 364
1612238466115 0.10808661268718207 365
1612238534936 0.0425680217458241 366
1612238603963 0.07812327057567996 367
1612238672644 0.1076297946830294 368
1612238741126 0.10619371239818744 369
1612238810330 0.0910055245926131 370
1612238880658 0.10310286105568729 371
1612238949785 0.0871672817130587 372
1612239019079 0.07928621146216322 373
1612239087809 0.09026024145866508 374
1612239156830 0.05059464742888266 375
1612239226067 0.08917008496042508 376
1612239295157 0.0683531725584571 377
1612239363779 0.10000824038662127 378
1612239432739 0.0885005166281515 379
1612239502017 0.10487497831458475 380
1612239571022 0.0821588244011153 381
1612239640166 0.0895573238828289 382
1612239709494 0.037704372583930175 383
1612239778543 0.07647602771645162 384
1612239847828 0.10306811955437731 385
1612239916618 0.07687018611537877 386
1612239985531 0.061889548799884855 387
1612240054135 0.09091906227282624 388
1612240122790 0.12540195593193396 389
1612240191780 0.07078334644659241 390
1612240260618 0.03786933688975092 391
1612240330194 0.09875399408055775 392
1612240399282 0.06489337647139136 393
1612240468394 0.08544357854928543 394
1612240537654 0.08401996253141716 395
1612240606361 0.10236614319815565 396
1612240675608 0.08019173056332034 397
1612240744460 0.08358171181892281 398
1612240813661 0.07821175856376762 399
1612240882898 0.12020329930889073 400
1612240952002 0.10652051399003214 401
1612241020803 0.08770275471815422 402
1612241090061 0.10698276936118283 403
1612241158988 0.06284122769512347 404
1612241228157 0.08736949536337782 405
1612241297235 0.09958428500303582 406
1612241366056 0.12358028230382435 407
1612241435146 0.09497151712873089 408
1612241504045 0.0829396923976158 409
1612241572980 0.14422990581882533 410
1612241643430 0.07806937463247954 411
1612241713022 0.10268641496772196 412
1612241781788 0.0753486699132777 413
1612241851215 0.066167232705586 414
1612241920420 0.09203146286864779 415
1612241989255 0.1355376012289702 416
1612242058496 0.08614494729397902 417
1612242127595 0.08174895973347907 418
1612242196896 0.11205690476431776 419
1612242265893 0.08029343476935999 420
1612242334685 0.11410205933585096 421
1612242403888 0.05391752364030525 422
1612242472790 0.10046300158571841 423
1612242542110 0.09908486391181376 424
1612242611161 0.12176624518721851 425
1612242679966 0.05757691344218468 426
1612242749004 0.0998998720254471 427
1612242818163 0.05838287677337874 428
1612242887233 0.05513180369761453 429
1612242956506 0.09253005928068019 430
1612243026399 0.15113479699661483 431
1612243095430 0.10466964920954917 432
1612243164378 0.09742443775063131 433
1612243232753 0.11302887058969754 434
1612243301677 0.07660130244582447 435
1612243370817 0.08481292315383455 436
1612243439561 0.11140672128591965 437
1612243508950 0.09791104117436196 438
1612243577642 0.05072930232802434 439
1612243646880 0.1406596943513671 440
1612243715613 0.08596817859962805 441
1612243785207 0.08091028679662676 442
1612243854296 0.043867357631227864 443
1612243923326 0.08584075098607077 444
1612243992196 0.09295377891455124 445
1612244061202 0.09753426864965638 446
1612244130363 0.07400028029484536 447
1612244199407 0.07030584207221643 448
1612244268416 0.051487249224933224 449
1612244338898 0.13124257593012567 450
1612244408154 0.10098918516244461 451
1612244478898 0.08864325640806511 452
1612244548013 0.06345377840212922 453
1612244617196 0.0935683277115893 454
1612244686324 0.07700134658101779 455
1612244755735 0.09750399482783986 456
1612244824506 0.0740942456829014 457
1612244893987 0.09979402129329852 458
1612244963103 0.11201115953388499 459
1612245032264 0.09325196938728218 460
1612245101363 0.10867400934447104 461
1612245170814 0.11881290620832301 462
1612245239897 0.10807598615760233 463
1612245308766 0.09814300999712589 464
1612245378039 0.09085759920860405 465
1612245446938 0.0666147399304518 466
1612245516449 0.0972360052279572 467
1612245585182 0.04180124802375907 468
1612245654446 0.06678148170015705 469
1612245723162 0.08266487139374462 470
1612245792154 0.14000930714963086 471
1612245862797 0.10668245803064375 472
1612245932075 0.06642998154483624 473
1612246001298 0.03831806022729447 474
1612246070571 0.07134230368172945 475
1612246139332 0.11427546881917697 476
1612246208517 0.06178743269906115 477
1612246277518 0.06451436832769593 478
1612246346461 0.08486778077794545 479
1612246417219 0.08221271055847851 480
1612246486346 0.06188881130360845 481
1612246555421 0.09385578134166661 482
1612246624180 0.10474304120932053 483
1612246692799 0.1027433196110512 484
1612246761751 0.09628169216326814 485
1612246830886 0.0960492785297223 486
1612246899889 0.09278594379994407 487
1612246969227 0.113310715155815 488
1612247038018 0.05879533201900881 489
1612247107329 0.0720378124891822 490
1612247176060 0.08107324233695642 491
1612247245213 0.08877646033443622 492
1612247314570 0.10935987109568582 493
1612247383981 0.09646241344622712 494
1612247454687 0.11609889856025354 495
1612247524213 0.11820355991819012 496
1612247593364 0.1075446534512648 497
1612247662476 0.08058777229109806 498
1612247731522 0.05098726678250441 499
1612247801062 0.07490946285760225 500
1612247870295 0.10412436812671262 501
1612247939682 0.10510004100514882 502
1612248008198 0.08780407460767832 503
1612248077173 0.09169174397169653 504
1612248148656 0.09918769882686103 505
1612248217667 0.10351411353296308 506
1612248286707 0.07407969414298214 507
1612248355569 0.07257270457139656 508
1612248424448 0.08873547991709922 509
1612248493609 0.0637427764152413 510
1612248562334 0.08345487224521922 511
1612248631373 0.06055263707886881 512
1612248700681 0.07081062402298201 513
1612248769455 0.052772285333320276 514
1612248838969 0.07248356449070262 515
1612248908143 0.06714174640712453 516
1612248978812 0.08524875676454004 517
1612249047526 0.08856524638275602 518
1612249116575 0.05703522198235811 519
1612249185851 0.11835492991689425 520
1612249254753 0.129998393023192 521
1612249324170 0.0777670589845572 522
1612249393825 0.09022416463538782 523
1612249463165 0.0496721570171527 524
1612249532447 0.1028783179041165 525
1612249601575 0.08905516720529813 526
1612249670688 0.15219080359188478 527
1612249741532 0.06936647553942096 528
1612249810391 0.073072563356428 529
1612249879466 0.06377132526084558 530
1612249948838 0.06671390426692678 531
1612250018476 0.12015592340213149 532
1612250087449 0.10273309074231048 533
1612250156833 0.07611455757226517 534
1612250226660 0.099282074330458 535
1612250295903 0.08406236367439156 536
1612250365307 0.07906037302159552 537
1612250434407 0.10101318537299313 538
1612250503314 0.09894197467547744 539
1612250574874 0.07269367531164368 540
1612250645250 0.12718136986689782 541
1612250715377 0.053470683631612295 542
1612250785998 0.09993884011880676 543
1612250856451 0.15116676732675352 544
1612250927073 0.07849573377353042 545
1612250997623 0.14844811140601313 546
1612251068411 0.08071726293706183 547
1612251138692 0.10126605585439881 548
1612251209363 0.06659074772649737 549
1612251279909 0.14011756252886645 550
1612251349474 0.10337088979891877 551
1612251419137 0.09104909025021453 552
1612251488422 0.12801581265321418 553
1612251557853 0.10558786587928658 554
1612251629308 0.06812089948511835 555
1612251698890 0.07988503975654716 556
1612251768225 0.10584863531055735 557
1612251837906 0.07036964662039458 558
1612251907547 0.0708364515162226 559
1612251976936 0.08196076973160701 560
1612252046458 0.08224462751132339 561
1612252115987 0.0495654905020301 562
1612252186061 0.0630628395436415 563
1612252258068 0.10556753446806723 564
1612252327545 0.07621091960081414 565
1612252398208 0.08969529884964672 566
1612252467793 0.0866879954266904 567
1612252537207 0.09659332570744984 568
1612252608531 0.0855287429112107 569
1612252678645 0.07672876653386586 570
1612252748365 0.047363984940656974 571
1612252817357 0.09490322443976332 572
1612252888389 0.0867590850858546 573
1612252958755 0.07041673428976714 574
1612253028407 0.07485813969996438 575
1612253098752 0.0839529749172837 576
1612253168497 0.11044322910593517 577
1612253238189 0.09165838672153985 578
1612253308122 0.07063389447197985 579
1612253379666 0.08067362433049216 580
1612253449009 0.07462177258818897 581
1612253518867 0.12995613510928936 582
1612253588614 0.10230591314942089 583
1612253657851 0.07554296682130045 584
1612253727019 0.06930351524210687 585
1612253795950 0.08188558692362771 586
1612253864842 0.10465226956267855 587
1612253934553 0.0951157194464954 588
1612254003903 0.06900209099499148 589
1612254073245 0.0415347040589176 590
1612254142650 0.1026934767836955 591
1612254211292 0.09616847981267901 592
1612254280529 0.06389598526171784 593
1612254349462 0.10175132573540531 594
1612254418753 0.10529830918383243 595
1612254487421 0.0650481982017631 596
1612254555989 0.1174073005790141 597
1612254625295 0.10245787563608653 598
1612254694110 0.08165627629009646 599
1612254763117 0.07229700462142033 600
1612254833191 0.0813984710778763 601
1612254902548 0.08963871269083734 602
1612254971886 0.06633843948592001 603
1612255041083 0.0657781024477375 604
1612255110364 0.10647835749298779 605
1612255179771 0.08472849272969943 606
1612255249140 0.07541529456181313 607
1612255318374 0.09823704121717766 608
1612255387451 0.07241556893533735 609
1612255456447 0.06849272927241538 610
1612255527323 0.08515635711043629 611
1612255596503 0.06785937654438304 612
1612255665834 0.0989905791496163 613
1612255734659 0.0699170623252641 614
1612255803646 0.06283369082123486 615
1612255872444 0.08080397524050813 616
1612255941426 0.054231385686504305 617
1612256013151 0.05741847451053449 618
1612256082008 0.09053586134270056 619
1612256152706 0.11277068195058339 620
1612256222071 0.0479688341937848 621
1612256291172 0.07414848768889014 622
1612256360400 0.0843119336597955 623
1612256429403 0.09011392006233557 624
1612256498575 0.07064252380114883 625
1612256567568 0.08314746262422248 626
1612256636519 0.09663583360501189 627
1612256706493 0.034336748407847846 628
1612256776289 0.09423594243490874 629
1612256845249 0.13472999298750465 630
1612256915482 0.10832647423246014 631
1612256984439 0.06294277176928165 632
1612257055403 0.07738424059170396 633
1612257124529 0.1258332053227211 634
1612257193416 0.09745327750248696 635
1612257262220 0.055987498653468804 636
1612257331241 0.08508833575604567 637
1612257400090 0.08151993733733448 638
1612257470703 0.11721655148178783 639
1612257540259 0.10391560953054856 640
1612257609126 0.08052429334441227 641
1612257677873 0.057894241453996347 642
1612257748433 0.09536096231261296 643
1612257818004 0.05816353790795625 644
1612257887058 0.08038422420843323 645
1612257956718 0.06929003035844263 646
1612258025649 0.054940620465065114 647
1612258096223 0.05417511267448539 648
1612258165303 0.10806133942817574 649
1612258234219 0.10215327632960988 650
1612258303220 0.06355806162108237 651
1612258372387 0.06455097447580366 652
1612258441642 0.09422800967942423 653
1612258511133 0.09852805511275334 654
1612258581984 0.08438432572492913 655
1612258651084 0.08271125003473083 656
1612258720002 0.08248331742500191 657
1612258789039 0.07726397087324911 658
1612258857875 0.08193762088889506 659
1612258926894 0.10263878818768174 660
1612258996358 0.10628976750729689 661
1612259065580 0.1214725206147379 662
1612259135122 0.07615120731182952 663
1612259204472 0.09536375483470176 664
1612259273303 0.09134385656954637 665
1612259343124 0.06977078007228339 666
1612259413132 0.1726247703851159 667
1612259482562 0.08377957433017331 668
1612259553394 0.09829439067128878 669
1612259622955 0.1114259735861821 670
1612259691966 0.12169183990848598 671
1612259761609 0.05970343013307942 672
1612259831455 0.08987670603083141 673
1612259900895 0.07820094343441636 674
1612259970106 0.07650735662944282 675
1612260039327 0.07376321483014235 676
1612260108285 0.07359262544717361 677
1612260177322 0.1091823809182466 678
1612260246440 0.03572511761935789 679
1612260315373 0.08641321534541116 680
1612260384803 0.08508209239191084 681
1612260456067 0.0670057997774722 682
1612260525540 0.07663403518164336 683
1612260594719 0.06809313795459804 684
1612260664381 0.10424793923079077 685
1612260735316 0.10782638058733585 686
1612260804754 0.06633794129784427 687
1612260874070 0.07071012525416132 688
1612260943245 0.08183038323672849 689
1612261012367 0.05623874646514209 690
1612261081079 0.06195509433746338 691
1612261150502 0.07959655683432053 692
1612261220051 0.08981413093965444 693
1612261289326 0.04278733125373499 694
1612261358351 0.06038084581716737 695
1612261429103 0.08289106746218097 696
1612261499985 0.06808075086394352 697
1612261569174 0.07757968955965185 698
1612261638396 0.12191506197203451 699
1612261707873 0.05753234962918865 700
1612261777042 0.08655121166314651 701
1612261846300 0.11803092796411087 702
1612261915599 0.11128357897943525 703
1612261984922 0.08916363342484432 704
1612262054365 0.10160799791563803 705
1612262123553 0.0792318876109906 706
1612262192722 0.09616709912001196 707
1612262261956 0.09521808908946479 708
1612262332857 0.09080316415473597 709
1612262401799 0.10991044631644861 710
1612262471304 0.06763671227355501 711
1612262541019 0.09976941791932974 712
1612262610949 0.08653995261263492 713
1612262680410 0.058256478451970795 714
1612262749810 0.058820259215226815 715
1612262819437 0.06296412357643469 716
1612262889308 0.04670197394356799 717
1612262958927 0.04684134027851162 718
1612263028238 0.06727243715257787 719
1612263097684 0.09638337323914713 720
1612263167236 0.0949121188761583 721
1612263236387 0.06532949654024038 722
1612263305587 0.0753685796438758 723
1612263375010 0.06883007732789907 724
1612263444408 0.0819791039424156 725
1612263513483 0.08475091297235061 726
1612263582483 0.10205856276981866 727
1612263651759 0.05663735919923925 728
1612263720843 0.09575517586807707 729
1612263790880 0.09211206169270758 730
1612263860061 0.08533134033430868 731
1612263929844 0.05798630750001366 732
1612263999381 0.11393946409225464 733
1612264068797 0.06317962283518777 734
1612264138559 0.06541388871064827 735
1612264207257 0.06422723051327378 736
1612264276218 0.08861699922760921 737
1612264345512 0.05575102656634886 738
1612264415068 0.08689434136917341 739
1612264486152 0.07086763808976358 740
1612264555733 0.09519859481213698 741
1612264624986 0.08359293261570717 742
1612264694029 0.0815293103901308 743
1612264763336 0.05773789936037206 744
1612264833147 0.07897487327234069 745
1612264903032 0.052788475556160085 746
1612264972473 0.09666496604236204 747
1612265042047 0.050358135308792344 748
1612265111193 0.11254357668890883 749
1612265182598 0.0571797516808581 750
1612265251999 0.053675151582974104 751
1612265321678 0.05927297072624093 752
1612265391476 0.07772863267072991 753
1612265462730 0.07477109823653948 754
1612265531876 0.04796671778408449 755
1612265601324 0.07314808511022311 756
1612265670800 0.06637701792503471 757
1612265740307 0.09322770495912922 758
1612265809587 0.10825716203718043 759
1612265878779 0.058238049051654875 760
1612265949624 0.07419484675820194 761
1612266018434 0.06796779472436477 762
1612266089206 0.07600096090516048 763
1612266160265 0.06874259372255695 764
1612266229607 0.06395666367972075 765
1612266299344 0.10366212698950697 766
1612266370434 0.06279249066737161 767
1612266439784 0.05817754055137065 768
1612266508719 0.046441098647331126 769
1612266578066 0.10588485714214951 770
1612266647283 0.0797736449028129 771
1612266716170 0.0989428411668806 772
1612266785633 0.07927359929725306 773
1612266854812 0.08382094173289056 774
1612266923687 0.06027295874125922 775
1612266992400 0.12733231195762976 776
1612267063163 0.06152087716913935 777
1612267132505 0.08861077899363504 778
1612267201991 0.0842690263221513 779
1612267272750 0.08550151426400711 780
1612267342016 0.08984783247335633 781
1612267411263 0.04819458189295299 782
1612267480278 0.08916775326230633 783
1612267549892 0.12113918030439917 784
1612267619159 0.11052676101229084 785
1612267688829 0.07921156064787907 786
1612267758555 0.07384023381702935 787
1612267827644 0.06403891719988923 788
1612267897000 0.08205027544676367 789
1612267966002 0.059280742460222385 790
1612268034927 0.1014324106387238 791
1612268103933 0.128172329112665 792
1612268173161 0.08957058991958845 793
1612268242043 0.10608172149800543 794
1612268311605 0.07280295375567764 795
1612268380994 0.1144518158329067 796
1612268450985 0.0852739036972843 797
1612268520239 0.0858254005659872 798
1612268589525 0.08154018690336996 799
1612268660005 0.10261463852071051 800
1612268728998 0.10340381291375231 801
1612268798217 0.10122056505573329 802
1612268867177 0.08360658030011761 803
1612268936789 0.06475909165482023 804
1612269005725 0.12198412062516853 805
1612269075288 0.1124977442755628 806
1612269144485 0.09338550336325346 807
1612269213767 0.11624887007385937 808
1612269282826 0.0980952960341724 809
1612269351904 0.04071856612589822 810
1612269422330 0.13243640002919665 811
1612269491778 0.11499585589366172 812
1612269563148 0.07491193689517121 813
1612269632370 0.09240793203240011 814
1612269701547 0.0822240043042311 815
1612269772100 0.06815778675364025 816
1612269841724 0.13210671962197149 817
1612269912374 0.08763366759713016 818
1612269981763 0.0779132869706225 819
1612270052069 0.10044261590758366 820
1612270121861 0.05672657578738768 821
1612270191621 0.0694808185990177 822
1612270261198 0.05969412291227882 823
1612270330903 0.07775903370843004 824
1612270400258 0.10149853087183255 825
1612270469618 0.0951627199329547 826
1612270539539 0.05922258522973132 827
1612270608832 0.06891446771906383 828
1612270678082 0.07736684849013144 829
1612270747198 0.12737306819033267 830
1612270816236 0.07925694380233538 831
1612270886024 0.09780543686738655 832
1612270955645 0.09585130659501943 833
1612271024419 0.0827802704341376 834
1612271093657 0.06685107679509406 835
1612271162581 0.0543802247118594 836
1612271231686 0.07807234418925954 837
1612271300913 0.07150989681927127 838
1612271369773 0.05044696847004677 839
1612271438969 0.09060088823090738 840
1612271508637 0.07674409204454564 841
1612271578523 0.08195342590559775 842
1612271647660 0.08659188605066556 843
1612271716920 0.0743762076790653 844
1612271786522 0.06964631489853361 845
1612271855568 0.07402380455785723 846
1612271924619 0.07186457559243957 847
1612271993986 0.09237397873579566 848
1612272063313 0.07691598472310536 849
1612272132142 0.0796195206357472 850
1612272201222 0.08125224309181099 851
1612272272097 0.1356929567322802 852
1612272341702 0.08556142049049263 853
1612272410629 0.04172775905523727 854
1612272480446 0.10150151644180071 855
1612272549474 0.06760848013322744 856
1612272618682 0.08251297651831783 857
1612272689342 0.06879269009205832 858
1612272758341 0.10341100550409574 859
1612272827813 0.09969181889918313 860
1612272896887 0.11193451685691948 861
1612272966036 0.07223654149183587 862
1612273035024 0.0707109419267569 863
1612273104609 0.07115364074707031 864
1612273173608 0.0728775325106151 865
1612273244154 0.12171572090974495 866
1612273313547 0.04770212475933246 867
1612273383589 0.0702054669607931 868
1612273453212 0.057627241113292635 869
1612273522663 0.04718469594841573 870
1612273592969 0.11787946455514253 871
1612273662326 0.10816518584294106 872
1612273732231 0.11786095953699369 873
1612273801656 0.07449791057785946 874
1612273870944 0.07144018696315253 875
1612273940453 0.08658185378829045 876
1612274010858 0.05879872859413944 877
1612274080169 0.06347751439507328 878
1612274148881 0.07738020704753364 879
1612274218292 0.053295353455330007 880
1612274287189 0.07357385176331249 881
1612274356637 0.1360340118408203 882
1612274425834 0.0836342439722659 883
1612274496782 0.03805767689178239 884
1612274565781 0.061632689255387035 885
1612274634996 0.10737648028046337 886
1612274704440 0.05859995955851541 887
1612274773701 0.0876117677830938 888
1612274843353 0.11024846603621298 889
1612274912467 0.055161549973843704 890
1612274982293 0.06530302851947385 891
1612275051511 0.049162276645204915 892
1612275120517 0.09809117797595351 893
1612275189644 0.06679168388025085 894
1612275258838 0.08435977394901105 895
1612275328003 0.056032538414001465 896
1612275396966 0.058735909746654 897
1612275466444 0.09981069013253967 898
1612275535514 0.07289878823863927 899
1612275605059 0.07946738467287662 900
1612275674504 0.06328919040622996 901
1612275744167 0.059688188246826625 902
1612275815179 0.059005844059275156 903
1612275884598 0.10935825554292593 904
1612275953769 0.08283111319613101 905
1612276022938 0.08797870109330362 906
1612276092041 0.08966400196303183 907
1612276160770 0.060981859022112034 908
1612276229986 0.06676091809770954 909
1612276299620 0.08022450155286646 910
1612276368652 0.059996476813928404 911
1612276437825 0.07500950880904696 912
1612276508299 0.0473296980359661 913
1612276578460 0.045481072432959256 914
1612276648202 0.04150754925030381 915
1612276718336 0.06288885091667745 916
1612276788235 0.05321610418718253 917
1612276858403 0.09446782852286723 918
1612276928289 0.1003321969687049 919
1612276998184 0.10179571251371014 920
1612277067949 0.0685400936140943 921
1612277138390 0.06606956293333822 922
1612277208556 0.08907567209272242 923
1612277278188 0.05976773109009017 924
1612277348487 0.08627065704829658 925
1612277418442 0.0963462066294542 926
1612277488672 0.05973620468111181 927
1612277559101 0.08060060508215605 928
1612277628757 0.07767628911715835 929
1612277698006 0.09832621599311259 930
1612277768953 0.05776768211108535 931
1612277839097 0.10606606059999608 932
1612277909689 0.08889750669251627 933
1612277980093 0.12515814535653413 934
1612278049928 0.05148665584735016 935
1612278119542 0.08746308888962019 936
1612278189368 0.07865737712205347 937
1612278258460 0.09272491309180189 938
1612278327632 0.06203242113341147 939
1612278397219 0.05808831506700658 940
1612278466836 0.0914121528170002 941
1612278536780 0.07757422105589909 942
1612278606099 0.07395800814699771 943
1612278676072 0.12987211746955984 944
1612278745416 0.06485345648295844 945
1612278815066 0.06438278618143566 946
1612278884536 0.09787284171403345 947
1612278954174 0.0766232841050447 948
1612279023547 0.09704708163417987 949
1612279093321 0.06755937658139129 950
1612279162602 0.07542394791076433 951
1612279232982 0.08607507107862786 952
1612279302204 0.0852070717669245 953
1612279371032 0.08136026361095372 954
1612279440272 0.05918494356212331 955
1612279509875 0.039284304006775815 956
1612279580959 0.0790072759585594 957
1612279650065 0.10771402850079892 958
1612279718867 0.09462884735705247 959
1612279788817 0.08568427900769818 960
1612279859182 0.08574467363642223 961
1612279928726 0.08878021987516489 962
1612279997897 0.08824631349364323 963
1612280067154 0.08843632687383624 964
1612280141739 0.08130389985753529 965
1612280211608 0.08772779934441866 966
1612280280776 0.10883860356772124 967
1612280351861 0.06378536348912253 968
1612280421203 0.08665586585429177 969
1612280490724 0.09299349784851074 970
1612280559842 0.0722041646046425 971
1612280629253 0.10443715106195478 972
1612280698658 0.05640801476008857 973
1612280767873 0.07197215752815132 974
1612280837571 0.06702176759492105 975
1612280909193 0.06877066217251677 976
1612280978636 0.044729901783501926 977
1612281047425 0.04194384813308716 978
1612281116936 0.06533468481320054 979
1612281186525 0.0867310628962161 980
1612281255840 0.06453930530975115 981
1612281325032 0.08060386109707961 982
1612281394311 0.1275441370793243 983
1612281463181 0.07112632580657503 984
1612281532237 0.09352116086589757 985
1612281601487 0.11067043578446802 986
1612281671049 0.10492163451749888 987
1612281740859 0.04534588465050085 988
1612281809713 0.07763669473021778 989
1612281879018 0.06964037934345986 990
1612281948242 0.054797451887557753 991
1612282017224 0.0889026905173686 992
1612282087048 0.10770269828056221 993
1612282156413 0.0757957741395751 994
1612282225341 0.1023830282154368 995
1612282294905 0.11926794763821275 996
1612282363843 0.09354687003947015 997
1612282432853 0.05588265586255202 998
1612282502005 0.04935925309337787 999
