1612074529650 0.30494747144072804 0
1612074598750 0.27698757310411826 1
1612074667988 0.3254090707693527 2
1612074737299 0.26996506061126935 3
1612074806083 0.1765993246391638 4
1612074875087 0.21270854882339932 5
1612074944433 0.13647775507684964 6
1612075013937 0.21146774380954345 7
1612075084385 0.23081761865473505 8
1612075153483 0.1270426031368882 9
1612075222676 0.16750525538601094 10
1612075291604 0.12857287855290656 11
1612075360945 0.19924672948780345 12
1612075430181 0.1508401089639806 13
1612075499273 0.17184009213945758 14
1612075568899 0.19738485208198206 15
1612075639362 0.173719884744331 16
1612075708062 0.15926595855115064 17
1612075777222 0.17713622726611236 18
1612075846906 0.1595438531975248 19
1612075917779 0.19474233887088832 20
1612075986907 0.1891687690322079 21
1612076056639 0.1842607117410916 22
1612076125847 0.1437649700179029 23
1612076195240 0.12859223760775665 24
1612076264318 0.14237727336029507 25
1612076333774 0.16503139218287682 26
1612076402788 0.1701426692863009 27
1612076471700 0.1685152614294593 28
1612076540488 0.13289536469018282 29
1612076609401 0.16754426262271938 30
1612076678703 0.18730678487179883 31
1612076747939 0.15441537259229973 32
1612076818614 0.11674295521494168 33
1612076887716 0.14956400732495892 34
1612076956719 0.21222610527010105 35
1612077025453 0.18142482593877993 36
1612077094664 0.18747804058131887 37
1612077163318 0.13708807906108117 38
1612077232565 0.206744476930419 39
1612077301939 0.12167166062255404 40
1612077370423 0.13926473215444765 41
1612077439973 0.09426240422832433 42
1612077509294 0.13392971878621115 43
1612077578281 0.15755530969420475 44
1612077647377 0.10437281540970304 45
1612077716775 0.1999808265202081 46
1612077785407 0.10644455988015701 47
1612077856052 0.1358028143199522 48
1612077925180 0.14631339952127256 49
1612077994394 0.13389685883450864 50
1612078063280 0.11964434296337527 51
1612078133929 0.09412221410381261 52
1612078203259 0.10552057401457829 53
1612078272734 0.14650727385905252 54
1612078341503 0.14982222354234154 55
1612078410494 0.07829518638440032 56
1612078479588 0.08116781978464838 57
1612078548533 0.1153079057807353 58
1612078617416 0.15986639795018665 59
1612078687428 0.1505083859856449 60
1612078756516 0.11822086394722782 61
1612078827724 0.1258062720298767 62
1612078896753 0.18195981498974473 63
1612078965656 0.17448531424821312 64
1612079035001 0.10830507883385046 65
1612079103946 0.11150657063099875 66
1612079173203 0.12092254588853067 67
1612079242208 0.13334203833964334 68
1612079311676 0.18338317835508888 69
1612079380804 0.09240298573650531 70
1612079449803 0.1512999178758308 71
1612079518964 0.10848184485933673 72
1612079588242 0.12821635381499333 73
1612079657481 0.1774147046146108 74
1612079726405 0.14340791506553763 75
1612079795446 0.09623341506986476 76
1612079864615 0.12815585599016788 77
1612079934411 0.12868830873005427 78
1612080003678 0.1726178945000492 79
1612080074334 0.11653960551788557 80
1612080143538 0.12296891212463379 81
1612080212411 0.10792189658577762 82
1612080281589 0.0691833816357513 83
1612080350528 0.10774370449692455 84
1612080419875 0.10492079738360732 85
1612080488860 0.06934020590426317 86
1612080557994 0.09005812210823173 87
1612080627506 0.13692149297514958 88
1612080696348 0.1266947530988437 89
1612080765188 0.15466201127465093 90
1612080834799 0.1203013720797069 91
1612080904173 0.13648648315401218 92
1612080973207 0.07769796563618218 93
1612081042473 0.12971006667436058 94
1612081112067 0.16340102099660617 95
1612081181258 0.13012333503409998 96
1612081250264 0.1390469065353052 97
1612081319628 0.12969922396674086 98
1612081388807 0.11868692778829318 99
1612081458327 0.1596033519773341 100
1612081527475 0.12825697215635384 101
1612081597417 0.12855281758664258 102
1612081666218 0.17080761069682107 103
1612081735945 0.11210742014557568 104
1612081804923 0.11009654536176083 105
1612081873926 0.10115144234984669 106
1612081943524 0.11733871698379517 107
1612082012565 0.0900553278068998 108
1612082083585 0.10855716466903687 109
1612082153427 0.16566958801070256 110
1612082222897 0.20718852263778004 111
1612082291892 0.09466850846561033 112
1612082362835 0.12914049091623792 113
1612082432056 0.14734592455536571 114
1612082501800 0.08980632362081044 115
1612082570427 0.09917409473390722 116
1612082639353 0.10848993329859491 117
1612082708795 0.09369044161554593 118
1612082777993 0.20754787103453678 119
1612082847269 0.1416394256833774 120
1612082916328 0.10025196199986472 121
1612082985524 0.11102336289277717 122
1612083054248 0.08189213542795892 123
1612083123129 0.06915135170096781 124
1612083192014 0.10372160174953404 125
1612083260932 0.14772342479051048 126
1612083330000 0.11711703129668734 127
1612083399511 0.15604121026708118 128
1612083469105 0.10541557020215846 129
1612083537859 0.1261128614197916 130
1612083608176 0.11118140327396678 131
1612083676924 0.10838782787322998 132
1612083746202 0.14761106558700107 133
1612083815709 0.18406938972757825 134
1612083884545 0.08276604805419695 135
1612083953304 0.08271146532314927 136
1612084022197 0.16679462123273023 137
1612084092953 0.14415941665421672 138
1612084161596 0.07253224725153909 139
1612084230668 0.1774280880814168 140
1612084300955 0.14783390066516933 141
1612084371437 0.11302542864386715 142
1612084440531 0.0885478053519975 143
1612084510117 0.08101607614488744 144
1612084579162 0.08804802040555584 145
1612084648434 0.12483170939915215 146
1612084717420 0.13220971644814336 147
1612084788447 0.13722491709154044 148
1612084857648 0.07752693944902563 149
1612084927223 0.11876911903495219 150
1612084996664 0.1214669818308816 151
1612085065681 0.13679700022313132 152
1612085134831 0.08740169254701528 153
1612085205540 0.0712647153370416 154
1612085274569 0.08790494612793424 155
1612085343524 0.08005815477513556 156
1612085412423 0.08392333361639906 157
1612085481036 0.11744672504823599 158
1612085549972 0.09698571909719439 159
1612085619135 0.18120850200083718 160
1612085688240 0.1228525522929519 161
1612085757283 0.06697317824434879 162
1612085826008 0.07041623165358359 163
1612085894696 0.09815969129106891 164
1612085963347 0.06753307314061407 165
1612086032268 0.11861849453911852 166
1612086102675 0.1256237421462785 167
1612086171840 0.12845110270514418 168
1612086241378 0.11067356725237262 169
1612086310606 0.09441879258226993 170
1612086381194 0.10180730161382191 171
1612086450493 0.08844775940055277 172
1612086519421 0.10617061960163401 173
1612086588474 0.10746741116936527 174
1612086657910 0.1546692954960154 175
1612086729094 0.12011808245929319 176
1612086798049 0.10657224014623841 177
1612086867352 0.12336146030853044 178
1612086936703 0.05549348557173316 179
1612087005900 0.08928159190647637 180
1612087075141 0.15329708714983356 181
1612087144505 0.07874451822309352 182
1612087215350 0.09472843159490557 183
1612087284660 0.14028465480946783 184
1612087353960 0.1118098426221022 185
1612087423084 0.08909510676540545 186
1612087491892 0.08977702037612004 187
1612087561005 0.09110767449905623 188
1612087630218 0.09866369126447991 189
1612087699508 0.10874267033676603 190
1612087769281 0.14673176630219417 191
1612087838403 0.12641494309724266 192
1612087907257 0.07764040356251731 193
1612087975977 0.07948263278648035 194
1612088044641 0.1068855310553935 195
1612088113706 0.10178976717279918 196
1612088182742 0.11352672950545353 197
1612088251825 0.12284003353830594 198
1612088320647 0.18400174379348755 199
1612088389120 0.1156770862750153 200
1612088457396 0.12298198600313556 201
1612088526135 0.09659326165469724 202
1612088595213 0.1097797600191031 203
1612088664085 0.12506505713534 204
1612088732981 0.13565297713920252 205
1612088801900 0.14545263105363987 206
1612088871196 0.12613910080781623 207
1612088940654 0.1313716271030369 208
1612089009579 0.10842567682266235 209
1612089078615 0.13127776757994694 210
1612089149532 0.09319184253464884 211
1612089218335 0.16362864490765244 212
1612089287347 0.11688107963818223 213
1612089356364 0.12425912938900847 214
1612089425618 0.10221340674072948 215
1612089494505 0.10075254048874129 216
1612089563458 0.09533594971272483 217
1612089632157 0.12701176707424336 218
1612089703065 0.051229543650328224 219
1612089772594 0.09180672755881922 220
1612089841738 0.08844977083490856 221
1612089911400 0.1087147148687448 222
1612089980050 0.09285884828709845 223
1612090050835 0.10706725227299022 224
1612090119437 0.08542765788177946 225
1612090188516 0.13313329486704584 226
1612090257668 0.10065656811443728 227
1612090326653 0.13778968177624604 228
1612090397733 0.08229947890808333 229
1612090466774 0.1255540047118913 230
1612090535820 0.11384369544128874 231
1612090605179 0.09354116044827361 232
1612090674111 0.11819952904288449 233
1612090742748 0.0901266042865924 234
1612090811636 0.137612403328739 235
1612090880309 0.07381492853164673 236
1612090949932 0.0983113699884557 237
1612091018777 0.09429268694635648 238
1612091087751 0.13235563929401226 239
1612091156647 0.04284030999710311 240
1612091226370 0.1671365250402422 241
1612091297304 0.1566081892198591 242
1612091366289 0.07794157337786546 243
1612091436727 0.10776198177195306 244
1612091505539 0.11597649197080243 245
1612091574652 0.12508384950125395 246
1612091643935 0.09321843866092056 247
1612091713203 0.07295061759094694 248
1612091781959 0.10761495223685877 249
1612091850910 0.0989280787866507 250
1612091920233 0.0658752802592605 251
1612091989380 0.19448682265495187 252
1612092058373 0.09137005503497907 253
1612092127594 0.07162766848037493 254
1612092196662 0.08667016296244379 255
1612092265854 0.08204031969184306 256
1612092335721 0.09721422907131821 257
1612092404981 0.09140028704458208 258
1612092473958 0.08130734447223037 259
1612092542853 0.07011143929922758 260
1612092612040 0.13820522045021627 261
1612092681011 0.07408189417710945 262
1612092749875 0.14937765651674412 263
1612092818581 0.0547165105591959 264
1612092887551 0.1153021090066255 265
1612092956670 0.12191754935392693 266
1612093027449 0.11386437647378267 267
1612093096828 0.12851908580580754 268
1612093167436 0.08649381683833564 269
1612093236496 0.08562521525283358 270
1612093305668 0.12331723988945804 271
1612093374965 0.0779608603733689 272
1612093444147 0.1065855818008309 273
1612093513205 0.16352742376612195 274
1612093584192 0.10279033611069864 275
1612093654891 0.12218996660033268 276
1612093723691 0.09868348623389628 277
1612093792821 0.10548865617211185 278
1612093861722 0.11268043340142093 279
1612093930726 0.17996496673840195 280
1612093999498 0.1141315582972854 281
1612094070597 0.10873082769450856 282
1612094139639 0.1435598624286367 283
1612094208308 0.11583541667283472 284
1612094277241 0.08580100358422123 285
1612094346156 0.08549608579322474 286
1612094415306 0.06239269206772989 287
1612094483926 0.07609299136631524 288
1612094553013 0.05784750874362775 289
1612094622123 0.13042424863843777 290
1612094691559 0.06670508989647253 291
1612094760564 0.10296662529902671 292
1612094829725 0.10345577304042987 293
1612094898953 0.09460290243376547 294
1612094967907 0.15351646693784798 295
1612095036551 0.09523540379396125 296
1612095105889 0.10514820600623515 297
1612095174564 0.10776779189038632 298
1612095243645 0.08895460438372484 299
1612095312203 0.05701138902066359 300
1612095381431 0.07782478474858981 301
1612095450227 0.09571197584493836 302
1612095519113 0.1228061611972638 303
1612095588069 0.0671418060117693 304
1612095656717 0.11363192280726646 305
1612095727688 0.11924803523874994 306
1612095796778 0.10267035996735986 307
1612095865974 0.06741464404917474 308
1612095935057 0.11475408966861554 309
1612096003851 0.08687875342013231 310
1612096072576 0.08523068588171433 311
1612096141108 0.11912444367337582 312
1612096210110 0.10728400145004045 313
1612096279345 0.1178155585901061 314
1612096348170 0.13818244169007488 315
1612096418807 0.08736544936450559 316
1612096487905 0.06076653234994234 317
1612096557274 0.08808644138165374 318
1612096627855 0.14015410284497845 319
1612096697281 0.11906572331243487 320
1612096766337 0.09319540457939034 321
1612096835497 0.10246264400766857 322
1612096904264 0.06191669560190457 323
1612096973112 0.11648663744997623 324
1612097043494 0.06120547073990552 325
1612097111962 0.08690262107706781 326
1612097180917 0.10379096999097226 327
1612097249856 0.14162235206632473 328
1612097318785 0.12218036046668665 329
1612097387583 0.11915509024662758 330
1612097458467 0.06087484288571486 331
1612097527263 0.0722965704860972 332
1612097598415 0.07901264927280482 333
1612097668051 0.07760466835392055 334
1612097737380 0.11446087040118318 335
1612097806305 0.09119656103760448 336
1612097875609 0.10797946933490127 337
1612097944322 0.10637934972990805 338
1612098013116 0.10324131019079863 339
1612098082940 0.09461247298254896 340
1612098153515 0.13244140592973624 341
1612098224084 0.0996733628102203 342
1612098292980 0.08719711962030895 343
1612098361948 0.12214843105913988 344
1612098430725 0.13835306665790614 345
1612098501115 0.14669081613199034 346
1612098570496 0.0895754783900816 347
1612098639646 0.17268000520876983 348
1612098708402 0.07143433325326265 349
1612098777410 0.09123650682506276 350
1612098846821 0.06520001212162758 351
1612098915943 0.09549365292734174 352
1612098984794 0.09876387688651014 353
1612099053637 0.10882597094151511 354
1612099122396 0.09157670255917222 355
1612099191787 0.16370754010641753 356
1612099261160 0.08176071608244483 357
1612099330038 0.08832535636958791 358
1612099399391 0.1073722688119803 359
1612099470622 0.10724487678328556 360
1612099540417 0.1098858020198879 361
1612099609459 0.09685234970121241 362
1612099678391 0.0793802595850247 363
1612099747214 0.10612844620177996 364
1612099816700 0.09323938657988363 365
1612099886312 0.14271995736591853 366
1612099955410 0.14936768563825692 367
1612100024318 0.11310601501322504 368
1612100093957 0.0935331120419858 369
1612100162772 0.041515986421215 370
1612100231459 0.12130601459474706 371
1612100300246 0.08438262121001286 372
1612100369600 0.040111009754351716 373
1612100439096 0.11914129488503755 374
1612100508262 0.10496472244832053 375
1612100577106 0.08592438075079847 376
1612100645630 0.06655820359045 377
1612100714598 0.08001681495068678 378
1612100784091 0.09841425472231054 379
1612100853155 0.10997443501629046 380
1612100922244 0.08277504479707178 381
1612100992947 0.08676949632701589 382
1612101061715 0.0749325449786969 383
1612101130789 0.07994462305040502 384
1612101199953 0.07421828294867899 385
1612101269100 0.10833720217889814 386
1612101338079 0.11156901672704896 387
1612101407314 0.10894557166455397 388
1612101476492 0.11101614628265154 389
1612101546246 0.08667054194122997 390
1612101617049 0.11179588268052286 391
1612101686420 0.14116655356848418 392
1612101755366 0.12628162885779765 393
1612101824267 0.10065044751807825 394
1612101893076 0.10029048617206403 395
1612101961705 0.11993140871845075 396
1612102030967 0.12964262446360802 397
1612102099867 0.08375853833867543 398
1612102168846 0.09269052121176649 399
1612102237615 0.0498556583674986 400
1612102307059 0.09400488547424772 401
1612102376228 0.0709376041568927 402
1612102445160 0.11193677115796218 403
1612102514071 0.13259313800441686 404
1612102583573 0.10008523624334763 405
1612102652890 0.11746710271977667 406
1612102721764 0.08380683411413165 407
1612102792858 0.07729452047775041 408
1612102861880 0.08871116567013869 409
1612102930952 0.10153963227770221 410
1612103001328 0.14181224890609287 411
1612103070674 0.08924339511501256 412
1612103139518 0.08078238234591129 413
1612103208512 0.04442122889988458 414
1612103277983 0.08912314407861055 415
1612103346836 0.09334143595909004 416
1612103415753 0.08698513347711136 417
1612103484444 0.03568593156871511 418
1612103553635 0.06521814883644901 419
1612103622550 0.10536644263054008 420
1612103693404 0.07765941477533597 421
1612103762453 0.12731751755102358 422
1612103831447 0.1089805284542824 423
1612103900643 0.10797636455564356 424
1612103969510 0.10133241984381605 425
1612104038440 0.11124321773870667 426
1612104107772 0.05975518742604042 427
1612104176955 0.11721890097233786 428
1612104246364 0.07975849019947337 429
1612104315727 0.08684250134140697 430
1612104385429 0.06504174043883139 431
1612104456103 0.11786502599716187 432
1612104526317 0.098259059350882 433
1612104595532 0.09295240444923515 434
1612104664417 0.0860199963868554 435
1612104733222 0.0488961072110418 436
1612104802096 0.13864093663087532 437
1612104871115 0.09452050835338992 438
1612104939972 0.07670923578205394 439
1612105008815 0.07911380102385336 440
1612105077753 0.08201164807846296 441
1612105147312 0.07277326530485011 442
1612105216118 0.12434479905598199 443
1612105284989 0.09501134014841336 444
1612105353686 0.06714228195930595 445
1612105422766 0.1219553885175221 446
1612105491477 0.11986418090649505 447
1612105560489 0.12813923252162648 448
1612105629625 0.10896095677987853 449
1612105698819 0.06907068526566919 450
1612105767744 0.06494789514968645 451
1612105837120 0.0571847175484273 452
1612105906614 0.11037755813171614 453
1612105975727 0.11693669877835174 454
1612106045131 0.03480352394616426 455
1612106113931 0.09785368460327831 456
1612106182696 0.1041602848181084 457
1612106252070 0.14857418145706405 458
1612106321064 0.05650048380467429 459
1612106389988 0.09831180590302196 460
1612106460590 0.08230543581407461 461
1612106529759 0.05381035537862066 462
1612106598954 0.07091591429354539 463
1612106668158 0.07499396534108405 464
1612106738516 0.11347700410814428 465
1612106807571 0.09306629291221277 466
1612106876519 0.06763414838420811 467
1612106945142 0.12312865879998278 468
1612107015623 0.052005188678627585 469
1612107084788 0.10594537987637875 470
1612107155468 0.06527871783099957 471
1612107226151 0.1387366269951436 472
1612107295167 0.10267812369474724 473
1612107364444 0.07740841872656523 474
1612107433813 0.08835174254517057 475
1612107503181 0.09713388823751193 476
1612107571821 0.12863287107268376 477
1612107640656 0.07441205142149285 478
1612107709528 0.07511861733536222 479
1612107778436 0.05051119558846773 480
1612107847615 0.10155017162436869 481
1612107916860 0.09288177383479787 482
1612107985863 0.05525484013913283 483
1612108054886 0.11579142132801797 484
1612108124466 0.07529431759421505 485
1612108193491 0.07577551478770242 486
1612108262353 0.0776633620262146 487
1612108331454 0.0698301187202112 488
1612108400189 0.07378645797274005 489
1612108469299 0.06436896502082028 490
1612108537839 0.10490201035542275 491
1612108606974 0.12246923037429354 492
1612108675911 0.10162155930675677 493
1612108744837 0.09716124321097758 494
1612108814016 0.162896809293263 495
1612108883028 0.1328547338941204 496
1612108952319 0.11763653381546932 497
1612109021338 0.10521499968286771 498
1612109090063 0.12204671350877676 499
1612109159371 0.15224823133269352 500
1612109228830 0.07637931695624964 501
1612109297933 0.06753614500387391 502
1612109366983 0.08716673459579695 503
1612109436190 0.05757717143243818 504
1612109505815 0.06579767412214137 505
1612109575285 0.09272647882575419 506
1612109644221 0.06226498066489376 507
1612109713136 0.07393485307693481 508
1612109781978 0.09910965321668938 509
1612109852061 0.10756713062969607 510
1612109922556 0.10350364268715702 511
1612109991270 0.08415857357765312 512
1612110060141 0.12799274298682142 513
1612110128876 0.10079435003337575 514
1612110197881 0.11674486078433137 515
1612110267161 0.07614993782185797 516
1612110336133 0.13805362448763492 517
1612110405763 0.08398438033772938 518
1612110474907 0.10575793305439736 519
1612110544340 0.06835712692630824 520
1612110613565 0.0648178636138119 521
1612110682343 0.07609573140073178 522
1612110751213 0.08253010974001529 523
1612110820296 0.14401506132154324 524
1612110889527 0.08624127640653012 525
1612110958973 0.08395638839522404 526
1612111028951 0.10739425936741616 527
1612111098551 0.08622645531127703 528
1612111167934 0.07524828056790936 529
1612111237199 0.05655624617391558 530
1612111306411 0.08566398051247667 531
1612111375709 0.13341950480617695 532
1612111445227 0.07292616011491462 533
1612111514420 0.05007751041383886 534
1612111583319 0.08218724247234971 535
1612111652310 0.11365380749773624 536
1612111721443 0.09806004922781418 537
1612111790410 0.0853161082338931 538
1612111859437 0.08010840326992434 539
1612111928336 0.05458734996283232 540
1612111997316 0.08017612037374013 541
1612112066072 0.061861047993845016 542
1612112135267 0.08201199236200817 543
1612112204083 0.07207672898449115 544
1612112272992 0.1008222138703759 545
1612112342281 0.09210694369985097 546
1612112411306 0.12716565737083776 547
1612112480606 0.11084454451034319 548
1612112549445 0.09230938865177667 549
1612112619810 0.09413219120965075 550
1612112688615 0.10931989328185124 551
1612112758538 0.10091670057666835 552
1612112827762 0.04979083164414363 553
1612112897219 0.12246980062171595 554
1612112966556 0.09170614427594996 555
1612113035702 0.08027172889282454 556
1612113104746 0.0739651696005864 557
1612113175001 0.09664917259073968 558
1612113244276 0.1000967025756836 559
1612113313453 0.12344156539262231 560
1612113383142 0.07601291652935654 561
1612113452263 0.08364458671256678 562
1612113522697 0.09138842305140708 563
1612113591986 0.07809396466212486 564
1612113661058 0.07855139116742718 565
1612113730238 0.07669196911712191 566
1612113799256 0.09906846551752801 567
1612113868509 0.09928692899533172 568
1612113937145 0.09159022747580685 569
1612114005960 0.08291835749327246 570
1612114075617 0.07571718586024953 571
1612114144543 0.09101690463165739 572
1612114213302 0.08007048048190217 573
1612114282462 0.05977355633209001 574
1612114351349 0.07585886254239438 575
1612114422026 0.1459943331889252 576
1612114490667 0.07576143296796885 577
1612114559363 0.11841167531796355 578
1612114628782 0.10156457281824369 579
1612114698111 0.12492146242910357 580
1612114767888 0.05513621888943573 581
1612114837509 0.09928129680121123 582
1612114906519 0.1293368321746143 583
1612114976360 0.03921255246916814 584
1612115045347 0.11149756588152986 585
1612115114099 0.058441093608514585 586
1612115183335 0.048017595241318885 587
1612115252301 0.11654808005290244 588
1612115320827 0.09498177980309103 589
1612115390364 0.05639076677720938 590
1612115461927 0.07937860133042976 591
1612115531256 0.1061390229125521 592
1612115602204 0.08579236002110724 593
1612115671905 0.05383736339967642 594
1612115740937 0.08531895591251885 595
1612115812023 0.08990771112157338 596
1612115881098 0.05943181176683796 597
1612115950267 0.08380531819898691 598
1612116019476 0.07802886927305762 599
1612116088583 0.10599043209161331 600
1612116157896 0.10472629942111115 601
1612116226705 0.09781293726679105 602
1612116295879 0.12482740007229705 603
1612116364824 0.09531089885910946 604
1612116433908 0.11646566906971718 605
1612116502639 0.08159597863012286 606
1612116571693 0.08204580865689177 607
1612116641065 0.0748169448838305 608
1612116710107 0.1421915790927944 609
1612116779306 0.09220230045603282 610
1612116848333 0.050585503008828234 611
1612116918014 0.08548364176679013 612
1612116987904 0.09546681215513998 613
1612117058558 0.14365353602081982 614
1612117127605 0.10468999574433512 615
1612117196803 0.12038647594736583 616
1612117265886 0.11584624692575256 617
1612117335103 0.13025996578273488 618
1612117404026 0.10990934852343887 619
1612117473554 0.1166765947840107 620
1612117544147 0.09494993401997125 621
1612117613573 0.08635743607336016 622
1612117682823 0.13090988415390697 623
1612117751997 0.0702456609526677 624
1612117821092 0.08394108690432649 625
1612117890060 0.06105564601385771 626
1612117959039 0.08608306254913557 627
1612118028478 0.08565242165949807 628
1612118097269 0.06042829734175952 629
1612118166318 0.06489989739745411 630
1612118235825 0.06703354529480436 631
1612118304488 0.10193662145244542 632
1612118373277 0.07006747064305775 633
1612118442585 0.12849861027589485 634
1612118511533 0.07454701501931717 635
1612118580714 0.05745090477502168 636
1612118650086 0.09860707663778048 637
1612118719077 0.08695048894455183 638
1612118788661 0.06711538336170253 639
1612118857619 0.0914704443803474 640
1612118933135 0.08609938888407465 641
1612119004301 0.05900743381300969 642
1612119073327 0.08687936725901134 643
1612119142068 0.06628043082223009 644
1612119211082 0.055307510183818305 645
1612119280276 0.09733152745374993 646
1612119349509 0.12476054679101972 647
1612119418616 0.11015941046956759 648
1612119487278 0.09261837824067073 649
1612119556522 0.05943132336459943 650
1612119625428 0.09303821200755105 651
1612119694522 0.0801073054769146 652
1612119763716 0.11567830238769304 653
1612119833038 0.06986330961113546 654
1612119901972 0.08209799919555437 655
1612119971233 0.10246471415704755 656
1612120040531 0.07684472425660091 657
1612120109869 0.10553718413879622 658
1612120180236 0.07973126155226978 659
1612120250113 0.11614157815477741 660
1612120318762 0.05355952479946079 661
1612120387529 0.15099942150400647 662
1612120456559 0.10528686687127868 663
1612120525925 0.10619276317197886 664
1612120594628 0.056642150700981934 665
1612120663362 0.15103857819713765 666
1612120732025 0.07607895936538923 667
1612120801403 0.0821192575924432 668
1612120870220 0.07633058615584871 669
1612120939180 0.10316701611476158 670
1612121008277 0.10102354145761747 671
1612121077912 0.07924413592068118 672
1612121147274 0.13319811180456362 673
1612121218233 0.08585723122554038 674
1612121287489 0.06762749490453236 675
1612121357140 0.1138302345774067 676
1612121426837 0.11320939615591248 677
1612121495488 0.0671107528814629 678
1612121566208 0.1254103966613314 679
1612121635264 0.0831883638652403 680
1612121705094 0.11280151089625572 681
1612121774232 0.07733453298682597 682
1612121843161 0.11905309068622874 683
1612121912324 0.0809723485761614 684
1612121981128 0.06231502187785817 685
1612122050503 0.13501120147420398 686
1612122119389 0.07463927411321383 687
1612122190358 0.07485981040926122 688
1612122259295 0.08130625824430096 689
1612122328698 0.08274696656127474 690
1612122397807 0.08832161551091208 691
1612122466981 0.0445633512824329 692
1612122538059 0.11628288831283796 693
1612122607313 0.08845688602817592 694
1612122676402 0.09528582576495498 695
1612122745117 0.08932077084014665 696
1612122814331 0.08521832014197733 697
1612122883519 0.09551163929611889 698
1612122953027 0.04351484152808118 699
1612123022637 0.05776894181521971 700
1612123091613 0.09081015746984909 701
1612123160296 0.0720076783379512 702
1612123229170 0.09883605455284689 703
1612123297887 0.08007879844352381 704
1612123368382 0.08523828147062615 705
1612123437157 0.1138407018647265 706
1612123505773 0.10426148282947825 707
1612123574509 0.10424792766571045 708
1612123643473 0.05814586824445582 709
1612123712313 0.06851033221429853 710
1612123781477 0.09974081836529632 711
1612123850656 0.11570445370318284 712
1612123919685 0.10337146093596274 713
1612123990280 0.11924298930524001 714
1612124059556 0.10856553155984451 715
1612124128327 0.09373353399447541 716
1612124197031 0.0791749358177185 717
1612124265847 0.06778012015926305 718
1612124334941 0.09095450924403632 719
1612124407205 0.06300396705741312 720
1612124476018 0.13558888079515144 721
1612124545966 0.07544316462616422 722
1612124615286 0.07914948463439941 723
1612124684091 0.07524155058077912 724
1612124753505 0.09331674985031584 725
1612124822769 0.08623057692798215 726
1612124891894 0.10135850176882388 727
1612124960907 0.09906354413103702 728
1612125029657 0.051345597452192165 729
1612125098731 0.07369149531891096 730
1612125169345 0.09621456843703541 731
1612125238541 0.08871385677536922 732
1612125307080 0.07740706383292355 733
1612125375960 0.12393752051823174 734
1612125446659 0.06388506871550831 735
1612125515422 0.05394864082336426 736
1612125584534 0.08023553908760868 737
1612125654326 0.09799226896086735 738
1612125723338 0.04860749885217467 739
1612125792462 0.08275513150798741 740
1612125861526 0.10122955824012186 741
1612125932092 0.06790606388405188 742
1612126001144 0.06991819659275796 743
1612126069777 0.06427146516629119 744
1612126138793 0.110656989154531 745
1612126208672 0.1224429545117848 746
1612126277632 0.06702352014940176 747
1612126346194 0.08800387916280263 748
1612126415347 0.07486778052885142 749
1612126484333 0.09128912349245441 750
1612126553371 0.06611716124548842 751
1612126623932 0.13230638984423965 752
1612126693221 0.08934827793889971 753
1612126761987 0.08682907962087374 754
1612126831226 0.08321912786853847 755
1612126902316 0.09136167035174014 756
1612126971673 0.11073355799290671 757
1612127040259 0.06789554855716762 758
1612127108861 0.10725565276928802 759
1612127177936 0.07294333159033932 760
1612127247059 0.07658851502546624 761
1612127315714 0.08918560262936265 762
1612127384352 0.07441059155250664 763
1612127453493 0.07658620467826502 764
1612127522764 0.06569456698289558 765
1612127591750 0.07492716098899271 766
1612127660374 0.08156837189375464 767
1612127729185 0.07296159374180125 768
1612127800047 0.10275775727941029 769
1612127868781 0.10040538702438127 770
1612127938324 0.10006465929657665 771
1612128007319 0.08966663257399601 772
1612128075881 0.10783441475967863 773
1612128144579 0.08428061097415525 774
1612128213438 0.08840348738342968 775
1612128282410 0.0843277973915214 776
1612128350924 0.12542368315938693 777
1612128419862 0.09765607563417349 778
1612128488990 0.061194215247880164 779
1612128558564 0.05714826886333636 780
1612128627749 0.06091380919983138 781
1612128696837 0.1365915545776709 782
1612128766497 0.08198870117984601 783
1612128835810 0.09543635774014601 784
1612128905502 0.06242487768628704 785
1612128974632 0.07778025385159165 786
1612129045202 0.10430897705590547 787
1612129114209 0.06398270379251508 788
1612129183083 0.07929895618068639 789
1612129251813 0.08943832276472405 790
1612129321168 0.09009865415630056 791
1612129390037 0.07064218396571145 792
1612129459525 0.07187497526852053 793
1612129528413 0.07591789693974738 794
1612129598423 0.11593029303337211 795
1612129667330 0.08675074844218011 796
1612129736714 0.10851474217514494 797
1612129805793 0.07259811305288058 798
1612129874747 0.09580658798787131 799
1612129944244 0.048538447316013165 800
1612130014489 0.07528166628595609 801
1612130083507 0.09867325469629089 802
1612130154285 0.06433397264622931 803
1612130224318 0.0741923549282017 804
1612130293200 0.05067289854163554 805
1612130361865 0.11708065200207839 806
1612130430987 0.10382596770329262 807
1612130499904 0.05620270700597051 808
1612130568710 0.1131980997412952 809
1612130637798 0.07176850091165571 810
1612130706770 0.08102143967329566 811
1612130775821 0.08660209623735342 812
1612130845370 0.045824507279182546 813
1612130914298 0.08160886301923154 814
1612130983153 0.10614160370470872 815
1612131052263 0.11296149332131912 816
1612131121113 0.09543542541674714 817
1612131190242 0.04274905884443824 818
1612131260806 0.0644737455382276 819
1612131330039 0.10584465336443773 820
1612131400767 0.11874589101592106 821
1612131469734 0.11573026340399216 822
1612131538937 0.10477621697667819 823
1612131608048 0.04729278140993261 824
1612131676816 0.05945133451205581 825
1612131745703 0.0886224223606622 826
1612131814716 0.06046790596264512 827
1612131883765 0.08527886066863787 828
1612131952799 0.0866277689364419 829
1612132023763 0.09968867497657662 830
1612132092729 0.06870838332532057 831
1612132161686 0.08610120816017265 832
1612132230598 0.08499692625074244 833
1612132301185 0.07710849260216329 834
1612132370200 0.0875018541492633 835
1612132439552 0.08156085014343262 836
1612132508269 0.05581248874094949 837
1612132577113 0.07304301101769974 838
1612132645962 0.0923078834120907 839
1612132715544 0.08606616240828785 840
1612132784358 0.10699830304330854 841
1612132854422 0.09253555002497203 842
1612132923519 0.09418338359291874 843
1612132992359 0.09416453429122469 844
1612133061967 0.11099009816326312 845
1612133130858 0.10679045897811207 846
1612133200242 0.05308241630668071 847
1612133269139 0.054992528104070404 848
1612133337558 0.09659353298927421 849
1612133406572 0.04706297970529812 850
1612133476912 0.10347644695595129 851
1612133546163 0.09959064223873082 852
1612133615590 0.07155657348348134 853
1612133685074 0.10878522093616315 854
1612133754186 0.057695389683566876 855
1612133823246 0.07037797347823185 856
1612133892262 0.098308265209198 857
1612133961204 0.10938060906395983 858
1612134030146 0.07601960381465171 859
1612134099276 0.07563939379222358 860
1612134168571 0.13047883581759326 861
1612134237409 0.10512470131489768 862
1612134306699 0.07307825248632858 863
1612134375488 0.09632781548286552 864
1612134444794 0.09706272740862262 865
1612134513463 0.07581686973571777 866
1612134582618 0.09011783617645946 867
1612134651420 0.13213959469724057 868
1612134720234 0.08966941886873388 869
1612134790587 0.10988225420909141 870
1612134859557 0.08935500169867899 871
1612134928639 0.08121802735684523 872
1612134997620 0.07894620788631154 873
1612135066787 0.09057971612731022 874
1612135135969 0.11178819635021153 875
1612135205406 0.07312524496619381 876
1612135274570 0.049192384107789 877
1612135344213 0.06117158416491836 878
1612135414122 0.06560010607562848 879
1612135482890 0.0895729047148975 880
1612135551575 0.060448487303150236 881
1612135620269 0.06667681772317459 882
1612135689336 0.11347954486733053 883
1612135758326 0.12324095395073961 884
1612135827575 0.12737321942599852 885
1612135896775 0.13592443270469778 886
1612135967231 0.08294322152635944 887
1612136038395 0.12962741638297465 888
1612136109363 0.06209262894160712 889
1612136178300 0.10844051126223891 890
1612136247060 0.09662125270758103 891
1612136316966 0.08400600258983783 892
1612136386049 0.07893149888337549 893
1612136455071 0.07622604316739894 894
1612136525073 0.12033995585655098 895
1612136594207 0.08185885023714891 896
1612136663276 0.08317480514298624 897
1612136732288 0.06728871900643875 898
1612136801536 0.0889240485518726 899
1612136870808 0.031222325652392944 900
1612136940342 0.06135458465832383 901
1612137011551 0.07040878018336509 902
1612137081155 0.1170157469920258 903
1612137150751 0.09349316091679816 904
1612137219850 0.1185849611438922 905
1612137288857 0.12012592981110758 906
1612137358369 0.09534633248599607 907
1612137427927 0.07077085349097181 908
1612137496783 0.06516928637205664 909
1612137565825 0.05295972325908604 910
1612137634685 0.10645195619383854 911
1612137703553 0.06759723798552555 912
1612137774087 0.06298524497160271 913
1612137842936 0.06260882473703641 914
1612137912926 0.08146211905265922 915
1612137981959 0.07794891008690222 916
1612138051142 0.1156136446924352 917
1612138120455 0.09056964294234318 918
1612138191473 0.07788613838935966 919
1612138261597 0.13492647391646656 920
1612138330632 0.14015955533554306 921
1612138399860 0.09504252316346809 922
1612138468937 0.12736083322496555 923
1612138537729 0.07006664774311122 924
1612138606661 0.06947124538136952 925
1612138675542 0.0901836272495896 926
1612138744646 0.09007079921551604 927
1612138813429 0.1052178073285231 928
1612138882712 0.09718455396481414 929
1612138952185 0.07817746098361798 930
1612139021824 0.04863275965647911 931
1612139090840 0.14138662281321057 932
1612139159873 0.07646918296813965 933
1612139229201 0.042803590867056776 934
1612139298121 0.08633396429802055 935
1612139367809 0.10804150976351838 936
1612139436658 0.0861908642213736 937
1612139505530 0.09733722459024458 938
1612139574960 0.058786305029000806 939
1612139644171 0.10474194341631078 940
1612139713600 0.09676821285219335 941
1612139782946 0.06236317887235043 942
1612139851808 0.07272295720541655 943
1612139920791 0.05852450630558071 944
1612139989430 0.06542709692200618 945
1612140058126 0.08003043238796405 946
1612140126973 0.08953006143000589 947
1612140196017 0.07323931224310576 948
1612140265283 0.08349908287845441 949
1612140334119 0.09699202117635243 950
1612140403940 0.07873139452578416 951
1612140472966 0.07114354621118574 952
1612140541947 0.04750365285731074 953
1612140611460 0.11289997865904623 954
1612140682509 0.08925886029627786 955
1612140751584 0.1061629768627793 956
1612140820332 0.07830582447906038 957
1612140888950 0.1128949816547223 958
1612140957912 0.11846650358456284 959
1612141026827 0.10489638972638259 960
1612141095845 0.14081387911269913 961
1612141164878 0.0537343087481029 962
1612141233701 0.05533658301652367 963
1612141303146 0.06613736188233789 964
1612141372258 0.0832360920621388 965
1612141441538 0.08019429979039662 966
1612141510479 0.08074067866624292 967
1612141579188 0.11547995325344712 968
1612141647941 0.10921578620796774 969
1612141717337 0.11387377799446903 970
1612141786401 0.054681066256850513 971
1612141857524 0.07935759914455129 972
1612141926778 0.1096895150284269 973
1612141996156 0.07121473461834353 974
1612142065561 0.05303397196442334 975
1612142134565 0.11466419874732174 976
1612142203908 0.09066320266296614 977
1612142273469 0.08134982390190239 978
1612142342887 0.06926222434684412 979
1612142412029 0.0468641145905452 980
1612142480966 0.10111093521118164 981
1612142550694 0.06145124382047511 982
1612142620150 0.10628740200355871 983
1612142688927 0.08752964592691678 984
1612142757664 0.10697495848385256 985
1612142826742 0.09121349231520695 986
1612142897329 0.07975710150021226 987
1612142966535 0.12640592856193655 988
1612143035450 0.10570429599107202 989
1612143104568 0.11780878768038394 990
1612143174151 0.10897893603168317 991
1612143243326 0.08949963726214509 992
1612143312138 0.059348620585541224 993
1612143381250 0.08058473690232235 994
1612143450540 0.058865235812628446 995
1612143520238 0.0799075889943251 996
1612143589247 0.04727510462945966 997
1612143658065 0.107960212586531 998
1612143726979 0.09736800994446028 999
