1615446835042 0.5697664244746817 0
1615446835045 0.5697664244746817 0
1615446910792 0.6198389813405387 1
1615446910794 0.6198389813405387 1
1615446985725 0.6300295721876145 2
1615446985727 0.6300295721876145 2
1615447060946 0.6488509157830586 3
1615447060948 0.6488509157830586 3
1615447136411 0.6586899999598261 4
1615447136413 0.6586899999598261 4
1615447211729 0.6588883906768658 5
1615447211731 0.6588883906768658 5
1615447287487 0.6575077927834274 6
1615447287489 0.6575077927834274 6
1615447362681 0.6701809455070109 7
1615447362683 0.6701809455070109 7
1615447438239 0.6705139291119221 8
1615447438241 0.6705139291119221 8
1615447513882 0.6765489620638181 9
1615447513884 0.6765489620638181 9
1615447589137 0.677856753643897 10
1615447589139 0.677856753643897 10
1615447664044 0.680359541714652 11
1615447664046 0.680359541714652 11
1615447738352 0.6863807774481644 12
1615447738354 0.6863807774481644 12
1615447813941 0.6894142229436947 13
1615447813943 0.6894142229436947 13
1615447888695 0.6934783568290047 14
1615447888697 0.6934783568290047 14
1615447963299 0.6942232703574664 15
1615447963301 0.6942232703574664 15
1615448038024 0.6935522129435175 16
1615448038026 0.6935522129435175 16
1615448113698 0.6960128479295054 17
1615448113700 0.6960128479295054 17
1615448188247 0.6981508732520859 18
1615448188249 0.6981508732520859 18
1615448263281 0.6981918707543225 19
1615448263283 0.6981918707543225 19
1615448338144 0.700040744550587 20
1615448338146 0.700040744550587 20
1615448413640 0.7006408455239838 21
1615448413643 0.7006408455239838 21
1615448488449 0.7028770274941379 22
1615448488452 0.7028770274941379 22
1615448563476 0.7057296933388532 23
1615448563478 0.7057296933388532 23
1615448638240 0.7070390004971442 24
1615448638242 0.7070390004971442 24
1615448713066 0.709716344302668 25
1615448713067 0.709716344302668 25
1615448787913 0.7125538524741296 26
1615448787916 0.7125538524741296 26
1615448863233 0.7144915420307375 27
1615448863235 0.7144915420307375 27
1615448938143 0.7161892314045093 28
1615448938146 0.7161892314045093 28
1615449012824 0.717674947180236 29
1615449012826 0.717674947180236 29
1615449088134 0.7180004874842293 30
1615449088136 0.7180004874842293 30
1615449162694 0.7195662080953311 31
1615449162696 0.7195662080953311 31
1615449237315 0.720914247705983 32
1615449237317 0.720914247705983 32
1615449312303 0.7205064798679599 33
1615449312305 0.7205064798679599 33
1615449387074 0.7198481465535587 34
1615449387076 0.7198481465535587 34
1615449461216 0.7189221415735164 35
1615449461218 0.7189221415735164 35
1615449536332 0.7205975413372708 36
1615449536334 0.7205975413372708 36
1615449611828 0.7211225835798674 37
1615449611831 0.7211225835798674 37
1615449686373 0.7215677762702813 38
1615449686375 0.7215677762702813 38
1615449761110 0.7223249086748758 39
1615449761112 0.7223249086748758 39
1615449836070 0.7232016155699299 40
1615449836072 0.7232016155699299 40
1615449911176 0.7243601265498792 41
1615449911178 0.7243601265498792 41
1615449985892 0.7251964378477852 42
1615449985894 0.7251964378477852 42
1615450060722 0.726715476589359 43
1615450060724 0.726715476589359 43
1615450135567 0.7269532272086552 44
1615450135569 0.7269532272086552 44
1615450210378 0.7282667228134775 45
1615450210380 0.7282667228134775 45
1615450284818 0.7297685761631507 46
1615450284820 0.7297685761631507 46
1615450359806 0.7304159618148817 47
1615450359808 0.7304159618148817 47
1615450434757 0.731185978005583 48
1615450434759 0.731185978005583 48
1615450509438 0.7323649920203752 49
1615450509440 0.7323649920203752 49
1615450583852 0.7338649414385716 50
1615450583855 0.7338649414385716 50
1615450658079 0.7356290851585394 51
1615450658081 0.7356290851585394 51
1615450732585 0.736323203610256 52
1615450732587 0.736323203610256 52
1615450806979 0.7367713769877555 53
1615450806981 0.7367713769877555 53
1615450882424 0.7376082978263089 54
1615450882426 0.7376082978263089 54
1615450956746 0.7382404441127759 55
1615450956748 0.7382404441127759 55
1615451031183 0.7387325140274371 56
1615451031185 0.7387325140274371 56
1615451105444 0.7392199615812246 57
1615451105446 0.7392199615812246 57
1615451179744 0.7402353090169146 58
1615451179746 0.7402353090169146 58
1615451254488 0.7409452485840551 59
1615451254490 0.7409452485840551 59
1615451329076 0.7414775752031969 60
1615451329078 0.7414775752031969 60
1615451403245 0.741998182364805 61
1615451403247 0.741998182364805 61
1615451477514 0.74256194164913 62
1615451477516 0.74256194164913 62
1615451551792 0.7430131856260098 63
1615451551794 0.7430131856260098 63
1615451626416 0.7436106270749456 64
1615451626418 0.7436106270749456 64
1615451701380 0.7446570877498623 65
1615451701382 0.7446570877498623 65
1615451776559 0.7456920068446228 66
1615451776561 0.7456920068446228 66
1615451851157 0.7460792786366575 67
1615451851160 0.7460792786366575 67
1615451925755 0.7467188069730929 68
1615451925757 0.7467188069730929 68
1615452000705 0.7469858264422742 69
1615452000707 0.7469858264422742 69
1615452075632 0.7472576860990296 70
1615452075635 0.7472576860990296 70
1615452150102 0.7478973210723864 71
1615452150104 0.7478973210723864 71
1615452224654 0.7481330876893643 72
1615452224656 0.7481330876893643 72
1615452299153 0.7481163687605572 73
1615452299155 0.7481163687605572 73
1615452373729 0.7484394804659495 74
1615452373731 0.7484394804659495 74
1615452447878 0.7488032390050374 75
1615452447880 0.7488032390050374 75
1615452521946 0.7493509575107583 76
1615452521948 0.7493509575107583 76
1615452596743 0.7495687599335243 77
1615452596745 0.7495687599335243 77
1615452671214 0.7501340329488422 78
1615452671216 0.7501340329488422 78
1615452745857 0.7507779575398137 79
1615452745859 0.7507779575398137 79
1615452820947 0.7510160375399795 80
1615452820949 0.7510160375399795 80
1615452895707 0.7512613922283885 81
1615452895709 0.7512613922283885 81
1615452970533 0.7512693098767428 82
1615452970535 0.7512693098767428 82
1615453045228 0.7519323774768274 83
1615453045230 0.7519323774768274 83
1615453119066 0.7520050499220818 84
1615453119068 0.7520050499220818 84
1615453193311 0.7523917155667523 85
1615453193313 0.7523917155667523 85
1615453267756 0.7525746531206057 86
1615453267759 0.7525746531206057 86
1615453342621 0.7526910864841164 87
1615453342623 0.7526910864841164 87
1615453417299 0.7530692742712761 88
1615453417301 0.7530692742712761 88
1615453491484 0.7532983161637484 89
1615453491487 0.7532983161637484 89
1615453566011 0.7531482475735073 90
1615453566013 0.7531482475735073 90
1615453640405 0.7535418616812144 91
1615453640407 0.7535418616812144 91
1615453714960 0.754434714499568 92
1615453714962 0.754434714499568 92
1615453789197 0.7547733728022922 93
1615453789199 0.7547733728022922 93
1615453864462 0.7550926991122446 94
1615453864464 0.7550926991122446 94
1615453939006 0.7557772374218974 95
1615453939008 0.7557772374218974 95
1615454013459 0.7559537219323577 96
1615454013462 0.7559537219323577 96
1615454087436 0.7562597213280513 97
1615454087439 0.7562597213280513 97
1615454162153 0.7565843286571924 98
1615454162155 0.7565843286571924 98
1615454236352 0.7569284064029255 99
1615454236354 0.7569284064029255 99
1615454311110 0.7565899850704434 100
1615454311112 0.7565899850704434 100
1615454385771 0.7568470145121597 101
1615454385774 0.7568470145121597 101
1615454460049 0.75708417503842 102
1615454460051 0.75708417503842 102
1615454534651 0.7571963225411019 103
1615454534653 0.7571963225411019 103
1615454609299 0.7575968261562289 104
1615454609302 0.7575968261562289 104
1615454683715 0.7580411353838423 105
1615454683717 0.7580411353838423 105
1615454758405 0.7585430422728697 106
1615454758407 0.7585430422728697 106
1615454832986 0.7588907482912051 107
1615454832988 0.7588907482912051 107
1615454907294 0.7592139987979941 108
1615454907296 0.7592139987979941 108
1615454981652 0.759438419248825 109
1615454981655 0.759438419248825 109
1615455056084 0.7594491858994136 110
1615455056086 0.7594491858994136 110
1615455130785 0.7600248406511715 111
1615455130787 0.7600248406511715 111
1615455205202 0.7604750693630774 112
1615455205203 0.7604750693630774 112
1615455279258 0.7605206200720086 113
1615455279261 0.7605206200720086 113
1615455353600 0.7607476275096215 114
1615455353602 0.7607476275096215 114
1615455427907 0.7608102099207656 115
1615455427909 0.7608102099207656 115
1615455502392 0.7612808996623008 116
1615455502394 0.7612808996623008 116
1615455576669 0.7617410395551482 117
1615455576671 0.7617410395551482 117
1615455651035 0.762314895976408 118
1615455651037 0.762314895976408 118
1615455725592 0.7627673689706522 119
1615455725595 0.7627673689706522 119
1615455800233 0.7631042881976154 120
1615455800235 0.7631042881976154 120
1615455874660 0.763513249554428 121
1615455874662 0.763513249554428 121
1615455949369 0.7638865968134534 122
1615455949371 0.7638865968134534 122
1615456023473 0.7642670383680724 123
1615456023475 0.7642670383680724 123
1615456098166 0.7649276690246676 124
1615456098168 0.7649276690246676 124
1615456172531 0.7652655340233745 125
1615456172533 0.7652655340233745 125
1615456246907 0.7654330429714782 126
1615456246910 0.7654330429714782 126
1615456321169 0.7657679296697057 127
1615456321171 0.7657679296697057 127
1615456395277 0.7662404641119103 128
1615456395280 0.7662404641119103 128
1615456469984 0.7665797524801022 129
1615456469986 0.7665797524801022 129
1615456544578 0.7668617194446202 130
1615456544580 0.7668617194446202 130
1615456619269 0.7668147181411838 131
1615456619271 0.7668147181411838 131
1615456693886 0.7669054464205257 132
1615456693888 0.7669054464205257 132
1615456767846 0.7672781014877669 133
1615456767849 0.7672781014877669 133
1615456842120 0.7675184890779775 134
1615456842122 0.7675184890779775 134
1615456916717 0.7678112712709974 135
1615456916720 0.7678112712709974 135
1615456990764 0.768090330826104 136
1615456990766 0.768090330826104 136
1615457064084 0.7683973016439696 137
1615457064087 0.7683973016439696 137
1615457138245 0.7687843467848655 138
1615457138248 0.7687843467848655 138
1615457212290 0.769219051298757 139
1615457212292 0.769219051298757 139
1615457286561 0.7693676545245007 140
1615457286563 0.7693676545245007 140
1615457360888 0.7698304342913477 141
1615457360890 0.7698304342913477 141
1615457436126 0.770044908268289 142
1615457436128 0.770044908268289 142
1615457511099 0.7702898634917144 143
1615457511102 0.7702898634917144 143
1615457585673 0.7707855378747426 144
1615457585675 0.7707855378747426 144
1615457659758 0.7709665963259084 145
1615457659761 0.7709665963259084 145
1615457734018 0.7711591336318345 146
1615457734020 0.7711591336318345 146
1615457807875 0.7713180412760507 147
1615457807878 0.7713180412760507 147
1615457881963 0.7712920443248846 148
1615457881966 0.7712920443248846 148
1615457956171 0.7714339967427293 149
1615457956174 0.7714339967427293 149
1615458030711 0.7716081261986165 150
1615458030713 0.7716081261986165 150
1615458103771 0.7717685924966319 151
1615458103773 0.7717685924966319 151
1615458176586 0.7721603409103417 152
1615458176588 0.7721603409103417 152
1615458249505 0.7723108380535145 153
1615458249509 0.7723108380535145 153
1615458322393 0.7724598134881212 154
1615458322395 0.7724598134881212 154
1615458395706 0.7729262260004973 155
1615458395708 0.7729262260004973 155
1615458468440 0.7732141223489462 156
1615458468442 0.7732141223489462 156
1615458541572 0.7734027551938691 157
1615458541574 0.7734027551938691 157
1615458614785 0.7736645736205517 158
1615458614786 0.7736645736205517 158
1615458688125 0.7739436048176696 159
1615458688127 0.7739436048176696 159
1615458761405 0.7743515519599364 160
1615458761407 0.7743515519599364 160
1615458834974 0.7747972120640682 161
1615458834976 0.7747972120640682 161
1615458908234 0.775137695898399 162
1615458908236 0.775137695898399 162
1615458981927 0.7750878335871256 163
1615458981929 0.7750878335871256 163
1615459054995 0.7752388541289315 164
1615459054996 0.7752388541289315 164
1615459128436 0.7754193978174104 165
1615459128438 0.7754193978174104 165
1615459201289 0.7756745984126483 166
1615459201291 0.7756745984126483 166
1615459275248 0.7758508748283726 167
1615459275251 0.7758508748283726 167
1615459348565 0.7761009077550999 168
1615459348568 0.7761009077550999 168
1615459421790 0.7764136689856251 169
1615459421792 0.7764136689856251 169
1615459495086 0.7765769043217143 170
1615459495088 0.7765769043217143 170
1615459568094 0.7765414217861951 171
1615459568097 0.7765414217861951 171
1615459641304 0.7763927150361256 172
1615459641307 0.7763927150361256 172
1615459714866 0.7764248500584184 173
1615459714868 0.7764248500584184 173
1615459788657 0.7766290887367328 174
1615459788659 0.7766290887367328 174
1615459861707 0.7768609163521767 175
1615459861709 0.7768609163521767 175
1615459934595 0.7769721239976287 176
1615459934597 0.7769721239976287 176
1615460007965 0.7771987974198449 177
1615460007968 0.7771987974198449 177
1615460081554 0.777459929093742 178
1615460081556 0.777459929093742 178
1615460154925 0.7777069590621007 179
1615460154927 0.7777069590621007 179
1615460228395 0.777825651221093 180
1615460228397 0.777825651221093 180
1615460302035 0.7780277104971717 181
1615460302037 0.7780277104971717 181
1615460375289 0.7783690070304757 182
1615460375291 0.7783690070304757 182
1615460448416 0.7785745240065188 183
1615460448419 0.7785745240065188 183
1615460521731 0.7787098620287801 184
1615460521734 0.7787098620287801 184
1615460594686 0.7787090434574347 185
1615460594688 0.7787090434574347 185
1615460668640 0.7789059238462621 186
1615460668643 0.7789059238462621 186
1615460741824 0.7789971637570674 187
1615460741827 0.7789971637570674 187
1615460815315 0.7791492671942455 188
1615460815317 0.7791492671942455 188
1615460888538 0.7793522399228574 189
1615460888540 0.7793522399228574 189
1615460961747 0.779580015379671 190
1615460961750 0.779580015379671 190
1615461034958 0.7798329142687946 191
1615461034959 0.7798329142687946 191
1615461108139 0.7799982359408668 192
1615461108142 0.7799982359408668 192
1615461180801 0.7801638479126175 193
1615461180803 0.7801638479126175 193
1615461253810 0.7804010709901755 194
1615461253812 0.7804010709901755 194
1615461326645 0.7805347194563184 195
1615461326648 0.7805347194563184 195
1615461399531 0.7807932268430507 196
1615461399533 0.7807932268430507 196
1615461472285 0.7811751285435049 197
1615461472287 0.7811751285435049 197
1615461545189 0.7812836426703319 198
1615461545191 0.7812836426703319 198
1615461618691 0.7814791956964139 199
1615461618693 0.7814791956964139 199
1615461693190 0.7816260103299587 200
1615461693192 0.7816260103299587 200
1615461766413 0.7819672592214371 201
1615461766415 0.7819672592214371 201
1615461839652 0.7821191137231579 202
1615461839654 0.7821191137231579 202
1615461912804 0.7824988889265004 203
1615461912806 0.7824988889265004 203
1615461985766 0.7826426093634261 204
1615461985768 0.7826426093634261 204
1615462059007 0.782937957989805 205
1615462059009 0.782937957989805 205
1615462132084 0.7831065022778975 206
1615462132086 0.7831065022778975 206
1615462205187 0.7833111277176947 207
1615462205189 0.7833111277176947 207
1615462278195 0.7834792779034903 208
1615462278197 0.7834792779034903 208
1615462351367 0.7837142183054032 209
1615462351369 0.7837142183054032 209
1615462424538 0.7839037959289987 210
1615462424540 0.7839037959289987 210
1615462497832 0.784038482098911 211
1615462497834 0.784038482098911 211
1615462571395 0.7841877308150773 212
1615462571397 0.7841877308150773 212
1615462644476 0.7843500537765052 213
1615462644478 0.7843500537765052 213
1615462717597 0.7844388637704449 214
1615462717599 0.7844388637704449 214
1615462790593 0.7845934112485481 215
1615462790595 0.7845934112485481 215
1615462863691 0.7847390746556662 216
1615462863693 0.7847390746556662 216
1615462936870 0.7849932732785676 217
1615462936872 0.7849932732785676 217
1615463009780 0.7853042933102984 218
1615463009782 0.7853042933102984 218
1615463083313 0.7855064500301404 219
1615463083316 0.7855064500301404 219
1615463156358 0.7855998924322667 220
1615463156361 0.7855998924322667 220
1615463229165 0.7854781384129391 221
1615463229167 0.7854781384129391 221
1615463302421 0.7852459938617002 222
1615463302423 0.7852459938617002 222
1615463375563 0.785384934294808 223
1615463375565 0.785384934294808 223
1615463449162 0.7856342075020875 224
1615463449164 0.7856342075020875 224
1615463522379 0.7858492800085484 225
1615463522381 0.7858492800085484 225
1615463596333 0.7857914900783877 226
1615463596336 0.7857914900783877 226
1615463669364 0.7859071370229795 227
1615463669366 0.7859071370229795 227
1615463742263 0.7861197006961064 228
1615463742266 0.7861197006961064 228
1615463815108 0.7862897341760636 229
1615463815110 0.7862897341760636 229
1615463888693 0.7864576556428736 230
1615463888695 0.7864576556428736 230
1615463961844 0.7864991270562541 231
1615463961846 0.7864991270562541 231
1615464035648 0.7865335226095785 232
1615464035650 0.7865335226095785 232
1615464109270 0.7866280902816276 233
1615464109273 0.7866280902816276 233
1615464182798 0.7866279450458833 234
1615464182800 0.7866279450458833 234
1615464255519 0.7862625692943436 235
1615464255522 0.7862625692943436 235
1615464329166 0.7863102178849712 236
1615464329168 0.7863102178849712 236
1615464402778 0.7864001319041679 237
1615464402779 0.7864001319041679 237
1615464476332 0.7865759870681651 238
1615464476334 0.7865759870681651 238
1615464549752 0.7866113597969331 239
1615464549754 0.7866113597969331 239
1615464623309 0.7867081400989101 240
1615464623311 0.7867081400989101 240
1615464696535 0.7867867117175398 241
1615464696537 0.7867867117175398 241
1615464769519 0.7869435668692173 242
1615464769521 0.7869435668692173 242
1615464842519 0.7871484338261795 243
1615464842522 0.7871484338261795 243
1615464915987 0.7873122595092881 244
1615464915990 0.7873122595092881 244
1615464989293 0.7873786606770121 245
1615464989295 0.7873786606770121 245
1615465062495 0.7875210272683103 246
1615465062498 0.7875210272683103 246
1615465135782 0.7877319482525493 247
1615465135784 0.7877319482525493 247
1615465208720 0.787808208365759 248
1615465208722 0.787808208365759 248
1615465282201 0.7880405083140507 249
1615465282203 0.7880405083140507 249
1615465355549 0.7880681367571228 250
1615465355551 0.7880681367571228 250
1615465428821 0.7882074437892889 251
1615465428824 0.7882074437892889 251
1615465501912 0.7883159808700039 252
1615465501914 0.7883159808700039 252
1615465574620 0.7884153290374679 253
1615465574623 0.7884153290374679 253
1615465647508 0.7885991847861407 254
1615465647510 0.7885991847861407 254
1615465720485 0.7887049584008676 255
1615465720487 0.7887049584008676 255
1615465793558 0.7887920830155516 256
1615465793561 0.7887920830155516 256
1615465866545 0.7889311303829496 257
1615465866548 0.7889311303829496 257
1615465939427 0.7889159680248593 258
1615465939429 0.7889159680248593 258
1615466012969 0.789111623044836 259
1615466012971 0.789111623044836 259
1615466086325 0.7893644436623597 260
1615466086327 0.7893644436623597 260
1615466159492 0.7894149690353061 261
1615466159494 0.7894149690353061 261
1615466232968 0.7894285242823247 262
1615466232970 0.7894285242823247 262
1615466305934 0.7894567426487402 263
1615466305936 0.7894567426487402 263
1615466378842 0.7895917411872717 264
1615466378844 0.7895917411872717 264
1615466452030 0.789723334035238 265
1615466452032 0.789723334035238 265
1615466525398 0.7897720355795073 266
1615466525400 0.7897720355795073 266
1615466598813 0.7899047842209855 267
1615466598815 0.7899047842209855 267
1615466672131 0.7899519224912214 268
1615466672133 0.7899519224912214 268
1615466744879 0.7900199002380842 269
1615466744881 0.7900199002380842 269
1615466818321 0.7901071146445059 270
1615466818323 0.7901071146445059 270
1615466891226 0.7902852259804918 271
1615466891228 0.7902852259804918 271
1615466964607 0.790379623028729 272
1615466964609 0.790379623028729 272
1615467037756 0.7904852091567874 273
1615467037758 0.7904852091567874 273
1615467111210 0.790586086217173 274
1615467111213 0.790586086217173 274
1615467184415 0.7908312679780696 275
1615467184417 0.7908312679780696 275
1615467257580 0.7907592646152175 276
1615467257582 0.7907592646152175 276
1615467330729 0.7908668551446195 277
1615467330731 0.7908668551446195 277
1615467403704 0.7909756979953887 278
1615467403707 0.7909756979953887 278
1615467476787 0.7911341437491396 279
1615467476789 0.7911341437491396 279
1615467549884 0.7912509118902432 280
1615467549886 0.7912509118902432 280
1615467623212 0.7914619416694298 281
1615467623214 0.7914619416694298 281
1615467696400 0.7915728393089791 282
1615467696402 0.7915728393089791 282
1615467769560 0.7917064203705881 283
1615467769563 0.7917064203705881 283
1615467842695 0.7918411977540445 284
1615467842698 0.7918411977540445 284
1615467915794 0.7918783782864752 285
1615467915796 0.7918783782864752 285
1615467988955 0.7919722179983416 286
1615467988958 0.7919722179983416 286
1615468062013 0.7921460525315571 287
1615468062015 0.7921460525315571 287
1615468134909 0.7922652436478105 288
1615468134912 0.7922652436478105 288
1615468207519 0.7924310171457533 289
1615468207521 0.7924310171457533 289
1615468280369 0.7925433067777344 290
1615468280371 0.7925433067777344 290
1615468353180 0.792731889039368 291
1615468353183 0.792731889039368 291
1615468425967 0.7927551653673359 292
1615468425969 0.7927551653673359 292
1615468498893 0.7927830225520535 293
1615468498896 0.7927830225520535 293
1615468571818 0.792941205398454 294
1615468571820 0.792941205398454 294
1615468645206 0.7931022630858862 295
1615468645209 0.7931022630858862 295
1615468718222 0.7932816199703231 296
1615468718224 0.7932816199703231 296
1615468791486 0.7933693736281584 297
1615468791488 0.7933693736281584 297
1615468864409 0.7934967780641119 298
1615468864412 0.7934967780641119 298
1615468937544 0.7936859756521314 299
1615468937546 0.7936859756521314 299
1615469010823 0.7938189752444028 300
1615469010825 0.7938189752444028 300
1615469083612 0.7939732772761521 301
1615469083614 0.7939732772761521 301
1615469156682 0.7940381021155122 302
1615469156684 0.7940381021155122 302
1615469229504 0.7940780478696671 303
1615469229506 0.7940780478696671 303
1615469302529 0.7941979414475645 304
1615469302531 0.7941979414475645 304
1615469376613 0.7943436832058077 305
1615469376615 0.7943436832058077 305
1615469450122 0.7943525953365324 306
1615469450124 0.7943525953365324 306
1615469523254 0.794467583950755 307
1615469523256 0.794467583950755 307
1615469596373 0.7944744130602279 308
1615469596376 0.7944744130602279 308
1615469670553 0.79459219056353 309
1615469670556 0.79459219056353 309
1615469744744 0.7947337228338283 310
1615469744746 0.7947337228338283 310
1615469818581 0.7948725272420578 311
1615469818583 0.7948725272420578 311
1615469892359 0.7949354713868487 312
1615469892362 0.7949354713868487 312
1615469965927 0.7950289180932375 313
1615469965930 0.7950289180932375 313
1615470038923 0.7951087099612546 314
1615470038926 0.7951087099612546 314
1615470112443 0.7952404187599182 315
1615470112445 0.7952404187599182 315
1615470185804 0.7952304733308284 316
1615470185805 0.7952304733308284 316
1615470259161 0.7953138774772044 317
1615470259163 0.7953138774772044 317
1615470332729 0.7954695037071378 318
1615470332731 0.7954695037071378 318
1615470405841 0.7955583914351203 319
1615470405843 0.7955583914351203 319
1615470478926 0.7957676002782647 320
1615470478929 0.7957676002782647 320
1615470552065 0.7958413000767457 321
1615470552067 0.7958413000767457 321
1615470625383 0.795945246039616 322
1615470625386 0.795945246039616 322
1615470698535 0.7961363812456239 323
1615470698537 0.7961363812456239 323
1615470771647 0.7962950331428941 324
1615470771649 0.7962950331428941 324
1615470844488 0.796233085528661 325
1615470844490 0.796233085528661 325
1615470917491 0.7962174686509358 326
1615470917493 0.7962174686509358 326
1615470990896 0.7963250226048739 327
1615470990899 0.7963250226048739 327
1615471063918 0.7964756728293385 328
1615471063920 0.7964756728293385 328
1615471136854 0.7965083478775312 329
1615471136856 0.7965083478775312 329
1615471210062 0.796590520640512 330
1615471210064 0.796590520640512 330
1615471283225 0.7966398709458175 331
1615471283228 0.7966398709458175 331
1615471356656 0.7967306142660285 332
1615471356659 0.7967306142660285 332
1615471429905 0.7967505856170322 333
1615471429908 0.7967505856170322 333
1615471502700 0.7967602256325451 334
1615471502703 0.7967602256325451 334
1615471575332 0.7968074203615045 335
1615471575334 0.7968074203615045 335
1615471648505 0.7969144879228849 336
1615471648507 0.7969144879228849 336
1615471721698 0.7969543930355775 337
1615471721700 0.7969543930355775 337
1615471794820 0.7970079845944387 338
1615471794822 0.7970079845944387 338
1615471868166 0.7971392669785041 339
1615471868169 0.7971392669785041 339
1615471941918 0.7972742039616263 340
1615471941921 0.7972742039616263 340
1615472015082 0.7973347354800219 341
1615472015085 0.7973347354800219 341
1615472087599 0.7974435245014185 342
1615472087602 0.7974435245014185 342
1615472160655 0.7973563347481456 343
1615472160657 0.7973563347481456 343
1615472233784 0.7973605243199665 344
1615472233786 0.7973605243199665 344
1615472306795 0.7973618563039891 345
1615472306798 0.7973618563039891 345
1615472380769 0.797380653520644 346
1615472380771 0.797380653520644 346
1615472454213 0.7974485664721296 347
1615472454215 0.7974485664721296 347
1615472536849 0.7975261683437119 348
1615472536851 0.7975261683437119 348
1615472610203 0.7976165552892397 349
1615472610205 0.7976165552892397 349
1615472683547 0.797685078020063 350
1615472683549 0.797685078020063 350
1615472756813 0.7977743734349588 351
1615472756815 0.7977743734349588 351
1615472830113 0.7979552215661748 352
1615472830116 0.7979552215661748 352
1615472903473 0.7979814103329201 353
1615472903476 0.7979814103329201 353
1615472976875 0.7981268664704696 354
1615472976878 0.7981268664704696 354
1615473050427 0.7982674190209382 355
1615473050429 0.7982674190209382 355
1615473123949 0.7983789387663758 356
1615473123952 0.7983789387663758 356
1615473197229 0.7983623564491185 357
1615473197231 0.7983623564491185 357
1615473270693 0.7984023255843404 358
1615473270695 0.7984023255843404 358
1615473343739 0.7985283770483128 359
1615473343742 0.7985283770483128 359
1615473416965 0.7985697407102368 360
1615473416967 0.7985697407102368 360
1615473490024 0.7986720050116807 361
1615473490027 0.7986720050116807 361
1615473563149 0.7988318630058951 362
1615473563151 0.7988318630058951 362
1615473636208 0.7988829044641647 363
1615473636210 0.7988829044641647 363
1615473709310 0.7989710303556588 364
1615473709312 0.7989710303556588 364
1615473782195 0.7991247450474686 365
1615473782198 0.7991247450474686 365
1615473855300 0.7992991575882402 366
1615473855302 0.7992991575882402 366
1615473928293 0.7993984742739223 367
1615473928295 0.7993984742739223 367
1615474001215 0.7995319589046921 368
1615474001217 0.7995319589046921 368
1615474074105 0.7996022819500899 369
1615474074107 0.7996022819500899 369
1615474147135 0.7997112768050564 370
1615474147138 0.7997112768050564 370
1615474220806 0.7998878068040174 371
1615474220808 0.7998878068040174 371
1615474294044 0.7999533399169998 372
1615474294046 0.7999533399169998 372
1615474367405 0.8000526484316999 373
1615474367407 0.8000526484316999 373
1615474440828 0.8001946221554528 374
1615474440831 0.8001946221554528 374
1615474513846 0.8003410363085888 375
1615474513848 0.8003410363085888 375
1615474587033 0.800387761026309 376
1615474587035 0.800387761026309 376
1615474660112 0.8005042390280461 377
1615474660116 0.8005042390280461 377
1615474733239 0.8006519160929297 378
1615474733241 0.8006519160929297 378
1615474806395 0.800803160842944 379
1615474806397 0.800803160842944 379
1615474879610 0.800944290951979 380
1615474879613 0.800944290951979 380
1615474952926 0.8009306770615848 381
1615474952927 0.8009306770615848 381
1615475025803 0.801070353997633 382
1615475025806 0.801070353997633 382
1615475098518 0.8011841104988805 383
1615475098521 0.8011841104988805 383
1615475171691 0.801228671973962 384
1615475171694 0.801228671973962 384
1615475245021 0.8012593204679535 385
1615475245022 0.8012593204679535 385
1615475318235 0.8013310783617581 386
1615475318237 0.8013310783617581 386
1615475391640 0.8014343086101523 387
1615475391642 0.8014343086101523 387
1615475464946 0.8015611068246316 388
1615475464948 0.8015611068246316 388
1615475537883 0.8016419923585801 389
1615475537885 0.8016419923585801 389
1615475611023 0.8017542973192021 390
1615475611025 0.8017542973192021 390
1615475683925 0.8018960624460615 391
1615475683927 0.8018960624460615 391
1615475756796 0.8019326079966598 392
1615475756798 0.8019326079966598 392
1615475830171 0.8019024834408323 393
1615475830173 0.8019024834408323 393
1615475903401 0.8018823999045354 394
1615475903404 0.8018823999045354 394
1615475976451 0.8018594559570091 395
1615475976453 0.8018594559570091 395
1615476049825 0.8019390565829382 396
1615476049827 0.8019390565829382 396
1615476123190 0.8020664861075477 397
1615476123192 0.8020664861075477 397
1615476196416 0.8022361993512592 398
1615476196418 0.8022361993512592 398
1615476269316 0.8022360484372719 399
1615476269318 0.8022360484372719 399
1615476342438 0.8022602419492323 400
1615476342441 0.8022602419492323 400
1615476415595 0.8023533753693683 401
1615476415596 0.8023533753693683 401
1615476488874 0.8024523671481882 402
1615476488876 0.8024523671481882 402
1615476561869 0.8025745411100654 403
1615476561871 0.8025745411100654 403
1615476634861 0.8026767267384316 404
1615476634863 0.8026767267384316 404
1615476708016 0.8027101875435315 405
1615476708018 0.8027101875435315 405
1615476780870 0.8028127697881297 406
1615476780873 0.8028127697881297 406
1615476853763 0.8029532577643298 407
1615476853765 0.8029532577643298 407
1615476926653 0.8030342469966927 408
1615476926656 0.8030342469966927 408
1615476999652 0.8031194898327071 409
1615476999654 0.8031194898327071 409
1615477072726 0.803209290109963 410
1615477072728 0.803209290109963 410
1615477145677 0.8032719916582859 411
1615477145678 0.8032719916582859 411
1615477218601 0.8033328672468846 412
1615477218604 0.8033328672468846 412
1615477291347 0.8034499671975598 413
1615477291349 0.8034499671975598 413
1615477364256 0.8034876408598328 414
1615477364258 0.8034876408598328 414
1615477437460 0.8035394484265482 415
1615477437462 0.8035394484265482 415
1615477510607 0.8036218929173251 416
1615477510609 0.8036218929173251 416
1615477583535 0.8037187081118121 417
1615477583537 0.8037187081118121 417
1615477656715 0.8037933361943222 418
1615477656717 0.8037933361943222 418
1615477729582 0.8038381688159426 419
1615477729584 0.8038381688159426 419
1615477802407 0.8038369189321912 420
1615477802410 0.8038369189321912 420
1615477875224 0.8039283382753228 421
1615477875226 0.8039283382753228 421
1615477948259 0.8040023110186842 422
1615477948261 0.8040023110186842 422
1615478021350 0.8040430479910641 423
1615478021352 0.8040430479910641 423
1615478094350 0.8042150729832503 424
1615478094354 0.8042150729832503 424
1615478167473 0.804231712524483 425
1615478167476 0.804231712524483 425
1615478240735 0.8043815012064388 426
1615478240737 0.8043815012064388 426
1615478314156 0.8045062711104536 427
1615478314159 0.8045062711104536 427
1615478387369 0.8045988789156169 428
1615478387372 0.8045988789156169 428
1615478460422 0.8047267725454745 429
1615478460424 0.8047267725454745 429
1615478533730 0.8047167795195054 430
1615478533732 0.8047167795195054 430
1615478606994 0.8047712127339257 431
1615478606996 0.8047712127339257 431
1615478680196 0.8047472017771825 432
1615478680199 0.8047472017771825 432
1615478753031 0.8047778643915344 433
1615478753033 0.8047778643915344 433
1615478826942 0.8048538878062487 434
1615478826944 0.8048538878062487 434
1615478900296 0.8049412232705314 435
1615478900298 0.8049412232705314 435
1615478973341 0.8050212991743996 436
1615478973343 0.8050212991743996 436
1615479046502 0.8051712405468374 437
1615479046504 0.8051712405468374 437
1615479119725 0.8052963297125607 438
1615479119727 0.8052963297125607 438
1615479192941 0.8054025000242662 439
1615479192943 0.8054025000242662 439
1615479266225 0.8053862350656215 440
1615479266227 0.8053862350656215 440
1615479339409 0.8054460363515279 441
1615479339412 0.8054460363515279 441
1615479412671 0.8054944611033235 442
1615479412673 0.8054944611033235 442
1615479485776 0.8055656831062478 443
1615479485779 0.8055656831062478 443
1615479559149 0.8055229873871199 444
1615479559151 0.8055229873871199 444
1615479632314 0.8056204814808403 445
1615479632316 0.8056204814808403 445
1615479705183 0.8056760288956359 446
1615479705185 0.8056760288956359 446
1615479778951 0.8056875536807766 447
1615479778953 0.8056875536807766 447
1615479852510 0.8057446111412094 448
1615479852513 0.8057446111412094 448
1615479926109 0.8058049149436051 449
1615479926111 0.8058049149436051 449
1615479999655 0.8059362249220927 450
1615479999658 0.8059362249220927 450
1615480072657 0.8059694047701135 451
1615480072660 0.8059694047701135 451
1615480145852 0.805937553418341 452
1615480145854 0.805937553418341 452
1615480218743 0.8060290560339324 453
1615480218745 0.8060290560339324 453
1615480291883 0.8061394270984542 454
1615480291885 0.8061394270984542 454
1615480364829 0.8061821136162817 455
1615480364831 0.8061821136162817 455
1615480438028 0.8062537323817518 456
1615480438030 0.8062537323817518 456
1615480511046 0.8062731277481537 457
1615480511048 0.8062731277481537 457
1615480584167 0.8063530288152172 458
1615480584169 0.8063530288152172 458
1615480657250 0.8064314553264323 459
1615480657252 0.8064314553264323 459
1615480730616 0.8063838401027671 460
1615480730618 0.8063838401027671 460
1615480803777 0.8064954883893951 461
1615480803779 0.8064954883893951 461
1615480877026 0.8065724319477905 462
1615480877028 0.8065724319477905 462
1615480950923 0.8066653068480649 463
1615480950926 0.8066653068480649 463
1615481024539 0.8067996943514032 464
1615481024541 0.8067996943514032 464
1615481098109 0.8068697306654333 465
1615481098111 0.8068697306654333 465
1615481171609 0.8069015776431706 466
1615481171611 0.8069015776431706 466
1615481244903 0.8070290408459381 467
1615481244905 0.8070290408459381 467
1615481318489 0.8069791227623954 468
1615481318491 0.8069791227623954 468
1615481392057 0.8070209011481241 469
1615481392059 0.8070209011481241 469
1615481465440 0.8070990253535797 470
1615481465443 0.8070990253535797 470
1615481538557 0.8071861113272468 471
1615481538559 0.8071861113272468 471
1615481611607 0.8071971364391014 472
1615481611609 0.8071971364391014 472
1615481684675 0.8072776927177592 473
1615481684677 0.8072776927177592 473
1615481757918 0.8073688393845276 474
1615481757921 0.8073688393845276 474
1615481831334 0.8074230438323986 475
1615481831336 0.8074230438323986 475
1615481904751 0.8075001998004671 476
1615481904753 0.8075001998004671 476
1615481978666 0.8076173382519809 477
1615481978669 0.8076173382519809 477
1615482052022 0.8076954606418694 478
1615482052024 0.8076954606418694 478
1615482125219 0.8078046373206973 479
1615482125222 0.8078046373206973 479
1615482198758 0.8077990873904007 480
1615482198760 0.8077990873904007 480
1615482271785 0.8078313342442809 481
1615482271788 0.8078313342442809 481
1615482344973 0.8079151260314593 482
1615482344975 0.8079151260314593 482
1615482417940 0.8079706579370135 483
1615482417942 0.8079706579370135 483
1615482491006 0.8080021193175428 484
1615482491008 0.8080021193175428 484
1615482564222 0.8080689833558319 485
1615482564225 0.8080689833558319 485
1615482637199 0.8081265831231565 486
1615482637201 0.8081265831231565 486
1615482710450 0.8082241170191178 487
1615482710452 0.8082241170191178 487
1615482783793 0.8083229909366973 488
1615482783796 0.8083229909366973 488
1615482856858 0.8084400165052903 489
1615482856860 0.8084400165052903 489
1615482929833 0.808518843275023 490
1615482929835 0.808518843275023 490
1615483002909 0.8085603893767607 491
1615483002911 0.8085603893767607 491
1615483075859 0.8086135846335788 492
1615483075862 0.8086135846335788 492
1615483148902 0.8086675014338877 493
1615483148904 0.8086675014338877 493
1615483221895 0.8087259651987393 494
1615483221898 0.8087259651987393 494
1615483295314 0.808782724851705 495
1615483295316 0.808782724851705 495
1615483368417 0.8088558791170746 496
1615483368419 0.8088558791170746 496
1615483441832 0.8089760941895064 497
1615483441835 0.8089760941895064 497
1615483514941 0.8090451087251961 498
1615483514943 0.8090451087251961 498
1615483587948 0.8090456410882589 499
1615483587951 0.8090456410882589 499
