1615446835040 0.43262636127756604 0
1615446910790 0.36151621724242594 1
1615446985723 0.34220167267974927 2
1615447060944 0.32446843519139645 3
1615447136410 0.31482312803837786 4
1615447211727 0.3148434313375558 5
1615447287485 0.31412205297047135 6
1615447362680 0.30114468087011304 7
1615447438237 0.30032486988735035 8
1615447513880 0.29354781677473835 9
1615447589135 0.2920923004965607 10
1615447664042 0.28886786911321516 11
1615447738350 0.2821547684658545 12
1615447813938 0.2786134168791618 13
1615447888693 0.27486396150209413 14
1615447963297 0.2743168358704937 15
1615448038022 0.27511232840167105 16
1615448113697 0.272484732998742 17
1615448188245 0.2706248620225048 18
1615448263279 0.27005436954213613 19
1615448338142 0.26821417590787244 20
1615448413638 0.26793411495404135 21
1615448488447 0.2655991134049442 22
1615448563474 0.26321435819810896 23
1615448638238 0.26214675568822604 24
1615448713064 0.25982020889439894 25
1615448787911 0.2570551134987784 26
1615448863231 0.25540061206070347 27
1615448938141 0.2538180292971774 28
1615449012822 0.252288583944093 29
1615449088131 0.2516792104918049 30
1615449162692 0.2500961913602121 31
1615449237313 0.2487341333222788 32
1615449312301 0.24906602648395104 33
1615449387072 0.24978538934610037 34
1615449461215 0.25045518915649273 35
1615449536330 0.24884596535543033 36
1615449611826 0.24854162515661235 37
1615449686371 0.24767026589193245 38
1615449761108 0.24679032050406752 39
1615449836068 0.24605823530906062 40
1615449911174 0.24512874853466957 41
1615449985890 0.2444233898485919 42
1615450060720 0.24262824149112364 43
1615450135565 0.2424961407386248 44
1615450210376 0.24112222465039224 45
1615450284816 0.23981682905586 46
1615450359804 0.23933215511601358 47
1615450434756 0.23859503786265393 48
1615450509436 0.23738985714627733 49
1615450583850 0.23592021898250676 50
1615450658077 0.2341858802104516 51
1615450732583 0.23354244473886235 52
1615450806976 0.23294795528177797 53
1615450882422 0.2322108769999107 54
1615450956744 0.23166410210353733 55
1615451031181 0.23143957067953103 56
1615451105442 0.23110909754629916 57
1615451179742 0.23015337998493696 58
1615451254485 0.22944534079945503 59
1615451329074 0.2290094380918913 60
1615451403243 0.2287227091705449 61
1615451477513 0.22806812839410903 62
1615451551790 0.22768068360859778 63
1615451626413 0.22716117547108577 64
1615451701378 0.2261320392048127 65
1615451776557 0.2252239072261767 66
1615451851155 0.22483559336130612 67
1615451925753 0.22413316973096847 68
1615452000703 0.2239784513836476 69
1615452075630 0.2237144752863903 70
1615452150100 0.22313523161569437 71
1615452224652 0.22291132732784052 72
1615452299151 0.22292187547866443 73
1615452373727 0.2225954157084374 74
1615452447876 0.22215780327850118 75
1615452521944 0.22161950706210928 76
1615452596741 0.22155345859447287 77
1615452671211 0.2209498260684709 78
1615452745855 0.2203972526005844 79
1615452820945 0.22023037765178533 80
1615452895705 0.21997643364400132 81
1615452970531 0.21997219066871965 82
1615453045226 0.2193890007552985 83
1615453119064 0.21934706504351215 84
1615453193309 0.2189815671896611 85
1615453267754 0.21879977802813896 86
1615453342619 0.21861723776062592 87
1615453417297 0.2183115417957705 88
1615453491482 0.2180900323450268 89
1615453566009 0.2181537925502951 90
1615453640403 0.21779909676773676 91
1615453714958 0.21693926740660743 92
1615453789194 0.21662527464730047 93
1615453864460 0.21633541507226503 94
1615453939004 0.21581140787929146 95
1615454013457 0.21563642468704114 96
1615454087434 0.21534419820470632 97
1615454162151 0.21507253661947195 98
1615454236350 0.21477047769881008 99
1615454311107 0.21510173524167703 100
1615454385769 0.21485316093148704 101
1615454460047 0.21464650078349107 102
1615454534649 0.2145747933387072 103
1615454609297 0.21421375381412788 104
1615454683713 0.21389110354899152 105
1615454758403 0.21343774817315483 106
1615454832984 0.21313681372329632 107
1615454907292 0.2129292653616725 108
1615454981650 0.21267531658124725 109
1615455056082 0.21264351257412953 110
1615455130782 0.2121434376787529 111
1615455205200 0.2116972275886238 112
1615455279256 0.2116370789899848 113
1615455353598 0.21143591248470797 114
1615455427905 0.2113512135999937 115
1615455502389 0.2109169234105983 116
1615455576666 0.21048208290855697 117
1615455651033 0.20993813454065685 118
1615455725590 0.20956112974466962 119
1615455800231 0.20919993656167143 120
1615455874658 0.2088207143470772 121
1615455949366 0.2084409373793956 122
1615456023471 0.20817200492997548 123
1615456098164 0.2075902045093365 124
1615456172529 0.207314071984857 125
1615456246905 0.20720195614755013 126
1615456321167 0.206926451099397 127
1615456395275 0.20648311181820383 128
1615456469982 0.20622231280762615 129
1615456544576 0.20591707521355795 130
1615456619267 0.20596572361155252 131
1615456693883 0.20592113175840032 132
1615456767844 0.2055924402615837 133
1615456842117 0.2053768925669444 134
1615456916715 0.20507391338106612 135
1615456990762 0.20487461271648602 136
1615457064082 0.20460863830128856 137
1615457138243 0.20424179514074214 138
1615457212288 0.2038142541705417 139
1615457286559 0.20356473689156496 140
1615457360886 0.20310356111643754 141
1615457436124 0.20290670888481885 142
1615457511097 0.20266937448413005 143
1615457585670 0.20218749622432325 144
1615457659757 0.2020411953509791 145
1615457734015 0.20183965092032594 146
1615457807873 0.2017501076114614 147
1615457881961 0.2017984855787602 148
1615457956169 0.2016941601660713 149
1615458030709 0.20151114600489717 150
1615458103769 0.20137703915632144 151
1615458176584 0.20101188428343092 152
1615458249503 0.20085604393244194 153
1615458322391 0.2007325477650604 154
1615458395705 0.2002871790312734 155
1615458468438 0.1999842189815472 156
1615458541569 0.19990357823054766 157
1615458614783 0.19965728808263977 158
1615458688123 0.19942552581318268 159
1615458761403 0.19901460101388513 160
1615458834972 0.19862396524979165 161
1615458908232 0.19835292154501968 162
1615458981925 0.19835761659766782 163
1615459054993 0.1982179712623775 164
1615459128434 0.1980548640353026 165
1615459201287 0.19773471746978255 166
1615459275246 0.19754268187703855 167
1615459348563 0.1972882763705446 168
1615459421788 0.19697709066287997 169
1615459495084 0.19683098976676802 170
1615459568092 0.19683317467699604 171
1615459641302 0.19698423228964437 172
1615459714864 0.19691229049102946 173
1615459788655 0.19666538025524566 174
1615459861702 0.19643411969859528 175
1615459934593 0.19636664123476447 176
1615460007963 0.19621555204062016 177
1615460081552 0.19595260822593064 178
1615460154923 0.19574151117706767 179
1615460228393 0.1956679216710695 180
1615460302033 0.19542910558230678 181
1615460375287 0.19513243477648437 182
1615460448414 0.19498185535903714 183
1615460521729 0.19485737476775888 184
1615460594684 0.1948719413795893 185
1615460668638 0.1946733361735234 186
1615460741822 0.19458407354793983 187
1615460815313 0.19444135710459348 188
1615460888536 0.19429050528057326 189
1615460961745 0.19408738870699715 190
1615461034957 0.19384136147315223 191
1615461108137 0.1937302395571191 192
1615461180799 0.1936024756390491 193
1615461253808 0.19339679166634688 194
1615461326643 0.19329136458432344 195
1615461399529 0.193046388711719 196
1615461472283 0.19267510569834262 197
1615461545187 0.1925824828966161 198
1615461618688 0.19238917452630708 199
1615461693188 0.19225181334797853 200
1615461766411 0.19190906283509102 201
1615461839650 0.19172653832616862 202
1615461912802 0.1913581495531686 203
1615461985764 0.1912266222051503 204
1615462059005 0.19094832767318806 205
1615462132082 0.190781498085972 206
1615462205185 0.19063152390372878 207
1615462278192 0.1904534597418304 208
1615462351365 0.19024653186506643 209
1615462424536 0.19009616680307845 210
1615462497830 0.18994343522500742 211
1615462571393 0.18984460780568957 212
1615462644474 0.1896874873038532 213
1615462717594 0.18961999379525127 214
1615462790591 0.18946093027189073 215
1615462863688 0.18932846113316865 216
1615462936868 0.18909059129691072 217
1615463009778 0.1887909477492958 218
1615463083311 0.18862290117116284 219
1615463156356 0.1885461443915039 220
1615463229162 0.18870272564843124 221
1615463302419 0.18893545251256152 222
1615463375561 0.18880941322855738 223
1615463449160 0.18859439386064147 224
1615463522377 0.18839163775331302 225
1615463596331 0.18844116173816383 226
1615463669361 0.18834711745494517 227
1615463742261 0.1881463699232668 228
1615463815106 0.1879938690481366 229
1615463888691 0.18782035196644709 230
1615463961841 0.18774353830518645 231
1615464035646 0.1876914841689976 232
1615464109268 0.18761239194842627 233
1615464182795 0.18762957378204537 234
1615464255517 0.1879116447099155 235
1615464329163 0.18786562656123562 236
1615464402776 0.18778504339855923 237
1615464476329 0.18758354398510876 238
1615464549750 0.1875256154445274 239
1615464623306 0.18743241492562193 240
1615464696533 0.18732908004909793 241
1615464769517 0.18715924193353742 242
1615464842517 0.1869881663180693 243
1615464915985 0.18684457840804755 244
1615464989290 0.1867746775871544 245
1615465062493 0.18661306424690988 246
1615465135780 0.1864256143612993 247
1615465208718 0.18637049310693127 248
1615465282198 0.18613357927905985 249
1615465355546 0.18614025686813215 250
1615465428819 0.18600704122905742 251
1615465501910 0.18589325734531137 252
1615465574618 0.1858132066009664 253
1615465647505 0.18564464307368625 254
1615465720483 0.18553338355537674 255
1615465793556 0.18548474177035373 256
1615465866543 0.1853523745893205 257
1615465939425 0.18534528743030226 258
1615466012967 0.18520011511790635 259
1615466086323 0.1849683151139045 260
1615466159490 0.18494694676664902 261
1615466232965 0.1849492690760881 262
1615466305932 0.18491846291674371 263
1615466378840 0.1847926695358247 264
1615466452027 0.18468013095770103 265
1615466525395 0.1846525461053068 266
1615466598810 0.18451431131384166 267
1615466672129 0.18446097160717806 268
1615466744877 0.18439944785164503 269
1615466818319 0.1843165893934698 270
1615466891224 0.18416619904280448 271
1615466964604 0.1840752644397062 272
1615467037754 0.1839794343184615 273
1615467111208 0.18390157207866867 274
1615467184413 0.18368955545422327 275
1615467257577 0.18375733407562853 276
1615467330727 0.18363681809034083 277
1615467403702 0.18354250389188 278
1615467476784 0.18339585642824813 279
1615467549881 0.18328500285672653 280
1615467623210 0.1830740257887863 281
1615467696398 0.18298305463805994 282
1615467769558 0.1828420467146912 283
1615467842693 0.1827028842645343 284
1615467915792 0.1826600352423312 285
1615467988953 0.18258012012495783 286
1615468062011 0.1824475104115892 287
1615468134907 0.18235775907934937 288
1615468207517 0.18220610259061498 289
1615468280367 0.1821286181073841 290
1615468353178 0.1819476267904428 291
1615468425964 0.1819524743882342 292
1615468498891 0.18193105417213445 293
1615468571815 0.18176643203066606 294
1615468645204 0.18164265493006906 295
1615468718219 0.1814937275093078 296
1615468791483 0.1814171725961139 297
1615468864407 0.18131230402080878 298
1615468937541 0.181127318994916 299
1615469010820 0.18102167064328928 300
1615469083609 0.1808694640502778 301
1615469156679 0.1808164070923396 302
1615469229502 0.18079323817603446 303
1615469302526 0.18066891022290882 304
1615469376611 0.18051856221855947 305
1615469450120 0.1805216284977967 306
1615469523251 0.1804033285727172 307
1615469596371 0.18038615101703404 308
1615469670551 0.18026726954133693 309
1615469744741 0.1801499988356863 310
1615469818579 0.18002125697828472 311
1615469892357 0.1799633706351002 312
1615469965925 0.1798704881406985 313
1615470038921 0.17980051731730048 314
1615470112440 0.17969079840426505 315
1615470185802 0.17970422113607984 316
1615470259158 0.17963566363422934 317
1615470332727 0.1794993561637066 318
1615470405838 0.17939808383695235 319
1615470478924 0.17921111513814847 320
1615470552063 0.17913554180449756 321
1615470625381 0.17904146918692598 322
1615470698532 0.17883496677840383 323
1615470771645 0.17868342514016197 324
1615470844486 0.1787521651884694 325
1615470917488 0.17877550940526896 326
1615470990894 0.17869939233037754 327
1615471063916 0.17854479904514003 328
1615471136852 0.17851215128120074 329
1615471210060 0.1784428251054648 330
1615471283223 0.17841437595114829 331
1615471356654 0.17833653305172206 332
1615471429903 0.17831013462149078 333
1615471502698 0.17830775949094052 334
1615471575330 0.17826388207844757 335
1615471648502 0.17816658092403584 336
1615471721695 0.17813164918001373 337
1615471794818 0.17808618359420256 338
1615471868164 0.17797276962473277 339
1615471941916 0.17786401725991452 340
1615472015080 0.17783097591535002 341
1615472087597 0.17772860381742372 342
1615472160652 0.17780623964109346 343
1615472233781 0.177793773283516 344
1615472306793 0.17779572217944334 345
1615472380766 0.17776458165923414 346
1615472454210 0.17773271703683288 347
1615472536846 0.17763398084965568 348
1615472610201 0.17753771071749208 349
1615472683545 0.17748173019860375 350
1615472756811 0.17740360001453398 351
1615472830111 0.17724394986787861 352
1615472903471 0.17718388722350828 353
1615472976873 0.17703110020476936 354
1615473050425 0.17688557765996846 355
1615473123947 0.17678323961120626 356
1615473197227 0.1768064126229452 357
1615473270691 0.1767630657525052 358
1615473343737 0.176656432511597 359
1615473416963 0.1766122433095068 360
1615473490022 0.17651539937999844 361
1615473563147 0.17635344709790682 362
1615473636205 0.17631416133247055 363
1615473709308 0.1762450654334609 364
1615473782193 0.1761114111844833 365
1615473855297 0.17593795308363222 366
1615473928291 0.17584509404930956 367
1615474001213 0.17569796094345497 368
1615474074103 0.17562748547906404 369
1615474147133 0.1755295695468964 370
1615474220805 0.17536964429513427 371
1615474294042 0.17531401984598416 372
1615474367402 0.17521403995731688 373
1615474440826 0.17508878731846217 374
1615474513844 0.1749631731509784 375
1615474587031 0.17493803230750268 376
1615474660109 0.17482515233797943 377
1615474733237 0.17469071853918094 378
1615474806393 0.17454909222948206 379
1615474879608 0.17443198781458627 380
1615474952924 0.17443370244796833 381
1615475025801 0.1743155827182596 382
1615475098516 0.17421825142317818 383
1615475171689 0.1741840227834706 384
1615475245019 0.1741393145054807 385
1615475318232 0.1740760490085061 386
1615475391637 0.17396868073375324 387
1615475464943 0.17383960123480738 388
1615475537881 0.17377096797559527 389
1615475611020 0.17367766776439655 390
1615475683924 0.17355081922636503 391
1615475756794 0.17351310372483894 392
1615475830169 0.17353482669398174 393
1615475903399 0.1735561152836021 394
1615475976450 0.17358834314549398 395
1615476049822 0.17350847927751994 396
1615476123188 0.17340730602864804 397
1615476196413 0.17325020946111624 398
1615476269314 0.1732645296272057 399
1615476342436 0.17325079719936962 400
1615476415593 0.17317011653425396 401
1615476488871 0.1730943750215501 402
1615476561866 0.1729810870352604 403
1615476634859 0.17288183920594763 404
1615476708015 0.17286903202713394 405
1615476780869 0.17276700026979622 406
1615476853761 0.17263912159883033 407
1615476926651 0.17256502449062228 408
1615476999649 0.1724986044914452 409
1615477072723 0.17241633386442579 410
1615477145675 0.17235207089763183 411
1615477218599 0.17229271913211494 412
1615477291345 0.17217710584335463 413
1615477364254 0.17214965899413784 414
1615477437458 0.17211118477998652 415
1615477510604 0.17202704701138105 416
1615477583533 0.17194876178863902 417
1615477656713 0.17188067754783456 418
1615477729579 0.17184250905484952 419
1615477802405 0.17184119319511737 420
1615477875222 0.17174090225482208 421
1615477948257 0.17166828713594215 422
1615478021347 0.17161933052786565 423
1615478094348 0.17145139198746984 424
1615478167471 0.17144008081793474 425
1615478240733 0.1713149607246135 426
1615478314154 0.17119576904934675 427
1615478387367 0.1711127451117052 428
1615478460420 0.17099535480136469 429
1615478533727 0.17100431962278606 430
1615478606992 0.17094728626998637 431
1615478680194 0.17098935322013517 432
1615478753029 0.1709660455575302 433
1615478826939 0.17090903295826843 434
1615478900294 0.17083790219476513 435
1615478973338 0.1707577416551476 436
1615479046499 0.17062259486122447 437
1615479119722 0.17048586918934597 438
1615479192939 0.1703871926790662 439
1615479266222 0.1703712230879034 440
1615479339407 0.17032830255836834 441
1615479412668 0.17030485599880643 442
1615479485774 0.17024126028772546 443
1615479559147 0.17028413067802817 444
1615479632311 0.1701833029526894 445
1615479705180 0.17014150014444762 446
1615479778949 0.17012825004184554 447
1615479852507 0.17008598067439254 448
1615479926107 0.1700269652124661 449
1615479999653 0.16989817990597722 450
1615480072655 0.16985883369988708 451
1615480145851 0.16986758045527905 452
1615480218740 0.16978253662935008 453
1615480291880 0.16968337578208054 454
1615480364826 0.1696501293730037 455
1615480438025 0.16959804569609302 456
1615480511044 0.16957403842476573 457
1615480584165 0.16950793073913306 458
1615480657248 0.16941766895735755 459
1615480730614 0.1694740782428754 460
1615480803774 0.1693616352136294 461
1615480877023 0.16929854430657695 462
1615480950921 0.16923193692800564 463
1615481024537 0.16910980114143254 464
1615481098107 0.16904428533493357 465
1615481171606 0.1690238905229605 466
1615481244901 0.16891508770051364 467
1615481318486 0.16898211412395212 468
1615481392055 0.168946213376223 469
1615481465438 0.1688691572506558 470
1615481538554 0.16878396261727516 471
1615481611605 0.16878015998561555 472
1615481684673 0.1686981302795186 473
1615481757916 0.1686063998567712 474
1615481831332 0.16855154901268227 475
1615481904749 0.16848719887300923 476
1615481978664 0.16839472198258526 477
1615482052019 0.16832252972050157 478
1615482125217 0.16822420585882011 479
1615482198756 0.16822424570840236 480
1615482271783 0.16818274795776506 481
1615482344970 0.16807855600251434 482
1615482417938 0.1680467502909376 483
1615482491003 0.1680164647590272 484
1615482564219 0.16796358841568676 485
1615482637197 0.1679187046366861 486
1615482710448 0.16782195185401602 487
1615482783791 0.16773292423113284 488
1615482856856 0.16762688244729007 489
1615482929831 0.16754978517052915 490
1615483002907 0.16751468319754592 491
1615483075857 0.16745548047485562 492
1615483148899 0.16739050835178323 493
1615483221893 0.1673277915216006 494
1615483295312 0.16729000216860235 495
1615483368414 0.1672345518514542 496
1615483441830 0.1671348802210765 497
1615483514938 0.16706482139600862 498
1615483587946 0.16706114630023042 499
