1615446835035 0.5697664244746817 0
1615446910786 0.6699115382063956 1
1615446985719 0.6504107538817657 2
1615447060941 0.7053149465693912 3
1615447136405 0.6980463366668958 4
1615447211723 0.6598803442620644 5
1615447287481 0.6492242054227972 6
1615447362676 0.7588930145720951 7
1615447438233 0.6731777979512117 8
1615447513876 0.7308642586308812 9
1615447589131 0.6909346694446867 10
1615447664038 0.707890210492957 11
1615447738346 0.7586356062503135 12
1615447813934 0.7288490143855886 13
1615447888689 0.7503762312233448 14
1615447963293 0.7053969732843912 15
1615448038018 0.6828152943203349 16
1615448113693 0.7378436426912981 17
1615448188241 0.7366353290585371 18
1615448263274 0.698970823296819 19
1615448338137 0.7370182204758748 20
1615448413634 0.7132429659653169 21
1615448488443 0.7520730308375306 22
1615448563470 0.7713410077673016 23
1615448638233 0.7384623722961315 24
1615448713060 0.7766499394407639 25
1615448787907 0.7863290649321344 26
1615448863227 0.7668091600591486 27
1615448938137 0.7637245338701177 28
1615449012817 0.7607607046763102 29
1615449088127 0.7277666966040288 30
1615449162689 0.7681035470394861 31
1615449237309 0.764051515246845 32
1615449312297 0.7070501412131956 33
1615449387068 0.6974648138639168 34
1615449461211 0.6865119672720394 35
1615449536326 0.7809119328324284 36
1615449611822 0.7405491465559373 37
1615449686367 0.7384850985060135 38
1615449761104 0.751853072454059 39
1615449836064 0.7582698913720938 40
1615449911169 0.7718590767278025 41
1615449985886 0.7603215123598392 42
1615450060716 0.7920341424770274 43
1615450135561 0.7374142544576898 44
1615450210371 0.7873740250304821 45
1615450284812 0.7988538302481174 46
1615450359800 0.7608430874462311 47
1615450434751 0.7681467551592505 48
1615450509432 0.790136678745189 49
1615450583846 0.8088624123483896 50
1615450658073 0.8256004148769001 51
1615450732579 0.772417363099521 52
1615450806972 0.7605245659952281 53
1615450882418 0.7828020231081889 54
1615450956740 0.7730084898684604 55
1615451031176 0.7662884292484664 56
1615451105439 0.767004472147109 57
1615451179738 0.7991254602869352 58
1615451254481 0.7828316830453419 59
1615451329070 0.7734171723517088 60
1615451403239 0.7737552192228944 61
1615451477508 0.7775150172772908 62
1615451551786 0.7714415561694365 63
1615451626409 0.7818468798068352 64
1615451701374 0.8126770316194447 65
1615451776552 0.8139966670988183 66
1615451851151 0.7720264887029771 67
1615451925749 0.7902067338507022 68
1615452000698 0.7654101698157879 69
1615452075626 0.7662878620719152 70
1615452150097 0.793311404180713 71
1615452224648 0.7651082841117703 72
1615452299146 0.7468958869576454 73
1615452373723 0.772349746664986 74
1615452447873 0.7760851294366208 75
1615452521940 0.790977563945547 76
1615452596737 0.7663395464865129 77
1615452671207 0.7942253281436269 78
1615452745851 0.801648000226571 79
1615452820941 0.7700624375532453 80
1615452895701 0.7711351219895145 81
1615452970527 0.7519185570417903 82
1615453045221 0.8069669882838543 83
1615453119060 0.7581095353234559 84
1615453193305 0.7852582953637466 85
1615453267751 0.7683072827519879 86
1615453342614 0.7628207891095491 87
1615453417293 0.7863497995413267 88
1615453491478 0.7736830445937812 89
1615453566005 0.7396420744518118 90
1615453640399 0.7893607454825542 91
1615453714954 0.8365771737881005 92
1615453789190 0.7862685949556412 93
1615453864456 0.7851093722477792 94
1615453939000 0.8208083768389118 95
1615454013453 0.7728962349365391 96
1615454087430 0.7859416627103374 97
1615454162147 0.7883958469130217 98
1615454236346 0.7909921032304947 99
1615454311104 0.7227478518222387 100
1615454385765 0.7828069881255192 101
1615454460043 0.7812745487169613 102
1615454534645 0.7687475153173392 103
1615454609293 0.7992492021294311 104
1615454683709 0.8046936042832605 105
1615454758399 0.8117451725097803 106
1615454832980 0.7960952922530851 107
1615454907288 0.7941250535311983 108
1615454981646 0.7839002483893954 109
1615455056078 0.7606335174641572 110
1615455130778 0.8239225180962911 111
1615455205195 0.8109006850965439 112
1615455279252 0.7656678501812239 113
1615455353594 0.7866264753974974 114
1615455427900 0.7680071872023363 115
1615455502385 0.8158809096803741 116
1615455576662 0.8155774070182815 117
1615455651028 0.8300299536850717 118
1615455725585 0.8166116552857252 119
1615455800226 0.803534595433195 120
1615455874653 0.8129975737287448 121
1615455949362 0.8094349624145598 122
1615456023466 0.8110613495862083 123
1615456098158 0.8468458704424627 124
1615456172524 0.8074986588617321 125
1615456246901 0.7865391704325493 126
1615456321162 0.8082985403446051 127
1615456395270 0.8267248727140888 128
1615456469977 0.8103479519768646 129
1615456544571 0.803517424831948 130
1615456619263 0.7606575473910198 131
1615456693879 0.7788815792936545 132
1615456767840 0.816841225430835 133
1615456842113 0.7997304261662066 134
1615456916711 0.807336867328674 135
1615456990757 0.8060424303206114 136
1615457064078 0.8104523036915522 137
1615457138239 0.8221965762285086 138
1615457212283 0.8296429787296802 139
1615457286554 0.790172106128628 140
1615457360881 0.8350823814167626 141
1615457436119 0.8005002129939385 142
1615457511093 0.8053184604415526 143
1615457585666 0.8421626490307972 144
1615457659753 0.7972200717449596 145
1615457734011 0.7992695802970539 146
1615457807870 0.7946774649758344 147
1615457881957 0.7674444955522911 148
1615457956165 0.7925849070015829 149
1615458030705 0.7977275445816978 150
1615458103764 0.7959990034969451 151
1615458176579 0.8317060997942463 152
1615458249499 0.7953369009589392 153
1615458322386 0.7954020304175523 154
1615458395701 0.8452201654187969 155
1615458468433 0.8181259527069623 156
1615458541566 0.8030181118467851 157
1615458614779 0.8150318850364003 158
1615458688119 0.8183095651594076 159
1615458761398 0.8396230947226286 160
1615458834969 0.8465484888292849 161
1615458908228 0.830296077059977 162
1615458981917 0.7669602768495679 163
1615459054989 0.8000062229850936 164
1615459128429 0.8052091064164415 165
1615459201282 0.818037897222123 166
1615459275242 0.8052890362543246 167
1615459348558 0.8181064394452879 168
1615459421784 0.8292703169443812 169
1615459495080 0.804326911456883 170
1615459568088 0.7704739082123964 171
1615459641298 0.750815154024167 172
1615459714860 0.7819842089150773 173
1615459788651 0.8121666187634233 174
1615459861698 0.817430749054878 175
1615459934588 0.7965446695971947 176
1615460007959 0.8173199931521025 177
1615460081548 0.8239413670474484 178
1615460154918 0.8219253233983181 179
1615460228389 0.7991902398397074 180
1615460302030 0.814600439467391 181
1615460375283 0.8404849760918296 182
1615460448410 0.8161841306223798 183
1615460521725 0.803612058124845 184
1615460594679 0.7785576077585574 185
1615460668634 0.8155256761681466 186
1615460741818 0.7960590270776597 187
1615460815309 0.8077447133837268 188
1615460888531 0.8177140856304994 189
1615460961741 0.8228573521742454 190
1615461034953 0.8281366020914108 191
1615461108134 0.8117399969787309 192
1615461180795 0.8121269584605189 193
1615461253803 0.8264223480364308 194
1615461326639 0.8065961703541689 195
1615461399526 0.8314606746425852 196
1615461472279 0.8564097635329716 197
1615461545183 0.8027694397820876 198
1615461618685 0.8203942478867248 199
1615461693183 0.8109889370389283 200
1615461766407 0.8505582864085833 201
1615461839646 0.812793723070773 202
1615461912798 0.8595932552050198 203
1615461985761 0.8119615784962662 204
1615462059001 0.843484426397481 205
1615462132078 0.8178266256249377 206
1615462205181 0.8256685937557257 207
1615462278188 0.8184545165489591 208
1615462351361 0.8328167623052231 209
1615462424531 0.8237150968840489 210
1615462497825 0.8124572639503786 211
1615462571388 0.8158284586423369 212
1615462644470 0.8189248445606421 213
1615462717590 0.8034442024735304 214
1615462790586 0.8178211190407315 215
1615462863684 0.816202370593181 216
1615462936863 0.8401543744481527 217
1615463009773 0.8531066602276217 218
1615463083307 0.82977877167555 219
1615463156352 0.8061572209000587 220
1615463229158 0.7585705001415177 221
1615463302414 0.7337099034866696 222
1615463375557 0.8163686508778483 223
1615463449155 0.8414714059326798 224
1615463522372 0.8342405939622531 225
1615463596327 0.7727309658620802 226
1615463669357 0.8121589934453368 227
1615463742256 0.8345842181690155 228
1615463815101 0.8252274010862622 229
1615463888686 0.8250795930091824 230
1615463961837 0.7960790235471601 231
1615464035641 0.7945132909808308 232
1615464109264 0.8086623578690566 233
1615464182791 0.7865939598817092 234
1615464255513 0.7003992676825053 235
1615464329159 0.7975552852731198 236
1615464402772 0.8077097544537537 237
1615464476325 0.8284295160995155 238
1615464549745 0.795065441972486 239
1615464623302 0.8099354125733953 240
1615464696528 0.8057224718072722 241
1615464769512 0.8249025135751693 242
1615464842513 0.8369311043679772 243
1615464915980 0.8272857261878072 244
1615464989286 0.8036469467693851 245
1615465062489 0.8225432087276732 246
1615465135775 0.8398294313595845 247
1615465208713 0.8067207164417666 248
1615465282193 0.8458831954386926 249
1615465355542 0.7949752475251444 250
1615465428815 0.8231735088629648 251
1615465501905 0.8156673252101867 252
1615465574613 0.8135504154058603 253
1615465647501 0.8352985449490093 254
1615465720478 0.815677230156237 255
1615465793551 0.8110959843746317 256
1615465866538 0.824666303804233 257
1615465939420 0.7850040796375464 258
1615466012962 0.8397862732188025 259
1615466086318 0.8550978042185307 260
1615466159485 0.8026020913743056 261
1615466232961 0.7929799990012095 262
1615466305927 0.7968781730160117 263
1615466378835 0.8252313553595976 264
1615466452023 0.8245954387463056 265
1615466525391 0.8027266463551384 266
1615466598806 0.8253486714956741 267
1615466672124 0.8025849789144501 268
1615466744873 0.8083059141441943 269
1615466818314 0.813655004378349 270
1615466891219 0.8385533980326727 271
1615466964599 0.8160556201492587 272
1615467037751 0.8193102221167277 273
1615467111203 0.8182264007627964 274
1615467184408 0.8582562522246288 275
1615467257573 0.7708863364680419 276
1615467330723 0.8206694317889995 277
1615467403697 0.8212340105092153 278
1615467476780 0.8353405090456363 279
1615467549877 0.8239459913992693 280
1615467623205 0.8507613096208799 281
1615467696393 0.8228459736618858 282
1615467769553 0.8295098608059268 283
1615467842689 0.8301179746556426 284
1615467915787 0.8024748300292319 285
1615467988949 0.8188103755921243 286
1615468062006 0.8420365635644306 287
1615468134903 0.8265922851287402 288
1615468207512 0.8403395580512191 289
1615468280363 0.8251073000522761 290
1615468353173 0.8476093271747231 291
1615468425960 0.7995518531339864 292
1615468498886 0.8009451776742935 293
1615468571811 0.8394469622402422 294
1615468645200 0.8406142808783513 295
1615468718215 0.8463712577636425 296
1615468791479 0.8194322100052467 297
1615468864402 0.8314632999782379 298
1615468937537 0.8502560544699903 299
1615469010816 0.8337188529258128 300
1615469083605 0.8404181888327003 301
1615469156674 0.8136152036022395 302
1615469229499 0.8061816113786056 303
1615469302522 0.8306455891283732 304
1615469376607 0.8387949194699998 305
1615469450115 0.7970797073382597 306
1615469523247 0.8297690885171057 307
1615469596367 0.7965777787779059 308
1615469670546 0.830985439083879 309
1615469744737 0.8386087266262621 310
1615469818575 0.8380406982014672 311
1615469892352 0.8145740445615957 312
1615469965920 0.8242777371929297 313
1615470038916 0.8201633565186057 314
1615470112437 0.8367286903389658 315
1615470185797 0.7920877177384682 316
1615470259154 0.8217529918783559 317
1615470332722 0.8449586448259652 318
1615470405834 0.8239135766615633 319
1615470478919 0.862714430084452 320
1615470552058 0.8194989353891403 321
1615470625376 0.8294158460838454 322
1615470698528 0.8578730527861197 323
1615470771642 0.8476982478584562 324
1615470844482 0.7761001109029166 325
1615470917483 0.7911263665125247 326
1615470990889 0.8314951655426712 327
1615471063911 0.8458889464537303 328
1615471136847 0.8072584387328889 329
1615471210055 0.8237075324241931 330
1615471283219 0.8129748220019268 331
1615471356649 0.8268573965760879 332
1615471429898 0.8034010455012321 333
1615471502694 0.7999799908138812 334
1615471575325 0.8126176545629278 335
1615471648498 0.8328891885466874 336
1615471721691 0.8104024160129484 337
1615471794814 0.815121931489557 338
1615471868159 0.8416439951767051 339
1615471941912 0.8431527782231569 340
1615472015075 0.8179759832528921 341
1615472087592 0.8346493698190898 342
1615472160648 0.7674502493755426 343
1615472233777 0.7988017370263415 344
1615472306788 0.7978213907917961 345
1615472380762 0.8038844904832302 346
1615472454206 0.8210143606376016 347
1615472536830 0.8245316196543475 348
1615472610197 0.82916159927845 349
1615472683541 0.8216680338082369 350
1615472756807 0.8291170640633656 351
1615472830106 0.8616137637541844 352
1615472903466 0.807226044994037 353
1615472976868 0.8496183391629917 354
1615473050421 0.8481635744373004 355
1615473123942 0.838079968142131 356
1615473197222 0.792442469188245 357
1615473270688 0.8127112759938163 358
1615473343733 0.8437808526143658 359
1615473416958 0.8134606590028852 360
1615473490017 0.8355894178329479 361
1615473563142 0.8567004569115177 362
1615473636201 0.8174109538159673 363
1615473709303 0.8310488548595458 364
1615473782188 0.8552306075580418 365
1615473855293 0.8631341475106421 366
1615473928286 0.8358476979192346 367
1615474001208 0.8486543030279582 368
1615474074098 0.8255514857019224 369
1615474147128 0.8400393731426448 370
1615474220802 0.8653804364185484 371
1615474294037 0.824331657946459 372
1615474367398 0.8370947244148406 373
1615474440821 0.8532927948390208 374
1615474513839 0.8552463437345895 375
1615474587026 0.8179562548891857 376
1615474660104 0.8444164456829192 377
1615474733232 0.8564738466189458 378
1615474806390 0.8581249210983515 379
1615474879603 0.8545737323852686 380
1615474952920 0.7957437848214244 381
1615475025797 0.8544269435680829 382
1615475098512 0.8447528504766524 383
1615475171684 0.8183402784052305 384
1615475245015 0.8130589906546858 385
1615475318228 0.8290296253703889 386
1615475391633 0.841384414738665 387
1615475464939 0.8507588140426143 388
1615475537876 0.8331064650645623 389
1615475611016 0.8455532319617994 390
1615475683920 0.8573262270480867 391
1615475756790 0.816258463831175 392
1615475830164 0.790063533000648 393
1615475903394 0.7939694866035429 394
1615475976446 0.7927965966841349 395
1615476049818 0.8334609044508802 396
1615476123183 0.8526560073774873 397
1615476196409 0.8697820703484236 398
1615476269309 0.8021758337563369 399
1615476342431 0.81193764673339 400
1615476415589 0.8396998768439516 401
1615476488866 0.8422470622337781 402
1615476561862 0.8518106477466294 403
1615476634855 0.8439597205983268 404
1615476708011 0.816261813608986 405
1615476780864 0.844461161094988 406
1615476853757 0.8601318640777698 407
1615476926646 0.8360778538007585 408
1615476999644 0.8379838097625627 409
1615477072719 0.8400274037849158 410
1615477145671 0.8290423280189908 411
1615477218594 0.8284136097495174 412
1615477291341 0.8518122468263872 413
1615477364250 0.8190845370409079 414
1615477437453 0.8250395886134356 415
1615477510600 0.8379188010804965 416
1615477583528 0.8440906442128695 417
1615477656708 0.8349878746835936 418
1615477729575 0.8226230372748677 419
1615477802400 0.8033119677565992 420
1615477875218 0.8424158817337405 421
1615477948253 0.8352188087171979 422
1615478021342 0.821274787307747 423
1615478094343 0.8771536696702242 424
1615478167467 0.8113035175483674 425
1615478240728 0.8681914797196022 426
1615478314149 0.8577830201247707 427
1615478387363 0.844235019525513 428
1615478460415 0.8595931397544013 429
1615478533723 0.8004197783527836 430
1615478606988 0.828231928149058 431
1615478680190 0.7943744684641177 432
1615478753024 0.8180547764059156 433
1615478826927 0.8378480497922283 434
1615478900287 0.842932150233537 435
1615478973334 0.8399343932609237 436
1615479046495 0.8706956203021701 437
1615479119718 0.8600853842993578 438
1615479192934 0.8520112668629736 439
1615479266217 0.7982296532619808 440
1615479339402 0.8318184034362661 441
1615479412663 0.826898201396971 442
1615479485769 0.8371170304017141 443
1615479559142 0.7865660880943612 444
1615479632307 0.8490053531863997 445
1615479705176 0.8304501758944808 446
1615479778944 0.8108391326386482 447
1615479852503 0.8313063534151297 448
1615479926102 0.8328813222192583 449
1615479999649 0.8650257152415091 450
1615480072650 0.8209335162274299 451
1615480145846 0.7915407424171765 452
1615480218735 0.8474797408968683 453
1615480291875 0.856247890391387 454
1615480364821 0.8256044792277473 455
1615480438021 0.8389118894361532 456
1615480511039 0.8151368101938598 457
1615480584161 0.8429477175302578 458
1615480657243 0.84242922397422 459
1615480730609 0.7844808372167441 460
1615480803770 0.8579653485249432 461
1615480877019 0.8421203559264541 462
1615480950916 0.8496663856750993 463
1615481024532 0.8691554959003742 464
1615481098102 0.8394366166894398 465
1615481171602 0.8217422692687251 466
1615481244896 0.8665543565383325 467
1615481318481 0.7836174596644317 468
1615481392050 0.8266149640548974 469
1615481465434 0.8438174019177114 470
1615481538550 0.8482036049244925 471
1615481611600 0.8124009892344475 472
1615481684668 0.8453808125228651 473
1615481757912 0.8505723594327367 474
1615481831327 0.8331701565711271 475
1615481904746 0.8442264406010509 476
1615481978659 0.86349237962411 477
1615482052015 0.8450379630085081 478
1615482125213 0.8601002664793105 479
1615482198753 0.8051351208480135 480
1615482271778 0.8233420709606076 481
1615482344966 0.8483027674514672 482
1615482417935 0.8347925683196921 483
1615482490999 0.8232294274937539 484
1615482564215 0.8404980419260083 485
1615482637192 0.8361200700429353 486
1615482710443 0.8557231243522394 487
1615482783786 0.8565734627155157 488
1615482856851 0.86566551954722 489
1615482929826 0.8471439604440497 490
1615483002904 0.8289595253299922 491
1615483075852 0.8347856509880941 492
1615483148895 0.835248483986151 493
1615483221889 0.8376070650354508 494
1615483295307 0.8368787530696753 495
1615483368410 0.8451403947403797 496
1615483441825 0.8687229851881663 497
1615483514934 0.8434143474986476 498
1615483587941 0.8093112902565589 499
