1615446835027 0.43262636127756604 0
1615446910784 0.29040607320728584 1
1615446985717 0.303572583554396 2
1615447060939 0.27126872272633795 3
1615447136403 0.27624189942630367 4
1615447211720 0.3149449478334455 5
1615447287479 0.3097937827679648 6
1615447362673 0.21030307616760482 7
1615447438231 0.29376638202524896 8
1615447513873 0.23255433876123002 9
1615447589129 0.27753713771478455 10
1615447664036 0.2533991238964138 11
1615447738344 0.20159756069752707 12
1615447813932 0.23257584625215671 13
1615447888686 0.22237158622314682 14
1615447963291 0.26610995139648663 15
1615448038015 0.2878402089005086 16
1615448113691 0.2278156111489481 17
1615448188239 0.23714718445023494 18
1615448263272 0.2592150124151315 19
1615448338135 0.2314103032225993 20
1615448413632 0.2620528349235876 21
1615448488441 0.2142290793248077 22
1615448563468 0.20836498844089793 23
1615448638231 0.23652429545103615 24
1615448713057 0.20165653904872155 25
1615448787905 0.18516263321264467 26
1615448863225 0.21072907323267923 27
1615448938135 0.20950571191844655 28
1615449012815 0.20793466870464497 29
1615449088125 0.23339800692316312 30
1615449162686 0.20102259828083552 31
1615449237307 0.20514827610841438 32
1615449312294 0.2600185008191351 33
1615449387065 0.27424372665917696 34
1615449461208 0.27389818252022585 35
1615449536323 0.19091390851718276 36
1615449611819 0.23728103780034762 37
1615449686365 0.2145586138340964 38
1615449761102 0.2124724503773362 39
1615449836062 0.21677482750878405 40
1615449911167 0.20701979078463653 41
1615449985885 0.2147983250333302 42
1615450060713 0.16543686211998784 43
1615450135558 0.23668370762867713 44
1615450210369 0.1792960006799271 45
1615450284809 0.1797686317073765 46
1615450359798 0.21655247994323276 47
1615450434749 0.20321340970139004 48
1615450509429 0.1783360020438237 49
1615450583844 0.16243831079397628 50
1615450658071 0.145734602835641 51
1615450732577 0.20008380021621933 52
1615450806970 0.20144001405630538 53
1615450882416 0.1924086497790778 54
1615450956738 0.20159148280300312 55
1615451031173 0.218865810935177 56
1615451105436 0.2122721289520833 57
1615451179735 0.1747217614259293 58
1615451254479 0.18767102885602124 59
1615451329068 0.2028552756380679 60
1615451403236 0.2112322449684143 61
1615451477506 0.18748412025508596 62
1615451551783 0.20327166212138845 63
1615451626407 0.1939126546703168 64
1615451701372 0.15923818189706376 65
1615451776550 0.16528719663619995 66
1615451851149 0.19881856441497803 67
1615451925746 0.1763683628680101 68
1615452000696 0.2133028854185076 69
1615452075624 0.2052361484783799 70
1615452150094 0.18200893099628276 71
1615452224645 0.20679021860236552 72
1615452299145 0.2236918904888096 73
1615452373720 0.1984373927116394 74
1615452447869 0.1893368710332842 75
1615452521938 0.18070899461632345 76
1615452596735 0.21646772658646996 77
1615452671205 0.17386648904031782 78
1615452745848 0.17674394863754955 79
1615452820938 0.20688038174785786 80
1615452895699 0.1994069690134988 81
1615452970524 0.2196242666956204 82
1615453045219 0.1709842379413434 83
1615453119058 0.21582446525345989 84
1615453193303 0.18791424961232428 85
1615453267749 0.20316591013723345 86
1615453342612 0.20273623448699268 87
1615453417290 0.19141029688849379 88
1615453491476 0.1983756912288381 89
1615453566003 0.22389221102444093 90
1615453640396 0.185521780554928 91
1615453714951 0.13783496618270874 92
1615453789188 0.18742394803175286 93
1615453864453 0.18908861501893 94
1615453938998 0.16603072454680257 95
1615454013451 0.19883803823100987 96
1615454087428 0.1869982294182279 97
1615454162145 0.18844970126650226 98
1615454236344 0.18486664455328414 99
1615454311101 0.24822748952837131 100
1615454385763 0.18974715560229857 101
1615454460041 0.19356716568790264 102
1615454534643 0.20718892652597 103
1615454609291 0.17666564325788128 104
1615454683707 0.18001282570967034 105
1615454758396 0.16538207833446675 106
1615454832978 0.1809368275884372 107
1615454907285 0.1905140423063022 108
1615454981644 0.18499489951489576 109
1615455056075 0.20914507179117914 110
1615455130776 0.15663512429194665 111
1615455205193 0.16172169749416523 112
1615455279250 0.2048402873437796 113
1615455353591 0.18850293088315137 114
1615455427898 0.20161084185785322 115
1615455502383 0.16053926144073258 116
1615455576660 0.15960574416971918 117
1615455651026 0.14575222712844166 118
1615455725583 0.16469755902219174 119
1615455800224 0.16585675460189137 120
1615455874650 0.16293482638117093 121
1615455949359 0.16210814732224194 122
1615456023464 0.1750933136512984 123
1615456098155 0.13544695235010404 124
1615456172522 0.1727975064249181 125
1615456246898 0.19307536064688838 126
1615456321160 0.17193730998395093 127
1615456395268 0.14973568382547864 128
1615456469975 0.17257924044310158 129
1615456544569 0.1662361879846943 130
1615456619261 0.21233866374884078 131
1615456693876 0.20003500714230893 132
1615456767837 0.1618764711849725 133
1615456842110 0.1764935014852837 134
1615456916708 0.164171723287497 135
1615456990755 0.17776972233359492 136
1615457064075 0.16817014341923728 137
1615457138237 0.15361743898534064 138
1615457212281 0.1443860593126781 139
1615457286552 0.16863231783482566 140
1615457360879 0.13807777682347083 141
1615457436117 0.17495369199496597 142
1615457511090 0.16873055518563115 143
1615457585663 0.13279702681214062 144
1615457659750 0.18082756871607766 145
1615457734009 0.1724141640449638 146
1615457807867 0.1885872412083754 147
1615457881954 0.2089584247389836 148
1615457956162 0.18614967367542323 149
1615458030703 0.17405902182877953 150
1615458103761 0.1811269050213828 151
1615458176574 0.1455083436040736 152
1615458249494 0.17701247023112737 153
1615458322381 0.18171413798830402 154
1615458395699 0.13125502529428967 155
1615458468428 0.15272245122425593 156
1615458541561 0.1872429803236207 157
1615458614777 0.160743444713194 158
1615458688113 0.1625753249695052 159
1615458761396 0.13326663312627307 160
1615458834966 0.1357316072307416 161
1615458908225 0.15444384137196326 162
1615458981910 0.199122910179309 163
1615459054987 0.17531613627476478 164
1615459128426 0.17114217156794534 165
1615459201280 0.14459038759345438 166
1615459275237 0.16547273788879166 167
1615459348553 0.15454815127956334 168
1615459421779 0.144386706067555 169
1615459495075 0.1719938374277371 170
1615459568083 0.19720679432598512 171
1615459641293 0.22296614166515977 172
1615459714857 0.18446635933064703 173
1615459788649 0.1537029992288618 174
1615459861696 0.1559635222847782 175
1615459934583 0.1844904316005422 176
1615460007954 0.1694727646770762 177
1615460081543 0.14914860921119577 178
1615460154914 0.15795513943060122 179
1615460228384 0.18242181059139878 180
1615460302028 0.15220339351625584 181
1615460375278 0.14113834811680354 182
1615460448405 0.16742582196619973 183
1615460521720 0.1719529459725565 184
1615460594675 0.19756676456821498 185
1615460668629 0.15773276784526769 186
1615460741813 0.17789196256381362 187
1615460815304 0.16761066575548542 188
1615460888526 0.16577951054074871 189
1615460961737 0.15549523972753268 190
1615461034950 0.14685015980877095 191
1615461108129 0.17239483167876057 192
1615461180790 0.16894403945154218 193
1615461253798 0.1534941009621122 194
1615461326637 0.17273308358975312 195
1615461399524 0.14503111768124707 196
1615461472274 0.11953235206319325 197
1615461545178 0.17424316815475918 198
1615461618680 0.1539208088348161 199
1615461693181 0.16477957768226736 200
1615461766405 0.1230162097446954 201
1615461839641 0.1548565875238447 202
1615461912793 0.11657522863416529 203
1615461985756 0.16439504320941753 204
1615462058998 0.1338979486209243 205
1615462132073 0.15641460311946584 206
1615462205176 0.15958686817937823 207
1615462278183 0.15341611406696376 208
1615462351356 0.14699860562139483 209
1615462424529 0.1585195037856031 210
1615462497821 0.15771707225201734 211
1615462571383 0.16889319491030566 212
1615462644465 0.15622082041270696 213
1615462717585 0.1751763829544409 214
1615462790582 0.15526227274937415 215
1615462863682 0.16071512716919628 216
1615462936858 0.1374728368289435 217
1615463009768 0.12346865436924037 218
1615463083302 0.1518207005600431 219
1615463156347 0.17165965286653434 220
1615463229155 0.22330718342937642 221
1615463302410 0.24060081634948502 222
1615463375552 0.16070265289562852 223
1615463449151 0.1404300554474788 224
1615463522367 0.1427715136044061 225
1615463596321 0.19963358231444858 226
1615463669352 0.16699906516430982 227
1615463742251 0.14237593270059842 228
1615463815096 0.15307116864332512 229
1615463888681 0.14791142317786146 230
1615463961832 0.1699995825539774 231
1615464035636 0.17561492457318661 232
1615464109259 0.16918390455530652 233
1615464182788 0.19165012284890928 234
1615464255510 0.2541983127593994 235
1615464329154 0.17700534347277969 236
1615464402770 0.16868683384425603 237
1615464476320 0.1396266835839001 238
1615464549742 0.1736806942455804 239
1615464623297 0.16506429038830658 240
1615464696526 0.1624253748068169 241
1615464769507 0.14605841796789595 242
1615464842508 0.14541679175932015 243
1615464915975 0.15180912836274105 244
1615464989282 0.16964897646832822 245
1615465062486 0.14685618254675795 246
1615465135770 0.14012549261548626 247
1615465208708 0.17270042202365932 248
1615465282188 0.12714203613907543 249
1615465355536 0.18780965413620224 250
1615465428810 0.1525699158213032 251
1615465501901 0.1572197186413096 252
1615465574608 0.16556036828169182 253
1615465647498 0.14282950714452944 254
1615465720473 0.15716220638645229 255
1615465793546 0.17303244480446203 256
1615465866533 0.15133400906377764 257
1615465939416 0.18351680040359497 258
1615466012957 0.1476004862073642 259
1615466086313 0.12470031407342028 260
1615466159480 0.17936980813296874 261
1615466232956 0.1855577141491335 262
1615466305922 0.17681644300916302 263
1615466378830 0.15158321697320512 264
1615466452018 0.15485740775492654 265
1615466525386 0.17731497536844282 266
1615466598801 0.1476056219926521 267
1615466672119 0.17016593022132986 268
1615466744868 0.16784955761325893 269
1615466818309 0.16194480568615358 270
1615466891214 0.1434104140125104 271
1615466964594 0.15934105239697358 272
1615467037749 0.15781781121866026 273
1615467111198 0.1625673183754309 274
1615467184403 0.12538498373173956 275
1615467257568 0.2024642335834788 276
1615467330717 0.15025389016564214 277
1615467403695 0.15732315671977712 278
1615467476775 0.14248121407494616 279
1615467549868 0.15224600283067619 280
1615467623200 0.12378946969758219 281
1615467696389 0.15732919013322288 282
1615467769548 0.14293680440134077 283
1615467842686 0.14318074841997516 284
1615467915782 0.17044806391445558 285
1615467988943 0.15972439655617102 286
1615468062001 0.1443885226747883 287
1615468134898 0.15650937539428028 288
1615468207507 0.13837737734638042 289
1615468280361 0.15965811797042392 290
1615468353168 0.12927915356052455 291
1615468425955 0.1833679729433202 292
1615468498881 0.17565493085491124 293
1615468571806 0.1333675224389603 294
1615468645195 0.1451284102539518 295
1615468718212 0.13741121096397513 296
1615468791474 0.15868036337752842 297
1615468864399 0.1500614685798759 298
1615468937532 0.1258167962529766 299
1615469010811 0.14932716515526842 300
1615469083600 0.13505527955382618 301
1615469156672 0.1647932057950034 302
1615469229497 0.17377305653557848 303
1615469302517 0.14287321247271637 304
1615469376601 0.13466242089200375 305
1615469450110 0.18145990994439196 306
1615469523244 0.1440852515733064 307
1615469596362 0.17509546386661815 308
1615469670541 0.14353289355092974 309
1615469744731 0.1437960800839894 310
1615469818573 0.13998253932639734 311
1615469892347 0.16190283156152982 312
1615469965915 0.15079826739296984 313
1615470038911 0.15782967877032153 314
1615470112432 0.14512934079810755 315
1615470185792 0.18394580438955507 316
1615470259149 0.15790293554761517 317
1615470332718 0.13615358053748286 318
1615470405829 0.1470922116023391 319
1615470478917 0.11938113152091183 320
1615470552053 0.15487650170255063 321
1615470625372 0.14875008632887654 322
1615470698523 0.11213468882574965 323
1615470771640 0.12958393434980023 324
1615470844477 0.20109268088838947 325
1615470917478 0.18638572408192194 326
1615470990884 0.15380910884088544 327
1615471063906 0.1278382014872423 328
1615471136842 0.1677710369451722 329
1615471210050 0.15556518711260894 330
1615471283214 0.16899770587237914 331
1615471356644 0.15249269044221336 332
1615471429896 0.16951945735447443 333
1615471502689 0.1775144658871551 334
1615471575322 0.16356494889330508 335
1615471648493 0.14547339304169613 336
1615471721685 0.16635965144456322 337
1615471794808 0.16271881559001866 338
1615471868154 0.13952543397447956 339
1615471941907 0.14088821322170655 340
1615472015073 0.16656387741885967 341
1615472087587 0.14271734632662872 342
1615472160643 0.20443532715982465 343
1615472233774 0.17350534627686687 344
1615472306784 0.17846809127437535 345
1615472380759 0.16698996166684735 346
1615472454202 0.16667569306359362 347
1615472536828 0.1432737877119833 348
1615472610195 0.14393943459240358 349
1615472683539 0.1578885485876852 350
1615472756803 0.14997990540604092 351
1615472830101 0.1210470982451937 352
1615472903461 0.15598177376078137 353
1615472976863 0.12294449557119341 354
1615473050416 0.1252250742556444 355
1615473123937 0.14035089425186612 356
1615473197220 0.18507917781374347 357
1615473270685 0.16124488613498744 358
1615473343728 0.1383750990255555 359
1615473416952 0.16070413055704602 360
1615473490012 0.14155474082747502 361
1615473563137 0.11772672098074387 362
1615473636199 0.162053428479095 363
1615473709300 0.15109415819395833 364
1615473782185 0.127327610307665 365
1615473855290 0.11245228817213827 366
1615473928281 0.14176582845289315 367
1615474001203 0.12155297798896904 368
1615474074093 0.14962203911880947 369
1615474147125 0.13930067464486875 370
1615474220799 0.11603737589138657 371
1615474294032 0.1546217247621337 372
1615474367393 0.13792154148443422 373
1615474440816 0.1282443003867989 374
1615474513834 0.1278578603445594 375
1615474587022 0.16548507516063862 376
1615474660099 0.13226940382772417 377
1615474733227 0.12387474259333824 378
1615474806387 0.12087272085360627 379
1615474879598 0.12993231015418893 380
1615474952918 0.17508697776652093 381
1615475025794 0.12919384596952752 382
1615475098507 0.13694036540700427 383
1615475171682 0.16104022513574628 384
1615475245013 0.1569266274793824 385
1615475318223 0.14965556717630643 386
1615475391628 0.13241715840439297 387
1615475464933 0.12375675564381614 388
1615475537871 0.14707263014209804 389
1615475611011 0.13729058539689476 390
1615475683918 0.12395304085603401 391
1615475756788 0.15872862712660832 392
1615475830159 0.18207195356710634 393
1615475903392 0.1819438195940274 394
1615475976444 0.18631834859278665 395
1615476049812 0.14188238755980534 396
1615476123180 0.13324152622649918 397
1615476196404 0.11072577558346648 398
1615476269304 0.17897827589689796 399
1615476342427 0.1677578260649496 400
1615476415587 0.14081716982286369 401
1615476488861 0.1426462869145977 402
1615476561859 0.12732602856052455 403
1615476634849 0.13278571616357832 404
1615476708009 0.1676821246075986 405
1615476780858 0.13134210679068495 406
1615476853755 0.12059250251570744 407
1615476926641 0.14233340434174038 408
1615476999641 0.1453328248280198 409
1615477072714 0.13868537678647397 410
1615477145669 0.14593999154532133 411
1615477218590 0.1478397917391649 412
1615477291339 0.12442881758533307 413
1615477364244 0.16078666341838552 414
1615477437448 0.15614438590718738 415
1615477510595 0.1370257352715108 416
1615477583523 0.13930382390520465 417
1615477656703 0.14342146489157606 418
1615477729570 0.15584991049410693 419
1615477802398 0.17128853210762365 420
1615477875216 0.12951841639049017 421
1615477948251 0.14102470696862066 422
1615478021337 0.15091068531150248 423
1615478094340 0.10024545085963918 424
1615478167461 0.16663283376551385 425
1615478240723 0.11801380096976437 426
1615478314144 0.12030092371043874 427
1615478387359 0.13557849980112333 428
1615478460410 0.12063491166527592 429
1615478533718 0.1748591928339716 430
1615478606985 0.14636591121331968 431
1615478680184 0.18916227568441363 432
1615478753021 0.16087382764958624 433
1615478826916 0.14616556487866303 434
1615478900285 0.13989602007083038 435
1615478973331 0.135807746381902 436
1615479046490 0.11156344591681637 437
1615479119713 0.110600024906557 438
1615479192928 0.12706820466625157 439
1615479266212 0.16334460297627235 440
1615479339399 0.15140034903341265 441
1615479412658 0.159941476672443 442
1615479485764 0.1420683602788555 443
1615479559137 0.1893185839724185 444
1615479632302 0.1253149651769382 445
1615479705171 0.15149744766861645 446
1615479778939 0.1642054541787105 447
1615479852498 0.1511493040554559 448
1615479926097 0.1435290228075056 449
1615479999643 0.1119447919859815 450
1615480072645 0.15211369475321984 451
1615480145841 0.1738211138924556 452
1615480218730 0.13125768348352232 453
1615480291873 0.1246643511217032 454
1615480364819 0.15452301324303472 455
1615480438016 0.1458478890248199 456
1615480511036 0.1586027154281958 457
1615480584159 0.13923061071936763 458
1615480657238 0.12798751112240464 459
1615480730604 0.19542234958107793 460
1615480803764 0.11752539873123169 461
1615480877014 0.14015054524834478 462
1615480950911 0.13839272064949149 463
1615481024529 0.1124387961715015 464
1615481098097 0.13857943531292588 465
1615481171596 0.15951990814351324 466
1615481244891 0.11810416961783793 467
1615481318476 0.20035048029316005 468
1615481392045 0.15210876269127005 469
1615481465428 0.1326527782340548 470
1615481538544 0.12865729029498882 471
1615481611595 0.16698531784228424 472
1615481684663 0.12989807929565658 473
1615481757907 0.12512617947450325 474
1615481831325 0.14249739807043502 475
1615481904744 0.13785653238865866 476
1615481978654 0.12428324525036029 477
1615482052010 0.13381462844450082 478
1615482125207 0.12112707611340195 479
1615482198751 0.16824337350788401 480
1615482271773 0.14822232990122552 481
1615482344963 0.11785803357167031 482
1615482417933 0.1526845915993648 483
1615482490994 0.15335826731439847 484
1615482564210 0.14231856189556977 485
1615482637187 0.14610518804237024 486
1615482710438 0.1207033466936937 487
1615482783784 0.12428744426414148 488
1615482856846 0.11577245014816967 489
1615482929823 0.1297721195576796 490
1615483002902 0.15027961446278132 491
1615483075849 0.13832774091122754 492
1615483148892 0.13535925167710033 493
1615483221884 0.13634567741137832 494
1615483295302 0.14858427243446237 495
1615483368405 0.1397311945459736 496
1615483441820 0.11759807992337355 497
1615483514931 0.13217552651220293 498
1615483587938 0.16522727350690472 499
