1615446835038 22.536161148145734 0
1615446910788 17.312992797466087 1
1615446985721 17.865523953176563 2
1615447060942 16.15710453139529 3
1615447136408 13.948716382316224 4
1615447211725 17.632150906456797 5
1615447287483 17.056960017467656 6
1615447362678 12.78788072869407 7
1615447438235 13.963705146213458 8
1615447513878 13.380713283733249 9
1615447589133 13.791963641338922 10
1615447664040 14.333475019424949 11
1615447738348 10.364389274109472 12
1615447813936 12.896944375207502 13
1615447888691 11.859256919797197 14
1615447963295 16.115823399326278 15
1615448038020 14.116157110038335 16
1615448113695 12.914733337246146 17
1615448188243 11.73093529666142 18
1615448263276 10.6043016438226 19
1615448338140 11.891329340188488 20
1615448413636 12.784376525381989 21
1615448488445 11.713597299032092 22
1615448563472 10.063443460747445 23
1615448638235 inf 24
1615448713062 10.500633199280754 25
1615448787909 11.479438380691155 26
1615448863230 10.499295171554529 27
1615448938139 10.780286449203828 28
1615449012819 11.700298583808216 29
1615449088129 13.085292233437603 30
1615449162690 10.349420102181453 31
1615449237311 11.586544412176615 32
1615449312299 13.30429046389563 33
1615449387070 11.946223323136584 34
1615449461213 13.400117419187806 35
1615449536328 12.543037102221005 36
1615449611824 12.508000007698929 37
1615449686369 11.280218670031394 38
1615449761106 12.159175781968262 39
1615449836066 10.192774460486035 40
1615449911172 11.707408646299697 41
1615449985888 11.19959333091021 42
1615450060718 9.808514646447684 43
1615450135563 10.75024353578475 44
1615450210374 9.853573085752549 45
1615450284814 9.946933674275908 46
1615450359802 9.959615265723604 47
1615450434754 11.02569003748376 48
1615450509434 9.288858436208821 49
1615450583848 9.961135696114521 50
1615450658075 9.538467071919184 51
1615450732581 10.216053927075713 52
1615450806974 10.173140584002187 53
1615450882420 inf 54
1615450956742 11.98911705156254 55
1615451031179 10.460493080896935 56
1615451105440 11.831406512094626 57
1615451179740 9.547309862981201 58
1615451254483 9.622673864081825 59
1615451329072 10.537245210877098 60
1615451403241 9.093055173355506 61
1615451477511 11.120139336403577 62
1615451551788 12.148327768266158 63
1615451626411 12.14602858784356 64
1615451701376 9.852970852035488 65
1615451776554 9.539995603447721 66
1615451851153 12.466934176619084 67
1615451925751 9.324901662632454 68
1615452000701 9.171831080070548 69
1615452075628 11.08649630706757 70
1615452150098 9.737080359791214 71
1615452224650 11.813621740091119 72
1615452299149 10.689524850324613 73
1615452373725 10.44322588700746 74
1615452447874 11.8551739383018 75
1615452521942 9.51608968400465 76
1615452596739 9.932367107410895 77
1615452671209 10.204621873378562 78
1615452745853 9.011048456393945 79
1615452820943 11.37048740192166 80
1615452895703 12.361893437099358 81
1615452970529 10.268423525383628 82
1615453045223 10.748972276996634 83
1615453119062 11.525464662910249 84
1615453193307 9.707369630227829 85
1615453267752 10.3000188355412 86
1615453342617 11.534886298171017 87
1615453417295 9.044482450262421 88
1615453491480 9.344589001707073 89
1615453566007 10.526533522159331 90
1615453640401 9.061252410108153 91
1615453714956 9.070981749852296 92
1615453789192 9.916685707500008 93
1615453864458 10.708484441386634 94
1615453939002 8.892852628771278 95
1615454013455 10.098844675388426 96
1615454087432 9.822292391034548 97
1615454162149 10.519788840017693 98
1615454236348 9.661338899739974 99
1615454311105 10.377154120809001 100
1615454385767 10.306205590747837 101
1615454460045 9.063542067392762 102
1615454534647 9.489774084482384 103
1615454609295 inf 104
1615454683711 8.76271495984839 105
1615454758401 8.919204241084989 106
1615454832982 9.001144623957565 107
1615454907290 10.252110502127284 108
1615454981648 8.951335728703604 109
1615455056080 11.652846331864753 110
1615455130780 10.4794354461359 111
1615455205198 8.98055692763525 112
1615455279254 9.911940458268079 113
1615455353596 10.844092016887393 114
1615455427903 inf 115
1615455502387 8.975366456509263 116
1615455576664 inf 117
1615455651031 inf 118
1615455725588 9.166102297704015 119
1615455800228 10.329293881273326 120
1615455874655 9.826053580207637 121
1615455949364 10.689434869154093 122
1615456023469 9.045772584360313 123
1615456098160 8.209032662291527 124
1615456172526 8.524324256347779 125
1615456246903 8.96030442124544 126
1615456321165 9.199581453980139 127
1615456395273 9.650333145606627 128
1615456469980 10.689551947557183 129
1615456544574 10.234939050463806 130
1615456619266 10.711170807336995 131
1615456693881 10.065333381558048 132
1615456767842 9.733297362879593 133
1615456842115 9.71003607530227 134
1615456916713 10.216781861551073 135
1615456990760 9.013821411443077 136
1615457064080 10.017980973817082 137
1615457138241 8.619984600443207 138
1615457212285 9.714579612931884 139
1615457286556 9.783315833418918 140
1615457360884 10.50811609319243 141
1615457436121 9.567608405518554 142
1615457511095 9.504201887952327 143
1615457585668 8.003645484034559 144
1615457659755 8.708247296411383 145
1615457734013 9.07073045818668 146
1615457807871 9.37541866036374 147
1615457881959 11.248999117866246 148
1615457956167 10.148274765449985 149
1615458030707 9.920575576982767 150
1615458103767 9.068491135775698 151
1615458176581 8.286816376050762 152
1615458249501 9.483555462657014 153
1615458322388 9.320131893283142 154
1615458395703 8.837570800626265 155
1615458468436 8.171683990715378 156
1615458541568 9.245605911803986 157
1615458614781 8.985245724868879 158
1615458688121 9.47150847690393 159
1615458761401 8.488028240157096 160
1615458834970 7.94053819611691 161
1615458908230 8.86260220693994 162
1615458981919 11.316665282713938 163
1615459054991 9.264215147985684 164
1615459128431 9.99505659354117 165
1615459201285 8.835676451493637 166
1615459275244 10.975835112003006 167
1615459348560 8.232874749891305 168
1615459421786 8.262907609838312 169
1615459495082 9.42089453236401 170
1615459568091 11.432765519563034 171
1615459641300 9.227553460841618 172
1615459714862 10.797782312592087 173
1615459788653 8.793244016567055 174
1615459861700 8.748819631567661 175
1615459934591 9.276614824205325 176
1615460007961 9.601073950865874 177
1615460081550 8.199178824177917 178
1615460154921 8.09115377903184 179
1615460228392 8.900706307908603 180
1615460302032 8.973103941981407 181
1615460375285 8.517621596441554 182
1615460448412 8.362773369354244 183
1615460521727 8.437685072261136 184
1615460594681 inf 185
1615460668636 8.569506507090859 186
1615460741820 8.899046923049667 187
1615460815311 9.098453094145782 188
1615460888534 8.452908507234016 189
1615460961743 8.919748322908614 190
1615461034955 8.693004869710302 191
1615461108136 9.329946058932816 192
1615461180797 9.911759840572639 193
1615461253805 8.308801680248571 194
1615461326641 7.769040730081521 195
1615461399527 8.1736223206856 196
1615461472281 8.369932212665118 197
1615461545185 inf 198
1615461618687 9.525190728255168 199
1615461693186 10.43514927301232 200
1615461766409 8.400730546308072 201
1615461839648 9.070491419453333 202
1615461912800 7.623598336069391 203
1615461985763 8.036754458010797 204
1615462059003 7.9684896444963815 205
1615462132080 8.3727417069327 206
1615462205183 8.379289529776905 207
1615462278190 8.512679671088291 208
1615462351363 8.55197441518239 209
1615462424533 8.292865500073649 210
1615462497828 7.812224058249943 211
1615462571391 8.653771082904205 212
1615462644472 9.730852288298582 213
1615462717592 inf 214
1615462790588 8.190431452708543 215
1615462863686 inf 216
1615462936865 9.283691801053607 217
1615463009776 8.011867601369504 218
1615463083309 7.507366144607773 219
1615463156354 9.524925465449998 220
1615463229160 9.648036034445246 221
1615463302417 10.396870165996768 222
1615463375559 8.941533126328771 223
1615463449158 7.604954829266905 224
1615463522375 8.779772440196584 225
1615463596329 10.000196989692173 226
1615463669359 9.1979726408917 227
1615463742259 9.009728991170592 228
1615463815103 8.19945708169359 229
1615463888688 8.325827936787045 230
1615463961839 8.745170543384551 231
1615464035643 9.814011143895057 232
1615464109266 9.585160820675608 233
1615464182793 10.441383053093015 234
1615464255515 inf 235
1615464329161 10.58975481945408 236
1615464402774 9.461739285269383 237
1615464476327 10.309643521810067 238
1615464549747 9.134349970245195 239
1615464623304 8.568086681286537 240
1615464696531 9.263979073659922 241
1615464769514 8.953785563467802 242
1615464842515 7.194975336542982 243
1615464915983 10.564452410699266 244
1615464989289 9.34600347290988 245
1615465062491 8.609626819047545 246
1615465135777 7.839250125254457 247
1615465208715 9.055280855194214 248
1615465282196 7.974272248240507 249
1615465355544 8.007272524270794 250
1615465428817 9.421827641598727 251
1615465501908 8.563963332502475 252
1615465574616 6.997631618000977 253
1615465647503 6.974965790727056 254
1615465720480 7.997782802786446 255
1615465793554 8.623119520848212 256
1615465866541 8.115816734549243 257
1615465939423 inf 258
1615466012964 inf 259
1615466086320 8.538185688989492 260
1615466159487 8.220458477954343 261
1615466232963 9.580743276489098 262
1615466305930 9.26694488399964 263
1615466378838 8.579644118711776 264
1615466452025 8.496783731968412 265
1615466525393 inf 266
1615466598808 9.116463088330168 267
1615466672127 9.072716120758846 268
1615466744875 9.2512939388842 269
1615466818316 8.969369892072898 270
1615466891221 8.136865113509158 271
1615466964601 8.674099485441088 272
1615467037753 8.436658853943587 273
1615467111206 8.459304885884013 274
1615467184410 7.700423281247304 275
1615467257575 9.029413930416588 276
1615467330725 7.8777464414287515 277
1615467403700 8.897619574260538 278
1615467476782 8.496955597155424 279
1615467549880 8.2238154210989 280
1615467623207 8.255782354444898 281
1615467696395 7.990254648501505 282
1615467769556 8.978062921242632 283
1615467842691 8.949136673981512 284
1615467915790 7.08124865657464 285
1615467988951 8.331619570948478 286
1615468062008 8.016366282755587 287
1615468134905 7.792935683337346 288
1615468207515 7.553553271478156 289
1615468280365 8.101080862733209 290
1615468353176 8.397968891365664 291
1615468425962 8.419647704038855 292
1615468498889 8.143425798503214 293
1615468571813 inf 294
1615468645202 7.418856666578588 295
1615468718217 8.598687745542168 296
1615468791481 8.775006568162247 297
1615468864404 7.310725178624724 298
1615468937539 7.698320087347649 299
1615469010818 6.869020166102715 300
1615469083607 8.205239529284894 301
1615469156677 8.763158766201236 302
1615469229501 inf 303
1615469302524 8.202979474174265 304
1615469376609 8.049904830998734 305
1615469450117 8.93219959166544 306
1615469523249 7.667084747481965 307
1615469596369 inf 308
1615469670548 8.368971174804466 309
1615469744739 7.80098427940419 310
1615469818577 8.388035002675313 311
1615469892355 9.168892930719355 312
1615469965923 8.190291884127666 313
1615470038918 7.32178389391383 314
1615470112439 7.7530043834905005 315
1615470185799 inf 316
1615470259156 7.766385808682148 317
1615470332725 7.7494066383436335 318
1615470405836 7.077304695716759 319
1615470478922 7.844334568179716 320
1615470552060 8.311660062080575 321
1615470625379 7.943713332554653 322
1615470698530 6.980972394076543 323
1615470771643 7.391893775378633 324
1615470844484 8.555390964012286 325
1615470917485 9.569330709224985 326
1615470990891 8.292747306072158 327
1615471063914 8.438673675455592 328
1615471136849 7.740418607611685 329
1615471210058 8.007621066197954 330
1615471283221 7.550815679240917 331
1615471356652 8.111793589516664 332
1615471429900 9.935202224778246 333
1615471502696 inf 334
1615471575327 inf 335
1615471648500 8.3711943632359 336
1615471721693 inf 337
1615471794815 7.658966993409354 338
1615471868162 7.624523484596583 339
1615471941914 inf 340
1615472015078 8.37715054496673 341
1615472087594 7.840838715207114 342
1615472160650 11.390573402172294 343
1615472233779 9.904146368405385 344
1615472306791 10.197042655710622 345
1615472380764 10.329565206376618 346
1615472454208 9.998739982526132 347
1615472536838 9.375368594225547 348
1615472610199 8.035175737770496 349
1615472683543 8.080300889088695 350
1615472756809 7.223014467988548 351
1615472830108 7.267149132773123 352
1615472903469 8.267936617219322 353
1615472976871 8.641506292943811 354
1615473050423 7.778425433130063 355
1615473123944 7.090749075937194 356
1615473197225 7.481050831761521 357
1615473270689 8.434920138451332 358
1615473343735 7.943978014697488 359
1615473416960 7.817100696413338 360
1615473490020 7.165851472807461 361
1615473563144 7.031528715900572 362
1615473636203 7.082913313591347 363
1615473709305 inf 364
1615473782190 6.938621830496453 365
1615473855295 7.555210855379715 366
1615473928288 6.66152436944914 367
1615474001210 inf 368
1615474074100 7.3276328425862935 369
1615474147130 8.905896251653811 370
1615474220803 7.176797616978953 371
1615474294039 7.308987247091561 372
1615474367400 7.436287948174376 373
1615474440823 7.774291381639091 374
1615474513841 7.549377294115939 375
1615474587029 7.799963729016993 376
1615474660107 7.195290602187909 377
1615474733234 8.338542972629531 378
1615474806391 7.95536898946993 379
1615474879605 7.036851270668874 380
1615474952922 7.557857908551147 381
1615475025799 7.112628892612578 382
1615475098513 7.894532453120607 383
1615475171687 6.779051460289868 384
1615475245017 7.580440186658763 385
1615475318230 inf 386
1615475391635 6.849089767570126 387
1615475464941 7.4597908005679034 388
1615475537879 7.335660012184383 389
1615475611018 7.173906068981864 390
1615475683922 6.464211165323646 391
1615475756792 inf 392
1615475830166 9.54512110346747 393
1615475903397 9.313997302969074 394
1615475976448 7.821340515825567 395
1615476049820 11.241410515821299 396
1615476123185 9.690134788611303 397
1615476196411 7.208077392406805 398
1615476269311 7.793057035493116 399
1615476342433 7.059072463757249 400
1615476415591 6.759923399189583 401
1615476488869 8.027307363147541 402
1615476561864 6.80031426990952 403
1615476634857 6.902388579856916 404
1615476708013 9.122616987733808 405
1615476780866 6.972648589055462 406
1615476853759 6.617102628161429 407
1615476926648 6.4644491046367 408
1615476999647 7.089073549872864 409
1615477072721 7.083448996267804 410
1615477145673 8.246376162650389 411
1615477218597 7.470661594847081 412
1615477291343 6.62897178865543 413
1615477364252 7.873326518523201 414
1615477437455 7.697279068260416 415
1615477510602 7.6157747660085375 416
1615477583530 inf 417
1615477656710 7.639249710999457 418
1615477729578 7.122660689877868 419
1615477802403 8.439910540886881 420
1615477875220 7.963779364876244 421
1615477948255 6.655171949300558 422
1615478021345 7.488242835873843 423
1615478094346 6.846503661396351 424
1615478167469 8.348774446120283 425
1615478240731 6.948143776456747 426
1615478314152 7.288351707195051 427
1615478387366 6.635740894941976 428
1615478460417 7.552928895632577 429
1615478533725 7.699689559398344 430
1615478606990 8.854775437767849 431
1615478680192 7.644232074756839 432
1615478753026 8.085630782028831 433
1615478826930 7.9577259739672535 434
1615478900292 7.627445626701946 435
1615478973336 7.57929453053217 436
1615479046497 6.485817312932711 437
1615479119720 6.625380185712458 438
1615479192936 7.609700185804993 439
1615479266220 8.609829521759352 440
1615479339404 7.123037923639433 441
1615479412666 6.97338864893239 442
1615479485772 8.181166773764545 443
1615479559145 7.948776625904324 444
1615479632309 7.10526273704959 445
1615479705178 7.197612650728609 446
1615479778946 8.717454194698252 447
1615479852505 7.292603295172363 448
1615479926104 7.642678722648241 449
1615479999651 6.649142639351455 450
1615480072652 inf 451
1615480145848 7.895885199703005 452
1615480218738 7.090366271881557 453
1615480291878 7.95738277477914 454
1615480364824 7.565409623432876 455
1615480438023 7.846412251519185 456
1615480511042 7.870395456664429 457
1615480584163 7.293491916840653 458
1615480657245 7.599713200124218 459
1615480730612 inf 460
1615480803772 6.821305664714876 461
1615480877021 6.806661123417383 462
1615480950918 7.321032661212933 463
1615481024534 7.505932632773778 464
1615481098104 7.401534985505648 465
1615481171604 8.399782823141644 466
1615481244898 6.992774834658535 467
1615481318484 8.893870411031324 468
1615481392053 7.8800944352946445 469
1615481465436 7.771127051365195 470
1615481538552 8.212711787970633 471
1615481611603 8.145934110498201 472
1615481684670 7.031516642347652 473
1615481757914 7.0291232123328395 474
1615481831329 8.22373862903481 475
1615481904747 7.418768116163552 476
1615481978661 7.597559133699759 477
1615482052017 7.687039205716169 478
1615482125215 7.436246903328629 479
1615482198755 10.51812795857028 480
1615482271781 7.938013196950419 481
1615482344968 7.104424999689181 482
1615482417937 6.633082180981648 483
1615482491001 8.734788514353571 484
1615482564217 7.338591645128618 485
1615482637194 inf 486
1615482710446 7.826221197634948 487
1615482783789 7.148162282450431 488
1615482856853 6.373564892915336 489
1615482929828 6.913751358877132 490
1615483002906 6.7377096537788335 491
1615483075854 inf 492
1615483148897 7.142830071917345 493
1615483221891 7.76965051286131 494
1615483295309 7.950197397665611 495
1615483368412 inf 496
1615483441828 6.9847015386366245 497
1615483514936 7.1391297787847074 498
1615483587943 6.914624628344988 499
