1615964845718 0.6403030689750144 0
1615964845720 0.6403030689750144 0
1615964938639 0.7019436583478948 1
1615964938644 0.7019436583478948 1
1615965031707 0.717941458286041 2
1615965031709 0.717941458286041 2
1615965123947 0.7343610355130105 3
1615965123949 0.7343610355130105 3
1615965216543 0.7456574006867942 4
1615965216545 0.7456574006867942 4
1615965309444 0.7570155979833793 5
1615965309446 0.7570155979833793 5
1615965401863 0.7655940248783845 6
1615965401865 0.7655940248783845 6
1615965494854 0.7740138460214792 7
1615965494856 0.7740138460214792 7
1615965587409 0.7781602064978522 8
1615965587412 0.7781602064978522 8
1615965679978 0.782221372419996 9
1615965679981 0.782221372419996 9
1615965772816 0.7868953685666683 10
1615965772819 0.7868953685666683 10
1615965865599 0.7904800997064704 11
1615965865601 0.7904800997064704 11
1615965957814 0.7951120715780798 12
1615965957816 0.7951120715780798 12
1615966050208 0.7993120460955702 13
1615966050210 0.7993120460955702 13
1615966142739 0.803289784754242 14
1615966142741 0.803289784754242 14
1615966235275 0.8065376890538289 15
1615966235277 0.8065376890538289 15
1615966327668 0.80857795724503 16
1615966327670 0.80857795724503 16
1615966419922 0.8104083212710314 17
1615966419924 0.8104083212710314 17
1615966512280 0.8115827406493938 18
1615966512282 0.8115827406493938 18
1615966605059 0.8128438581545743 19
1615966605061 0.8128438581545743 19
1615966697845 0.814416528911765 20
1615966697847 0.814416528911765 20
1615966790221 0.816126147250985 21
1615966790223 0.816126147250985 21
1615966882402 0.8179155272805774 22
1615966882404 0.8179155272805774 22
1615966974511 0.8199040089045834 23
1615966974513 0.8199040089045834 23
1615967066938 0.8209407545370397 24
1615967066940 0.8209407545370397 24
1615967159600 0.8223621032514046 25
1615967159602 0.8223621032514046 25
1615967251921 0.8238680819610639 26
1615967251923 0.8238680819610639 26
1615967345194 0.8255168894089377 27
1615967345197 0.8255168894089377 27
1615967438258 0.8270953379032681 28
1615967438264 0.8270953379032681 28
1615967531412 0.8286041325458618 29
1615967531414 0.8286041325458618 29
1615967623892 0.8298892140985755 30
1615967623895 0.8298892140985755 30
1615967716055 0.8311311195078028 31
1615967716057 0.8311311195078028 31
1615967808418 0.8324156594279462 32
1615967808420 0.8324156594279462 32
1615967900573 0.8337538564083828 33
1615967900575 0.8337538564083828 33
1615967993472 0.8349369085904187 34
1615967993476 0.8349369085904187 34
1615968085476 0.8360165928237165 35
1615968085478 0.8360165928237165 35
1615968177780 0.836899918697537 36
1615968177782 0.836899918697537 36
1615968269985 0.8376835930883264 37
1615968269987 0.8376835930883264 37
1615968362339 0.8384043713628824 38
1615968362341 0.8384043713628824 38
1615968454341 0.8393359533809959 39
1615968454343 0.8393359533809959 39
1615968546914 0.8401800673427876 40
1615968546916 0.8401800673427876 40
1615968639231 0.8410103122532293 41
1615968639233 0.8410103122532293 41
1615968731564 0.8415645876493988 42
1615968731566 0.8415645876493988 42
1615968823846 0.8421372317979453 43
1615968823848 0.8421372317979453 43
1615968916320 0.842559225742966 44
1615968916322 0.842559225742966 44
1615969008511 0.843079445686005 45
1615969008513 0.843079445686005 45
1615969099955 0.843744833278477 46
1615969099957 0.843744833278477 46
1615969191150 0.8445187858601253 47
1615969191152 0.8445187858601253 47
1615969282305 0.8452293869219163 48
1615969282307 0.8452293869219163 48
1615969373415 0.845909599993767 49
1615969373417 0.845909599993767 49
1615969464707 0.8466361410461228 50
1615969464709 0.8466361410461228 50
1615969555760 0.8473071776609546 51
1615969555762 0.8473071776609546 51
1615969646735 0.8480140119439589 52
1615969646737 0.8480140119439589 52
1615969737848 0.8486941799484379 53
1615969737851 0.8486941799484379 53
1615969828889 0.8492630935335985 54
1615969828891 0.8492630935335985 54
1615969919951 0.8498089711096432 55
1615969919953 0.8498089711096432 55
1615970010811 0.8502282463277501 56
1615970010813 0.8502282463277501 56
1615970101829 0.8508315825670941 57
1615970101831 0.8508315825670941 57
1615970192824 0.8513741066093659 58
1615970192826 0.8513741066093659 58
1615970283938 0.8519056603395894 59
1615970283940 0.8519056603395894 59
1615970375010 0.8524968078465238 60
1615970375012 0.8524968078465238 60
1615970466139 0.8530741068357436 61
1615970466141 0.8530741068357436 61
1615970557260 0.8536477779470484 62
1615970557262 0.8536477779470484 62
1615970648329 0.8542270913768781 63
1615970648331 0.8542270913768781 63
1615970739417 0.8547367757021627 64
1615970739420 0.8547367757021627 64
1615970830604 0.8552354186459911 65
1615970830606 0.8552354186459911 65
1615970921589 0.8557421053664526 66
1615970921591 0.8557421053664526 66
1615971012586 0.8562174608769046 67
1615971012588 0.8562174608769046 67
1615971103639 0.8567125845685191 68
1615971103641 0.8567125845685191 68
1615971194714 0.8571892179612284 69
1615971194716 0.8571892179612284 69
1615971285875 0.8576670766631695 70
1615971285877 0.8576670766631695 70
1615971376902 0.8581445790228015 71
1615971376904 0.8581445790228015 71
1615971468009 0.8586096437703159 72
1615971468012 0.8586096437703159 72
1615971559036 0.8590147795915278 73
1615971559040 0.8590147795915278 73
1615971649947 0.8594610533911494 74
1615971649949 0.8594610533911494 74
1615971741114 0.8598332168952871 75
1615971741117 0.8598332168952871 75
1615971832226 0.8602844941158826 76
1615971832228 0.8602844941158826 76
1615971923238 0.8607179336556348 77
1615971923240 0.8607179336556348 77
1615972014347 0.8611761368121391 78
1615972014349 0.8611761368121391 78
1615972105302 0.8616148546942745 79
1615972105304 0.8616148546942745 79
1615972196515 0.8620320438620671 80
1615972196517 0.8620320438620671 80
1615972287797 0.8624527565938289 81
1615972287799 0.8624527565938289 81
1615972379156 0.8628623007360098 82
1615972379158 0.8628623007360098 82
1615972470478 0.863267504142805 83
1615972470480 0.863267504142805 83
1615972561633 0.8630535178592947 84
1615972561635 0.8630535178592947 84
1615972652760 0.8629077101176094 85
1615972652762 0.8629077101176094 85
1615972743895 0.863047046257417 86
1615972743897 0.863047046257417 86
1615972835147 0.86298397409046 87
1615972835149 0.86298397409046 87
1615972926063 0.8631273454163579 88
1615972926065 0.8631273454163579 88
1615973017215 0.86338909617741 89
1615973017217 0.86338909617741 89
1615973108261 0.8636805157890344 90
1615973108263 0.8636805157890344 90
1615973199328 0.8639472201472603 91
1615973199330 0.8639472201472603 91
1615973290512 0.8642162007676226 92
1615973290515 0.8642162007676226 92
1615973381425 0.8645269991123143 93
1615973381428 0.8645269991123143 93
1615973472382 0.8648294007535863 94
1615973472384 0.8648294007535863 94
1615973563481 0.8651819720369676 95
1615973563483 0.8651819720369676 95
1615973654783 0.8655241877625889 96
1615973654785 0.8655241877625889 96
1615973745865 0.8658453348032311 97
1615973745867 0.8658453348032311 97
1615973836727 0.8661767733580303 98
1615973836729 0.8661767733580303 98
1615973927736 0.8665257155478224 99
1615973927738 0.8665257155478224 99
1615974018920 0.8668263884993703 100
1615974018922 0.8668263884993703 100
1615974110056 0.867129123460895 101
1615974110059 0.867129123460895 101
1615974201164 0.8674660813300363 102
1615974201166 0.8674660813300363 102
1615974292090 0.8678119653556817 103
1615974292092 0.8678119653556817 103
1615974383339 0.8681221884403274 104
1615974383341 0.8681221884403274 104
1615974474446 0.8684171692829372 105
1615974474448 0.8684171692829372 105
1615974566351 0.8686605232226947 106
1615974566353 0.8686605232226947 106
1615974657606 0.8689509681727162 107
1615974657608 0.8689509681727162 107
1615974748769 0.8692744086311236 108
1615974748771 0.8692744086311236 108
1615974839784 0.8696016026693656 109
1615974839786 0.8696016026693656 109
1615974931050 0.869915509110331 110
1615974931052 0.869915509110331 110
1615975022432 0.870219572258593 111
1615975022434 0.870219572258593 111
1615975113662 0.8705292671088294 112
1615975113664 0.8705292671088294 112
1615975204821 0.8708304727645595 113
1615975204823 0.8708304727645595 113
1615975295957 0.8711270574110426 114
1615975295959 0.8711270574110426 114
1615975387005 0.8714481113354877 115
1615975387007 0.8714481113354877 115
1615975478139 0.8717570305298309 116
1615975478141 0.8717570305298309 116
1615975569264 0.8720738196624418 117
1615975569266 0.8720738196624418 117
1615975660410 0.8723856282775442 118
1615975660412 0.8723856282775442 118
1615975751469 0.8726524149100136 119
1615975751470 0.8726524149100136 119
1615975842740 0.8729490583850524 120
1615975842742 0.8729490583850524 120
1615975933912 0.873245698475724 121
1615975933914 0.873245698475724 121
1615976025116 0.8735220345344493 122
1615976025118 0.8735220345344493 122
1615976116408 0.8737837873349038 123
1615976116411 0.8737837873349038 123
1615976207671 0.8740418205706042 124
1615976207673 0.8740418205706042 124
1615976298807 0.874289478858665 125
1615976298810 0.874289478858665 125
1615976389998 0.8745562846014203 126
1615976390001 0.8745562846014203 126
1615976481343 0.874820961231199 127
1615976481345 0.874820961231199 127
1615976572696 0.8750701387976726 128
1615976572699 0.8750701387976726 128
1615976664029 0.8753570979647125 129
1615976664031 0.8753570979647125 129
1615976755500 0.8756250709972675 130
1615976755502 0.8756250709972675 130
1615976846563 0.8758644894698878 131
1615976846565 0.8758644894698878 131
1615976937446 0.8761344829595339 132
1615976937449 0.8761344829595339 132
1615977028531 0.8763942654348543 133
1615977028533 0.8763942654348543 133
1615977119952 0.8766409618155017 134
1615977119955 0.8766409618155017 134
1615977211460 0.876885710850757 135
1615977211462 0.876885710850757 135
1615977302651 0.8771487374091241 136
1615977302654 0.8771487374091241 136
1615977393949 0.8774164920588566 137
1615977393952 0.8774164920588566 137
1615977485511 0.8776474996047604 138
1615977485513 0.8776474996047604 138
1615977576748 0.8778969699918016 139
1615977576750 0.8778969699918016 139
1615977667980 0.8781494658992026 140
1615977667983 0.8781494658992026 140
1615977759433 0.878409388543447 141
1615977759435 0.878409388543447 141
1615977850736 0.878653758569701 142
1615977850738 0.878653758569701 142
1615977941837 0.8789022311160516 143
1615977941839 0.8789022311160516 143
1615978033602 0.8791187571608031 144
1615978033604 0.8791187571608031 144
1615978125197 0.879357595751498 145
1615978125199 0.879357595751498 145
1615978216616 0.8796026313295217 146
1615978216618 0.8796026313295217 146
1615978308078 0.8798457234887499 147
1615978308080 0.8798457234887499 147
1615978399422 0.8800925933459735 148
1615978399424 0.8800925933459735 148
1615978490617 0.8803199696184983 149
1615978490620 0.8803199696184983 149
1615978582069 0.8805624758807215 150
1615978582071 0.8805624758807215 150
1615978673537 0.8807879647961395 151
1615978673539 0.8807879647961395 151
1615978764944 0.8810117390679446 152
1615978764946 0.8810117390679446 152
1615978856477 0.8812371002473001 153
1615978856479 0.8812371002473001 153
1615978947756 0.8814656828092046 154
1615978947758 0.8814656828092046 154
1615979039025 0.8816809178288301 155
1615979039027 0.8816809178288301 155
1615979130472 0.881901143180892 156
1615979130474 0.881901143180892 156
1615979221897 0.8821358383194541 157
1615979221899 0.8821358383194541 157
1615979313667 0.8823718044549814 158
1615979313670 0.8823718044549814 158
1615979405432 0.882566938012727 159
1615979405434 0.882566938012727 159
1615979497114 0.882782178736765 160
1615979497116 0.882782178736765 160
1615979588592 0.8829888341979621 161
1615979588595 0.8829888341979621 161
1615979679846 0.8831755289631048 162
1615979679848 0.8831755289631048 162
1615979771086 0.8833337531692554 163
1615979771088 0.8833337531692554 163
1615979862330 0.8835341449414157 164
1615979862332 0.8835341449414157 164
1615979953572 0.8837395881447855 165
1615979953575 0.8837395881447855 165
1615980044794 0.8839339337852133 166
1615980044796 0.8839339337852133 166
1615980136203 0.8841537092524424 167
1615980136205 0.8841537092524424 167
1615980227555 0.8843746417486066 168
1615980227557 0.8843746417486066 168
1615980318781 0.8845829155881536 169
1615980318783 0.8845829155881536 169
1615980410225 0.8848059271888457 170
1615980410227 0.8848059271888457 170
1615980501711 0.8849983884668813 171
1615980501719 0.8849983884668813 171
1615980593400 0.8852082375025956 172
1615980593401 0.8852082375025956 172
1615980685022 0.885400200907833 173
1615980685025 0.885400200907833 173
1615980776337 0.8855822980086177 174
1615980776339 0.8855822980086177 174
1615980867314 0.8857824128143882 175
1615980867317 0.8857824128143882 175
1615980958787 0.8859767540780433 176
1615980958789 0.8859767540780433 176
1615981050475 0.8861619460601223 177
1615981050477 0.8861619460601223 177
1615981141852 0.8862012783269669 178
1615981141854 0.8862012783269669 178
1615981232842 0.88631926323125 179
1615981232844 0.88631926323125 179
1615981324187 0.8864664725607259 180
1615981324189 0.8864664725607259 180
1615981415711 0.8866027648896294 181
1615981415713 0.8866027648896294 181
1615981506873 0.8867695972161775 182
1615981506875 0.8867695972161775 182
1615981598312 0.8869482427629979 183
1615981598314 0.8869482427629979 183
1615981689689 0.8871228534940172 184
1615981689691 0.8871228534940172 184
1615981781068 0.8873058520909142 185
1615981781070 0.8873058520909142 185
1615981872170 0.8874810431252186 186
1615981872172 0.8874810431252186 186
1615981963738 0.8876686757374238 187
1615981963740 0.8876686757374238 187
1615982055569 0.8878543118802908 188
1615982055571 0.8878543118802908 188
1615982146814 0.8879969182498136 189
1615982146817 0.8879969182498136 189
1615982237967 0.888076248443144 190
1615982237969 0.888076248443144 190
1615982329027 0.8881548578973709 191
1615982329030 0.8881548578973709 191
1615982420050 0.8882971007785131 192
1615982420052 0.8882971007785131 192
1615982511160 0.8884507222512369 193
1615982511162 0.8884507222512369 193
1615982602283 0.8886249259998183 194
1615982602285 0.8886249259998183 194
1615982693826 0.888773135029567 195
1615982693829 0.888773135029567 195
1615982785107 0.8889547093265553 196
1615982785109 0.8889547093265553 196
1615982876425 0.8891412441311388 197
1615982876427 0.8891412441311388 197
1615982967793 0.8893078597505444 198
1615982967795 0.8893078597505444 198
1615983059074 0.8894682644029607 199
1615983059076 0.8894682644029607 199
1615983151481 0.8896439819587509 200
1615983151484 0.8896439819587509 200
1615983242822 0.8898105176626199 201
1615983242825 0.8898105176626199 201
1615983333924 0.8899628830371503 202
1615983333926 0.8899628830371503 202
1615983425290 0.8901283170429366 203
1615983425292 0.8901283170429366 203
1615983516812 0.8902990435030749 204
1615983516815 0.8902990435030749 204
1615983608073 0.8904584933387042 205
1615983608076 0.8904584933387042 205
1615983699218 0.8906335978593433 206
1615983699220 0.8906335978593433 206
1615983790492 0.8907989776275204 207
1615983790494 0.8907989776275204 207
1615983882045 0.8909659641830441 208
1615983882047 0.8909659641830441 208
1615983973493 0.8911213220860318 209
1615983973495 0.8911213220860318 209
1615984065006 0.8912839186988845 210
1615984065008 0.8912839186988845 210
1615984156469 0.8914439790391461 211
1615984156471 0.8914439790391461 211
1615984247906 0.8916022182617729 212
1615984247908 0.8916022182617729 212
1615984339480 0.8917616900809555 213
1615984339482 0.8917616900809555 213
1615984431089 0.8919132996613015 214
1615984431091 0.8919132996613015 214
1615984526001 0.8920736165337301 215
1615984526003 0.8920736165337301 215
1615984617932 0.8922220286363928 216
1615984617934 0.8922220286363928 216
1615984709583 0.8923870533466028 217
1615984709585 0.8923870533466028 217
1615984801039 0.8925396666445631 218
1615984801041 0.8925396666445631 218
1615984892373 0.892679053073903 219
1615984892375 0.892679053073903 219
1615984984009 0.8928292930768247 220
1615984984011 0.8928292930768247 220
1615985075247 0.8929565595171136 221
1615985075249 0.8929565595171136 221
1615985166412 0.8931041928321735 222
1615985166415 0.8931041928321735 222
1615985257719 0.893252745847593 223
1615985257721 0.893252745847593 223
1615985348762 0.8933880809685878 224
1615985348764 0.8933880809685878 224
1615985440097 0.8935409700747697 225
1615985440099 0.8935409700747697 225
1615985530948 0.893693935696531 226
1615985530951 0.893693935696531 226
1615985622252 0.8938332514354042 227
1615985622255 0.8938332514354042 227
1615985713566 0.893997698207454 228
1615985713569 0.893997698207454 228
1615985805166 0.8941513741145962 229
1615985805169 0.8941513741145962 229
1615985896869 0.894295802226422 230
1615985896871 0.894295802226422 230
1615985989208 0.8944446829301498 231
1615985989210 0.8944446829301498 231
1615986080866 0.8945997634707036 232
1615986080869 0.8945997634707036 232
1615986172606 0.8947500571150424 233
1615986172609 0.8947500571150424 233
1615986263980 0.8948879530199672 234
1615986263982 0.8948879530199672 234
1615986355652 0.8950437347607507 235
1615986355654 0.8950437347607507 235
1615986446724 0.8951850190821576 236
1615986446726 0.8951850190821576 236
1615986538097 0.8953338247645263 237
1615986538099 0.8953338247645263 237
