1615964845716 0.339840090986508 0
1615964938637 0.27357377267595545 1
1615965031705 0.25607191863937756 2
1615965123945 0.23984613792220155 3
1615965216541 0.22829861196119391 4
1615965309442 0.21771597313643687 5
1615965401861 0.20976227648985155 6
1615965494852 0.20192390357825293 7
1615965587407 0.19779635810140353 8
1615965679976 0.1936723299880526 9
1615965772815 0.18912637088159692 10
1615965865597 0.18567581148586465 11
1615965957812 0.18135986419824457 12
1615966050206 0.1776504611282715 13
1615966142737 0.17401897972495997 14
1615966235273 0.17100407572379756 15
1615966327666 0.16909872349989427 16
1615966419920 0.16736183296981735 17
1615966512278 0.1662949228136912 18
1615966605057 0.1651799254453004 19
1615966697843 0.1637802973400216 20
1615966790218 0.1621678230154304 21
1615966882399 0.16052780941970002 22
1615966974509 0.1587232494383902 23
1615967066936 0.1577529531094565 24
1615967159598 0.15650299879220814 25
1615967251919 0.15513058938394925 26
1615967345192 0.15365457360042942 27
1615967438257 0.15224233424608322 28
1615967531410 0.15090857231201812 29
1615967623890 0.14979397378176745 30
1615967716053 0.14867902608282524 31
1615967808416 0.14753656918945376 32
1615967900571 0.14634534703523466 33
1615967993471 0.1452773608124332 34
1615968085474 0.1442933222448845 35
1615968177778 0.14348773739423512 36
1615968269983 0.1427795753550173 37
1615968362337 0.14214273159229288 38
1615968454338 0.1412763107401221 39
1615968546912 0.14054285434102157 40
1615968639229 0.13979563458048877 41
1615968731562 0.13932063632522837 42
1615968823844 0.13880448627666017 43
1615968916318 0.13840717907568703 44
1615969008509 0.13792330548795761 45
1615969099953 0.1373410491422457 46
1615969191148 0.13664437895316384 47
1615969282303 0.13602349326409396 48
1615969373413 0.13539947098760455 49
1615969464705 0.13475559348769792 50
1615969555758 0.1341380600814293 51
1615969646733 0.13352073380323365 52
1615969737847 0.1329559493025341 53
1615969828887 0.13244066738208882 54
1615969919949 0.13196305927437244 55
1615970010809 0.13160077602833964 56
1615970101827 0.13105932835199993 57
1615970192822 0.1305760656795168 58
1615970283935 0.13012159844832627 59
1615970375008 0.12959577712331324 60
1615970466137 0.12908076564164814 61
1615970557258 0.12855649296634705 62
1615970648327 0.128058543776287 63
1615970739415 0.12761276193929727 64
1615970830602 0.12716626875651788 65
1615970921587 0.12672009657156386 66
1615971012584 0.12628645909732633 67
1615971103637 0.12585341608062747 68
1615971194712 0.1254270689192611 69
1615971285873 0.12499463162252772 70
1615971376900 0.1245744245290558 71
1615971468007 0.12416327244614897 72
1615971559035 0.12382028563554458 73
1615971649945 0.12342225191011946 74
1615971741112 0.12309409486011358 75
1615971832224 0.12269913921478204 76
1615971923236 0.12230529315937898 77
1615972014345 0.12189907291627841 78
1615972105300 0.12151870748667573 79
1615972196513 0.12114138528086849 80
1615972287795 0.12074442963449138 81
1615972379154 0.12038838319953363 82
1615972470477 0.12001178516889176 83
1615972561631 0.12018682328727391 84
1615972652758 0.12030063293866503 85
1615972743893 0.12018641364740082 86
1615972835145 0.12022298000237347 87
1615972926061 0.1200889506016964 88
1615973017213 0.11985572959060097 89
1615973108259 0.11959116836639822 90
1615973199326 0.11935364106388384 91
1615973290510 0.11912583561545098 92
1615973381423 0.11885130712061538 93
1615973472380 0.11859033102138901 94
1615973563479 0.11828365018452276 95
1615973654781 0.1179827637150757 96
1615973745863 0.11769162387590813 97
1615973836725 0.11739640591390056 98
1615973927734 0.11707932788044653 99
1615974018918 0.1168065283646237 100
1615974110054 0.1165394260410959 101
1615974201162 0.11623900337610318 102
1615974292087 0.11593170011529412 103
1615974383337 0.11566144310165649 104
1615974474444 0.11539768228494621 105
1615974566349 0.11518800098172018 106
1615974657604 0.11492908967173904 107
1615974748767 0.11464352199970224 108
1615974839782 0.11435111089833226 109
1615974931048 0.11406846544635822 110
1615975022429 0.11380027282212582 111
1615975113659 0.1135283723845536 112
1615975204819 0.11324909543235684 113
1615975295955 0.11299564873994279 114
1615975387003 0.1127256521906241 115
1615975478137 0.11244998330713482 116
1615975569262 0.11216992313971007 117
1615975660408 0.11190555296173864 118
1615975751467 0.11165885631717846 119
1615975842738 0.11140214653569196 120
1615975933910 0.11113150636199513 121
1615976025113 0.11088561437442711 122
1615976116406 0.11066110295834991 123
1615976207669 0.11043890365202029 124
1615976298805 0.11021485661364532 125
1615976389996 0.10997992223712046 126
1615976481341 0.10974726074639313 127
1615976572694 0.10952637848114224 128
1615976664027 0.10927293429965944 129
1615976755498 0.10904023640381519 130
1615976846561 0.10883634343022186 131
1615976937444 0.1086072227981887 132
1615977028529 0.10837125861185323 133
1615977119950 0.10815590247717789 134
1615977211458 0.10793967190492137 135
1615977302649 0.10770775779865832 136
1615977393947 0.1074703616959796 137
1615977485508 0.10726315284868472 138
1615977576746 0.10705033117520017 139
1615977667978 0.1068276520114582 140
1615977759431 0.10660477903853045 141
1615977850734 0.10639026944267262 142
1615977941835 0.10616804979383249 143
1615978033600 0.10597092681365468 144
1615978125195 0.10575466172701493 145
1615978216614 0.10554049040826033 146
1615978308075 0.10532579363931228 147
1615978399420 0.1051182459222999 148
1615978490615 0.10491242906940515 149
1615978582066 0.10469594218107128 150
1615978673535 0.10450194755573489 151
1615978764942 0.10430859392555197 152
1615978856475 0.10410656685698838 153
1615978947753 0.10390768241124711 154
1615979039023 0.10372245952150531 155
1615979130469 0.10353405999869873 156
1615979221895 0.10332937440371301 157
1615979313665 0.10312174016809637 158
1615979405430 0.10295087146336461 159
1615979497112 0.10276450608673335 160
1615979588590 0.10258526254671152 161
1615979679844 0.10241470537433671 162
1615979771084 0.10228296228547855 163
1615979862328 0.1021068897629043 164
1615979953570 0.10192507010765843 165
1615980044792 0.1017609606778742 166
1615980136201 0.10156833464127529 167
1615980227553 0.10137346226093279 168
1615980318779 0.10119049528693819 169
1615980410223 0.10099703554729625 170
1615980501709 0.10081912986791948 171
1615980593398 0.10063073077879393 172
1615980685020 0.1004596859303607 173
1615980776335 0.10030578339277806 174
1615980867312 0.10013015871030988 175
1615980958785 0.09996060689169736 176
1615981050473 0.09979728015201234 177
1615981141850 0.09976407595057706 178
1615981232840 0.09966001351476703 179
1615981324185 0.09953544674519704 180
1615981415709 0.09941739597163356 181
1615981506871 0.09927102175965295 182
1615981598309 0.09912173535570858 183
1615981689687 0.09896731305478222 184
1615981781066 0.0988041895759027 185
1615981872168 0.09865578880370189 186
1615981963736 0.09848950995400275 187
1615982055567 0.09832887646523655 188
1615982146812 0.09820494270661823 189
1615982237965 0.09813651437171408 190
1615982329025 0.09806912863135929 191
1615982420048 0.0979441881281217 192
1615982511158 0.09781265161114115 193
1615982602281 0.09766020058581892 194
1615982693824 0.09752437676139401 195
1615982785105 0.09736552045366799 196
1615982876423 0.097198281679221 197
1615982967791 0.09704807522523465 198
1615983059072 0.09690930133880071 199
1615983151479 0.0967579752023124 200
1615983242820 0.09661736621521273 201
1615983333922 0.09648230413541783 202
1615983425288 0.09633603159590073 203
1615983516810 0.09618431907330242 204
1615983608071 0.09604135537437726 205
1615983699216 0.09588574695298352 206
1615983790490 0.0957431666997831 207
1615983882043 0.09559579315010515 208
1615983973491 0.09546022955288508 209
1615984065004 0.09531658964598287 210
1615984156467 0.09517598045154275 211
1615984247904 0.09503540836698028 212
1615984339478 0.09489495425165105 213
1615984431086 0.09476424881419716 214
1615984525999 0.09462518637074231 215
1615984617930 0.09449134396345696 216
1615984709581 0.09434916615061738 217
1615984801036 0.09421439601592975 218
1615984892372 0.09409352632762619 219
1615984984007 0.09396065885600242 220
1615985075245 0.09384924899879378 221
1615985166410 0.09371712516409095 222
1615985257716 0.09358696973543049 223
1615985348759 0.0934640237308458 224
1615985440095 0.09332964496605621 225
1615985530946 0.09320105301792221 226
1615985622250 0.09307744988645363 227
1615985713564 0.09293282588317778 228
1615985805164 0.09279490681455786 229
1615985896866 0.09266742101325355 230
1615985989206 0.0925384584087658 231
1615986080864 0.09240069105504348 232
1615986172604 0.09226991989917029 233
1615986263977 0.0921467759867402 234
1615986355649 0.09201089672173184 235
1615986446722 0.09188819263029313 236
1615986538095 0.09175742300857824 237
1615986630917 0.09162952331096179 238
1615986724530 0.09149993689573228 239
1615986816858 0.09137574546055256 240
1615986909958 0.09125919043245807 241
1615987003449 0.09114210888689402 242
1615987097389 0.0910274150437471 243
1615987191212 0.09091049937478589 244
1615987284324 0.09079953164545719 245
1615987377365 0.0906927634909172 246
1615987470110 0.0905869684406755 247
1615987564773 0.09048696506911601 248
1615987658287 0.09036696266416294 249
