1615964845712 0.6403030689750144 0
1615964938633 0.7635842477207753 1
1615965031703 0.7499370581623334 2
1615965123941 0.7836197671939188 3
1615965216537 0.7908428613819293 4
1615965309438 0.8138065844663044 5
1615965401857 0.8170645862484156 6
1615965494848 0.8329525940231423 7
1615965587404 0.811331090308837 8
1615965679972 0.81877186571929 9
1615965772811 0.8336353300333913 10
1615965865593 0.8299121422442928 11
1615965957808 0.8506957340373922 12
1615966050203 0.8539117148229435 13
1615966142733 0.8589781259756479 14
1615966235269 0.8552562535476329 15
1615966327662 0.8412222483042461 16
1615966419916 0.8415245097130537 17
1615966512274 0.8327222894599189 18
1615966605052 0.8368050907530001 19
1615966697839 0.8458699440555786 20
1615966790214 0.852028132374607 21
1615966882396 0.8572818879316102 22
1615966974505 0.8656390862567211 23
1615967066932 0.8458226497159965 24
1615967159594 0.8578958211105261 25
1615967251915 0.8630235284122069 26
1615967345188 0.8700346905015298 27
1615967438252 0.8712918957445159 28
1615967531407 0.8723591771810802 29
1615967623886 0.868441660679988 30
1615967716049 0.8696301871938492 31
1615967808412 0.8735209368725321 32
1615967900567 0.8779143567627935 33
1615967993467 0.8751606827796395 34
1615968085469 0.8738055409891392 35
1615968177774 0.8686996501550746 36
1615968269979 0.8666795455475351 37
1615968362332 0.8657939457960093 38
1615968454335 0.8756676520874251 39
1615968546908 0.8739446258144592 40
1615968639224 0.875050353581336 41
1615968731558 0.8648441542885197 42
1615968823840 0.8667609301854425 43
1615968916314 0.8611269593238831 44
1615969008504 0.8664893431227598 45
1615969099949 0.8743526625321872 46
1615969191143 0.8808945571975921 47
1615969282299 0.8793382378878878 48
1615969373409 0.8792400405144514 49
1615969464701 0.8829631936639103 50
1615969555754 0.8815300450173776 51
1615969646728 0.8847693946601739 52
1615969737843 0.8847430841858263 53
1615969828883 0.8799844271322684 54
1615969919944 0.8798322377921041 55
1615970010805 0.8737076585417363 56
1615970101822 0.8852217482097113 57
1615970192818 0.8828405010611263 58
1615970283931 0.883267330422775 59
1615970375004 0.8879656582625944 60
1615970466133 0.8882893451781415 61
1615970557254 0.8892153868479515 62
1615970648323 0.8907238374561516 63
1615970739411 0.887356572520377 64
1615970830599 0.8876472099948285 65
1615970921582 0.8891834289169134 66
1615971012580 0.8880662800771977 67
1615971103633 0.890380995598302 68
1615971194708 0.8900769220581696 69
1615971285869 0.8911171857990435 70
1615971376896 0.8920472465566734 71
1615971468003 0.8920943055913519 72
1615971559031 0.8885896945400025 73
1615971649941 0.8924853145631392 74
1615971741108 0.8877454797056183 75
1615971832220 0.8945815628811494 76
1615971923232 0.8940927782165471 77
1615972014341 0.8969159830194801 78
1615972105296 0.896273567382969 79
1615972196509 0.8954071772854719 80
1615972287791 0.896530487866544 81
1615972379150 0.8964449203948477 82
1615972470473 0.8968993869068017 83
1615972561626 0.8450786700444435 84
1615972652754 0.8505140520743469 85
1615972743889 0.875029954280871 86
1615972835142 0.8574966955651988 87
1615972926057 0.8757440220953813 88
1615973017209 0.8866849139110365 89
1615973108255 0.8899082808352229 90
1615973199322 0.8882173167458222 91
1615973290506 0.8889624178409576 92
1615973381419 0.8934312451686433 93
1615973472376 0.89325515503314 94
1615973563474 0.8986762439581886 95
1615973654776 0.8983768974222354 96
1615973745859 0.8969965977455253 97
1615973836720 0.8986577517283496 98
1615973927729 0.901070992337234 99
1615974018914 0.8968936836541589 100
1615974110050 0.897705354574901 101
1615974201158 0.9018357839824548 102
1615974292084 0.9034380199971483 103
1615974383333 0.9003853892434889 104
1615974474440 0.8993901577569655 105
1615974566345 0.8944560408369818 106
1615974657600 0.9000285778250268 107
1615974748763 0.904205978139123 108
1615974839778 0.9052657528377291 109
1615974931044 0.9044452176165225 110
1615975022425 0.9039705817156763 111
1615975113655 0.905215090335305 112
1615975204814 0.9048667118620517 113
1615975295951 0.9049377071101274 114
1615975386999 0.9083693126466736 115
1615975478132 0.9075916570736401 116
1615975569258 0.9091381481779155 117
1615975660403 0.9091790448596229 118
1615975751463 0.9044000241738647 119
1615975842734 0.9085462753897282 120
1615975933906 0.9091391494469856 121
1615976025109 0.907235033698936 122
1615976116402 0.9059793817908016 123
1615976207665 0.9060379417974558 124
1615976298801 0.9052467648662738 125
1615976389992 0.9081738081885807 126
1615976481336 0.9084348932131013 127
1615976572690 0.9069648673062893 128
1615976664022 0.9123748305128582 129
1615976755494 0.9104615652294301 130
1615976846556 0.9072283093831432 131
1615976937440 0.911773623592818 132
1615977028525 0.9109453346524665 133
1615977119946 0.9096982768222467 134
1615977211454 0.9099268306102326 135
1615977302644 0.9129203493470577 136
1615977393943 0.9140988790722036 137
1615977485504 0.9095265409394876 138
1615977576742 0.9125733537905252 139
1615977667974 0.9134988929353544 140
1615977759427 0.9150584813819003 141
1615977850729 0.9133543022977773 142
1615977941831 0.9144338052441825 143
1615978033595 0.9102985076050261 144
1615978125192 0.9139891914022502 145
1615978216610 0.9153778257209864 146
1615978308071 0.9155802708953175 147
1615978399416 0.9166293322150387 148
1615978490611 0.9141990342246953 149
1615978582062 0.916938415214197 150
1615978673530 0.9148367910242793 151
1615978764937 0.9150254283823184 152
1615978856471 0.9157173606886793 153
1615978947749 0.9166673973425111 154
1615979039019 0.9150423458707866 155
1615979130465 0.9162562981025496 156
1615979221891 0.9189829750737147 157
1615979313661 0.9196544538682966 158
1615979405426 0.9135931736942547 159
1615979497107 0.9172206945828537 160
1615979588586 0.9162603634506908 161
1615979679839 0.9134200809162054 162
1615979771079 0.9091242987718156 163
1615979862323 0.9163983955756941 164
1615979953566 0.9176377167007816 165
1615980044787 0.9161953100962426 166
1615980136197 0.9208562122796898 167
1615980227548 0.921491301104204 168
1615980318774 0.9197811944716012 169
1615980410218 0.9227178993064966 170
1615980501705 0.9179092670109734 171
1615980593394 0.9213022716454605 172
1615980685016 0.918609870013906 173
1615980776331 0.9172671935451564 174
1615980867308 0.920802503824234 175
1615980958781 0.9201808164813625 176
1615981050469 0.9189409268880958 177
1615981141845 0.8932024218253235 178
1615981232836 0.9074385610978994 179
1615981324181 0.9129641518664005 180
1615981415705 0.9112716764211655 181
1615981506866 0.9171330806479525 182
1615981598305 0.9196403778311032 183
1615981689683 0.9192512280015803 184
1615981781062 0.9211605925168564 185
1615981872164 0.9200665755058403 186
1615981963731 0.9227559742198062 187
1615982055563 0.9227539067392918 188
1615982146808 0.9149495220896023 189
1615982237960 0.9031489851759441 190
1615982329021 0.9031692636546804 191
1615982420044 0.915607733957803 192
1615982511154 0.9180996664869252 193
1615982602277 0.9224204532246092 194
1615982693820 0.9176738958305387 195
1615982785101 0.9245432715362577 196
1615982876418 0.9258886006341052 197
1615982967787 0.9222977523928257 198
1615983059068 0.9213887902338114 199
1615983151475 0.9247874931168201 200
1615983242815 0.923284194140292 201
1615983333918 0.920740688692278 202
1615983425283 0.9237114202175567 203
1615983516805 0.9251272413712829 204
1615983608067 0.9231457096427235 205
1615983699212 0.926705129110991 206
1615983790486 0.9250325896401903 207
1615983882039 0.9256991677319826 208
1615983973487 0.9235911238104549 209
1615984064999 0.9254292073979307 210
1615984156462 0.9252167108343609 211
1615984247900 0.9251489334586841 212
1615984339474 0.9257291875668426 213
1615984431077 0.9243577498553405 214
1615984525985 0.9265417441058514 215
1615984617926 0.9242790428115361 216
1615984709577 0.9281974154621807 217
1615984801031 0.9258093655999027 218
1615984892368 0.9232046810993507 219
1615984984003 0.9258820937195821 220
1615985075240 0.9210824428209617 221
1615985166405 0.9258787887754725 222
1615985257712 0.9263800682861414 223
1615985348755 0.9237031480714456 224
1615985440090 0.9279410189657069 225
1615985530942 0.9282641662145729 226
1615985622246 0.9254579241596051 227
1615985713559 0.9314915622348217 228
1615985805159 0.9293431568501601 229
1615985896861 0.9275142679463572 230
1615985989202 0.9288361254912704 231
1615986080859 0.9305784488791851 232
1615986172600 0.9297684762460082 233
1615986263972 0.9271555947723673 234
1615986355644 0.9316524438448807 235
1615986446717 0.9285281189342043 236
1615986538091 0.9306007714858696 237
1615986630907 0.9307428696262303 238
1615986724527 0.9305008841094686 239
1615986816854 0.9298360961586681 240
1615986909953 0.9270525512410633 241
1615987003435 0.9287688692114247 242
1615987097374 0.9281840642441564 243
1615987191193 0.928107204277124 244
1615987284320 0.9280460952822842 245
1615987377360 0.9268742926529984 246
1615987470107 0.9267071040708628 247
1615987564769 0.9243729007777883 248
1615987658283 0.9313220935526179 249
