1615964845714 21.32325470249884 0
1615964938635 15.675195055110095 1
1615965031704 16.44440652059524 2
1615965123943 15.499978712986593 3
1615965216539 14.849170676567407 4
1615965309440 13.197334750652772 5
1615965401859 12.628805797758679 6
1615965494851 13.507264469085522 7
1615965587405 14.491482894803994 8
1615965679974 13.786324460969748 9
1615965772813 13.152180388557278 10
1615965865595 13.58869895922874 11
1615965957810 11.914280263423006 12
1615966050204 12.47578508526571 13
1615966142735 11.643340134899997 14
1615966235271 12.1247429884427 15
1615966327664 12.766057923363919 16
1615966419918 12.365021328724886 17
1615966512276 13.298355210072707 18
1615966605055 13.563357682512576 19
1615966697841 12.320567108892954 20
1615966790216 12.09407704916141 21
1615966882398 11.53538088779891 22
1615966974507 11.178369958199118 23
1615967066934 12.657561478626574 24
1615967159596 11.643188262515244 25
1615967251917 11.292770305905549 26
1615967345190 10.33288342378145 27
1615967438255 12.32627649734748 28
1615967531408 11.517756181852706 29
1615967623888 10.9750352210485 30
1615967716051 10.929147643394584 31
1615967808414 10.863685893951459 32
1615967900569 9.549873004274064 33
1615967993469 10.392321087232338 34
1615968085472 10.397803620486723 35
1615968177776 12.237020724306976 36
1615968269981 10.520876817889121 37
1615968362335 10.864041810646498 38
1615968454336 10.074179726801022 39
1615968546910 10.330333331297007 40
1615968639227 10.522901989560227 41
1615968731560 11.279725351442838 42
1615968823842 11.524706631181754 43
1615968916316 11.637412118113431 44
1615969008507 11.085697013736308 45
1615969099951 10.312597787277744 46
1615969191146 10.132416194290117 47
1615969282301 10.163208321874105 48
1615969373411 10.626242296297104 49
1615969464703 9.482628664520144 50
1615969555756 9.9660654573071 51
1615969646731 10.088687574753889 52
1615969737845 10.923168704013994 53
1615969828885 10.657426931646498 54
1615969919947 10.5535561472801 55
1615970010807 10.708133579685171 56
1615970101825 9.777638109058472 57
1615970192820 9.662343836732488 58
1615970283933 9.607201906118238 59
1615970375006 10.031272659454563 60
1615970466135 8.662319416993784 61
1615970557256 9.464439258219455 62
1615970648325 9.165816199815474 63
1615970739413 9.552591521372355 64
1615970830600 9.886623942169342 65
1615970921584 9.151204784557565 66
1615971012582 9.09473804048221 67
1615971103635 9.614281105905496 68
1615971194710 9.125576279107497 69
1615971285871 8.529122195512672 70
1615971376898 8.84531173338577 71
1615971468005 10.234658286906736 72
1615971559033 9.490183558834289 73
1615971649943 9.085969904770517 74
1615971741110 10.64351823687093 75
1615971832222 9.161519288787247 76
1615971923234 9.669039179614428 77
1615972014343 9.075950237949968 78
1615972105298 8.473764824814115 79
1615972196511 9.426941879692778 80
1615972287793 8.771119646362386 81
1615972379152 9.068206427839682 82
1615972470475 8.73975321361825 83
1615972561628 12.870041174010131 84
1615972652756 11.911844030428485 85
1615972743891 10.363013466523162 86
1615972835143 10.76815970746116 87
1615972926059 10.147077025398675 88
1615973017211 10.27854699543284 89
1615973108257 9.278978949167273 90
1615973199324 9.504861944805668 91
1615973290508 10.388083811537468 92
1615973381421 8.544907293278461 93
1615973472378 9.194163303776268 94
1615973563477 9.350143945212553 95
1615973654779 8.79121504801253 96
1615973745861 8.954980370053802 97
1615973836723 8.199920950315743 98
1615973927732 9.721079765416453 99
1615974018916 8.892797154504732 100
1615974110052 8.604331336393814 101
1615974201160 8.428794299360636 102
1615974292086 8.79164125522207 103
1615974383335 8.438425783549121 104
1615974474442 8.754207413089047 105
1615974566347 9.670189827333935 106
1615974657602 8.721483173246895 107
1615974748765 8.238341649388385 108
1615974839780 7.793347670217282 109
1615974931046 8.1468512937068 110
1615975022427 8.98859539027273 111
1615975113657 8.366689306070862 112
1615975204817 8.940931425933982 113
1615975295953 8.371231944719 114
1615975387001 7.937643866479592 115
1615975478135 8.853306231502483 116
1615975569260 8.047372149807082 117
1615975660406 8.188238671711723 118
1615975751465 8.573975977821435 119
1615975842736 7.831210104677101 120
1615975933908 8.236036197624061 121
1615976025111 8.580644260725634 122
1615976116404 8.034483242820206 123
1615976207667 8.475774724704427 124
1615976298803 8.639993197892542 125
1615976389994 8.41181934964855 126
1615976481339 8.118778395809523 127
1615976572692 8.748972363209448 128
1615976664024 7.968600450793625 129
1615976755496 8.691107074183488 130
1615976846558 8.47572647525975 131
1615976937442 8.502891245074313 132
1615977028527 7.6774134785003625 133
1615977119948 8.79832767441968 134
1615977211456 8.002171200570048 135
1615977302646 7.507124939299136 136
1615977393945 8.35310978134929 137
1615977485506 8.926323116858502 138
1615977576744 7.612430723113958 139
1615977667976 7.518162614529554 140
1615977759429 8.326603390020168 141
1615977850732 8.22743937838942 142
1615977941833 7.577811727811889 143
1615978033597 8.920237994219864 144
1615978125194 8.642642109730856 145
1615978216612 8.477843567479294 146
1615978308073 9.49752086152641 147
1615978399418 7.401851876882726 148
1615978490613 8.182664905857697 149
1615978582064 8.146048334239028 150
1615978673533 8.272455848251253 151
1615978764940 7.947924199804099 152
1615978856473 8.021126485968171 153
1615978947751 7.404440526235646 154
1615979039021 8.442686566483657 155
1615979130467 8.90664839476903 156
1615979221893 7.382923131927262 157
1615979313663 7.367995919405831 158
1615979405428 9.335440672179041 159
1615979497109 9.30884954914326 160
1615979588588 8.411254049243766 161
1615979679842 8.203989025591044 162
1615979771082 8.978706086402868 163
1615979862326 8.706180922543055 164
1615979953568 8.959344191138392 165
1615980044790 8.20178257577563 166
1615980136199 7.688202534437386 167
1615980227551 7.37036198782202 168
1615980318777 7.844526393984563 169
1615980410220 8.96753285789015 170
1615980501707 9.689078602446953 171
1615980593396 7.405966602539261 172
1615980685018 9.048594531138415 173
1615980776333 8.558657720735882 174
1615980867310 7.157313048974362 175
1615980958783 7.050742855116101 176
1615981050471 9.55100594319073 177
1615981141847 12.400802444371154 178
1615981232837 10.279863121123208 179
1615981324183 10.41552811349144 180
1615981415707 8.264099285917831 181
1615981506868 8.091010853123182 182
1615981598307 8.49713200286577 183
1615981689685 8.001448024064697 184
1615981781064 8.525598252911166 185
1615981872166 8.559345602424965 186
1615981963734 6.843465969561982 187
1615982055565 8.405886939515927 188
1615982146810 8.620796340806182 189
1615982237963 10.961018738817033 190
1615982329023 9.67277953315768 191
1615982420046 9.248892768458925 192
1615982511156 8.75838931008993 193
1615982602279 7.9582799505642745 194
1615982693822 8.026807439233428 195
1615982785103 7.074274731789869 196
1615982876420 8.492451030350397 197
1615982967789 9.749023364056878 198
1615983059070 7.345274386379591 199
1615983151477 7.5779965036126 200
1615983242818 8.202901854816186 201
1615983333920 9.369968874334441 202
1615983425286 7.7753310767595565 203
1615983516808 7.438600733497444 204
1615983608069 8.176024645406049 205
1615983699214 7.515255578125283 206
1615983790488 8.11943379152751 207
1615983882041 8.2708506903861 208
1615983973489 7.5845101308571605 209
1615984065002 6.8517841910898305 210
1615984156465 8.048469523450125 211
1615984247902 8.731014851437664 212
1615984339476 7.4127896321683835 213
1615984431084 8.50262318830329 214
1615984525992 7.118740695524276 215
1615984617928 6.989024059039492 216
1615984709579 9.02584194628122 217
1615984801034 7.599670694955766 218
1615984892370 8.379001287947869 219
1615984984005 7.457802360221931 220
1615985075242 7.503816403273573 221
1615985166407 7.243072933241962 222
1615985257714 7.519120241991393 223
1615985348757 8.11367456201719 224
1615985440093 8.83587989570797 225
1615985530944 6.998501919771679 226
1615985622248 6.762878195819673 227
1615985713562 7.61314953645204 228
1615985805161 7.49648783362868 229
1615985896863 7.457715798682511 230
1615985989204 6.69072626571706 231
1615986080862 7.397998693944276 232
1615986172602 9.444259386465848 233
1615986263975 8.141736818495897 234
1615986355647 8.7946506211254 235
1615986446720 7.281841172495575 236
1615986538093 9.197583487928705 237
