1615964845706 0.339840090986508 0
1615964938631 0.2073074543654029 1
1615965031699 0.22106821056622178 2
1615965123938 0.1911687957706736 3
1615965216534 0.18210850811716336 4
1615965309436 0.16480277901265158 5
1615965401855 0.16204009661033972 6
1615965494846 0.14705529319706248 7
1615965587401 0.16477599428660833 8
1615965679970 0.15655607696789414 9
1615965772808 0.1436667798170403 10
1615965865591 0.14771965813280932 11
1615965957806 0.1295684967468034 12
1615966050201 0.12942822121862155 13
1615966142731 0.1231782400785987 14
1615966235267 0.12578051570636123 15
1615966327659 0.13861308791744176 16
1615966419914 0.13783469395851022 17
1615966512271 0.1470905400034207 18
1615966605050 0.14399497544587547 19
1615966697836 0.1357877352344456 20
1615966790212 0.1283058621990147 21
1615966882394 0.12444751031363188 22
1615966974503 0.11721836986826427 23
1615967066929 0.13446584121504826 24
1615967159591 0.1252541408609988 25
1615967251913 0.11944794476921879 26
1615967345185 0.11380214744539403 27
1615967438250 0.11269963232438955 28
1615967531404 0.11222947622413065 29
1615967623883 0.11635601787424799 30
1615967716046 0.11411564741561663 31
1615967808409 0.11097794860156614 32
1615967900564 0.10703501594600393 33
1615967993464 0.10896582923718352 34
1615968085467 0.10985197238068083 35
1615968177772 0.11448668277085718 36
1615968269976 0.11657757990395845 37
1615968362330 0.11794266860876511 38
1615968454332 0.10748589750546128 39
1615968546905 0.11120459837700004 40
1615968639222 0.1091596243986443 41
1615968731556 0.11937070960429177 42
1615968823837 0.11661003418822787 43
1615968916311 0.12092566223286871 44
1615969008499 0.11614899404013335 45
1615969099944 0.11055725723949832 46
1615969191138 0.10390088006631652 47
1615969282294 0.10622098018873984 48
1615969373404 0.10482237943962439 49
1615969464696 0.10256171849236559 50
1615969555751 0.10264385636173078 51
1615969646723 0.1014197673370589 52
1615969737838 0.1030223707654583 53
1615969828878 0.10461544367804457 54
1615969919941 0.10569461334997149 55
1615970010801 0.11131291425050195 56
1615970101820 0.10019681080063778 57
1615970192816 0.1025468306754952 58
1615970283927 0.10330803180808451 59
1615970374999 0.09804649762253263 60
1615970466128 0.09766506526007582 61
1615970557249 0.09605158709768039 62
1615970648321 0.09668774480250344 63
1615970739409 0.0990827243719528 64
1615970830596 0.09814421187585859 65
1615970921578 0.0972727323645976 66
1615971012576 0.09723274832341208 67
1615971103628 0.09640649094510434 68
1615971194706 0.09600911478498089 69
1615971285866 0.09472402085119219 70
1615971376893 0.09473972089255034 71
1615971467998 0.09456032247685675 72
1615971559026 0.09878224846142442 73
1615971649938 0.09396775622866047 74
1615971741104 0.09848231610967152 75
1615971832215 0.09268251016958436 76
1615971923227 0.0919791468933447 77
1615972014339 0.09021389395443362 78
1615972105291 0.09146983854806245 79
1615972196504 0.0909556088162892 80
1615972287787 0.08859102227794591 81
1615972379147 0.09119257553299862 82
1615972470471 0.08875414862561581 83
1615972561624 0.1348900252313756 84
1615972652752 0.12997445330690982 85
1615972743887 0.11036355459868018 86
1615972835140 0.12340425288499292 87
1615972926052 0.10829436334211436 88
1615973017204 0.09909905960310751 89
1615973108253 0.09578065818815089 90
1615973199320 0.09773865653507745 91
1615973290501 0.09816773435962733 92
1615973381414 0.09332015710090523 93
1615973472371 0.09405857769411001 94
1615973563470 0.08914897068222957 95
1615973654774 0.08909766264815829 96
1615973745854 0.08945105947665315 97
1615973836718 0.0884650456371592 98
1615973927725 0.08568860256849829 99
1615974018909 0.08952657678234044 100
1615974110045 0.08956209136478936 101
1615974201153 0.08559589154684721 102
1615974292079 0.08427946425195951 103
1615974383328 0.08755471368334186 104
1615974474436 0.08770279653036772 105
1615974566340 0.09296178283976085 106
1615974657597 0.08722557950375685 107
1615974748758 0.08380221341972921 108
1615974839776 0.08247830084900358 109
1615974931039 0.08297746572921526 110
1615975022421 0.0840308915323286 111
1615975113650 0.08307552337646484 112
1615975204812 0.08169079983412329 113
1615975295945 0.08410272580474171 114
1615975386993 0.08167604901897374 115
1615975478130 0.0804723928223795 116
1615975569255 0.079402883551014 117
1615975660399 0.08070987196110968 118
1615975751461 0.08230195561451699 119
1615975842728 0.08059697275731101 120
1615975933903 0.0783840453446801 121
1615976025103 0.08088679189112649 122
1615976116392 0.08304619878085691 123
1615976207660 0.0828861896671466 124
1615976298797 0.08220897681677519 125
1615976389987 0.08037819079498747 126
1615976481331 0.08019925142402079 127
1615976572685 0.08125344852902996 128
1615976664017 0.07657863488837854 129
1615976755488 0.07878950994406174 130
1615976846552 0.08212636388949494 131
1615976937437 0.07836329936981201 132
1615977028519 0.07698802182923502 133
1615977119943 0.07929818043068274 134
1615977211451 0.07874854465029132 135
1615977302639 0.07616743934688283 136
1615977393938 0.07494709562899461 137
1615977485499 0.07866833192199024 138
1615977576736 0.07746811856084795 139
1615977667971 0.07565256908758362 140
1615977759422 0.07517968985571791 141
1615977850724 0.07592990683085883 142
1615977941826 0.07439064000969503 143
1615978033591 0.07758521766804938 144
1615978125190 0.07439622416425107 145
1615978216604 0.07427147787008713 146
1615978308066 0.07376536860394833 147
1615978399410 0.07440118380446932 148
1615978490606 0.0742457179880854 149
1615978582057 0.07222290893099201 150
1615978673526 0.07520875912993702 151
1615978764934 0.07491884213774952 152
1615978856466 0.07319642536675752 153
1615978947744 0.0732794777670903 154
1615979039013 0.07501291161152854 155
1615979130460 0.0741437344408747 156
1615979221888 0.07119373599095132 157
1615979313656 0.0703155309406679 158
1615979405421 0.0757827474110162 159
1615979497102 0.07294604582573051 160
1615979588580 0.07372705260319497 161
1615979679834 0.07478444344961821 162
1615979771074 0.08080883880159748 163
1615979862319 0.07323099606072725 164
1615979953561 0.07192482699209185 165
1615980044783 0.0745187953336915 166
1615980136192 0.06939978652925634 167
1615980227543 0.06863490236339284 168
1615980318769 0.07026907668184879 169
1615980410216 0.0681088798081697 170
1615980501701 0.07039725869449216 171
1615980593392 0.0682260874492019 172
1615980685013 0.07086892715140955 173
1615980776329 0.07352674185340084 174
1615980867305 0.06939583927837771 175
1615980958776 0.07011948681589383 176
1615981050464 0.0708884472277627 177
1615981141842 0.09385372809509733 178
1615981232831 0.08103283750477122 179
1615981324175 0.07711342822259931 180
1615981415699 0.07805020595664408 181
1615981506861 0.07263091517918145 182
1615981598300 0.07180232343389027 183
1615981689678 0.0705536096843321 184
1615981781057 0.0686263459831921 185
1615981872161 0.07105324517435102 186
1615981963727 0.06739536506026539 187
1615982055561 0.06812978057718988 188
1615982146802 0.07478146232775788 189
1615982237955 0.08513513073992374 190
1615982329016 0.08519845222359274 191
1615982420038 0.0739556115065048 192
1615982511149 0.07242610383389601 193
1615982602275 0.06808470167330842 194
1615982693815 0.07103873099853743 195
1615982785099 0.06622968413936559 196
1615982876413 0.06425224311316191 197
1615982967781 0.06730719733594069 198
1615983059062 0.0692932979384465 199
1615983151469 0.06649274790464942 200
1615983242811 0.06835495980817881 201
1615983333916 0.0691997640168489 202
1615983425278 0.06664270607393179 203
1615983516800 0.06523496446324818 204
1615983608062 0.06673379709471518 205
1615983699207 0.06383041214587083 206
1615983790480 0.0662290542872984 207
1615983882034 0.06494209481709039 208
1615983973482 0.06712743773389218 209
1615984064994 0.06515220919651772 210
1615984156458 0.06550744042467715 211
1615984247895 0.06523412643973507 212
1615984339469 0.06497822768652617 213
1615984431041 0.0667932851990657 214
1615984525977 0.06472676102794818 215
1615984617924 0.06558138398981805 216
1615984709575 0.06349658076442889 217
1615984801026 0.06483450665402768 218
1615984892366 0.06762306458914458 219
1615984984001 0.06472981509877675 220
1615985075235 0.0692276705556841 221
1615985166403 0.06438563386006142 222
1615985257707 0.06456230914414819 223
1615985348749 0.06592411870387063 224
1615985440086 0.06309442288839995 225
1615985530937 0.06413927273963814 226
1615985622243 0.0650195390430849 227
1615985713554 0.05995855313628467 228
1615985805153 0.06121144010059869 229
1615985896858 0.06334568671326139 230
1615985989200 0.06274809677209427 231
1615986080854 0.060438664991464185 232
1615986172594 0.06180024058071535 233
1615986263966 0.06333110047810113 234
1615986355641 0.06007926944476455 235
1615986446713 0.06293002705075848 236
1615986538089 0.060765022662148546 237
1615986630898 0.06118939527824743 238
1615986724524 0.06052878365587833 239
1615986816848 0.061569801017419615 240
1615986909951 0.06316942866168805 241
1615987003428 0.06280837486039346 242
1615987097367 0.0631568111590485 243
1615987191185 0.062383076148246654 244
1615987284318 0.06361243795992723 245
1615987377354 0.06442779747407827 246
1615987470104 0.06445559103097488 247
1615987564767 0.06568612892236282 248
1615987658280 0.060486363830851084 249
