1612886852940 0.5996337968911698 0
1612886958782 0.4234883758559156 1
1612887064396 0.33909434258048216 2
1612887171635 0.29119818624275834 3
1612887278931 0.25794869109765806 4
1612887384433 0.23398222911417188 5
1612887490046 0.21527545627500458 6
1612887595760 0.2001946220424638 7
1612887701308 0.18781367028332865 8
1612887807393 0.17719219469312414 9
1612887914822 0.16870129504714926 10
1612888022132 0.1611604627536897 11
1612888128019 0.1543236686906913 12
1612888234775 0.14833842754872367 13
1612888340975 0.1431206076892454 14
1612888446651 0.13841325695167725 15
1612888552230 0.13434393255201946 16
1612888657977 0.13112240436658337 17
1612888765316 0.1275802189593978 18
1612888870927 0.12430600675184333 19
1612888976696 0.12121774659736322 20
1612889084048 0.11836413592302328 21
1612889189672 0.1160720937983855 22
1612889295208 0.11385634033685892 23
1612889400923 0.11179006608564461 24
1612889506555 0.10965540820367026 25
1612889612361 0.1075881852373489 26
1612889717941 0.10576024365577616 27
1612889823476 0.10411558354324246 28
1612889929201 0.10236258844831096 29
1612890034908 0.10075983782484947 30
1612890140543 0.09928169268280711 31
1612890247129 0.09783571422073108 32
1612890352859 0.09643823162205287 33
1612890458508 0.09518827395652656 34
1612890564057 0.09396612743042396 35
1612890671327 0.09272116309647216 36
1612890776957 0.09145733362937292 37
1612890882584 0.0902792530820783 38
1612890988222 0.08919203403725554 39
1612891094110 0.0881581994286875 40
1612891199775 0.08709897743782932 41
1612891305369 0.08611501593508683 42
1612891414340 0.08515870366927888 43
1612891520119 0.08426725024212256 44
1612891627464 0.08336699536912709 45
1612891734614 0.08247591081442397 46
1612891840294 0.08164858351002878 47
1612891947490 0.08084379197837302 48
1612892053151 0.08007434921478157 49
1612892161109 0.07932340005074184 50
1612892266715 0.07860377355640161 51
1612892373943 0.07794807223124223 52
1612892479448 0.07728801225350665 53
1612892584962 0.07667202148864517 54
1612892689876 0.0760826451151864 55
1612892795433 0.07544126625178403 56
1612892901892 0.0748066112238049 57
1612893007591 0.07423790224045401 58
1612893113369 0.07375016016746634 59
1612893219097 0.07325084872428961 60
1612893324712 0.07271081846266567 61
1612893430434 0.07217628774810135 62
1612893536178 0.07164869129435338 63
1612893643467 0.0711063057492165 64
1612893748975 0.07056905778755918 65
1612893854708 0.07004710413825938 66
1612893961985 0.06952840771405082 67
1612894067602 0.0690644509782529 68
1612894173240 0.06860040361438985 69
1612894278932 0.06813311842476741 70
1612894384416 0.06771946511853788 71
1612894490094 0.06730597583678719 72
1612894595871 0.06690016494685962 73
1612894701396 0.06653029891388926 74
1612894806962 0.06613488013081352 75
1612894912439 0.06574819059791571 76
1612895017962 0.06537325947712629 77
1612895124145 0.06498589456903445 78
1612895229742 0.06458557420479717 79
1612895335484 0.06418298304311605 80
1612895441038 0.06383979877082052 81
1612895546601 0.0634740402942466 82
1612895655414 0.06312560131766733 83
1612895761063 0.0627841302969667 84
1612895866539 0.06242921662926466 85
1612895972150 0.06210624619482474 86
1612896080104 0.06175498033556555 87
1612896185674 0.061413654980394784 88
1612896291131 0.06110477892320546 89
1612896396512 0.06080349365257524 90
1612896504580 0.060480604353158364 91
1612896610871 0.06018108632663646 92
1612896717125 0.059867623260037105 93
1612896822724 0.059547795869193475 94
1612896928345 0.05923743468167176 95
1612897033792 0.05893547429655456 96
1612897139401 0.05864050843677177 97
1612897247278 0.05833927004940815 98
1612897352699 0.05807359139421092 99
1612897458357 0.05780716670463192 100
1612897564612 0.05754870789456443 101
1612897670192 0.057313957312472935 102
1612897775602 0.05700819264460101 103
1612897881054 0.05673420682560066 104
1612897988329 0.056443092093538864 105
1612898093860 0.056159704919472635 106
1612898199384 0.05590770030759722 107
1612898304926 0.05563610125351943 108
1612898413605 0.05535622632972581 109
1612898519151 0.055074666149756965 110
1612898626260 0.054819028498902744 111
1612898731748 0.05458513354549726 112
1612898837380 0.05434840259735543 113
1612898942935 0.05410919996301202 114
1612899047583 0.053867542660856006 115
1612899154938 0.053654103828702185 116
1612899260469 0.05343395280831979 117
1612899365904 0.053181832734993925 118
1612899471449 0.05293005873166504 119
1612899578000 0.05269620627205276 120
1612899683547 0.052465057829524805 121
1612899789843 0.05225428543598843 122
1612899895315 0.0520684866805919 123
1612900000817 0.051848854648533144 124
1612900106433 0.05163745011263225 125
1612900212099 0.051401520688828826 126
1612900317535 0.0511650308035314 127
1612900423131 0.05094518215171057 128
1612900528498 0.05073004640065706 129
1612900633912 0.05050578048238181 130
1612900739378 0.05029057936127074 131
1612900846434 0.05010687009264303 132
1612900951928 0.049956476278096844 133
1612901057309 0.04976646541033481 134
1612901164428 0.04956959207608471 135
1612901269839 0.049369560222841835 136
1612901375444 0.049159637802017986 137
1612901482821 0.0489566993677538 138
1612901588359 0.04874035900335576 139
1612901696377 0.04854012170367434 140
1612901801911 0.04833874831260791 141
1612901907333 0.04814270764897255 142
1612902012834 0.0479794016685553 143
1612902118529 0.047799162869593306 144
1612902224068 0.04762058194930069 145
1612902329470 0.04745417797622346 146
1612902434906 0.047273982371856905 147
1612902542747 0.04708984054473529 148
1612902649855 0.046897263277822454 149
1612902755486 0.04673239283261473 150
1612902861039 0.046558035035725184 151
1612902968351 0.046408807489421 152
1612903074082 0.046230479985342667 153
1612903181286 0.04605415076892652 154
1612903287041 0.0458747486170799 155
1612903392659 0.04569434764913556 156
1612903499821 0.04550571261924312 157
1612903608602 0.04531510249668473 158
1612903714948 0.04512018236095335 159
1612903820545 0.044933941931877934 160
1612903925991 0.04475976858148703 161
1612904031332 0.04459927158143513 162
1612904138486 0.04443026199790404 163
1612904243908 0.04426276079403874 164
1612904351031 0.04409441845469757 165
1612904456508 0.04391827746534573 166
1612904561947 0.043750843640837846 167
1612904667375 0.04358245917852298 168
1612904772757 0.04342143702025577 169
1612904879933 0.04326240774161156 170
1612904985324 0.04311114018967234 171
1612905090759 0.042944567848985885 172
1612905196305 0.04279124894770408 173
1612905302057 0.04262791584295505 174
1612905407606 0.04246340712261977 175
1612905514786 0.04231366563661574 176
1612905621805 0.04215171014065114 177
1612905727248 0.04202001629386246 178
1612905832591 0.04189133149375568 179
1612905938075 0.04174446517502848 180
1612906043477 0.04159601350211503 181
1612906150589 0.041466887784173394 182
1612906257723 0.041327881032696495 183
1612906363974 0.04118351169342282 184
1612906469387 0.04102947905269869 185
1612906574880 0.040878775689900476 186
1612906680361 0.040745283728101676 187
1612906785910 0.04060043188046292 188
1612906893910 0.040476897155217836 189
1612907000250 0.04033904624952231 190
1612907105774 0.040211475000193175 191
1612907211278 0.04007694480332687 192
1612907316708 0.03993906095626264 193
1612907422267 0.03982541979476953 194
1612907527720 0.039701085500226246 195
1612907633146 0.03957731594722537 196
1612907738747 0.03944666352312292 197
1612907845927 0.039326065610195964 198
1612907951623 0.039203982371002886 199
1612908057187 0.03907284447528423 200
1612908163379 0.038948894559993556 201
1612908268833 0.03884614945667543 202
1612908376002 0.038735397947193904 203
1612908483036 0.03862276720401805 204
1612908588400 0.038492438024825736 205
1612908693727 0.038368675551303445 206
1612908799321 0.03825016849675354 207
1612908904729 0.03812617451295184 208
1612909010327 0.03799465013126491 209
1612909119086 0.03787394840545126 210
1612909224551 0.037754803425961575 211
1612909330023 0.03764342245545387 212
1612909435295 0.03751786163136257 213
1612909542361 0.03740178027611481 214
1612909649637 0.03729762638172041 215
1612909755152 0.037191307998128274 216
1612909860603 0.037099324504463675 217
1612909966081 0.03699615142149306 218
1612910071640 0.036875842796737175 219
1612910177486 0.03675039922988994 220
1612910283209 0.03664256323164504 221
1612910388788 0.036523586192066256 222
1612910495239 0.03642156803166307 223
1612910602296 0.03631853353522508 224
1612910707793 0.036213561925968675 225
1612910814125 0.03610152644952441 226
1612910920398 0.03599658008722398 227
1612911025885 0.0359054283905253 228
1612911134574 0.0358186800397889 229
1612911243473 0.03572642481233858 230
1612911350760 0.03562889413402918 231
1612911456287 0.03552055267633691 232
1612911561648 0.035420198398884 233
1612911667017 0.03532724360429358 234
1612911772396 0.03523053074302234 235
1612911879624 0.03513465586668959 236
1612911984954 0.03504312515378402 237
1612912090685 0.03493965459347873 238
1612912196121 0.034843746046373504 239
1612912301596 0.034764051153141996 240
1612912407099 0.03468646646001799 241
1612912512607 0.03459509940838889 242
1612912618053 0.03450495207370976 243
1612912724334 0.034403877508121045 244
1612912829755 0.034312737496526136 245
1612912935191 0.03422148797913861 246
1612913040644 0.03413458678962867 247
1612913146051 0.03404715588458228 248
1612913251480 0.03394949503087286 249
1612913356976 0.033859289063917955 250
1612913462421 0.03376590112280264 251
1612913569712 0.033677248267408436 252
1612913675137 0.03359258916364292 253
1612913780621 0.0335045435535374 254
1612913886224 0.03341408902014704 255
1612913991633 0.03331546238528097 256
1612914097182 0.033236142276793494 257
1612914202753 0.03314786385866103 258
1612914308202 0.033068289764302476 259
1612914413744 0.03298399688967535 260
1612914520025 0.03290008215435929 261
1612914625523 0.03282430257749074 262
1612914732636 0.03275137762309523 263
1612914839654 0.032677500300325506 264
1612914945064 0.03259120908480223 265
1612915052192 0.0325073903852701 266
1612915159673 0.03242508046317404 267
1612915266353 0.03234559920296741 268
1612915371888 0.032263184163766785 269
1612915477304 0.03219738012238104 270
1612915583486 0.03212006815935668 271
1612915689003 0.03204422784434278 272
1612915794360 0.03197141564584581 273
1612915899799 0.03188888018296241 274
1612916005226 0.03181434403552964 275
1612916112485 0.03173499848540857 276
1612916217930 0.03165479171267133 277
1612916323395 0.031578450883263255 278
1612916428975 0.03150423338799589 279
1612916534639 0.031427288340985286 280
1612916640087 0.031360990965544296 281
1612916745557 0.031292158119110534 282
1612916852602 0.031215592949410974 283
1612916959019 0.031137185937667223 284
1612917064387 0.03106816370394395 285
1612917169851 0.030994909271149187 286
1612917276905 0.03092537652608472 287
1612917382275 0.03085365472041595 288
1612917487781 0.030780405637473116 289
1612917593351 0.030712609414095135 290
1612917698854 0.03065300989531224 291
1612917804396 0.030586655584673165 292
1612917910187 0.030521986472181833 293
1612918017451 0.030467103998057316 294
1612918122923 0.03039184606702832 295
1612918228509 0.030328633950112364 296
1612918334085 0.030271939045917448 297
1612918439525 0.030208892072603268 298
1612918544922 0.030142130143013778 299
