1612886852938 0.5996337968911698 0
1612886958780 0.2473429548206614 1
1612887064394 0.17030627602961526 2
1612887171634 0.14750971722958692 3
1612887278929 0.12495071051725701 4
1612887384431 0.1141499191967409 5
1612887490045 0.10303481924000071 6
1612887595758 0.09462878241467831 7
1612887701306 0.08876605621024744 8
1612887807391 0.08159891438128343 9
1612887914820 0.08379229858740052 10
1612888022130 0.07821130752563477 11
1612888128018 0.0722821399347106 12
1612888234773 0.07053029270314459 13
1612888340973 0.07007112965654971 14
1612888446649 0.0678029958881549 15
1612888552228 0.06923474215749484 16
1612888657975 0.07635642521416963 17
1612888765314 0.06382088163005772 18
1612888870925 0.06209597480830861 19
1612888976695 0.05945254350776103 20
1612889084046 0.05843831176188455 21
1612889189670 0.06564716705635412 22
1612889295206 0.06289401072174755 23
1612889400921 0.06219948405650125 24
1612889506553 0.05628896115431145 25
1612889612360 0.05384038811299338 26
1612889717939 0.0564058209533122 27
1612889823474 0.05806510039229891 28
1612889929199 0.05152573069529747 29
1612890034906 0.05267731912100493 30
1612890140541 0.053459193279494104 31
1612890247127 0.05156440343429793 32
1612890352856 0.0503213058656721 33
1612890458506 0.052689713328631954 34
1612890564055 0.05119099901683295 35
1612890671326 0.047902447074206905 36
1612890776955 0.0446956433467011 37
1612890882583 0.04551219228488296 38
1612890988220 0.04679049128916726 39
1612891094108 0.0468048150859662 40
1612891199773 0.04367087581264439 41
1612891305367 0.04478863281990165 42
1612891414339 0.04403727623953748 43
1612891520117 0.045043299447244674 44
1612891627462 0.04285552608433055 45
1612891734613 0.04148602129808113 46
1612891840292 0.04276420020345432 47
1612891947489 0.042213798458896466 48
1612892053150 0.0423716537988008 49
1612892161107 0.04177594184875488 50
1612892266714 0.04190282234505041 51
1612892373942 0.04385160332295432 52
1612892479447 0.04230483343352133 53
1612892584960 0.04340852018612534 54
1612892689875 0.0436669445749539 55
1612892795431 0.03952404990125058 56
1612892901891 0.03863127462899507 57
1612893007589 0.04125278120610251 58
1612893113367 0.04497337786119376 59
1612893219095 0.04329216213368658 60
1612893324710 0.03976897250360517 61
1612893430432 0.03903538344511345 62
1612893536177 0.038410114708231455 63
1612893643465 0.03639363086045678 64
1612893748973 0.03564794027983253 65
1612893854706 0.035598163284472566 66
1612893961983 0.034775747292077365 67
1612894067600 0.03751539294399432 68
1612894173239 0.036581135507839826 69
1612894278930 0.03542315515119638 70
1612894384414 0.03835008037624074 71
1612894490092 0.03753474755073661 72
1612894595869 0.03727596998214722 73
1612894701395 0.039160212474082835 74
1612894806961 0.03647847140013282 75
1612894912438 0.036359786097683124 76
1612895017960 0.03650356317634013 77
1612895124143 0.03477143173787131 78
1612895229740 0.03296026543005189 79
1612895335483 0.031975690108626637 80
1612895441037 0.03604187271488247 81
1612895546599 0.033481845215185366 82
1612895655412 0.03420516626158757 83
1612895761062 0.034100564558114575 84
1612895866538 0.032261554874590974 85
1612895972142 0.03433078883299187 86
1612896080102 0.03119485058001618 87
1612896185672 0.031377023725367305 88
1612896291129 0.033614809833355803 89
1612896396510 0.03368781929585471 90
1612896504579 0.03109767810622258 91
1612896610869 0.032625427886621275 92
1612896717123 0.030715558066296934 93
1612896822722 0.029484021129892832 94
1612896928343 0.0297531218671087 95
1612897033790 0.029947277325302807 96
1612897139400 0.030028820037841797 97
1612897247276 0.028817908087773108 98
1612897352698 0.0317714045296854 99
1612897458355 0.03116469774673234 100
1612897564610 0.03144436807774786 101
1612897670191 0.033369397939141114 102
1612897775600 0.02551443185379256 103
1612897881052 0.02823968164956392 104
1612897988327 0.02587604522705078 105
1612898093858 0.026120664468452112 106
1612898199383 0.028943206836928182 107
1612898304924 0.02630340341311782 108
1612898413603 0.02484985963622136 109
1612898519149 0.024103046353183576 110
1612898626259 0.026443249254084346 111
1612898731746 0.028388898764083636 112
1612898837379 0.02759780545732868 113
1612898942933 0.02684009964786359 114
1612899047581 0.02607695291291422 115
1612899154937 0.028895199298858643 116
1612899260467 0.02767628342358034 117
1612899365903 0.023431664082541395 118
1612899471448 0.022968952335528474 119
1612899577998 0.024633911118578555 120
1612899683545 0.024496096283642212 121
1612899789842 0.026540053424550528 122
1612899895313 0.029215239766818373 123
1612900000815 0.02461448267324647 124
1612900106431 0.0252118831250205 125
1612900212097 0.021674413289596784 126
1612900317533 0.021130815370758966 127
1612900423129 0.02280455471864387 128
1612900528496 0.022977534514754566 129
1612900633910 0.021351211106599266 130
1612900739376 0.022099232495720707 131
1612900846432 0.025857246633785875 132
1612900951926 0.029954098943454115 133
1612901057308 0.024305009130221693 134
1612901164427 0.022991691952321067 135
1612901269837 0.02216522818181052 136
1612901375443 0.020400266149150793 137
1612901482819 0.020951195439295984 138
1612901588358 0.018669048352028008 139
1612901696376 0.02050689974827553 140
1612901801909 0.01994510017224212 141
1612901907331 0.020304933412751153 142
1612902012832 0.02462664646888847 143
1612902118527 0.021844775819066745 144
1612902224066 0.021726348506870555 145
1612902329469 0.023159197906949626 146
1612902434904 0.020785228529972815 147
1612902542745 0.01983685013073594 148
1612902649853 0.01820325050781022 149
1612902755484 0.022001826051455824 150
1612902861038 0.0202300077054038 151
1612902968349 0.023726220451184173 152
1612903074080 0.018946371861358186 153
1612903181284 0.018899451440839626 154
1612903287040 0.018067415080853362 155
1612903392657 0.01755179664981899 156
1612903499820 0.015890012926130154 157
1612903608601 0.015198703132458587 158
1612903714946 0.014127880779664908 159
1612903820543 0.015135473279810664 160
1612903925990 0.016717859168550862 161
1612904031330 0.018598757573028108 162
1612904138484 0.016881699882336516 163
1612904243905 0.01679256336012883 164
1612904351029 0.016317932463403958 165
1612904456506 0.014678873232941128 166
1612904561945 0.01578939494801991 167
1612904667374 0.015293869509625791 168
1612904772756 0.016208692273097253 169
1612904879932 0.01622743037209582 170
1612904985321 0.017244388808065385 171
1612905090757 0.014294125250915982 172
1612905196303 0.016267079025951783 173
1612905302056 0.014207955616623608 174
1612905407604 0.013674381063945258 175
1612905514784 0.015959164099906806 176
1612905621804 0.013485587354916246 177
1612905727247 0.01857851156547888 178
1612905832589 0.01885675227464135 179
1612905938074 0.015308527804132718 180
1612906043475 0.014726260704780692 181
1612906150587 0.017966007118794456 182
1612906257721 0.0158896455124243 183
1612906363972 0.014619553267066158 184
1612906469385 0.01253344051873506 185
1612906574879 0.012847950209432574 186
1612906680359 0.015782286871725053 187
1612906785901 0.013368284524376713 188
1612906893908 0.017128834083898745 189
1612907000248 0.014147374167371152 190
1612907105773 0.015845366378328694 191
1612907211277 0.014247147004995773 192
1612907316707 0.013327478472866229 193
1612907422265 0.017779034465106567 194
1612907527718 0.015455898064285961 195
1612907633144 0.015318483559053336 196
1612907738746 0.01370813597494097 197
1612907845925 0.015447678850657905 198
1612907951621 0.014909417771581394 199
1612908057186 0.01284526533155299 200
1612908163377 0.014034961586567894 201
1612908268832 0.018091638586414393 202
1612908376000 0.01625284152244454 203
1612908483034 0.01564609559614267 204
1612908588398 0.01177495629040163 205
1612908693726 0.012873606005711342 206
1612908799319 0.013719208204924171 207
1612908904727 0.012335425882197139 208
1612909010325 0.01050605435869587 209
1612909119084 0.01252658598458589 210
1612909224549 0.012615212753637512 211
1612909330021 0.014030656707820608 212
1612909435293 0.010773406099917284 213
1612909542359 0.012560370253093207 214
1612909649635 0.014904539086925449 215
1612909755151 0.014226537142226945 216
1612909860602 0.01713890637924422 217
1612909966079 0.0145044193338992 218
1612910071638 0.01052825397519923 219
1612910177484 0.009152814523497624 220
1612910283208 0.012810807619521867 221
1612910388787 0.010110683405577248 222
1612910495238 0.013671518261752912 223
1612910602295 0.013238806333114852 224
1612910707791 0.012594949843278571 225
1612910814124 0.010781508773120481 226
1612910920396 0.012173755845027183 227
1612911025883 0.0151228415432261 228
1612911134572 0.015953307721152235 229
1612911243472 0.014507722498765632 230
1612911350759 0.013099307444558214 231
1612911456285 0.010385334491729736 232
1612911561647 0.012037651752358053 233
1612911667015 0.013575821670133676 234
1612911772394 0.012503008344280185 235
1612911879623 0.012508185052160007 236
1612911984953 0.01335034619516401 237
1612912090683 0.010313661240819675 238
1612912196120 0.011921603288223495 239
1612912301595 0.015637276777580603 240
1612912407097 0.01598855541713202 241
1612912512605 0.01248427291414631 242
1612912618051 0.012599149746681327 243
1612912724332 0.009741683504474697 244
1612912829753 0.011983434655773105 245
1612912935189 0.01177410670180819 246
1612913040642 0.012669992980672352 247
1612913146050 0.012364291433078139 248
1612913251479 0.009631942457227564 249
1612913356974 0.011307797325191214 250
1612913462420 0.010325527902859361 251
1612913569710 0.011336728708067937 252
1612913675135 0.012173835910967927 253
1612913780620 0.011140958586735512 254
1612913886222 0.010348183005603391 255
1612913991631 0.008067043859567215 256
1612914097180 0.012850874395512822 257
1612914202751 0.010372031980486059 258
1612914308200 0.012458599325436265 259
1612914413742 0.011067849486621458 260
1612914520023 0.010998336236868331 261
1612914625521 0.012970053437930434 262
1612914732634 0.013572114617077273 263
1612914839652 0.013173887089117249 264
1612914945062 0.009724036971134926 265
1612915052190 0.010211616309721078 266
1612915159671 0.01044833126352794 267
1612915266352 0.011044621467590332 268
1612915371887 0.010093538618799466 269
1612915477302 0.01443028894822989 270
1612915583485 0.011168526179754912 271
1612915689001 0.011415662160560267 272
1612915794359 0.012093685456176303 273
1612915899798 0.009274163352909372 274
1612916005224 0.01131690349151839 275
1612916112483 0.009835626651991659 276
1612916217928 0.009437515664456496 277
1612916323393 0.010355700307817602 278
1612916428974 0.010797552208402264 279
1612916534637 0.00988267517801541 280
1612916640085 0.012731428466626067 281
1612916745555 0.011881295424788746 282
1612916852601 0.009547649924434833 283
1612916959017 0.0088695946024425 284
1612917064385 0.011396827092811243 285
1612917169849 0.010044141491847252 286
1612917276904 0.010969478692581405 287
1612917382273 0.01019777468780973 288
1612917487779 0.009611420666993553 289
1612917593349 0.011051704634481402 290
1612917698852 0.01330954992949073 291
1612917804394 0.011211196878063144 292
1612917910185 0.01157393651222115 293
1612918017449 0.014331656605450075 294
1612918122921 0.008190756413474012 295
1612918228508 0.011617847342989337 296
1612918334084 0.01343355250002733 297
1612918439524 0.011420894024977044 298
1612918544920 0.010180313195755233 299
