1617045605938 0.5412457618624607 0
1617045781272 0.41460776118997567 1
1617045956442 0.3539630037778658 2
1617046131677 0.31213430755157423 3
1617046306349 0.280693498658056 4
1617046480918 0.26032205220602506 5
1617046655982 0.24394483875630477 6
1617046830789 0.2305898904017708 7
1617047005572 0.22106310372938787 8
1617047180302 0.21063296554332722 9
1617047355291 0.20250185851612973 10
1617047529718 0.19514519328925206 11
1617047704230 0.1883907990527085 12
1617047878713 0.18237007118755882 13
1617048053190 0.1768866817314997 14
1617048227697 0.17221702988621126 15
1617048402282 0.1685532848368188 16
1617048576685 0.1648829852805493 17
1617048751259 0.16128667577379463 18
1617048925843 0.15783701449474125 19
1617049100360 0.15471916744747818 20
1617049274967 0.15199983284432206 21
1617049449530 0.14946939263261932 22
1617049624300 0.1469892086692366 23
1617049798698 0.14464012942574128 24
1617049972969 0.1424202511990946 25
1617050147445 0.1403208669506959 26
1617050322330 0.13825397021958102 27
1617050496896 0.13641707115736262 28
1617050671590 0.1350991033889512 29
1617050846459 0.1338141723973811 30
1617051020955 0.13243384202050565 31
1617051195574 0.13100818806849687 32
1617051370186 0.12956886711904553 33
1617051544574 0.12816773361744405 34
1617051718931 0.1268346569298307 35
1617051893347 0.12549477102274595 36
1617052067548 0.1242386676785135 37
1617052242173 0.12302094695106991 38
1617052416578 0.12179942050988375 39
1617052591532 0.12057366725115365 40
1617052765885 0.11949666460462696 41
1617052940341 0.11840513770047807 42
1617053114822 0.11747944792480407 43
1617053289338 0.11656676250164255 44
1617053463520 0.11559027559438399 45
1617053637840 0.11473221362738349 46
1617053812272 0.11395967151129173 47
1617053986762 0.11325325750629775 48
1617054161299 0.11262050336742024 49
1617054335562 0.11181542665639746 50
1617054509809 0.11097740105531638 51
1617054684158 0.110111874917807 52
1617054858653 0.1092989081164589 53
1617055033231 0.10843298941764198 54
1617055207500 0.10759556334002915 55
1617055382024 0.10677225472660722 56
1617055556324 0.10596616789309128 57
1617055730589 0.10518940852056911 58
1617055905283 0.10460769947327622 59
1617056082582 0.10392516282236677 60
1617056256883 0.10318284928504642 61
1617056431208 0.1024946863424915 62
1617056605588 0.10183070950826849 63
1617056780132 0.10110767823346753 64
1617056954498 0.10040966247200611 65
1617057128895 0.1002085507764854 66
1617057303652 0.09971437638669797 67
1617057477996 0.09927536416488678 68
1617057652240 0.09888345698223062 69
1617057826471 0.09831765246936751 70
1617058000745 0.09766963083516086 71
1617058175222 0.09701020271888945 72
1617058350377 0.09639784032473575 73
1617058524804 0.09577144260075711 74
1617058699237 0.09514394671341234 75
1617058873426 0.09460144420624045 76
1617059047600 0.09402419192654496 77
1617059221936 0.09343085828752187 78
1617059396137 0.09282609784945928 79
1617059570566 0.09223260869579561 80
1617059744883 0.09164634151273077 81
1617059919184 0.09104348166557583 82
1617060093610 0.09045652216871242 83
1617060267774 0.08984046116569203 84
1617060442232 0.08927517382908227 85
1617060616381 0.08866771771992754 86
1617060790817 0.08806082637322171 87
1617060965261 0.08746034989724377 88
1617061139463 0.08687314359982 89
1617061313928 0.08630310697012872 90
1617061488183 0.08570823411670042 91
1617061662622 0.08513535443481185 92
1617061836757 0.08456142128273618 93
1617062010839 0.08397041110912172 94
1617062185507 0.08338309361302983 95
1617062359626 0.08281821531128614 96
1617062534044 0.0823930342102612 97
1617062708233 0.08188009595964006 98
1617062882395 0.08134855755129237 99
1617063056769 0.08079115082361693 100
1617063231138 0.08026714871307657 101
1617063405385 0.07974507863868235 102
1617063579568 0.07919516021430757 103
1617063753943 0.07865763406185275 104
1617063928072 0.07811375013289026 105
1617064102317 0.07755820745490027 106
1617064276538 0.07699192868977923 107
1617064450625 0.07645108917571365 108
1617064624620 0.07588293442171165 109
1617064799028 0.07534161682862087 110
1617064973552 0.07475393772387802 111
1617065148329 0.07419607981410273 112
1617065322917 0.0736211201208378 113
1617065497095 0.07306367761552834 114
1617065671030 0.07252246377134176 115
1617065845069 0.07194954583143261 116
1617066019384 0.07138449267970903 117
1617066193488 0.07081415712228624 118
1617066367779 0.07024478037356145 119
1617066541955 0.0696758074520203 120
1617066716016 0.06907044820481656 121
1617066890368 0.06850179280719068 122
1617067064587 0.06792833232774684 123
1617067238917 0.06735495019894334 124
1617067413117 0.06683591481380619 125
1617067587370 0.06630744998577176 126
1617067761527 0.06573149696843296 127
1617067935889 0.06512882625851578 128
1617068110258 0.06453970634681824 129
1617068284620 0.06393663879111534 130
1617068458978 0.06334885946180145 131
1617068633157 0.06274331515123635 132
1617068807453 0.062126699698424714 133
1617068981727 0.06153517461325345 134
1617069156217 0.061018064464760095 135
1617069330573 0.06043295191220815 136
1617069504818 0.059866150530460696 137
1617069679029 0.059274382445990925 138
1617069852951 0.058672214927375475 139
1617070027351 0.05807199444165349 140
1617070201719 0.0574844264729406 141
1617070375832 0.05688034759601893 142
1617070550180 0.05626936805331048 143
1617070724682 0.055642375860005235 144
1617070898853 0.05501686706604275 145
1617071072970 0.054400810479976566 146
1617071247374 0.05376854155195507 147
1617071421616 0.0531449441964401 148
1617071596094 0.05253530632347823 149
1617071770438 0.051913187563512805 150
1617071944430 0.05128641004287218 151
1617072118749 0.05062412815211242 152
1617072293228 0.0499879469738362 153
1617072467384 0.0493491617296666 154
1617072641579 0.04870308415209232 155
1617072815927 0.048063175051774376 156
1617072990331 0.04740443040681777 157
1617073164525 0.04676967211455013 158
1617073338803 0.0461271966330737 159
1617073512992 0.04550642850256802 160
1617073687324 0.0449006179585419 161
1617073861383 0.044275186112742115 162
1617074035784 0.04362646676515404 163
1617074209870 0.042957526412363195 164
1617074384107 0.04230699373346605 165
1617074558012 0.04165690895032336 166
1617074732423 0.040990426851103434 167
1617074906557 0.040316892744548645 168
1617075080677 0.039632194238517916 169
1617075254913 0.03894778583208059 170
1617075429588 0.03836089691800657 171
1617075604201 0.03781330688233334 172
1617075778687 0.0371815173125533 173
1617075952704 0.03648302270331647 174
1617076126623 0.035794287060844115 175
1617076300825 0.0350912792045811 176
1617076475164 0.0343937200293508 177
1617076649173 0.033670095594616034 178
1617076823213 0.03296477030379256 179
1617076997343 0.03223583427855256 180
1617077171508 0.03151559546667809 181
1617077345471 0.030772429600846602 182
1617077520232 0.030049249668546208 183
1617077697814 0.029297232571957193 184
1617077871862 0.028546205607377785 185
1617078045992 0.02781177032770716 186
1617078220231 0.027068960254517823 187
1617078394482 0.026284248803490735 188
1617078568730 0.025531735868492552 189
1617078743097 0.024756451729335265 190
1617078917311 0.023990457598450254 191
1617079091676 0.02320080974265868 192
1617079265797 0.022422735610362766 193
1617079439682 0.02165568274838585 194
1617079613736 0.020860654175668954 195
1617079787850 0.020074519541109358 196
1617079961852 0.019274678833657796 197
1617080135942 0.01848047929704924 198
1617080309677 0.017676490316207123 199
