1617045605940 0.3668672622170948 0
1617045605942 0.3668672622170948 0
1617045781274 0.49503092791812686 1
1617045781276 0.49503092791812686 1
1617045956444 0.5610133212043017 2
1617045956446 0.5610133212043017 2
1617046131679 0.6072033572810587 3
1617046131681 0.6072033572810587 3
1617046306351 0.6427006768599584 4
1617046306353 0.6427006768599584 4
1617046480920 0.666035871307276 5
1617046480923 0.666035871307276 5
1617046655984 0.6846720916673306 6
1617046655986 0.6846720916673306 6
1617046830791 0.6997604628077363 7
1617046830793 0.6997604628077363 7
1617047005574 0.7105339408663844 8
1617047005576 0.7105339408663844 8
1617047180304 0.7224664263477725 9
1617047180307 0.7224664263477725 9
1617047355293 0.731911100026636 10
1617047355295 0.731911100026636 10
1617047529721 0.7403481644983615 11
1617047529723 0.7403481644983615 11
1617047704232 0.7481032997323228 12
1617047704235 0.7481032997323228 12
1617047878715 0.7550652213600536 13
1617047878717 0.7550652213600536 13
1617048053193 0.761436530544174 14
1617048053195 0.761436530544174 14
1617048227699 0.7668479194034205 15
1617048227702 0.7668479194034205 15
1617048402284 0.7708712019363687 16
1617048402287 0.7708712019363687 16
1617048576687 0.7750729997020872 17
1617048576690 0.7750729997020872 17
1617048751261 0.7791160570999339 18
1617048751263 0.7791160570999339 18
1617048925846 0.7829927701884949 19
1617048925848 0.7829927701884949 19
1617049100362 0.7865733629967723 20
1617049100364 0.7865733629967723 20
1617049274970 0.7896075290857877 21
1617049274972 0.7896075290857877 21
1617049449532 0.7924354668766505 22
1617049449536 0.7924354668766505 22
1617049624303 0.7952325939492656 23
1617049624305 0.7952325939492656 23
1617049798701 0.7978468279687543 24
1617049798703 0.7978468279687543 24
1617049972972 0.800348899696506 25
1617049972974 0.800348899696506 25
1617050147447 0.802694895009378 26
1617050147450 0.802694895009378 26
1617050322332 0.8049878946871695 27
1617050322335 0.8049878946871695 27
1617050496898 0.8070126326084702 28
1617050496901 0.8070126326084702 28
1617050671592 0.8083910650280051 29
1617050671594 0.8083910650280051 29
1617050846461 0.8097496307282717 30
1617050846463 0.8097496307282717 30
1617051020957 0.8111812610942986 31
1617051020960 0.8111812610942986 31
1617051195576 0.8127101461636332 32
1617051195578 0.8127101461636332 32
1617051370188 0.8142254539012123 33
1617051370191 0.8142254539012123 33
1617051544576 0.815722966768542 34
1617051544578 0.815722966768542 34
1617051718934 0.8171417978419089 35
1617051718936 0.8171417978419089 35
1617051893349 0.8185451140018594 36
1617051893351 0.8185451140018594 36
1617052067550 0.8198518397243496 37
1617052067553 0.8198518397243496 37
1617052242176 0.8211494323633141 38
1617052242178 0.8211494323633141 38
1617052416580 0.8224138372947019 39
1617052416583 0.8224138372947019 39
1617052591535 0.8236887060875926 40
1617052591537 0.8236887060875926 40
1617052765888 0.8247767004452152 41
1617052765890 0.8247767004452152 41
1617052940344 0.8259077288336413 42
1617052940346 0.8259077288336413 42
1617053114825 0.8268024036870414 43
1617053114827 0.8268024036870414 43
1617053289340 0.8277095076104228 44
1617053289342 0.8277095076104228 44
1617053463523 0.8286723150321803 45
1617053463525 0.8286723150321803 45
1617053637842 0.8295244178165752 46
1617053637845 0.8295244178165752 46
1617053812274 0.8302092306947294 47
1617053812277 0.8302092306947294 47
1617053986765 0.8308013265285809 48
1617053986767 0.8308013265285809 48
1617054161301 0.8313112109132851 49
1617054161303 0.8313112109132851 49
1617054335564 0.8320370761591938 50
1617054335567 0.8320370761591938 50
1617054509811 0.8328425101122469 51
1617054509813 0.8328425101122469 51
1617054684160 0.8336792990473127 52
1617054684163 0.8336792990473127 52
1617054858655 0.8344411065751144 53
1617054858658 0.8344411065751144 53
1617055033234 0.8352551179502249 54
1617055033236 0.8352551179502249 54
1617055207502 0.836026856428953 55
1617055207504 0.836026856428953 55
1617055382027 0.8368076133206802 56
1617055382029 0.8368076133206802 56
1617055556326 0.8375510951951484 57
1617055556329 0.8375510951951484 57
1617055730591 0.8382568250311676 58
1617055730594 0.8382568250311676 58
1617055905285 0.8387070758250228 59
1617055905288 0.8387070758250228 59
1617056082584 0.8393048602338405 60
1617056082586 0.8393048602338405 60
1617056256885 0.8399507578294082 61
1617056256887 0.8399507578294082 61
1617056431210 0.8405332249628413 62
1617056431213 0.8405332249628413 62
1617056605590 0.8410998301531465 63
1617056605593 0.8410998301531465 63
1617056780134 0.8417292888953193 64
1617056780137 0.8417292888953193 64
1617056954500 0.8423159772166757 65
1617056954502 0.8423159772166757 65
1617057128897 0.8422506214551431 66
1617057128900 0.8422506214551431 66
1617057303655 0.8425500150474312 67
1617057303657 0.8425500150474312 67
1617057477998 0.8428912783210305 68
1617057478001 0.8428912783210305 68
1617057652242 0.8430684967851257 69
1617057652245 0.8430684967851257 69
1617057826473 0.8435076570733206 70
1617057826476 0.8435076570733206 70
1617058000747 0.8440248646238787 71
1617058000750 0.8440248646238787 71
1617058175225 0.8445493613629932 72
1617058175228 0.8445493613629932 72
1617058350379 0.8450183719863984 73
1617058350382 0.8450183719863984 73
1617058524806 0.8454995566486432 74
1617058524809 0.8454995566486432 74
1617058699239 0.8459800497613487 75
1617058699242 0.8459800497613487 75
1617058873428 0.8463747293055929 76
1617058873431 0.8463747293055929 76
1617059047602 0.846784591848201 77
1617059047604 0.846784591848201 77
1617059221938 0.8472438940216386 78
1617059221941 0.8472438940216386 78
1617059396139 0.8476716146127069 79
1617059396141 0.8476716146127069 79
1617059570568 0.8481072265585684 80
1617059570570 0.8481072265585684 80
1617059744885 0.8485113772747161 81
1617059744887 0.8485113772747161 81
1617059919187 0.8489633426162237 82
1617059919189 0.8489633426162237 82
1617060093612 0.8493764859176347 83
1617060093614 0.8493764859176347 83
1617060267777 0.8498287725728696 84
1617060267779 0.8498287725728696 84
1617060442234 0.8502001977867458 85
1617060442236 0.8502001977867458 85
1617060616382 0.8506300687662703 86
1617060616385 0.8506300687662703 86
1617060790819 0.8510594815228688 87
1617060790821 0.8510594815228688 87
1617060965263 0.8514783842645747 88
1617060965266 0.8514783842645747 88
1617061139465 0.8518752540852625 89
1617061139467 0.8518752540852625 89
1617061313930 0.8522620326184058 90
1617061313933 0.8522620326184058 90
1617061488185 0.8526719046407156 91
1617061488187 0.8526719046407156 91
1617061662624 0.8530610210166031 92
1617061662626 0.8530610210166031 92
1617061836759 0.8534226120341558 93
1617061836762 0.8534226120341558 93
1617062010842 0.8538002537516609 94
1617062010844 0.8538002537516609 94
1617062185509 0.8541706516024635 95
1617062185511 0.8541706516024635 95
1617062359628 0.8545107026794951 96
1617062359631 0.8545107026794951 96
1617062534047 0.8546589707998881 97
1617062534049 0.8546589707998881 97
1617062708235 0.8549104507208203 98
1617062708237 0.8549104507208203 98
1617062882397 0.8552135774926276 99
1617062882400 0.8552135774926276 99
1617063056771 0.8555459542381931 100
1617063056774 0.8555459542381931 100
1617063231140 0.855806083480701 101
1617063231142 0.855806083480701 101
1617063405387 0.8560895471276982 102
1617063405390 0.8560895471276982 102
1617063579570 0.8564121298185857 103
1617063579573 0.8564121298185857 103
1617063753945 0.8566755382671639 104
1617063753948 0.8566755382671639 104
1617063928075 0.8569848089891567 105
1617063928077 0.8569848089891567 105
1617064102320 0.8572895467051975 106
1617064102322 0.8572895467051975 106
1617064276540 0.857615488948044 107
1617064276543 0.857615488948044 107
1617064450627 0.8579055471246788 108
1617064450629 0.8579055471246788 108
1617064624623 0.8582195201961719 109
1617064624625 0.8582195201961719 109
1617064799030 0.8584953881454825 110
1617064799032 0.8584953881454825 110
1617064973555 0.85881195110413 111
1617064973557 0.85881195110413 111
1617065148331 0.8591042815580044 112
1617065148334 0.8591042815580044 112
1617065322919 0.8593847675628159 113
1617065322922 0.8593847675628159 113
1617065497097 0.8596666185646314 114
1617065497100 0.8596666185646314 114
1617065671033 0.8598971369155192 115
1617065671035 0.8598971369155192 115
1617065845072 0.860177585449427 116
1617065845074 0.860177585449427 116
1617066019386 0.8604403096653451 117
1617066019389 0.8604403096653451 117
1617066193491 0.8607241840917115 118
1617066193494 0.8607241840917115 118
1617066367781 0.8609824921556902 119
1617066367784 0.8609824921556902 119
1617066541957 0.8612557578464664 120
1617066541960 0.8612557578464664 120
1617066716018 0.8615603647717059 121
1617066716021 0.8615603647717059 121
1617066890370 0.8618074942618209 122
1617066890373 0.8618074942618209 122
1617067064589 0.8620663760930747 123
1617067064592 0.8620663760930747 123
1617067238919 0.8622999994353007 124
1617067238922 0.8622999994353007 124
1617067413119 0.8624652116835516 125
1617067413121 0.8624652116835516 125
1617067587373 0.862661846406864 126
1617067587376 0.862661846406864 126
1617067761529 0.8628955290426398 127
1617067761531 0.8628955290426398 127
1617067935892 0.8631590976233646 128
1617067935894 0.8631590976233646 128
1617068110260 0.8634066699902746 129
1617068110262 0.8634066699902746 129
1617068284623 0.8636688724180985 130
1617068284626 0.8636688724180985 130
1617068458980 0.863940823639853 131
1617068458983 0.863940823639853 131
1617068633160 0.8642149594807065 132
1617068633162 0.8642149594807065 132
1617068807456 0.864506523974945 133
1617068807459 0.864506523974945 133
1617068981729 0.8647377333499651 134
1617068981732 0.8647377333499651 134
1617069156219 0.8648716655863107 135
1617069156221 0.8648716655863107 135
1617069330575 0.8650517674477056 136
1617069330578 0.8650517674477056 136
1617069504820 0.8652651339067704 137
1617069504823 0.8652651339067704 137
1617069679032 0.8655068622242774 138
1617069679034 0.8655068622242774 138
1617069852953 0.8657176810051419 139
1617069852957 0.8657176810051419 139
1617070027353 0.8659278168126646 140
1617070027356 0.8659278168126646 140
1617070201721 0.8661021200560093 141
1617070201724 0.8661021200560093 141
1617070375834 0.8663017185170915 142
1617070375837 0.8663017185170915 142
1617070550183 0.8665186851421001 143
1617070550185 0.8665186851421001 143
1617070724685 0.866771795943738 144
1617070724687 0.866771795943738 144
1617070898855 0.8670090397753297 145
1617070898858 0.8670090397753297 145
1617071072972 0.8672351921286656 146
1617071072975 0.8672351921286656 146
1617071247377 0.8674746560907722 147
1617071247380 0.8674746560907722 147
1617071421618 0.8676673600962356 148
1617071421621 0.8676673600962356 148
1617071596097 0.8678651832966917 149
1617071596100 0.8678651832966917 149
1617071770440 0.8680727172862021 150
1617071770443 0.8680727172862021 150
1617071944432 0.8682787554896719 151
1617071944435 0.8682787554896719 151
1617072118752 0.868533876745204 152
1617072118754 0.868533876745204 152
1617072293230 0.8687225127470887 153
1617072293233 0.8687225127470887 153
1617072467387 0.8689191373568224 154
1617072467389 0.8689191373568224 154
1617072641581 0.8691231083967466 155
1617072641583 0.8691231083967466 155
1617072815930 0.8693086479101191 156
1617072815932 0.8693086479101191 156
1617072990334 0.8695137287723268 157
1617072990337 0.8695137287723268 157
1617073164527 0.8696664315496387 158
1617073164530 0.8696664315496387 158
1617073338806 0.8698607825171972 159
1617073338809 0.8698607825171972 159
1617073512994 0.8699882396875221 160
1617073512997 0.8699882396875221 160
1617073687326 0.870064164331875 161
1617073687329 0.870064164331875 161
1617073861385 0.8701810502603331 162
1617073861388 0.8701810502603331 162
1617074035786 0.8703322970472374 163
1617074035788 0.8703322970472374 163
1617074209872 0.8705277093262284 164
1617074209875 0.8705277093262284 164
1617074384109 0.8706410180926453 165
1617074384113 0.8706410180926453 165
1617074558015 0.8707998676380674 166
1617074558018 0.8707998676380674 166
1617074732426 0.8709588838166704 167
1617074732429 0.8709588838166704 167
1617074906559 0.8711332176824 168
1617074906562 0.8711332176824 168
1617075080680 0.8713264335476688 169
1617075080683 0.8713264335476688 169
1617075254915 0.8714955694141154 170
1617075254918 0.8714955694141154 170
1617075429591 0.8714775517466008 171
1617075429594 0.8714775517466008 171
1617075604203 0.8713765002450071 172
1617075604205 0.8713765002450071 172
1617075778689 0.871402919531435 173
1617075778691 0.871402919531435 173
1617075952706 0.8715323195425916 174
1617075952709 0.8715323195425916 174
1617076126626 0.8716515595487135 175
1617076126629 0.8716515595487135 175
1617076300828 0.8718071708044084 176
1617076300831 0.8718071708044084 176
1617076475167 0.871958831029339 177
1617076475170 0.871958831029339 177
1617076649176 0.8721277126782867 178
1617076649178 0.8721277126782867 178
1617076823216 0.8722878543218098 179
1617076823219 0.8722878543218098 179
1617076997345 0.8724721857271978 180
1617076997348 0.8724721857271978 180
1617077171511 0.872617236926979 181
1617077171514 0.872617236926979 181
1617077345473 0.87280410376271 182
1617077345476 0.87280410376271 182
1617077520235 0.8729204389421901 183
1617077520238 0.8729204389421901 183
1617077697816 0.8730701789896725 184
1617077697820 0.8730701789896725 184
1617077871864 0.8732384059600491 185
1617077871867 0.8732384059600491 185
1617078045994 0.8733427505597449 186
1617078045997 0.8733427505597449 186
1617078220234 0.8734767952790713 187
1617078220237 0.8734767952790713 187
1617078394484 0.8736453558243713 188
1617078394487 0.8736453558243713 188
1617078568733 0.873770281285613 189
1617078568736 0.873770281285613 189
1617078743100 0.8739179175026455 190
1617078743103 0.8739179175026455 190
1617078917313 0.8740359775192936 191
1617078917316 0.8740359775192936 191
1617079091679 0.874161531529467 192
1617079091682 0.874161531529467 192
1617079265799 0.8742696791881708 193
1617079265803 0.8742696791881708 193
1617079439684 0.8743556201159772 194
1617079439686 0.8743556201159772 194
1617079613738 0.8744320716853815 195
1617079613741 0.8744320716853815 195
1617079787853 0.8745242276860482 196
1617079787856 0.8745242276860482 196
1617079961854 0.8745984042163174 197
1617079961856 0.8745984042163174 197
1617080135944 0.8746167491021895 198
1617080135947 0.8746167491021895 198
1617080309680 0.8746489135875961 199
1617080309683 0.8746489135875961 199
