1617045605930 0.5412457618624607 0
1617045781265 0.2879697605174907 1
1617045956435 0.2326734889536462 2
1617046131671 0.18664821887269933 3
1617046306342 0.15493026308398297 4
1617046480912 0.15846481994587056 5
1617046655975 0.14568155805798286 6
1617046830783 0.137105251920033 7
1617047005564 0.14484881035032424 8
1617047180296 0.11676172186878134 9
1617047355284 0.12119078824415486 10
1617047529712 0.1142218757935978 11
1617047704223 0.10733806821418569 12
1617047878706 0.10410060894061277 13
1617048053184 0.10011922934667226 14
1617048227690 0.1021722522068848 15
1617048402274 0.1099333640465394 16
1617048576678 0.10248789282396753 17
1617048751252 0.09655310465221076 18
1617048925836 0.09229345019272667 19
1617049100352 0.09236222650221687 20
1617049274960 0.0948938061780435 21
1617049449524 0.0937997079751593 22
1617049624293 0.08994497751143385 23
1617049798691 0.08826222758185356 24
1617049972962 0.08692329553292787 25
1617050147437 0.0857368764923291 26
1617050322323 0.08244775847947979 27
1617050496889 0.08498389741524737 28
1617050671581 0.09687803810501987 29
1617050846451 0.09526624265027807 30
1617051020948 0.08964360033736583 31
1617051195566 0.0853872616042165 32
1617051370179 0.08207127578715061 33
1617051544566 0.08052919456299315 34
1617051718924 0.08017697286336346 35
1617051893339 0.0772588783676954 36
1617052067540 0.077762843941913 37
1617052242166 0.07674755930821313 38
1617052416571 0.07415988930362336 39
1617052591525 0.07154353690194956 40
1617052765877 0.07533955609703318 41
1617052940334 0.07256100772622417 42
1617053114815 0.07767478757082148 43
1617053289331 0.07640860388253598 44
1617053463513 0.07164836476774926 45
1617053637833 0.07526136314536029 46
1617053812265 0.07765019205497935 47
1617053986755 0.07934538526658683 48
1617054161291 0.08161555056242233 49
1617054335554 0.07156159110525821 50
1617054509801 0.06823809540018122 51
1617054684150 0.0651045157673194 52
1617054858646 0.06621166764500927 53
1617055033224 0.06167337968152888 54
1617055207492 0.06153712907132316 55
1617055382017 0.060666972374979485 56
1617055556317 0.060019218382683204 57
1617055730582 0.060137364914284105 58
1617055905266 0.07028686568299507 59
1617056082574 0.06297296376779993 60
1617056256875 0.05790172350850511 61
1617056431198 0.059828583904086276 62
1617056605579 0.06000016895221903 63
1617056780123 0.054833676646205975 64
1617056954489 0.0550386379770142 65
1617057128884 0.0869351788721186 66
1617057303643 0.06660469227093965 67
1617057477986 0.06942253308172555 68
1617057652231 0.07184186137895635 69
1617057826462 0.05871133656894907 70
1617058000736 0.051660094806488525 71
1617058175213 0.049531378347347395 72
1617058350367 0.051695385551516045 73
1617058524795 0.04941801102633806 74
1617058699227 0.048081755162553586 75
1617058873416 0.05337125366117726 76
1617059047591 0.04957576638999137 77
1617059221927 0.04715083444372137 78
1617059396128 0.045050023242514184 79
1617059570556 0.04475347640270248 80
1617059744873 0.044158699684479136 81
1617059919174 0.041608974198870205 82
1617060093600 0.04173888392904972 83
1617060267765 0.03809133691198014 84
1617060442222 0.04122575021725386 85
1617060616371 0.036426492332619555 86
1617060790807 0.03526127920981417 87
1617060965252 0.034618420011185584 88
1617061139452 0.03461178312910364 89
1617061313919 0.034999810297914005 90
1617061488173 0.03157480445472484 91
1617061662612 0.03243042370106312 92
1617061836747 0.0311856381396981 93
1617062010831 0.028415454789362055 94
1617062185497 0.02758793148430104 95
1617062359617 0.02858989834389154 96
1617062534035 0.041150467410842155 97
1617062708223 0.03161214739876859 98
1617062882386 0.028726255124870766 99
1617063056760 0.02505047805607319 100
1617063231129 0.027342935548500813 101
1617063405375 0.026493931050471802 102
1617063579557 0.022553562503704366 103
1617063753934 0.022754914206551746 104
1617063928064 0.0210059375918292 105
1617064102308 0.01867068358796074 106
1617064276528 0.01640010082182732 107
1617064450615 0.01804042165663014 108
1617064624611 0.013954066235492838 109
1617064799017 0.01579668158863453 110
1617064973542 0.009521557097422315 111
1617065148319 0.011715993919271105 112
1617065322907 0.00865067478190077 113
1617065497084 0.009515232010249128 114
1617065671021 0.01028287168988522 115
1617065845059 0.005491064801970695 116
1617066019373 0.005273273928051299 117
1617066193478 0.0035145613463952187 118
1617066367768 0.0024889472753126573 119
1617066541945 0.0013990568670820683 120
1617066716006 -0.004178020706836214 121
1617066890358 -0.0008741657031660384 122
1617067064578 -0.002607306643844919 123
1617067238908 -0.0037444337726907527 124
1617067413107 0.0019564916716611133 125
1617067587361 -0.0002791183465655814 126
1617067761517 -0.007414536233595077 127
1617067935880 -0.012013024610883377 128
1617068110248 -0.011456762262164279 129
1617068284610 -0.014462143450262064 130
1617068458968 -0.013650232678318911 131
1617068633147 -0.017188533843356245 132
1617068807444 -0.019883155525523298 133
1617068981717 -0.01772918679969425 134
1617069156206 -0.008791805581843599 135
1617069330563 -0.01914235523485757 136
1617069504809 -0.017785638768939262 137
1617069679019 -0.02238961321083789 138
1617069852942 -0.025029070160173354 139
1617070027340 -0.025958873559423584 140
1617070201709 -0.02536265711557675 141
1617070375821 -0.028898852926857295 142
1617070550171 -0.031100706553998145 143
1617070724672 -0.03464449997595016 144
1617070898842 -0.03568190805851779 145
1617071072960 -0.035543451085686684 146
1617071247365 -0.03917499086720512 147
1617071421606 -0.039147464419774555 148
1617071596084 -0.03830073674784062 149
1617071770428 -0.04140462643130029 150
1617071944420 -0.0433569955738618 151
1617072118739 -0.05004271924337174 152
1617072293218 -0.047347773302425726 153
1617072467375 -0.04902376587245059 154
1617072641568 -0.051438940371921725 155
1617072815917 -0.051762644597824585 156
1617072990321 -0.05601847885136909 157
1617073164514 -0.053522138063736416 158
1617073338793 -0.056026404921678784 159
1617073512982 -0.05381647237834144 160
1617073687314 -0.0526348796296627 161
1617073861373 -0.05704477290682336 162
1617074035775 -0.06211478689170264 163
1617074209860 -0.06674869144533543 164
1617074384097 -0.06503089828456336 165
1617074558002 -0.06625716505136262 166
1617074732413 -0.07031208371862452 167
1617074906547 -0.07283683715665594 168
1617075080667 -0.07608185328067617 169
1617075254903 -0.07740164326226458 170
1617075429581 -0.06199710738864985 171
1617075604194 -0.05637217925346278 172
1617075778679 -0.07211807825939452 173
1617075952697 -0.08505503930389247 174
1617076126615 -0.08473445037181707 175
1617076300818 -0.08863810349771 176
1617076475156 -0.08907425398641128 177
1617076649165 -0.09513505378817307 178
1617076823206 -0.09328845675360967 179
1617076997335 -0.09897265026464741 180
1617077171500 -0.09884762948260029 181
1617077345463 -0.10448375798048491 182
1617077520148 -0.10229267794242565 183
1617077697804 -0.10907391320042154 184
1617077871852 -0.11039378283981313 185
1617078045981 -0.10879319169102832 186
1617078220222 -0.11183652343188828 187
1617078394471 -0.12124150398960139 188
1617078568720 -0.1166932088461645 189
1617078743087 -0.1225475347105493 190
1617078917301 -0.12231442140058633 191
1617079091666 -0.12841157856932345 192
1617079265788 -0.12774557192274866 193
1617079439672 -0.12715257247513595 194
1617079613725 -0.13416991750412482 195
1617079787840 -0.1340078688325717 196
1617079961843 -0.1382939405343 197
1617080135931 -0.13877102895144452 198
1617080309667 -0.14231731687137422 199
