1617045605933 0.3668672622170948 0
1617045781268 0.623194593619159 1
1617045956437 0.6929781077766514 2
1617046131673 0.7457734655113296 3
1617046306345 0.7846899551755571 4
1617046480914 0.7827118435438644 5
1617046655978 0.7964894138276577 6
1617046830785 0.8053790607905769 7
1617047005567 0.79672176533557 8
1617047180298 0.8298587956802642 9
1617047355287 0.826357836815271 10
1617047529714 0.8331558736873433 11
1617047704226 0.8411649225398581 12
1617047878709 0.8455702025205531 13
1617048053186 0.8506348591218603 14
1617048227692 0.8480187522921157 15
1617048402277 0.8352437224635418 16
1617048576680 0.8465035617193009 17
1617048751254 0.8518910902611753 18
1617048925839 0.8566503188711532 19
1617049100355 0.8581852191623222 20
1617049274963 0.8533250169551119 21
1617049449526 0.854650098275631 22
1617049624296 0.8595665166194134 23
1617049798693 0.8605884444364842 24
1617049972965 0.8629006928902991 25
1617050147440 0.8636907731440473 26
1617050322325 0.8668988859875405 27
1617050496891 0.8637052944048922 28
1617050671584 0.8483656051945179 29
1617050846454 0.8505066017362666 30
1617051020951 0.8555618024411353 31
1617051195569 0.8616344683823434 32
1617051370181 0.8642306092413182 33
1617051544569 0.8666384042577541 34
1617051718927 0.8668008854097509 35
1617051893342 0.8690644957600756 36
1617052067543 0.8682006914564904 37
1617052242168 0.8704579526439626 38
1617052416573 0.8717256296188274 39
1617052591528 0.8746834578032189 40
1617052765880 0.8693844691077446 41
1617052940337 0.8734109211475292 42
1617053114818 0.8652734223832476 43
1617053289333 0.8676220802392097 44
1617053463515 0.871998649011267 45
1617053637836 0.8687211458987378 46
1617053812268 0.862395435967978 47
1617053986758 0.8592219265534523 48
1617054161294 0.8562955457637919 49
1617054335557 0.8683303384546269 50
1617054509804 0.8739196417179513 51
1617054684153 0.8771923236707424 52
1617054858648 0.8748169055485979 53
1617055033227 0.8792117322061924 54
1617055207495 0.8784724727590033 55
1617055382020 0.8805299992574022 56
1617055556320 0.8799295620398319 57
1617055730584 0.8791891555202768 58
1617055905275 0.8652718726624834 59
1617056082577 0.8751719247629034 60
1617056256879 0.8793505111590345 61
1617056431203 0.8766461872357003 62
1617056605584 0.8767959571423682 63
1617056780127 0.8820146483943817 64
1617056954494 0.8804507181048393 65
1617057128890 0.8379371411939884 66
1617057303648 0.8626093857307383 67
1617057477991 0.8660971809257852 68
1617057652235 0.8552965708076954 69
1617057826466 0.8742488772469632 70
1617058000740 0.8807466007135016 71
1617058175218 0.8823131265792441 72
1617058350372 0.8792561474949756 73
1617058524799 0.881107221654755 74
1617058699233 0.8820170332142647 75
1617058873421 0.8763703746681518 76
1617059047595 0.8783440076290293 77
1617059221931 0.8830694635497763 78
1617059396132 0.8814615413070993 79
1617059570561 0.8829561822274898 80
1617059744878 0.8812475852826809 81
1617059919180 0.8860245006198578 82
1617060093605 0.883667379934737 83
1617060267770 0.8878208516125984 84
1617060442227 0.8817713409662247 85
1617060616376 0.8875989730053759 86
1617060790811 0.8884183913469315 87
1617060965256 0.8883418255346887 88
1617061139458 0.8871966681264817 89
1617061313923 0.8870721006012977 90
1617061488178 0.8899702586709185 91
1617061662616 0.8888597275982512 92
1617061836751 0.8870505766665682 93
1617062010835 0.8892985751971285 94
1617062185501 0.8893584474287135 95
1617062359621 0.8871556060745361 96
1617062534040 0.8690409784779903 97
1617062708228 0.8795554829721756 98
1617062882390 0.8852231279015541 99
1617063056765 0.8887836287947412 100
1617063231133 0.8820791369739999 101
1617063405380 0.8850028391214128 102
1617063579563 0.8896381469800118 103
1617063753938 0.8840700169192984 104
1617063928068 0.8894582347984009 105
1617064102313 0.889591744605531 106
1617064276533 0.8924913089326088 107
1617064450620 0.8892318302012504 108
1617064624615 0.8924425849889187 109
1617064799023 0.8888408625696568 110
1617064973548 0.8939504395139978 111
1617065148323 0.8918452923919292 112
1617065322912 0.8910796861065194 113
1617065497090 0.8917976327716036 114
1617065671025 0.8864067472676014 115
1617065845064 0.8927096153827424 116
1617066019379 0.8911790429277623 117
1617066193483 0.8942213664029507 118
1617066367774 0.8917211517691612 119
1617066541950 0.8940476407396033 120
1617066716010 0.8984178027257006 121
1617066890363 0.8919572920558301 122
1617067064582 0.8939088413372953 123
1617067238912 0.8912692938713317 124
1617067413112 0.8831167427149225 125
1617067587366 0.8874378215442312 126
1617067761522 0.8925732237861511 127
1617067935885 0.8968958759561498 128
1617068110253 0.8953435053216651 129
1617068284615 0.897755188035204 130
1617068458973 0.8995664336896957 131
1617068633153 0.9004008904733556 132
1617068807449 0.903284601708676 133
1617068981722 0.8957197896026551 134
1617069156212 0.8829525174929741 135
1617069330568 0.8895456205974234 136
1617069504813 0.8944963387986447 137
1617069679023 0.8988653700402442 138
1617069852947 0.895021491545312 139
1617070027345 0.8953468298658411 140
1617070201714 0.8906788773676182 141
1617070375827 0.8946446999907494 142
1617070550175 0.8975449125183389 143
1617070724677 0.9032197513795913 144
1617070898848 0.9014093953561275 145
1617071072965 0.9002534357157159 146
1617071247370 0.902675858520447 147
1617071421611 0.8961875529048291 148
1617071596089 0.8973408401646512 149
1617071770433 0.8992028157127664 150
1617071944425 0.8993905242136184 151
1617072118744 0.9073123075860612 152
1617072293223 0.897583821035446 153
1617072467379 0.8991993272558172 154
1617072641574 0.9007386195849865 155
1617072815922 0.8982528119962266 156
1617072990326 0.9017114241389518 157
1617073164519 0.8937934703649358 158
1617073338798 0.9007625863590139 159
1617073512987 0.8903813869395154 160
1617073687319 0.8822880320726557 161
1617073861378 0.8891165706705539 162
1617074035779 0.8949855233126498 163
1617074209865 0.9025753230807629 164
1617074384102 0.8893369645514386 165
1617074558007 0.8971688921781297 166
1617074732418 0.8975145856433726 167
1617074906552 0.9004213071249901 168
1617075080672 0.9039799147780906 169
1617075254908 0.9002486667100419 170
1617075429583 0.8683965306015725 171
1617075604197 0.8539956419708881 172
1617075778682 0.8759734560834601 173
1617075952699 0.8940479214838211 174
1617076126618 0.8925185606200644 175
1617076300820 0.8991947518067157 176
1617076475159 0.8988026908420502 177
1617076649168 0.9021886461909782 178
1617076823209 0.9009532085124482 179
1617076997337 0.9056518386970175 180
1617077171502 0.8988715040873974 181
1617077345465 0.9068138678657248 182
1617077520223 0.8942097767870477 183
1617077697809 0.9006223477264668 184
1617077871857 0.9043603954797096 185
1617078045986 0.8927508461031508 186
1617078220227 0.8985431577931059 187
1617078394477 0.9053347383407836 188
1617078568725 0.8973811934603021 189
1617078743092 0.9019687987388448 190
1617078917306 0.8965854406990903 191
1617079091671 0.8982679014827343 192
1617079265792 0.8951421773180048 193
1617079439677 0.8910281601104331 194
1617079613730 0.8893401277192096 195
1617079787845 0.8925868038167345 196
1617079961848 0.8892111806793416 197
1617080135936 0.8782490365048672 198
1617080309672 0.8810496461835313 199
