1617045605935 inf 0
1617045781270 24.241687795738883 1
1617045956439 22.38445405651954 2
1617046131675 19.60590883892774 3
1617046306347 18.433411175388503 4
1617046480916 18.12704232029896 5
1617046655980 16.10644427381774 6
1617046830787 18.793873692880073 7
1617047005569 18.089052595836637 8
1617047180300 16.651412180343222 9
1617047355289 16.3144373811284 10
1617047529716 15.420903182355058 11
1617047704228 14.234265816206161 12
1617047878711 15.174466514203004 13
1617048053188 15.319908738989547 14
1617048227695 13.909020867185326 15
1617048402280 17.130898512414642 16
1617048576683 14.159017130802921 17
1617048751257 15.656632175237545 18
1617048925841 14.198394838716439 19
1617049100357 14.97140042423752 20
1617049274965 14.512691696625888 21
1617049449528 13.654331146083745 22
1617049624298 13.209174761459499 23
1617049798696 13.11992858806065 24
1617049972967 12.966533667241388 25
1617050147442 14.334510337653082 26
1617050322328 13.510066116386296 27
1617050496894 13.077142285733403 28
1617050671587 15.483279294494974 29
1617050846456 16.007265723633946 30
1617051020953 14.9899635442703 31
1617051195571 13.185270359936482 32
1617051370183 13.362796858918882 33
1617051544571 12.496388545341347 34
1617051718929 12.662740531181504 35
1617051893344 12.047752348682572 36
1617052067546 12.328899111067262 37
1617052242171 11.486737274652262 38
1617052416576 12.566247127026164 39
1617052591530 11.6509325215275 40
1617052765882 12.61785696922544 41
1617052940339 12.103755988275225 42
1617053114820 12.595314405580297 43
1617053289335 14.11167565473827 44
1617053463518 11.82334979044238 45
1617053637838 12.504075325018922 46
1617053812270 13.377440154487765 47
1617053986760 14.376138498367453 48
1617054161296 13.626345720549923 49
1617054335560 12.035090103543526 50
1617054509806 11.319130693414277 51
1617054684156 11.430744960416083 52
1617054858651 10.91028565432502 53
1617055033229 10.658209246273959 54
1617055207497 11.073129646637273 55
1617055382022 10.517930809129405 56
1617055556322 11.184650357399947 57
1617055730586 10.984139741379126 58
1617055905280 12.890920440345877 59
1617056082579 12.07539961732168 60
1617056256881 10.986565259537434 61
1617056431206 11.844062760169484 62
1617056605586 12.246061444257489 63
1617056780129 11.35586205459955 64
1617056954496 11.145825976166968 65
1617057128892 15.12297470835116 66
1617057303650 14.037829998922042 67
1617057477993 12.38755798831615 68
1617057652238 12.884865901723883 69
1617057826469 11.42665666306564 70
1617058000743 10.69066217466166 71
1617058175220 10.597377137598112 72
1617058350375 12.845373665033703 73
1617058524801 10.701944209726788 74
1617058699235 10.88999809564423 75
1617058873424 12.043954144592401 76
1617059047598 11.698618541598668 77
1617059221934 10.383503590890227 78
1617059396134 10.753487909268234 79
1617059570563 10.889902925084712 80
1617059744880 10.288090826297205 81
1617059919182 10.043068171982227 82
1617060093607 10.428246818474415 83
1617060267772 10.178459029336457 84
1617060442229 10.87918909145996 85
1617060616378 10.000697817308312 86
1617060790814 9.975956180809773 87
1617060965258 9.780109398811401 88
1617061139460 10.100949863684653 89
1617061313926 10.582306653318508 90
1617061488180 10.39632573864461 91
1617061662619 11.003244996843812 92
1617061836754 9.58813136684339 93
1617062010837 9.991701380422374 94
1617062185504 11.163047560474332 95
1617062359624 10.036316513383609 96
1617062534042 13.6610084783085 97
1617062708231 13.09732029725057 98
1617062882392 11.111047326676962 99
1617063056767 9.767655696640885 100
1617063231135 11.509018425217269 101
1617063405382 11.215212821959154 102
1617063579565 10.246044290116041 103
1617063753941 10.491650657541093 104
1617063928070 10.331464585201557 105
1617064102315 10.338338757603578 106
1617064276536 10.873723274584796 107
1617064450623 11.101624844404794 108
1617064624618 9.239785351699155 109
1617064799025 9.723203098582305 110
1617064973550 9.432548373855267 111
1617065148326 10.476047492559449 112
1617065322915 10.055508643354642 113
1617065497092 10.731744136516594 114
1617065671028 10.96324387891595 115
1617065845066 10.251528514779631 116
1617066019381 9.491107694541276 117
1617066193486 9.561679299252317 118
1617066367776 10.105423010712085 119
1617066541952 9.917507565597074 120
1617066716013 9.035218642435744 121
1617066890365 9.644587714530871 122
1617067064584 9.360714522417537 123
1617067238914 10.802185555029455 124
1617067413114 11.794998974538704 125
1617067587368 9.671138920635881 126
1617067761524 9.61883378480934 127
1617067935887 9.196208965658201 128
1617068110255 9.687346270730348 129
1617068284618 9.47835502100705 130
1617068458975 8.707334712004172 131
1617068633155 8.998086443741188 132
1617068807451 9.486428422157966 133
1617068981724 10.840866599313545 134
1617069156214 12.461689188300017 135
1617069330571 10.785970741827324 136
1617069504815 9.442505259649499 137
1617069679026 9.414704999234358 138
1617069852949 9.315882662834776 139
1617070027348 9.52434462699233 140
1617070201716 10.224819029333563 141
1617070375829 9.375260215324214 142
1617070550178 9.080125696998559 143
1617070724680 8.914506786670946 144
1617070898851 9.849003952275906 145
1617071072967 9.05818632106441 146
1617071247372 9.629304427553334 147
1617071421613 10.92045782652805 148
1617071596092 8.858283570359552 149
1617071770435 8.59602807565884 150
1617071944427 8.982948373562232 151
1617072118747 9.266901373826911 152
1617072293225 9.679581482892477 153
1617072467382 8.947875733319716 154
1617072641577 9.621899030230677 155
1617072815924 9.805323986662899 156
1617072990329 9.830766567918218 157
1617073164522 9.548211120532072 158
1617073338800 9.363812256331455 159
1617073512989 11.429672970696089 160
1617073687322 11.848477143546353 161
1617073861381 11.393411432568767 162
1617074035781 9.958849521223796 163
1617074209868 9.429082944171745 164
1617074384105 11.044279227142772 165
1617074558009 9.120975870678112 166
1617074732420 9.640726066811213 167
1617074906554 9.162282372208738 168
1617075080675 9.032245157566406 169
1617075254910 8.677333424612693 170
1617075429586 12.435381545623127 171
1617075604199 12.571055149590334 172
1617075778684 11.361351211793696 173
1617075952701 10.045066280461464 174
1617076126621 9.96581266067063 175
1617076300823 9.38035078306644 176
1617076475162 9.713845786214318 177
1617076649171 8.35887516782951 178
1617076823211 8.591395328446728 179
1617076997340 9.308960245518008 180
1617077171506 8.561312025362799 181
1617077345468 8.271076003747117 182
1617077520230 8.860474447638673 183
1617077697811 8.986787547691367 184
1617077871860 8.606528494603907 185
1617078045989 8.920686606446166 186
1617078220229 8.683976156875895 187
1617078394479 8.355085804153928 188
1617078568728 8.584077050909023 189
1617078743094 8.612582015117757 190
1617078917308 9.17687772899643 191
1617079091673 8.770307468041276 192
1617079265795 9.07150385550158 193
1617079439679 8.840095319419566 194
1617079613733 8.921748303562016 195
1617079787848 8.943014172454875 196
1617079961850 9.042081184447039 197
1617080135939 9.36736085742484 198
1617080309675 9.601948750274314 199
