1616646095508 0.6309987041861453 0
1616646221095 0.43649005331099033 1
1616646346597 0.34514758738537205 2
1616646471621 0.3056906761918613 3
1616646596802 0.27404727532350004 4
1616646722310 0.24768671925767516 5
1616646848071 0.2333172360169036 6
1616646973544 0.2252374106641621 7
1616647099168 0.21471527278705127 8
1616647224915 0.20427719586469392 9
1616647350497 0.1940215263674234 10
1616647475518 0.18616045885620283 11
1616647600578 0.17807964706235552 12
1616647725918 0.1708700957914707 13
1616647853645 0.16541817062501368 14
1616647979418 0.16403125510352884 15
1616648104662 0.1586106736562652 16
1616648229856 0.15313482572749504 17
1616648355359 0.14851891260055988 18
1616648480277 0.14406524835194048 19
1616648605831 0.14056672047721763 20
1616648730987 0.13696359660714233 21
1616648855960 0.13328525562883528 22
1616648981220 0.13120677815386964 23
1616649106580 0.12890088537589034 24
1616649231444 0.12625925608723138 25
1616649356458 0.12375745882402736 26
1616649481500 0.12107636516851497 27
1616649606708 0.11851203504072468 28
1616649731869 0.11614361397446472 29
1616649856859 0.11393037136687593 30
1616649981859 0.1122919920611473 31
1616650106780 0.11049802590529051 32
1616650231736 0.1093229712365902 33
1616650357068 0.10747989303118194 34
1616650482161 0.10583907353359304 35
1616650607248 0.10424640654870637 36
1616650732516 0.10266126872406398 37
1616650857607 0.1010502313324177 38
1616650982470 0.10000188107542855 39
1616651107382 0.0987713704031632 40
1616651232645 0.09800711955607183 41
1616651358616 0.097385399391942 42
1616651483766 0.09681587466137845 43
1616651608773 0.09560472189622714 44
1616651733954 0.09455166583334573 45
1616651858912 0.09371756158866948 46
1616651984173 0.09312015179716426 47
1616652109901 0.09230687494640039 48
1616652234936 0.09123845036518072 49
1616652360028 0.09035150215968425 50
1616652484947 0.08928053694397654 51
1616652610101 0.08822298354410545 52
1616652735098 0.08723064830344705 53
1616652860193 0.08627466091298912 54
1616652985086 0.08534091470605984 55
1616653109868 0.08442475505627921 56
1616653234880 0.08343975091597679 57
1616653359959 0.0825132376501277 58
1616653484849 0.08161118872007951 59
1616653609793 0.08079337177198495 60
1616653734786 0.07998901919296234 61
1616653859713 0.07928254889850832 62
1616653984867 0.07845143776261894 63
1616654109793 0.07766417062089898 64
1616654234923 0.07700108614018242 65
1616654359689 0.07630788318537209 66
1616654484618 0.07570189438633232 67
1616654609560 0.07523457680817672 68
1616654734631 0.07485681627862906 69
1616654859918 0.07418879278055525 70
1616654984819 0.07367470373848707 71
1616655110169 0.07304119029256356 72
1616655235154 0.07239486646633372 73
1616655360031 0.07173371982595601 74
1616655484966 0.07115837054854847 75
1616655610056 0.07064263120192742 76
1616655735006 0.07049699705266851 77
1616655859798 0.07001043035737307 78
1616655984794 0.06961202283706916 79
1616656109743 0.06939004991513746 80
1616656234805 0.06892767705440865 81
1616656360108 0.06842447404067616 82
1616656484900 0.06785549420821875 83
