1616646095510 0.5005891747386294 0
1616646095512 0.5005891747386294 0
1616646221097 0.589535418553575 1
1616646221099 0.589535418553575 1
1616646346599 0.6416932333703318 2
1616646346601 0.6416932333703318 2
1616646471623 0.6638444825744336 3
1616646471625 0.6638444825744336 3
1616646596804 0.6845508560439215 4
1616646596806 0.6845508560439215 4
1616646722312 0.7018787920828381 5
1616646722314 0.7018787920828381 5
1616646848073 0.7115936954930356 6
1616646848075 0.7115936954930356 6
1616646973546 0.7155736872339324 7
1616646973548 0.7155736872339324 7
1616647099170 0.7229236414024153 8
1616647099172 0.7229236414024153 8
1616647224917 0.729845341230604 9
1616647224919 0.729845341230604 9
1616647350499 0.7376145007029336 10
1616647350501 0.7376145007029336 10
1616647475520 0.743639425805552 11
1616647475522 0.743639425805552 11
1616647600580 0.7497175743455851 12
1616647600582 0.7497175743455851 12
1616647725920 0.7553427545141462 13
1616647725922 0.7553427545141462 13
1616647853647 0.759503189034443 14
1616647853649 0.759503189034443 14
1616647979420 0.7600015524633605 15
1616647979422 0.7600015524633605 15
1616648104664 0.764119536972585 16
1616648104666 0.764119536972585 16
1616648229858 0.7684845597698985 17
1616648229861 0.7684845597698985 17
1616648355361 0.772012102294584 18
1616648355364 0.772012102294584 18
1616648480279 0.7756399526349963 19
1616648480282 0.7756399526349963 19
1616648605833 0.7784826121988434 20
1616648605835 0.7784826121988434 20
1616648730989 0.7814292931268118 21
1616648730991 0.7814292931268118 21
1616648855963 0.784390790091619 22
1616648855965 0.784390790091619 22
1616648981222 0.7861589991821121 23
1616648981225 0.7861589991821121 23
1616649106582 0.7879942169959874 24
1616649106584 0.7879942169959874 24
1616649231447 0.7903589131463007 25
1616649231449 0.7903589131463007 25
1616649356460 0.7925569953542229 26
1616649356462 0.7925569953542229 26
1616649481502 0.7947826223351672 27
1616649481504 0.7947826223351672 27
1616649606710 0.7969857694598916 28
1616649606712 0.7969857694598916 28
1616649731871 0.799086439900153 29
1616649731873 0.799086439900153 29
1616649856861 0.8009825212447588 30
1616649856863 0.8009825212447588 30
1616649981861 0.8023887628298054 31
1616649981863 0.8023887628298054 31
1616650106783 0.8038973273405581 32
1616650106785 0.8038973273405581 32
1616650231738 0.8049132605357205 33
1616650231740 0.8049132605357205 33
1616650357070 0.8064014960714477 34
1616650357072 0.8064014960714477 34
1616650482163 0.8078032279757004 35
1616650482165 0.8078032279757004 35
1616650607250 0.8092369401999902 36
1616650607253 0.8092369401999902 36
1616650732518 0.8105774724413823 37
1616650732520 0.8105774724413823 37
1616650857610 0.8119278105297947 38
1616650857612 0.8119278105297947 38
1616650982472 0.8128288460687358 39
1616650982474 0.8128288460687358 39
1616651107385 0.8139083910574938 40
1616651107387 0.8139083910574938 40
1616651232647 0.8146559023086015 41
1616651232649 0.8146559023086015 41
1616651358619 0.8151553415714999 42
1616651358621 0.8151553415714999 42
1616651483768 0.8155518742584454 43
1616651483770 0.8155518742584454 43
1616651608775 0.8165445822790862 44
1616651608778 0.8165445822790862 44
1616651733956 0.8174980153449423 45
1616651733958 0.8174980153449423 45
1616651858914 0.8181825233265021 46
1616651858916 0.8181825233265021 46
1616651984175 0.818646600478203 47
1616651984177 0.818646600478203 47
1616652109903 0.819324141471795 48
1616652109906 0.819324141471795 48
1616652234938 0.8202402044095572 49
1616652234940 0.8202402044095572 49
1616652360030 0.8211099336341078 50
1616652360032 0.8211099336341078 50
1616652484949 0.8220349030009791 51
1616652484952 0.8220349030009791 51
1616652610103 0.8229205110538429 52
1616652610106 0.8229205110538429 52
1616652735101 0.8237885302571187 53
1616652735103 0.8237885302571187 53
1616652860195 0.8246421449506074 54
1616652860197 0.8246421449506074 54
1616652985089 0.8255140868186848 55
1616652985091 0.8255140868186848 55
1616653109870 0.8263230075515297 56
1616653109873 0.8263230075515297 56
1616653234883 0.8271552572335694 57
1616653234885 0.8271552572335694 57
1616653359961 0.8279392966490776 58
1616653359964 0.8279392966490776 58
1616653484852 0.8287349071921714 59
1616653484854 0.8287349071921714 59
1616653609795 0.829496857425296 60
1616653609797 0.829496857425296 60
1616653734788 0.8302452030426112 61
1616653734791 0.8302452030426112 61
1616653859715 0.8309530405946043 62
1616653859718 0.8309530405946043 62
1616653984869 0.8316618210934548 63
1616653984872 0.8316618210934548 63
1616654109795 0.8323575737927286 64
1616654109798 0.8323575737927286 64
1616654234925 0.8330540419445114 65
1616654234927 0.8330540419445114 65
1616654359691 0.8337404657742046 66
1616654359694 0.8337404657742046 66
1616654484620 0.8342983030943719 67
1616654484622 0.8342983030943719 67
1616654609562 0.8347707262283953 68
1616654609565 0.8347707262283953 68
1616654734633 0.8350898192040509 69
1616654734635 0.8350898192040509 69
1616654859920 0.8356131178650369 70
1616654859924 0.8356131178650369 70
1616654984821 0.8361639412253187 71
1616654984824 0.8361639412253187 71
1616655110171 0.8367539198808013 72
1616655110173 0.8367539198808013 72
1616655235156 0.8373127591123032 73
1616655235158 0.8373127591123032 73
1616655360033 0.837890961936391 74
1616655360035 0.837890961936391 74
1616655484969 0.8384250281868797 75
1616655484971 0.8384250281868797 75
1616655610058 0.8388632197534183 76
1616655610061 0.8388632197534183 76
1616655735009 0.8390301315691088 77
1616655735011 0.8390301315691088 77
1616655859800 0.8394034454654705 78
1616655859803 0.8394034454654705 78
1616655984796 0.839782254619801 79
1616655984798 0.839782254619801 79
1616656109746 0.8400241547996347 80
1616656109748 0.8400241547996347 80
1616656234808 0.8404691462024665 81
1616656234810 0.8404691462024665 81
1616656360111 0.8409235325456428 82
1616656360113 0.8409235325456428 82
1616656484902 0.8414269161109622 83
1616656484905 0.8414269161109622 83
