1616646095504 0.5005891747386294 0
1616646221091 0.6784816623685208 1
1616646346593 0.7460088630038453 2
1616646471617 0.7302982301867389 3
1616646596798 0.7673763499218733 4
1616646722306 0.7885184722774207 5
1616646848067 0.7698831159542215 6
1616646973540 0.7434336294202094 7
1616647099164 0.7817232747502784 8
1616647224911 0.7921406396843017 9
1616647350493 0.8153060954262284 10
1616647475514 0.809913601934355 11
1616647600574 0.8226553568259832 12
1616647725914 0.8284700967054418 13
1616647853637 0.8177492723185965 14
1616647979414 0.7674770038971241 15
1616648104657 0.8300072891201745 16
1616648229852 0.8426899473242303 17
1616648355355 0.8355078677389216 18
1616648480272 0.84456910910283 19
1616648605827 0.8353358034757857 20
1616648730983 0.8433095926141485 21
1616648855956 0.8495437233173784 22
1616648981215 0.826827808263454 23
1616649106575 0.8320394445289957 24
1616649231440 0.8494763169041339 25
1616649356453 0.8497071327601976 26
1616649481494 0.8548745508206651 27
1616649606704 0.8586738889521741 28
1616649731865 0.8600058826677343 29
1616649856853 0.8578649615829296 30
1616649981854 0.8459822519662532 31
1616650106776 0.8521713916846412 32
1616650231731 0.8384390559760814 33
1616650357063 0.8570015042861725 34
1616650482157 0.8568638446245421 35
1616650607244 0.8608505802744246 36
1616650732511 0.8601771653728917 37
1616650857603 0.8632406578894626 38
1616650982465 0.8479692320874397 39
1616651107378 0.8570901906078167 40
1616651232640 0.845303863604018 41
1616651358611 0.8361317906132404 42
1616651483762 0.8326027797971 43
1616651608769 0.8602237351872819 44
1616651733949 0.8604025033084636 45
1616651858908 0.8496698904782534 46
1616651984168 0.8404582266081521 47
1616652109897 0.851846109164205 48
1616652234931 0.8651272883599109 49
1616652360023 0.8645963948616322 50
1616652484943 0.8692083407114161 51
1616652610097 0.8689721298027546 52
1616652735094 0.8697935480307392 53
1616652860187 0.8707373383989994 54
1616652985082 0.8734708895629391 55
1616653109863 0.871622568590844 56
1616653234876 0.8745934891098357 57
1616653359954 0.8734135827485551 58
1616653484845 0.8756759292347 59
1616653609788 0.8752138714127718 60
1616653734781 0.8758942856988374 61
1616653859708 0.874838968818175 62
1616653984863 0.8763149925210374 63
1616654109788 0.8768857465462482 64
1616654234918 0.8783244718103966 65
1616654359684 0.8790444385339605 66
1616654484613 0.87167340354558 67
1616654609555 0.8668954993419825 68
1616654734626 0.8571072345242855 69
1616654859914 0.8722440241340627 70
1616654984815 0.8752723998053277 71
1616655110164 0.8792323830755467 72
1616655235149 0.878108023011938 73
1616655360026 0.8806779709188862 74
1616655484962 0.8784799969735297 75
1616655610051 0.8721657788103565 76
1616655735002 0.8518823413772786 77
1616655859794 0.8685219293816927 78
1616655984789 0.8697081778119219 79
1616656109739 0.8593761691863232 80
1616656234800 0.8765134498318459 81
1616656360104 0.8781832126860923 82
1616656484896 0.8832077520324829 83
