1616646095501 0.6309987041861453 0
1616646221089 0.24198140243583538 1
1616646346591 0.16246265553413552 2
1616646471614 0.1873199426113291 3
1616646596795 0.14747367185005483 4
1616646722304 0.11588393892855087 5
1616646848065 0.14710033657227425 6
1616646973537 0.1686786331949716 7
1616647099161 0.1305381697701647 8
1616647224909 0.11033450356347764 9
1616647350491 0.09146483139471805 10
1616647475512 0.09968871623277664 11
1616647600571 0.08110990553618745 12
1616647725911 0.07714592926996819 13
1616647853632 0.08909121829461544 14
1616647979410 0.14322752228125613 15
1616648104652 0.07188137050004716 16
1616648229847 0.06004541093840244 17
1616648355350 0.06543247631572663 18
1616648480267 0.059445627628171696 19
1616648605822 0.07059616298276059 20
1616648730979 0.06129799533556116 21
1616648855950 0.05236175410608028 22
1616648981211 0.08340179622965924 23
1616649106570 0.07355945870438789 24
1616649231434 0.06021852387075729 25
1616649356449 0.05871072998072239 26
1616649481490 0.04868683646968071 27
1616649606699 0.04671079146259643 28
1616649731860 0.047459403052926064 29
1616649856849 0.04753309313921218 30
1616649981849 0.06150223358355938 31
1616650106773 0.053091108917872956 32
1616650231726 0.07054616716947962 33
1616650357059 0.04481523404730127 34
1616650482151 0.04841039111798114 35
1616650607239 0.046910395092786626 36
1616650732507 0.044011169212295656 37
1616650857598 0.03983081044985893 38
1616650982460 0.05911622105285208 39
1616651107374 0.04955094351254879 40
1616651232635 0.06667283482532552 41
1616651358607 0.07127315249848873 42
1616651483756 0.07232631124714588 43
1616651608764 0.042314000229569194 44
1616651733944 0.04716414300368187 45
1616651858904 0.05534876633356226 46
1616651984163 0.06504189159641875 47
1616652109892 0.0532695861097346 48
1616652234926 0.0388856458854168 49
1616652360018 0.046004091884861605 50
1616652484938 0.03466131094288319 51
1616652610093 0.03323020675080888 52
1616652735089 0.034636880548552 53
1616652860184 0.03465134182826002 54
1616652985079 0.03398487332494969 55
1616653109859 0.03311981466856408 56
1616653234871 0.02729451491873949 57
1616653359950 0.02877546823088159 58
1616653484839 0.028390301847235955 59
1616653609783 0.03172435488631117 60
1616653734777 0.030923511872583246 61
1616653859703 0.035481390642358904 62
1616653984858 0.026091436201587638 63
1616654109784 0.02727907355082162 64
1616654234914 0.033900594893605154 65
1616654359679 0.030556488167890843 66
1616654484608 0.03510064485066749 67
1616654609551 0.043456981493596065 68
1616654734622 0.04879133973984008 69
1616654859910 0.027427147915388677 70
1616654984810 0.03717438175164638 71
1616655110159 0.027428222186070807 72
1616655235145 0.025213227151556217 73
1616655360022 0.022808868438005447 74
1616655484958 0.028007174742982744 75
1616655610046 0.031446440858726804 76
1616655734997 0.05928316755973278 77
1616655859790 0.03205822812432938 78
1616655984785 0.03813782873305869 79
1616656109735 0.051632216160601756 80
1616656234795 0.03147547533537479 81
1616656360099 0.027161826914612282 82
1616656484891 0.020630168114253816 83
