1616646095506 inf 0
1616646221093 20.233529291993257 1
1616646346595 18.765185121665805 2
1616646471619 18.886705527176634 3
1616646596800 18.08273816988183 4
1616646722308 17.458031281750497 5
1616646848069 18.294011715078533 6
1616646973542 18.4543459748234 7
1616647099166 17.541458297067916 8
1616647224913 17.482520915976114 9
1616647350495 16.852844496965112 10
1616647475516 16.553490248433555 11
1616647600576 15.414962566677833 12
1616647725916 15.406486704781916 13
1616647853642 16.2779406516227 14
1616647979416 18.41373145540291 15
1616648104660 15.106304187501559 16
1616648229854 15.107713379690876 17
1616648355357 14.99426609512779 18
1616648480275 14.359586501486032 19
1616648605829 14.997469438473244 20
1616648730985 14.23502440581243 21
1616648855958 13.083859219567538 22
1616648981218 14.947938904694329 23
1616649106577 13.882162869213298 24
1616649231442 13.858301239758543 25
1616649356456 14.039408159694055 26
1616649481497 13.588947218350441 27
1616649606706 13.578468783733594 28
1616649731867 13.376359639784976 29
1616649856856 13.7019017605382 30
1616649981857 13.323727438804708 31
1616650106778 13.73223167635683 32
1616650231733 14.766630408525682 33
1616650357065 13.359498797828023 34
1616650482159 12.523039845195443 35
1616650607246 12.174025681700423 36
1616650732514 13.304785484890349 37
1616650857605 12.03531890468843 38
1616650982467 14.717718588819645 39
1616651107380 13.11830497020332 40
1616651232642 14.54666319265806 41
1616651358614 14.507412997504701 42
1616651483764 14.64434051368315 43
1616651608771 12.431544388763225 44
1616651733952 12.160207814074242 45
1616651858910 12.668842709037756 46
1616651984171 14.202358404308285 47
1616652109899 12.884587034477422 48
1616652234934 12.575195651876951 49
1616652360025 13.11998558100631 50
1616652484945 12.062871209001894 51
1616652610099 11.616121994997766 52
1616652735096 12.013519547101716 53
1616652860190 12.098233106158833 54
1616652985084 11.717110641413614 55
1616653109865 11.60727241456834 56
1616653234878 11.533678569283673 57
1616653359956 10.909992313102473 58
1616653484847 10.987121305520981 59
1616653609790 10.528442835400785 60
1616653734783 10.996053186674141 61
1616653859711 11.382568923331954 62
1616653984865 11.124913021845451 63
1616654109790 11.174040291415835 64
1616654234921 11.821580728008753 65
1616654359687 10.768747380898315 66
1616654484616 12.690419044074295 67
1616654609558 11.464790346212043 68
1616654734628 13.599756710571034 69
1616654859916 12.095505116386787 70
1616654984817 10.544042210399715 71
1616655110166 10.454747714798152 72
1616655235151 11.376998258347417 73
1616655360029 10.54287641777486 74
1616655484965 11.732780448616118 75
1616655610054 11.80902451795741 76
1616655735004 12.918640331307845 77
1616655859796 11.7436646945115 78
1616655984791 11.685005974051464 79
1616656109741 12.65825278501904 80
1616656234803 12.123844617542806 81
1616656360106 11.419434766298632 82
1616656484898 10.534767932652613 83
