1612005370561 0.4310035661085328 0
1612005439640 0.2781867135816546 1
1612005508765 0.20371417679003814 2
1612005578046 0.1651294987593124 3
1612005647655 0.13175025359908146 4
1612005716401 0.17219100069643847 5
1612005785535 0.14461391986306035 6
1612005854545 0.1417644504290908 7
1612005923548 0.11962238087582944 8
1612005992596 0.13409432991227108 9
1612006061840 0.1707083476123525 10
1612006130800 0.1310970578620683 11
1612006199712 0.1253608073761214 12
1612006269275 0.10738501797861127 13
1612006338309 0.10018393975585255 14
1612006407301 0.12754656485657193 15
1612006476460 0.13144123376305425 16
1612006545532 0.11662040984452661 17
1612006614886 0.1056173701784504 18
1612006684046 0.1357476328735921 19
1612006752979 0.09149890604303844 20
1612006821725 0.1368925509168141 21
1612006890898 0.13122278629843867 22
1612006959778 0.12820343473064366 23
1612007028771 0.08350738838537415 24
1612007097900 0.1161323252008922 25
1612007167210 0.1130266492046527 26
1612007236246 0.09097720171088602 27
1612007305357 0.07829113148931247 28
1612007374376 0.11370616884373907 29
1612007443399 0.10002889473046829 30
1612007512360 0.10464646389235312 31
1612007581937 0.09728534541912932 32
1612007653012 0.15011202666296888 33
1612007721910 0.08110173869488845 34
1612007791186 0.10815623358114441 35
1612007862118 0.08942471155479773 36
1612007931062 0.09946087847894697 37
1612008001009 0.1102447803340741 38
1612008070112 0.10667116428489115 39
1612008139460 0.09736136091289235 40
1612008208763 0.07537803098336975 41
1612008277441 0.0718339565974563 42
1612008346431 0.09618419319836062 43
1612008415802 0.09762110283125693 44
1612008485158 0.06808393126103415 45
1612008554084 0.12069124873004743 46
1612008623408 0.07913633513806471 47
1612008692154 0.09293396615270358 48
1612008761273 0.10584056733259514 49
1612008830065 0.10688294937361532 50
1612008899549 0.10871277816260039 51
1612008968645 0.12416855167986741 52
1612009037766 0.17555602006058194 53
1612009106396 0.10567813400012344 54
1612009175477 0.12589340156583645 55
1612009244304 0.08943017027271327 56
1612009313650 0.10455234371014495 57
1612009382771 0.1159007024409166 58
1612009454006 0.10986954952353861 59
1612009522905 0.07258955400381516 60
1612009592376 0.1119622089969578 61
1612009661812 0.11312291604369434 62
1612009731109 0.09122151492246941 63
1612009799949 0.08806436008481837 64
1612009869301 0.06575918909329087 65
1612009937956 0.10608938291891297 66
1612010007134 0.08077509367643897 67
1612010076232 0.09572791074638937 68
1612010146298 0.07463505819662293 69
1612010215624 0.07381603255200742 70
1612010284743 0.06894990401481514 71
1612010354190 0.08319307085293443 72
1612010423286 0.10058880208143547 73
1612010492077 0.10474617267722514 74
1612010561304 0.08216950875609669 75
1612010629991 0.08777542612445888 76
1612010698596 0.09186688999631512 77
1612010767381 0.11788422314088735 78
1612010836752 0.08636451924025122 79
1612010905643 0.07986155730574879 80
1612010975034 0.08856459606939288 81
1612011044018 0.08006040106958418 82
1612011112746 0.08322983090557269 83
1612011181430 0.1077409182021867 84
1612011250578 0.0670829370840272 85
1612011319460 0.11520977874300373 86
1612011388215 0.08525166226856744 87
1612011457071 0.10782006961196217 88
1612011527926 0.08478577368295015 89
1612011596893 0.11096501172478519 90
1612011666093 0.07888624472404594 91
1612011735325 0.08587506102092231 92
1612011804385 0.1183303381080058 93
1612011873011 0.10851846791025418 94
1612011941948 0.08485599774033276 95
1612012011443 0.11550336720338508 96
1612012080765 0.14064898241811724 97
1612012149675 0.09744396494395698 98
1612012218576 0.11086260204884543 99
1612012287608 0.08913847670626285 100
1612012356395 0.11356321733389328 101
1612012425870 0.15814270813073686 102
1612012496344 0.08102159179858308 103
1612012565764 0.07667429411589209 104
1612012634364 0.1363210944987055 105
1612012704046 0.09889548127330951 106
1612012773083 0.09856014821066786 107
1612012844387 0.10493684615661848 108
1612012913265 0.07700694852800512 109
1612012982125 0.10066433095220309 110
1612013050944 0.09419597440691137 111
1612013120232 0.0689882671655114 112
1612013189397 0.10098212512571421 113
1612013258374 0.09516037133202623 114
1612013328394 0.0900312190625205 115
1612013397278 0.08376707781606646 116
1612013466184 0.0878518277139806 117
1612013535227 0.07461523831780277 118
1612013603879 0.10855521995629837 119
1612013673417 0.0905454674763466 120
1612013742278 0.09033278475946455 121
1612013810909 0.07025444329674564 122
1612013879760 0.07315794211715015 123
1612013948370 0.10571703359262268 124
1612014017497 0.09603307852104528 125
1612014086202 0.06411492379743662 126
1612014155050 0.069249508096211 127
1612014224286 0.08871306768104212 128
1612014293021 0.0846923563017774 129
1612014361960 0.11296747958482202 130
1612014431015 0.07521017095935878 131
1612014499937 0.07882765246861016 132
1612014568767 0.07341313717970208 133
1612014637629 0.0922873046860766 134
1612014707272 0.12723825938666045 135
1612014776730 0.09478162562669214 136
1612014845545 0.06845008170426782 137
1612014914380 0.07069464583895099 138
1612014984014 0.06809692774245989 139
1612015053527 0.07233634724545834 140
1612015122594 0.08633006686594949 141
1612015191441 0.1149536718183489 142
1612015260954 0.057708948405820935 143
1612015329680 0.10809693763505167 144
1612015400105 0.11066836207660276 145
1612015469222 0.11980495435088429 146
1612015540037 0.10419751192206766 147
1612015610109 0.06233872495480438 148
1612015679126 0.05060584331626323 149
1612015747872 0.07482675029270684 150
1612015818321 0.07766006686794225 151
1612015887719 0.08610261998959441 152
1612015956628 0.07894498821514756 153
1612016025605 0.0748758440587058 154
1612016094609 0.07533328301871 155
1612016163708 0.10760575443951052 156
1612016232355 0.06297706490132346 157
1612016303184 0.0667062953336915 158
1612016372649 0.10229770016314378 159
1612016441531 0.12602469191622379 160
1612016510445 0.06921719170328397 161
1612016580234 0.11024603381085751 162
1612016649268 0.09072274147574581 163
1612016718361 0.07620760487086738 164
1612016787421 0.07231544202833033 165
1612016857750 0.07289768421827857 166
1612016927349 0.0768473032695144 167
1612016996180 0.08270708037846124 168
1612017066785 0.06809221185855012 169
1612017135745 0.06015397096747783 170
1612017205022 0.11106668835255637 171
1612017274025 0.08529029141611127 172
1612017342727 0.06424171266271107 173
1612017411446 0.08599098137955168 174
1612017480619 0.10783233393484087 175
1612017549199 0.06904216755681963 176
1612017618731 0.0929479928159002 177
1612017688073 0.07548606662607904 178
1612017757158 0.05978051406234058 179
1612017826326 0.08483948814335154 180
1612017894933 0.07421994920986802 181
1612017963842 0.0912571585000451 182
1612018032615 0.12800883268242452 183
1612018101729 0.07734394874145735 184
1612018170535 0.11146540695161962 185
1612018239119 0.0945114004078196 186
1612018308042 0.09112774969926521 187
1612018376761 0.07421654640738644 188
1612018445820 0.07658880237323135 189
1612018514417 0.11661425811141285 190
1612018583642 0.051436882410476455 191
1612018653923 0.10245038947062705 192
1612018722877 0.11890888925808579 193
1612018792433 0.0978324671289814 194
1612018861568 0.12607409971863476 195
1612018930530 0.07874726537448257 196
1612018999974 0.10127994907436086 197
1612019068817 0.08177836172616304 198
1612019139229 0.08202500129813578 199
1612019209756 0.08641784849451549 200
1612019278643 0.10021618319981133 201
1612019347707 0.08625844788195482 202
1612019416530 0.0809465139659483 203
1612019487172 0.07973656280716854 204
1612019556700 0.0806492860637494 205
1612019626161 0.07139014041245874 206
1612019697028 0.07438677549362183 207
1612019766264 0.07892214718149669 208
1612019835587 0.08725795016359927 209
1612019904508 0.08379516761694382 210
1612019973296 0.07304828647357314 211
1612020042389 0.07190396803528515 212
1612020111241 0.05572103475456807 213
1612020179909 0.07196090114650441 214
1612020248510 0.09716631583313444 215
1612020317238 0.07309302554201724 216
1612020386356 0.0780240688750993 217
1612020457174 0.06553376966447973 218
1612020527904 0.0726978467471564 219
1612020596997 0.09087303058424992 220
1612020666261 0.0979529049859118 221
1612020735600 0.08583839615779136 222
1612020804580 0.08680288026581949 223
1612020873078 0.07455847957241002 224
1612020942048 0.0647878691331664 225
1612021010851 0.10877386313765797 226
1612021079898 0.08447899747250685 227
1612021148943 0.09756312797318643 228
1612021218075 0.060098054693706 229
1612021287375 0.08206331818851072 230
1612021356513 0.07450047980493574 231
1612021425687 0.0833527196699114 232
1612021496320 0.10075437132991961 233
1612021565049 0.07035782710829777 234
1612021634688 0.07493537575451296 235
1612021708425 0.12193472082935163 236
1612021777548 0.0793350908293653 237
1612021846900 0.059700118961618906 238
1612021916358 0.06077530134969683 239
1612021986928 0.058258711402095965 240
1612022056062 0.07753100768843693 241
1612022125890 0.08125955756030866 242
1612022195042 0.11243476796506056 243
1612022264545 0.07212659138352123 244
1612022333112 0.1147022176144728 245
1612022402215 0.07004252476478691 246
1612022471089 0.09373131349905213 247
1612022540012 0.10813480170805063 248
1612022609691 0.06119748549674874 249
1612022680245 0.061782173256375895 250
1612022749008 0.0676865648867479 251
1612022818104 0.06808146523005927 252
1612022887385 0.06746881221657369 253
1612022956188 0.055180335222785155 254
1612023025065 0.06742208484393447 255
1612023094014 0.06537386463649238 256
1612023163145 0.08432204687773291 257
1612023233670 0.0730348087068814 258
1612023302869 0.07751956092777537 259
1612023371685 0.06896521173306365 260
1612023440979 0.0879523754119873 261
1612023510069 0.06536735349626684 262
1612023578686 0.05129289360188726 263
1612023647437 0.08785423858841854 264
1612023716164 0.07435771333637523 265
1612023785255 0.10096163091374867 266
1612023855851 0.0672615828798778 267
1612023925210 0.0673050533479719 268
1612023994827 0.06275666115888909 269
1612024063570 0.0680822116225513 270
1612024132780 0.09560359058095448 271
1612024201845 0.055759007361397814 272
1612024271400 0.09449369871794287 273
1612024340187 0.06808260127679626 274
1612024408913 0.11766650071784632 275
1612024477814 0.09570724394784044 276
1612024547283 0.08819378756765109 277
1612024616027 0.09750294418477301 278
1612024685428 0.08525176101656103 279
1612024754523 0.05439090194986827 280
1612024823342 0.070409991847935 281
1612024894038 0.06825454199492041 282
1612024963007 0.09494173348839603 283
1612025031790 0.0817962982761326 284
1612025100345 0.08106802648572779 285
1612025169912 0.05316208102809849 286
1612025238878 0.06858886444746558 287
1612025307715 0.08645064261422228 288
1612025377060 0.06493651600026373 289
1612025446228 0.10424449016798788 290
1612025515500 0.06657836152546441 291
1612025584899 0.06318707697427095 292
1612025653859 0.08990707860064151 293
1612025723716 0.06033839930349322 294
1612025792763 0.08305313693943309 295
1612025861622 0.08756635171263966 296
1612025930348 0.08032206457052658 297
1612025999717 0.053523158849175294 298
1612026068199 0.07110605133113576 299
1612026137169 0.04858712829760651 300
1612026207801 0.06587200111417628 301
1612026276935 0.10954748516652121 302
1612026345844 0.105460991610342 303
1612026415075 0.074933403463506 304
1612026485585 0.08854485714613501 305
1612026554521 0.08834656850615544 306
1612026623342 0.0673732250484068 307
1612026692217 0.08634920529465177 308
1612026760744 0.056652134034171034 309
1612026829398 0.04864787877495609 310
1612026898120 0.06840704892998312 311
1612026967081 0.09060985205778435 312
1612027035884 0.07153331254845235 313
1612027105110 0.07418430830115702 314
1612027174109 0.05253372797325476 315
1612027242786 0.08972319827150943 316
1612027311655 0.05856267996688387 317
1612027380913 0.09438132439086687 318
1612027449684 0.08817507348843474 319
1612027518943 0.0669063311904224 320
1612027587737 0.05995737171884793 321
1612027656540 0.05416887553770151 322
1612027727055 0.06661099640291128 323
1612027796514 0.06925629146063506 324
1612027865326 0.07397743303384353 325
1612027934412 0.05529810777351038 326
1612028003688 0.05739960207867978 327
1612028074797 0.07139566674161313 328
1612028143699 0.06526863041208751 329
1612028212664 0.05962818772045534 330
1612028281157 0.05313742160797119 331
1612028351064 0.09905129137323863 332
1612028420211 0.08092143998217227 333
1612028490702 0.056835513506362685 334
1612028559274 0.06304913047534316 335
1612028628144 0.07925173684732238 336
1612028697197 0.049832795982930195 337
1612028768096 0.0819134890143551 338
1612028836826 0.08987150085506154 339
1612028906070 0.07908231286860223 340
1612028975991 0.06632584600306268 341
1612029045226 0.07125247236508042 342
1612029114689 0.06787317902294558 343
1612029184045 0.05983993455545226 344
1612029252743 0.04835144975292149 345
1612029322182 0.0799380941177482 346
1612029391499 0.0723305762703739 347
1612029460718 0.07963489418599143 348
1612029529851 0.06006134090138905 349
1612029598475 0.07806950006912004 350
1612029668525 0.07901976090758595 351
1612029737555 0.09719105531920248 352
1612029807233 0.049375951290130615 353
1612029875931 0.05554524909204511 354
1612029944587 0.11007147582609263 355
1612030013518 0.09855845526083191 356
1612030082329 0.07758439387848128 357
1612030151453 0.07061121001172421 358
1612030220974 0.042780396653645074 359
1612030289668 0.07491167000870207 360
1612030358320 0.06056255191119749 361
1612030427305 0.06182541242286341 362
1612030497772 0.0846263232515819 363
1612030566445 0.05249118449083015 364
1612030635143 0.057459376641173864 365
1612030704137 0.05061119172110486 366
1612030772615 0.07690410560636378 367
1612030841465 0.08727686974539686 368
1612030910573 0.06995188834062263 369
1612030979329 0.050520039316433576 370
1612031048031 0.05027495391333281 371
1612031117241 0.0708930741495161 372
1612031186711 0.06545798102421548 373
1612031255337 0.07033186973030887 374
1612031324113 0.07079077478665025 375
1612031393184 0.08966716189882648 376
1612031461537 0.07118718036964758 377
1612031530688 0.04684599655777661 378
1612031599113 0.04328238430307872 379
1612031668288 0.06837265616032615 380
1612031737007 0.08811078498612589 381
1612031806133 0.0687534310924473 382
1612031875166 0.061407331210463795 383
1612031946226 0.048100249980812644 384
1612032015155 0.044500092072273366 385
1612032085908 0.06594133199150883 386
1612032155051 0.08013653310377207 387
1612032224969 0.09125768960411869 388
1612032293955 0.05477039048920816 389
1612032363011 0.10477539852483948 390
1612032432342 0.059078241462138165 391
1612032501485 0.052244295824819535 392
1612032572345 0.05848969897227501 393
1612032641590 0.08598155139097527 394
1612032712025 0.11104140975582066 395
1612032780825 0.07773323201421481 396
1612032849645 0.10282929263897796 397
1612032918696 0.06045868859362247 398
1612032987579 0.059032972179242034 399
1612033056486 0.09414918298151956 400
1612033125711 0.07195957027264495 401
1612033194583 0.08680800359640549 402
1612033263956 0.061476359616464644 403
1612033333400 0.061903505182977936 404
1612033402620 0.07939322404007414 405
1612033471404 0.06546197987314481 406
1612033540455 0.06891962040716143 407
1612033609877 0.10245799662461921 408
1612033679032 0.06759455399726753 409
1612033747724 0.05735882093657309 410
1612033816658 0.0456683609023023 411
1612033885079 0.050236159296178105 412
1612033954247 0.06614651430898638 413
1612034023260 0.0863756243862323 414
1612034092039 0.056969074170980884 415
1612034161570 0.10359921740062202 416
1612034230721 0.0846769525044 417
1612034299793 0.0688889213462374 418
1612034368352 0.04347810015749576 419
1612034436951 0.10528296410147824 420
1612034505643 0.056324407235899966 421
1612034574360 0.04836129163628194 422
1612034643281 0.08313135869467436 423
1612034712837 0.09611791817109976 424
1612034781954 0.060768970802648745 425
1612034850925 0.1088790146272574 426
1612034921326 0.06637330642387049 427
1612034990382 0.0752411947321536 428
1612035059208 0.060257390363892514 429
1612035127879 0.09726947190156623 430
1612035196692 0.0749142356772921 431
1612035265816 0.06776955412394965 432
1612035334512 0.0632917952181688 433
1612035403404 0.08045484236816862 434
1612035472283 0.06195731661212978 435
1612035541490 0.06491692653342859 436
1612035610059 0.06518721669467527 437
1612035679038 0.06252327161048775 438
1612035747928 0.07410977402729775 439
1612035817077 0.04775681424496779 440
1612035886004 0.06064342740756362 441
1612035954746 0.08001041501315671 442
1612036023720 0.052006210853804406 443
1612036093304 0.05456925861871065 444
1612036162396 0.07460823699609558 445
1612036231665 0.05502147461051372 446
1612036300470 0.06237096217141223 447
1612036369476 0.07068695950863967 448
1612036439612 0.08103444860942328 449
1612036509029 0.0812899808385479 450
1612036577748 0.06301932281522608 451
1612036646643 0.07216598026788057 452
1612036715456 0.05407425538817449 453
1612036785876 0.06292016915420988 454
1612036854850 0.07092036329098601 455
1612036923864 0.10346078516832038 456
1612036992916 0.0762962707832678 457
1612037062043 0.046821754370162734 458
1612037133058 0.058471139687210766 459
1612037202366 0.05029167524024622 460
1612037271142 0.09469056841152818 461
1612037339699 0.07140507093116419 462
1612037408395 0.07603179251969751 463
1612037477971 0.07021664060763459 464
1612037547374 0.10120354214710976 465
1612037616250 0.05740868333560317 466
1612037686297 0.05683983350867656 467
1612037755960 0.09164360032152774 468
1612037824680 0.08344937616319799 469
1612037894104 0.11169730371503687 470
1612037962817 0.09218319316408527 471
1612038031609 0.07278823852539062 472
1612038100751 0.0643498586184943 473
1612038169974 0.06487398005243558 474
1612038239085 0.05139513691859459 475
1612038308536 0.07123117571446433 476
1612038377565 0.06881544305317437 477
1612038446905 0.07905953321883928 478
1612038516397 0.06607148362629449 479
1612038585358 0.05990886065497327 480
1612038655121 0.06475804634948275 481
1612038726653 0.043833120545344564 482
1612038796024 0.11438272515339638 483
1612038865032 0.07149756755401838 484
1612038933752 0.05583576924765288 485
1612039004155 0.07027523998004287 486
1612039073067 0.04973210594547329 487
1612039142024 0.05690808972316002 488
1612039210865 0.07161401278937041 489
1612039280038 0.0668054614494096 490
1612039349270 0.11929462027193895 491
1612039418221 0.073709445213204 492
1612039487109 0.0618298694268981 493
1612039556144 0.07134715834660317 494
1612039625628 0.08282271694781175 495
1612039695034 0.07468584669170095 496
1612039763901 0.06314775570115047 497
1612039832861 0.05284692992025347 498
1612039901690 0.05486633617486527 499
1612039970525 0.0483373510303782 500
1612040039184 0.06463546628382669 501
1612040108020 0.1015909376429088 502
1612040176757 0.0837194492567831 503
1612040245558 0.04874789003115981 504
1612040314450 0.11436128260484382 505
1612040383314 0.0894363842793365 506
1612040451963 0.06441457058066752 507
1612040520995 0.049730422781474555 508
1612040589427 0.07147126411324117 509
1612040657853 0.11464887857437134 510
1612040726423 0.05164100963677933 511
1612040795271 0.08035930323956618 512
1612040864064 0.06436382033931676 513
1612040933432 0.0492164092277413 514
1612041002095 0.06536382703638788 515
1612041071121 0.09167057275772095 516
1612041139734 0.10335831055000647 517
1612041208587 0.046615882595973226 518
1612041277936 0.04708418294565001 519
1612041346917 0.06981374256646455 520
1612041415639 0.06650359861886324 521
1612041484231 0.058355963941830305 522
1612041553246 0.06404772000526314 523
1612041621872 0.052890618345630705 524
1612041690373 0.07776940491662096 525
1612041759266 0.0783590345240351 526
1612041829925 0.08668032421994565 527
1612041898695 0.04308017510086743 528
1612041967485 0.04445543306977002 529
1612042036485 0.04652793994590418 530
1612042105294 0.06906621135882478 531
1612042173957 0.0745405367950895 532
1612042242845 0.062962336326713 533
1612042311968 0.0948795952014069 534
1612042382415 0.08647136279006502 535
1612042451686 0.06221655589431079 536
1612042520301 0.09380970428239054 537
1612042589609 0.038809911528630045 538
1612042658656 0.05975337081880712 539
1612042729516 0.07394910481438707 540
1612042798651 0.056679862648693485 541
1612042867831 0.05816377543691379 542
1612042937959 0.05938581833198889 543
1612043006558 0.08771067679817997 544
1612043077543 0.0608211791337426 545
1612043146449 0.06651437104637943 546
1612043216882 0.034220622546637235 547
1612043285566 0.0747381831283 548
1612043354840 0.07166222138191337 549
1612043423985 0.059478567607367215 550
1612043492696 0.06844640045023676 551
1612043561763 0.07548190052829572 552
1612043630671 0.08422065492886216 553
1612043699517 0.08123976970786478 554
1612043768633 0.08410559394466344 555
1612043837843 0.07449705743077975 556
1612043906779 0.05352255390651191 557
1612043975240 0.06338023961479984 558
1612044043960 0.04614203901433233 559
1612044112824 0.07008937401558037 560
1612044181922 0.08569792224400079 561
1612044251099 0.044425334503401574 562
1612044320426 0.07287795686010104 563
1612044389705 0.06926618672128934 564
1612044459276 0.04502866784138466 565
1612044528614 0.09292897448610904 566
1612044597512 0.06367505753218237 567
1612044666689 0.0736009718766853 568
1612044735454 0.06094913340326565 569
1612044806287 0.06544409670046906 570
1612044875233 0.08374831124917785 571
1612044944071 0.07480273495859174 572
1612045014795 0.09793873509364341 573
1612045083777 0.061656069399705575 574
1612045152761 0.0701295840206431 575
1612045221339 0.061238513953650174 576
1612045290305 0.09723215405620746 577
1612045359082 0.057676820612665436 578
1612045428472 0.06568934579393756 579
1612045497596 0.08524640104663905 580
1612045566624 0.053672166902627515 581
1612045637637 0.09218262825439226 582
1612045707109 0.04913991956568476 583
1612045775922 0.04497007825481358 584
1612045845144 0.05354396709755285 585
1612045914496 0.06925016552654666 586
1612045983744 0.04826779507879001 587
1612046052369 0.060931461070900535 588
1612046121334 0.08901236751186314 589
1612046190161 0.05813349627736789 590
1612046258918 0.05413653334574913 591
1612046327869 0.07230912571522727 592
1612046397001 0.07949078438886956 593
1612046465641 0.06149064871802259 594
1612046534641 0.04181696941603476 595
1612046603577 0.06262202049369242 596
1612046672357 0.07379368881681073 597
1612046742898 0.08959379391883736 598
1612046811361 0.0534676793795913 599
1612046880017 0.06453238316436312 600
1612046949008 0.06218564688269772 601
1612047018119 0.0735498729036815 602
1612047086861 0.05358193881476103 603
1612047155769 0.08883158217615156 604
1612047224460 0.09727965450998563 605
1612047292873 0.07582076183005945 606
1612047361818 0.07964014028435323 607
1612047432224 0.040411268597218525 608
1612047501199 0.07176459636261213 609
1612047571655 0.062478696232411396 610
1612047640528 0.055740860860739185 611
1612047709277 0.05512867934668242 612
1612047779736 0.09179598093032837 613
1612047850669 0.06045448513173345 614
1612047921929 0.06562834177444231 615
1612047991726 0.052576876398342756 616
1612048060489 0.05582967889842702 617
1612048129833 0.08362701223857368 618
1612048198671 0.06258952884531732 619
1612048267687 0.047776511356012144 620
1612048336856 0.05389955061585156 621
1612048406336 0.08942278908259833 622
1612048475839 0.05910456981231917 623
1612048544687 0.05809360386720344 624
1612048613423 0.03910552120920437 625
1612048682264 0.036649285857357196 626
1612048750944 0.05818111149232779 627
1612048819999 0.050115908259776104 628
1612048889490 0.05732454381771942 629
1612048958334 0.04994369442783185 630
1612049027226 0.04823000484438085 631
1612049096017 0.047452912401797165 632
1612049165067 0.06873583170905043 633
1612049234015 0.054573466528707475 634
1612049303083 0.05126521124768613 635
1612049374093 0.07667277820074736 636
1612049443283 0.05517383030991056 637
1612049511681 0.10468288144068931 638
1612049580326 0.07064471049095268 639
1612049649055 0.048954805331443675 640
1612049718068 0.08941094377147618 641
1612049786834 0.046925215578790924 642
1612049855428 0.06071987703664979 643
1612049924217 0.07943879401505884 644
1612049993314 0.0439199992080233 645
1612050063844 0.046058662791750325 646
1612050133328 0.08662649143987627 647
1612050202063 0.04540168616309095 648
1612050270987 0.06585273191110412 649
1612050339930 0.08264432113562058 650
1612050408902 0.08115637213436526 651
1612050478183 0.08535306489289697 652
1612050547353 0.07444416142221708 653
1612050616600 0.08590400130001467 654
1612050685509 0.04789603468197495 655
1612050754319 0.05864253328807319 656
1612050823504 0.07798076120775137 657
1612050892246 0.06081118957320256 658
1612050961234 0.05696788741581475 659
1612051030032 0.06555825471878052 660
1612051098967 0.04973288614358475 661
1612051167949 0.04826059181298783 662
1612051236669 0.0484167817813247 663
1612051305627 0.06542425902921763 664
1612051374698 0.06536552799281789 665
1612051444380 0.05973906926254728 666
1612051513099 0.09381299321331195 667
1612051582218 0.08742146972400039 668
1612051651126 0.049074984308499006 669
1612051721759 0.06183847028817704 670
1612051790909 0.04667134249388282 671
1612051860202 0.06318582349748754 672
1612051929427 0.04802187610028395 673
1612051998056 0.06319802376761366 674
1612052066575 0.040093526911379684 675
1612052135075 0.05020174428598204 676
1612052203769 0.05465483487541996 677
1612052274177 0.0456382169652341 678
1612052342611 0.04477300394826861 679
1612052411256 0.03834508959926776 680
1612052480008 0.06368978521717128 681
1612052550826 0.09163120255541446 682
1612052620140 0.08811834854866142 683
1612052689002 0.06101655070461444 684
1612052758306 0.04076350002146479 685
1612052827316 0.07299180884859455 686
1612052896049 0.05239950809905778 687
1612052966890 0.0730656163016362 688
1612053035558 0.07973573101100637 689
1612053104243 0.07003270601158712 690
1612053174463 0.10933326696282003 691
1612053243762 0.08458747614675494 692
1612053312561 0.07168321378195464 693
1612053381434 0.10653587864406074 694
1612053450074 0.05590551468863416 695
1612053519002 0.04646122277672611 696
1612053588147 0.041424408777436215 697
1612053656574 0.0653231757790295 698
1612053725391 0.07970136759886101 699
1612053794556 0.04767354210810875 700
1612053863287 0.06320442014665746 701
1612053932275 0.05759280297293592 702
1612054001543 0.07195243105959537 703
1612054070180 0.08121727473700224 704
1612054140618 0.07509466872286441 705
1612054209433 0.050072411103035085 706
1612054277693 0.06345611454835579 707
1612054346538 0.09220231291073472 708
1612054415324 0.06220162092749752 709
1612054484054 0.05441862077855352 710
1612054553067 0.04695904432837643 711
1612054622062 0.05562845717615156 712
1612054690475 0.040485181915226265 713
1612054759454 0.0722476964566245 714
1612054828288 0.06343725724006767 715
1612054897160 0.058445867317826 716
1612054965847 0.04046145748736253 717
1612055035058 0.03636687727116827 718
1612055106145 0.05895069463929133 719
1612055175553 0.04524136657145486 720
1612055245958 0.05312275708611332 721
1612055315524 0.07214858816630805 722
1612055384130 0.0598810021557025 723
1612055453473 0.04717806915738689 724
1612055522123 0.03655140257593411 725
1612055590855 0.0836075784555122 726
1612055659516 0.07403473088990396 727
1612055728107 0.05872098545529949 728
1612055797048 0.06795027362766551 729
1612055865679 0.06457305577263903 730
1612055934406 0.058962661828567735 731
1612056003400 0.04370963751380123 732
1612056072148 0.05409059951554483 733
1612056140745 0.050258589324666494 734
1612056208988 0.039109495148729925 735
1612056277547 0.03679843802950276 736
1612056346661 0.04323691930343856 737
1612056415007 0.04528026171584627 738
1612056484997 0.061846903010980406 739
1612056553700 0.06863181626618799 740
1612056622550 0.03981060501354844 741
1612056691444 0.04713165937964596 742
1612056760419 0.0671929539139591 743
1612056829213 0.05764226771112698 744
1612056898194 0.05105403910821943 745
1612056966998 0.04302402841511058 746
1612057035849 0.06145785370869423 747
1612057104291 0.042901827328240695 748
1612057172849 0.04272187912642066 749
1612057241913 0.05045853977772727 750
1612057311428 0.0431405964182384 751
1612057380267 0.05180090487892948 752
1612057449077 0.04480855500520165 753
1612057517610 0.0614231282205724 754
1612057588226 0.045206070835910626 755
1612057657509 0.05952501208034914 756
1612057726167 0.03933825154802693 757
1612057794845 0.06764001810728613 758
1612057863956 0.048580623384731916 759
1612057932989 0.04090703957116426 760
1612058001511 0.11139983917350199 761
1612058070466 0.06790420813346977 762
1612058139312 0.07431377314809542 763
1612058208226 0.04945972962165946 764
1612058277338 0.06178046607259494 765
1612058345855 0.048014850758794525 766
1612058415209 0.03799189471486789 767
1612058484754 0.0468864778974163 768
1612058553510 0.043901289576914776 769
1612058622589 0.06045458299010547 770
1612058691881 0.042434832943019585 771
1612058761141 0.06507490730997342 772
1612058830730 0.05822447520583423 773
1612058899764 0.07093307064540351 774
1612058968599 0.06288475509899766 775
1612059039253 0.060467186258799994 776
1612059108028 0.06000934785871363 777
1612059177318 0.052453276826374566 778
1612059246264 0.060852845213306486 779
1612059315556 0.061800266379740704 780
1612059384606 0.04830392438973954 781
1612059453298 0.04690498024670046 782
1612059522213 0.07283765611363881 783
1612059591208 0.07252916560244205 784
1612059659898 0.06265994595057929 785
1612059729556 0.07284227680804124 786
1612059798540 0.04323010836074601 787
1612059868952 0.0696593736534688 788
1612059937436 0.06020967017358808 789
1612060006472 0.04711629294637424 790
1612060075309 0.06040084717878655 791
1612060144550 0.05385945982007838 792
1612060213335 0.06308105187629585 793
1612060282293 0.05318423972200992 794
1612060351138 0.049027220526737955 795
1612060420124 0.06429042300181602 796
1612060489326 0.06215225760616473 797
1612060558600 0.04249468134410346 798
1612060628753 0.04708365006233329 799
1612060697873 0.061480644923537525 800
1612060766850 0.049394428730010986 801
1612060835836 0.07567585048390858 802
1612060904661 0.06799576353670946 803
1612060973869 0.04593352061599048 804
1612061042875 0.03471299605583077 805
1612061111724 0.03756371985620527 806
1612061180883 0.052139411221689254 807
1612061251293 0.051138945479891194 808
1612061320295 0.06904198874288531 809
1612061389349 0.05132057506646683 810
1612061458070 0.05188817497509629 811
1612061527247 0.06215345503678962 812
1612061596577 0.04237625136304257 813
1612061665745 0.052083928193619004 814
1612061736827 0.08499914763578728 815
1612061805337 0.03899475264905104 816
1612061874685 0.05730985794494401 817
1612061946192 0.03831118790071402 818
1612062014920 0.03942793607711792 819
1612062084049 0.07453409682458906 820
1612062153275 0.05718707949367922 821
1612062222390 0.05575701905720269 822
1612062291597 0.03944761984383882 823
1612062360281 0.04604059991551869 824
1612062429121 0.07936473835760088 825
1612062497687 0.06894142770055514 826
1612062567223 0.06863513900272881 827
1612062636385 0.06750958713132944 828
1612062704962 0.03940141645830069 829
1612062773937 0.056363766762747694 830
1612062844463 0.08472958162649354 831
1612062913842 0.06123555952043676 832
1612062984241 0.08956163409930556 833
1612063053008 0.06308769023240503 834
1612063122268 0.06180672414267241 835
1612063191021 0.062416376462623255 836
1612063259890 0.058396729960370417 837
1612063328979 0.047326363734344935 838
1612063397965 0.10822495506770576 839
1612063467232 0.08071285486221313 840
1612063535958 0.05968401592169235 841
1612063606468 0.05652551063850744 842
1612063675679 0.05746470903282735 843
1612063744536 0.07170950565765154 844
1612063813454 0.061328616604876166 845
1612063882668 0.03136298371784722 846
1612063951373 0.07145664407246148 847
1612064022054 0.06795142390834752 848
1612064090968 0.04312874665900843 849
1612064159551 0.058773528284101345 850
1612064228360 0.06689243263273097 851
1612064296958 0.05236836600659499 852
1612064365539 0.05489004814802711 853
1612064434310 0.050094304689720495 854
1612064504765 0.0342320399497872 855
1612064573511 0.05662250340874515 856
1612064642598 0.059250105672807835 857
1612064711427 0.03379888943771818 858
1612064780473 0.04742422477522893 859
1612064849291 0.085747821117515 860
1612064918256 0.04431417006165234 861
1612064987276 0.04317123409527451 862
1612065056250 0.058893934114655454 863
1612065125067 0.06249382780559028 864
1612065194350 0.062017664980532516 865
1612065263204 0.07016034268621188 866
1612065332467 0.052407264709472656 867
1612065403164 0.050592948251695774 868
1612065472303 0.08548863165414156 869
1612065541420 0.06775744993295242 870
1612065610085 0.08411391279590663 871
1612065679166 0.0725679664469477 872
1612065747933 0.044851704319911215 873
1612065816361 0.05143318069514943 874
1612065885381 0.036150280219405445 875
1612065956140 0.04078239914196641 876
1612066026622 0.03638283530277992 877
1612066095808 0.05381496450794277 878
1612066165007 0.07527027201296678 879
1612066233974 0.04491803183484433 880
1612066302717 0.06374258514660508 881
1612066371658 0.049243443937443974 882
1612066440839 0.07159460836382055 883
1612066509517 0.040007753158683206 884
1612066578888 0.06695651652208015 885
1612066648001 0.059843527736948496 886
1612066717005 0.05572935093694659 887
1612066785796 0.05339785921039866 888
1612066854496 0.0592575429090813 889
1612066923607 0.0361325518408818 890
1612066992296 0.0560206859859068 891
1612067061643 0.06336148194412687 892
1612067130401 0.03253742741115058 893
1612067198821 0.07650972391242411 894
1612067267910 0.06431484578260735 895
1612067336784 0.05613244469486066 896
1612067405284 0.03362858295440674 897
1612067474233 0.04564368013125747 898
1612067543369 0.08460437717722423 899
1612067612506 0.06874482756230368 900
1612067681582 0.043959044698459 901
1612067750452 0.0752436260678875 902
1612067819295 0.06034009136370758 903
1612067888637 0.0556321215273729 904
1612067957296 0.09451125273064001 905
1612068026160 0.0653484988568434 906
1612068095077 0.05248915704328622 907
1612068163867 0.04636598167134755 908
1612068232766 0.055535176796699635 909
1612068301752 0.04743714030109235 910
1612068370483 0.07398987706027814 911
1612068438999 0.03444948125241408 912
1612068508085 0.04041322665428048 913
1612068576613 0.04911873500738571 914
1612068646968 0.03505424421225021 915
1612068715929 0.03655851421071522 916
1612068784669 0.04655972167627135 917
1612068853842 0.0416402496508698 918
1612068922811 0.04808910658110434 919
1612068992107 0.07250953165452871 920
1612069062520 0.06890834445384011 921
1612069131689 0.050875179803193504 922
1612069201050 0.045278272522029595 923
1612069270025 0.03586868741619053 924
1612069339324 0.036656896569835604 925
1612069408423 0.0807905828774865 926
1612069477158 0.07631263982004194 927
1612069546118 0.08220462656732816 928
1612069615152 0.06478568333298412 929
1612069683892 0.05893139252022131 930
1612069752343 0.042746571462545825 931
1612069822679 0.04978921787062688 932
1612069891244 0.036158049284522216 933
1612069961300 0.03539084142713404 934
1612070030469 0.04777671063124244 935
1612070099682 0.04977820791415314 936
1612070169980 0.06025392617752303 937
1612070239582 0.03422473081901892 938
1612070308848 0.05531729424177711 939
1612070377630 0.04623988849013599 940
1612070446935 0.07108692624675694 941
1612070515669 0.034236569013168565 942
1612070584461 0.04300331446661878 943
1612070653285 0.04009692793461814 944
1612070723958 0.0334670232303107 945
1612070793287 0.060778316277176586 946
1612070862164 0.03487100174177939 947
1612070931290 0.05226430341378966 948
1612071000333 0.058048041009191254 949
1612071069528 0.07949903384963078 950
1612071138951 0.0388796231639919 951
1612071207982 0.03168815730223015 952
1612071277520 0.05927479889855456 953
1612071346397 0.03597707890752536 954
1612071414823 0.03130663152950913 955
1612071484074 0.048623161529427146 956
1612071552644 0.04214309756435565 957
1612071621660 0.05434721886222042 958
1612071690164 0.032277065426556034 959
1612071759082 0.05035852674228042 960
1612071828124 0.05489071180571371 961
1612071897322 0.048211562099741465 962
1612071966178 0.057659349334773735 963
1612072035225 0.04453838138437983 964
1612072104279 0.07819090850317656 965
1612072173759 0.04924576940821178 966
1612072242416 0.07543397038730222 967
1612072311143 0.059759882848654224 968
1612072379902 0.054541783546333884 969
1612072449590 0.05722346679488225 970
1612072518274 0.038116060975772234 971
1612072587205 0.06699039953858105 972
1612072656556 0.04663438761412208 973
1612072727309 0.05969307671731977 974
1612072796202 0.048855878523926234 975
1612072865320 0.06726162825057756 976
1612072934145 0.03160255791536018 977
1612073004648 0.04111205641903094 978
1612073073661 0.04988726306317458 979
1612073142529 0.06624287188942753 980
1612073211831 0.05700211649510398 981
1612073280860 0.04999344384492333 982
1612073349868 0.06699934112491893 983
1612073420361 0.043652710629932916 984
1612073489645 0.0387627055395895 985
1612073558316 0.04070938256249499 986
1612073627266 0.04666860601795254 987
1612073696100 0.049844109300357195 988
1612073766557 0.03832705341168304 989
1612073835361 0.07125684396544499 990
1612073905715 0.06064995456097731 991
1612073976323 0.03764005205524502 992
1612074045262 0.06289548126619253 993
1612074113834 0.05779603612956716 994
1612074184299 0.04793482040291402 995
1612074253486 0.040511430199466535 996
1612074322077 0.06477198938825238 997
1612074391333 0.04590543081511313 998
1612074460265 0.03651092034667285 999
