1613019580941 0.3258196542512125 0
1613019649876 0.26211143518561747 1
1613019719117 0.25265450323399025 2
1613019788259 0.23447509577025227 3
1613019857253 0.22808485849579768 4
1613019927021 0.21643729500509612 5
1613019996149 0.20871203883624534 6
1613020065937 0.1981447494741696 7
1613020135651 0.19441567082112504 8
1613020204587 0.18953419567933724 9
1613020273344 0.18530884284015592 10
1613020342254 0.18159153190121724 11
1613020410779 0.18006058545391818 12
1613020480734 0.17614272160570763 13
1613020549411 0.17209953680560366 14
1613020618198 0.16933596790281696 15
1613020687149 0.16695806318673262 16
1613020756311 0.1661083440776686 17
1613020825507 0.16532987093981663 18
1613020896937 0.16339668426940693 19
1613020965951 0.16132123121235842 20
1613021035492 0.15896400805244293 21
1613021104415 0.1564671238624454 22
1613021173617 0.15408802885024706 23
1613021243614 0.15183059663914925 24
1613021312597 0.1492408329255272 25
1613021382987 0.14706878292422193 26
1613021452214 0.1467532052604883 27
1613021522640 0.1453974376434036 28
1613021592315 0.14399315952068542 29
1613021662089 0.14289079934401647 30
1613021730769 0.14122206125575218 31
1613021799458 0.14076636191786068 32
1613021869200 0.13973336713265916 33
1613021937920 0.13977306313606216 34
1613022007233 0.13863306768102635 35
1613022075968 0.13746897774677502 36
1613022145045 0.13641786657256216 37
1613022214393 0.1352206525609177 38
1613022283171 0.1345666509955677 39
1613022351922 0.13335924889332262 40
1613022420760 0.13341438956691093 41
1613022489603 0.1329862270989132 42
1613022559051 0.132040243863736 43
1613022627955 0.13105793084275866 44
1613022697168 0.1299973983489253 45
1613022766375 0.12911197614124675 46
1613022836176 0.128312108936298 47
1613022904910 0.1273195759719224 48
1613022973618 0.12632339057637687 49
1613023042253 0.12544766491464893 50
1613023112124 0.12482538138410396 51
1613023182329 0.12406146541443455 52
1613023251141 0.1236132737053502 53
1613023321408 0.12353503391894755 54
1613023392412 0.12309212944527936 55
1613023462037 0.1224816501624424 56
1613023532545 0.1221511562154027 57
1613023601996 0.12154425622962745 58
1613023671478 0.12080403351368599 59
1613023741987 0.120513341976373 60
1613023811914 0.12019564691333745 61
1613023882281 0.11948423279995209 62
1613023952124 0.11897172179740313 63
1613024021038 0.11831763450368539 64
1613024092551 0.11767012159892308 65
1613024161233 0.11702329855130919 66
1613024231539 0.11642597896996248 67
1613024300642 0.1159849819646056 68
1613024370240 0.11556561303291239 69
1613024439475 0.11501445185368818 70
1613024507917 0.11458602627958626 71
1613024577913 0.11403278816065597 72
1613024647553 0.11383660785033367 73
1613024717419 0.11404323388094925 74
1613024787221 0.11363547615478661 75
1613024858055 0.11323763149656696 76
1613024926288 0.11285424348818036 77
1613024995017 0.11234443522841947 78
1613025063897 0.11225221077008032 79
1613025133332 0.11198386694375861 80
1613025202768 0.11183346090292469 81
1613025271797 0.11151502369719642 82
1613025340351 0.11115784722816544 83
1613025408898 0.11089352799466662 84
1613025479637 0.110586952207321 85
1613025549164 0.11024451695496353 86
1613025618210 0.11004500808838748 87
1613025688958 0.10995251713993763 88
1613025757625 0.10971938891592704 89
1613025827338 0.10930892562639405 90
1613025895942 0.10897749225324348 91
1613025966332 0.10867488300067579 92
1613026034980 0.10828398223451749 93
1613026103941 0.10795592727945809 94
1613026174144 0.10776348981950706 95
1613026244107 0.10757183214209043 96
1613026313884 0.10725863496232531 97
1613026383241 0.10695345844238316 98
1613026453243 0.10671503325896474 99
1613026522105 0.10633960357000541 100
1613026590899 0.10607493642411245 101
1613026659848 0.10589048276343492 102
1613026730901 0.105535610748966 103
1613026799985 0.105243262815916 104
1613026868531 0.10511072024060984 105
1613026937130 0.10504893358489724 106
1613027006286 0.10498380101702366 107
1613027075438 0.10469701298945211 108
1613027144749 0.1043713347963594 109
1613027214452 0.10402406795989505 110
1613027283888 0.10376374923916 111
1613027353074 0.10358315485028569 112
1613027422209 0.1032496937034828 113
1613027492334 0.10290537889246652 114
1613027561692 0.1027603500124356 115
1613027631398 0.10241188296920131 116
1613027701246 0.10213293982945355 117
1613027771798 0.1021575963393995 118
1613027842605 0.10202921414701493 119
1613027911897 0.10186708327123171 120
1613027980571 0.10179754826239097 121
1613028049795 0.10191098327501318 122
1613028120935 0.10165507813084275 123
1613028190386 0.10147668424293171 124
1613028259839 0.10121369061100621 125
1613028329081 0.10111084935919823 126
1613028398500 0.10089136492599964 127
1613028468156 0.10061082076684305 128
1613028537403 0.1003257221729418 129
1613028606918 0.1001412383961598 130
1613028677279 0.09997706424591493 131
1613028746710 0.0997223609118011 132
1613028816372 0.09945715739111449 133
1613028885859 0.0992305497822674 134
1613028955032 0.09896517402383709 135
1613029024533 0.09878078333263182 136
1613029093886 0.09865514938897853 137
1613029164203 0.09872619385469944 138
1613029234558 0.09888591754919425 139
1613029304906 0.09882747595734448 140
1613029375511 0.09877051705945201 141
1613029445854 0.098723974286135 142
1613029515936 0.09860853611137928 143
1613029587372 0.09839953960859456 144
1613029657150 0.09825759864711385 145
1613029727032 0.09804562503691912 146
1613029797179 0.09784663748409339 147
1613029866714 0.09764210296324394 148
1613029935983 0.09741613038736784 149
1613030006265 0.09718192090297194 150
1613030075603 0.09695831507163442 151
1613030144896 0.09676106013201367 152
1613030214888 0.09672668492477464 153
1613030284738 0.09652766321620283 154
1613030355311 0.0963137067977012 155
1613030424515 0.0960948368319654 156
1613030494959 0.09593616521991354 157
1613030564199 0.09571283688111488 158
1613030634411 0.09552883300096235 159
1613030704099 0.09531783905663188 160
1613030773582 0.09517206939979654 161
1613030845068 0.09496685992709748 162
1613030915430 0.09490563675169944 163
1613030985014 0.09472559390160785 164
1613031054140 0.09464305731444618 165
1613031122862 0.09448051050442534 166
1613031191835 0.09433251319091707 167
1613031261070 0.09420550465952279 168
1613031330614 0.0941188906817398 169
1613031399655 0.09390297445980798 170
1613031468335 0.0937176149355293 171
1613031538156 0.09355357119874783 172
1613031606731 0.0933694559706895 173
1613031675742 0.09318057155812469 174
1613031745774 0.09300342890632357 175
1613031815248 0.09294546335541037 176
1613031884360 0.0927730165090853 177
1613031954857 0.09262313894361542 178
1613032023632 0.09245554463286101 179
1613032092571 0.09224423921697063 180
1613032161306 0.09204832308406179 181
1613032236274 0.0918489083770476 182
1613032307201 0.09166371722758238 183
1613032376358 0.091457049410975 184
1613032445374 0.09129759253190578 185
1613032515006 0.09111634971271705 186
1613032583955 0.09103552534319777 187
1613032653181 0.09088922372542499 188
1613032723435 0.09076612813680636 189
1613032795334 0.09060372113063667 190
1613032865293 0.09049448577585206 191
1613032935003 0.09036943059944422 192
1613033004860 0.09022523052124888 193
1613033073774 0.0901202576487994 194
1613033143084 0.08997639692341666 195
1613033212294 0.0898017759927882 196
1613033281906 0.08961045082007599 197
1613033351361 0.08961620936468481 198
1613033420291 0.08949586142799745 199
1613033490161 0.08932607197996995 200
1613033559575 0.08915358737333494 201
1613033630122 0.08898897919003797 202
1613033700852 0.08886540811296297 203
1613033770466 0.08869520433173854 204
1613033838891 0.0885358560372048 205
1613033907704 0.0884197637620351 206
1613033976827 0.08828942684711186 207
1613034046305 0.08814446839112802 208
1613034116158 0.0879837677973589 209
1613034184664 0.08786408558183267 210
1613034253582 0.08776780910909558 211
1613034322475 0.08763064221137622 212
1613034391303 0.08748461902848277 213
1613034462726 0.087347983006428 214
1613034532346 0.08722806380904133 215
1613034602683 0.08707136317110836 216
1613034671567 0.08692277330299703 217
1613034743903 0.08681188211894054 218
1613034813678 0.08677537926501787 219
1613034883006 0.08666063356570214 220
1613034952933 0.08650934518273196 221
1613035022530 0.08640242532094106 222
1613035092110 0.08643295400257682 223
1613035160833 0.08632326410382143 224
1613035229991 0.08623750882377997 225
1613035299757 0.08611283028601532 226
1613035369191 0.08595640481720108 227
1613035438259 0.08583873357299189 228
1613035507274 0.08579862085663596 229
1613035577023 0.08575232123160934 230
1613035645626 0.08562121808728294 231
1613035714681 0.08558308587206535 232
1613035784217 0.08552466030098947 233
1613035853453 0.08537238145790689 234
1613035923513 0.08523340576017106 235
1613035993256 0.08510943456158253 236
1613036063164 0.08497727847631575 237
1613036131725 0.0849450695621135 238
1613036201645 0.08481537660778453 239
1613036271518 0.08468399408425142 240
1613036340390 0.08457731305854417 241
1613036409131 0.08447729859918242 242
1613036477556 0.08434411222336191 243
1613036546370 0.08424394512699387 244
1613036616286 0.0841161292193222 245
1613036686168 0.0840717936593662 246
1613036755963 0.08402316140967828 247
1613036825086 0.0839318993608492 248
1613036896008 0.08392861493309925 249
1613036966416 0.0838086709700023 250
1613037036035 0.08373792858181386 251
1613037105777 0.08372890446419681 252
1613037174864 0.08369871976092855 253
1613037243438 0.08363241671050603 254
1613037312448 0.08352861872095774 255
1613037381720 0.08339842812124247 256
1613037450319 0.0832722557028258 257
1613037521049 0.08314632394640388 258
1613037590083 0.08302672711702486 259
1613037660913 0.08291050974947915 260
1613037731131 0.08280500668768752 261
1613037801195 0.08269613587851549 262
1613037871642 0.0825741801635003 263
1613037940602 0.08244520325756038 264
1613038009621 0.08232552666961637 265
1613038078103 0.08224096194728456 266
1613038147738 0.0821346837598195 267
1613038216920 0.08201996941006362 268
1613038286125 0.0819017120096945 269
1613038355177 0.08181536126098693 270
1613038425869 0.08173369299669442 271
1613038494842 0.08165130606566261 272
1613038564914 0.08161767985724917 273
1613038634703 0.08153616704319672 274
1613038703533 0.08142449596718272 275
1613038772636 0.08132953749525687 276
1613038841090 0.0812058395606214 277
1613038910433 0.0810876327820346 278
1613038979550 0.08096947773242548 279
1613039050128 0.08087611558389599 280
1613039121672 0.08075875159646002 281
1613039190422 0.08067936071407235 282
1613039259129 0.0806026742072172 283
1613039328697 0.08055033527078595 284
1613039397734 0.08055706999829705 285
1613039468440 0.0804478012242724 286
1613039537400 0.08035060930780899 287
1613039607021 0.08031198531212229 288
1613039676094 0.08022142920798385 289
1613039745633 0.08013577703244192 290
1613039814689 0.08002842308321599 291
1613039884822 0.07996850418525897 292
1613039953687 0.07988559539783587 293
1613040022233 0.07980755375452708 294
1613040091102 0.07969600662510926 295
1613040159870 0.07957855600395103 296
1613040228262 0.07953572525811384 297
1613040297989 0.07943551652722945 298
1613040367534 0.07936233640013637 299
