1613019580939 0.3258196542512125 0
1613019649874 0.19840321612002246 1
1613019719116 0.23374063933073586 2
1613019788256 0.17993687337903835 3
1613019857251 0.2025239093979793 4
1613019927019 0.15819947755158836 5
1613019996148 0.1623605018231406 6
1613020065936 0.12417372393963942 7
1613020135649 0.1645830415967685 8
1613020204586 0.145600919403247 9
1613020273342 0.1430553144483424 10
1613020342253 0.14070111157289192 11
1613020410777 0.1616892280863292 12
1613020480732 0.12521049157897038 13
1613020549409 0.1154949496041483 14
1613020618196 0.12788243436101657 15
1613020687139 0.12891158772938288 16
1613020756309 0.15166311922358044 17
1613020825505 0.15131735445848152 18
1613020896935 0.12666613753162212 19
1613020965949 0.11981217007138836 20
1613021035490 0.1094623216942175 21
1613021104413 0.10153567168250013 22
1613021173615 0.09936884356968438 23
1613021243612 0.09765222357280219 24
1613021312596 0.08449674008497551 25
1613021382985 0.09059548289028567 26
1613021452211 0.13823260833967976 27
1613021522638 0.10743594436503168 28
1613021592313 0.10326909396185804 29
1613021662087 0.10981999404394804 30
1613021730767 0.0894911805195595 31
1613021799455 0.1261839831053321 32
1613021869198 0.1056445392210092 33
1613021937918 0.14112272725176456 34
1613022007231 0.09873322675477213 35
1613022075967 0.09556174011372809 36
1613022145043 0.0975267531266853 37
1613022214391 0.0897265201184287 38
1613022283169 0.10906058994691763 39
1613022351920 0.08506316480351918 40
1613022420757 0.13567515718403148 41
1613022489601 0.1150034034430091 42
1613022559049 0.09136296475111548 43
1613022627953 0.08783615791975562 44
1613022697166 0.0822734361264243 45
1613022766374 0.0883825545880332 46
1613022836175 0.09071835030370684 47
1613022904908 0.07967799368189342 48
1613022973616 0.07751030619464704 49
1613023042251 0.08166138182825117 50
1613023112122 0.09308892132630989 51
1613023182327 0.08433783499162588 52
1613023251139 0.0998591131238795 53
1613023321407 0.11931008545320425 54
1613023392411 0.09873238339352963 55
1613023462035 0.08829481032357286 56
1613023532543 0.10331300123413997 57
1613023601994 0.086344057054662 58
1613023671475 0.07713089327314007 59
1613023741984 0.10307184973759438 60
1613023811912 0.10081624806816898 61
1613023882278 0.07537655777006007 62
1613023952122 0.0866835286368185 63
1613024021036 0.07645604770574997 64
1613024092549 0.07558178278937269 65
1613024161231 0.07433297740879344 66
1613024231536 0.07640556701973303 67
1613024300640 0.0859971856003377 68
1613024370238 0.08662915674608145 69
1613024439473 0.07643316930799342 70
1613024507915 0.08416781051835018 71
1613024577911 0.07419964359767402 72
1613024647551 0.0995154451968065 73
1613024717417 0.1293335601465026 74
1613024787220 0.08305364669258915 75
1613024858054 0.08300143747187372 76
1613024926287 0.08333336684241224 77
1613024995015 0.07257939096707017 78
1613025063896 0.10496647856128749 79
1613025133331 0.09051636083802181 80
1613025202766 0.09965057159537699 81
1613025271796 0.08540317282747867 82
1613025340349 0.081512200298594 83
1613025408896 0.08869071238076509 84
1613025479635 0.0845280102829435 85
1613025549162 0.08079508525222096 86
1613025618209 0.09268773669627176 87
1613025688956 0.10181331367635016 88
1613025757623 0.08897097697898523 89
1613025827337 0.07236722956842451 90
1613025895940 0.07881705529654204 91
1613025966330 0.08083483176444893 92
1613026034979 0.07193021098179604 93
1613026103939 0.07711876150387437 94
1613026174143 0.08948193112416054 95
1613026244106 0.0891726951100933 96
1613026313882 0.07687850852510822 97
1613026383239 0.07704615948805169 98
1613026453240 0.08311094010054175 99
1613026522103 0.06879663467407227 100
1613026590898 0.0793435546889234 101
1613026659846 0.08707620937432815 102
1613026730899 0.06898379325866699 103
1613026799983 0.07483907777871658 104
1613026868529 0.09119374983346284 105
1613026937128 0.09849954807936255 106
1613027006284 0.09801461625455031 107
1613027075436 0.07372390601172377 108
1613027144748 0.0688724117492562 109
1613027214450 0.06582471594881656 110
1613027283886 0.07486837123756979 111
1613027353072 0.08335658329636303 112
1613027422208 0.06556858411475794 113
1613027492332 0.0636534904366109 114
1613027561690 0.08608202880887843 115
1613027631396 0.06198970595402504 116
1613027701244 0.06949659247896564 117
1613027771796 0.10506706451302145 118
1613027842603 0.08675173325325126 119
1613027911895 0.08241137817724427 120
1613027980569 0.09338381219266066 121
1613028049793 0.11575005481492227 122
1613028120934 0.0701787453978809 123
1613028190384 0.07935584214196276 124
1613028259837 0.06833948662031943 125
1613028329079 0.08815285163139229 126
1613028398498 0.07301684190977865 127
1613028468154 0.06470116839480045 128
1613028537401 0.0635480035596819 129
1613028606915 0.07615834741450067 130
1613028677277 0.07847025056383503 131
1613028746708 0.06610152080877503 132
1613028816370 0.06418508913979601 133
1613028885857 0.06886513019675639 134
1613028955031 0.06313944663574446 135
1613029024530 0.07370364932871576 136
1613029093884 0.08144329910847678 137
1613029164201 0.10853033012418604 138
1613029234556 0.12108751108397299 139
1613029304905 0.09064565309837683 140
1613029375509 0.09073931245661493 141
1613029445852 0.0921149004751177 142
1613029515934 0.0821008771213133 143
1613029587370 0.0683040432075956 144
1613029657149 0.07767615923241003 145
1613029727030 0.0670974779484877 146
1613029797177 0.0685954672187122 147
1613029866712 0.06737099387752477 148
1613029935981 0.06374621658182855 149
1613030006263 0.06205049824358812 150
1613030075601 0.06319383453966966 151
1613030144894 0.0667783093096605 152
1613030214886 0.0914672782172018 153
1613030284736 0.06587832009614404 154
1613030355309 0.06315046192994758 155
1613030424513 0.06195112217718096 156
1613030494958 0.07102472212777208 157
1613030564198 0.06042695935092755 158
1613030634409 0.06627221605670985 159
1613030704097 0.061558807963755596 160
1613030773581 0.07170315464930747 161
1613030845066 0.06172292534984759 162
1613030915428 0.08492625916182105 163
1613030985012 0.06519856648658638 164
1613031054138 0.08102452043277114 165
1613031122861 0.06749774004096415 166
1613031191833 0.06961696183503564 167
1613031261069 0.07286807138528396 168
1613031330612 0.07948112843641594 169
1613031399653 0.05719721673139885 170
1613031468333 0.06202113628387451 171
1613031538154 0.06533804847233331 172
1613031606729 0.06151752151660065 173
1613031675739 0.06031468377184512 174
1613031745772 0.06200346484113095 175
1613031815246 0.08274352639468747 176
1613031884358 0.062249924709547814 177
1613031954855 0.06594493228997757 178
1613032023630 0.062456163007821607 179
1613032092569 0.05420926435669856 180
1613032161277 0.056587503027560104 181
1613032236272 0.05555543170046451 182
1613032307200 0.05777373687544866 183
1613032376357 0.053430171155217865 184
1613032445373 0.061798069904099646 185
1613032515004 0.057405185343614266 186
1613032583954 0.07592136824308936 187
1613032653179 0.06338451958414335 188
1613032723433 0.06750106188788343 189
1613032795333 0.05974638995839589 190
1613032865291 0.06963053301199158 191
1613032935001 0.06635883672913509 192
1613033004859 0.062394615429550854 193
1613033073772 0.06975552039359932 194
1613033143082 0.06192355547378312 195
1613033212292 0.05557607358960963 196
1613033281904 0.051919391795770445 197
1613033351360 0.0907564011972342 198
1613033420290 0.06554662202721212 199
1613033490159 0.05536818237447027 200
1613033559573 0.05448418143969863 201
1613033630120 0.05573812616405202 202
1613033700851 0.0637804794667372 203
1613033770464 0.053973632961956425 204
1613033838890 0.055869455657788177 205
1613033907703 0.06450475507707738 206
1613033976825 0.061309685457998246 207
1613034046304 0.05799310954649057 208
1613034116157 0.054397343699611835 209
1613034184662 0.06273082032132504 210
1613034253580 0.06745347336157044 211
1613034322473 0.05855125989486922 212
1613034391301 0.05638168107217817 213
1613034462725 0.05810787428670855 214
1613034532344 0.06144543637090655 215
1613034602682 0.053224025377586706 216
1613034671565 0.05467877192283744 217
1613034743901 0.06263760399462572 218
1613034813676 0.07878125425594956 219
1613034883005 0.06141657971624118 220
1613034952931 0.05307461254632295 221
1613035022528 0.06266621600336103 222
1613035092108 0.0932408500073561 223
1613035160832 0.061752726782613725 224
1613035229988 0.06694257081444584 225
1613035299755 0.057935480751208406 226
1613035369190 0.05044782339636959 227
1613035438258 0.05900968989329552 228
1613035507273 0.0766128088111308 229
1613035577021 0.07510340747548573 230
1613035645624 0.05533639174788745 231
1613035714679 0.07673641194158526 232
1613035784216 0.07191150224030908 233
1613035853451 0.04973913217658427 234
1613035923511 0.05257411679225182 235
1613035993254 0.055852231694691216 236
1613036063162 0.053656286268091914 237
1613036131723 0.0772793479819796 238
1613036201643 0.053818760523155554 239
1613036271516 0.0531521884363089 240
1613036340388 0.058867185863096326 241
1613036409129 0.06027379943363702 242
1613036477554 0.051979822898978616 243
1613036546368 0.05980317361319243 244
1613036616284 0.05280123183976358 245
1613036686166 0.07316524591018904 246
1613036755961 0.07201099573676266 247
1613036825084 0.06129891125123892 248
1613036896006 0.08311079242336217 249
1613036966415 0.05382268019576571 250
1613037036033 0.06598158914651443 251
1613037105775 0.08145482682470065 252
1613037174862 0.07606198983405953 253
1613037243436 0.06679144190318549 254
1613037312447 0.05706013138614484 255
1613037381718 0.05006963459413443 256
1613037450317 0.05084594416974196 257
1613037521047 0.05065593078954896 258
1613037590082 0.05205114830785723 259
1613037660912 0.052693994187597015 260
1613037731129 0.055268707560069526 261
1613037801193 0.054171983875445466 262
1613037871640 0.05049982711450377 263
1613037940600 0.04839530008942334 264
1613038009619 0.05061123086445367 265
1613038078101 0.05974674580702141 266
1613038147737 0.053758407706645 267
1613038216918 0.05127652367549156 268
1613038286124 0.05009047131040203 269
1613038355175 0.05850065910994117 270
1613038425867 0.05960159337342675 271
1613038494840 0.059242060825006285 272
1613038564911 0.07243772496038409 273
1613038634701 0.05920165599282108 274
1613038703531 0.05071495006333536 275
1613038772635 0.05512099924372203 276
1613038841088 0.046941511666596825 277
1613038910432 0.04822614833490172 278
1613038979549 0.048004218891485415 279
1613039050127 0.05473471399563462 280
1613039121670 0.047779471126954944 281
1613039190420 0.05829113188074596 282
1613039259127 0.05890039276720872 283
1613039328696 0.06568607732431213 284
1613039397732 0.08247646733896057 285
1613039468438 0.0491969318532232 286
1613039537398 0.05245652928281186 287
1613039607019 0.06918827455435227 288
1613039676092 0.05405071511197446 289
1613039745632 0.05529664612528103 290
1613039814687 0.04878842385847177 291
1613039884820 0.06247218598180743 292
1613039953684 0.05559332068286725 293
1613040022231 0.05686331062174555 294
1613040091100 0.04678960344684658 295
1613040159868 0.04481317214111784 296
1613040228260 0.06681499374446584 297
1613040297987 0.04957331472368383 298
1613040367532 0.0574814783993052 299
